0.000000 4.3963361035258839e-03 
0.200000 4.3963873055893670e-03 
0.400000 4.3966738147164812e-03 
0.600000 4.3974457151980317e-03 
0.800000 4.3989273514149895e-03 
1.000000 4.4013211950469852e-03 
1.200000 4.4048089390274032e-03 
1.400000 4.4095546290644303e-03 
1.600000 4.4157055480338672e-03 
1.800000 4.4234000248139400e-03 
2.000000 4.4327670735848663e-03 
2.200000 4.4439264214723691e-03 
2.400000 4.4569909842407333e-03 
2.600000 4.4720671525539856e-03 
2.800000 4.4892567696003553e-03 
3.000000 4.5086574168193248e-03 
3.200000 4.5303640024797883e-03 
3.400000 4.5544709016717786e-03 
3.600000 4.5810734041485859e-03 
3.800000 4.6102611937482241e-03 
4.000000 4.6421235215721966e-03 
4.200000 4.6767498579666682e-03 
4.400000 4.7142309014005131e-03 
4.600000 4.7546590389744743e-03 
4.800000 4.7981292662720183e-03 
5.000000 4.8447399390113884e-03 
5.200000 4.8945926563492923e-03 
5.400000 4.9477932100936445e-03 
5.600000 5.0044519810234682e-03 
5.800000 5.0646846373987031e-03 
6.000000 5.1286124172213749e-03 
6.200000 5.1963628038842694e-03 
6.400000 5.2680698042339522e-03 
6.600000 5.3438745214770909e-03 
6.800000 5.4239257168726676e-03 
7.000000 5.5083802358170675e-03 
7.200000 5.5974037613330061e-03 
7.400000 5.6911713803811902e-03 
7.600000 5.7898683484508507e-03 
7.800000 5.8936906779930983e-03 
8.000000 6.0028459463983873e-03 
8.200000 6.1175539885974265e-03 
8.400000 6.2380476922363542e-03 
8.600000 6.3645739763521850e-03 
8.800000 6.4973944385608284e-03 
9.000000 6.6367864376822719e-03 
9.200000 6.7830440409974071e-03 
9.400000 6.9364791383357384e-03 
9.600000 7.0974225399618365e-03 
9.800000 7.2662252214630001e-03 
10.000000 7.4432596005558739e-03 
10.200000 7.6289208672393645e-03 
10.400000 7.8236284690629525e-03 
10.600000 8.0278276590225756e-03 
10.800000 8.2419911809830382e-03 
11.000000 8.4666210183826935e-03 
11.200000 8.7022502954572992e-03 
11.400000 8.9494452653255448e-03 
11.600000 9.2088074539592550e-03 
11.800000 9.4809759221893015e-03 
12.000000 9.7666296611843284e-03 
12.200000 1.0066490161991681e-02 
12.400000 1.0381324125097426e-02 
12.600000 1.0711946353243618e-02 
12.800000 1.1059222799864286e-02 
13.000000 1.1424073815915568e-02 
13.200000 1.1807477573137465e-02 
13.400000 1.2210473689319287e-02 
13.600000 1.2634167066013776e-02 
13.800000 1.3079731906753236e-02 
14.000000 1.3548415975879094e-02 
14.200000 1.4041545058849338e-02 
14.400000 1.4560527648652583e-02 
14.600000 1.5106859843472676e-02 
14.800000 1.5682130467565520e-02 
15.000000 1.6288026400970702e-02 
15.200000 1.6926338112066851e-02 
15.400000 1.7598965387959690e-02 
15.600000 1.8307923240649525e-02 
15.800000 1.9055347974351398e-02 
16.000000 1.9843503381714162e-02 
16.200000 2.0674787043270217e-02 
16.400000 2.1551736684667068e-02 
16.600000 2.2477036548612977e-02 
16.800000 2.3453523720883100e-02 
17.000000 2.4484194343207932e-02 
17.200000 2.5572209636952371e-02 
17.400000 2.6720901642665489e-02 
17.600000 2.7933778573641602e-02 
17.800000 2.9214529660971642e-02 
18.000000 3.0567029357962992e-02 
18.200000 3.1995340750309124e-02 
18.400000 3.3503718005410077e-02 
18.600000 3.5096607675946905e-02 
18.800000 3.6778648652589264e-02 
19.000000 3.8554670551192438e-02 
19.200000 4.0429690296888060e-02 
19.400000 4.2408906658847161e-02 
19.600000 4.4497692475114141e-02 
19.800000 4.6701584301512979e-02 
20.000000 4.9026269213085949e-02 
20.200000 5.1477568489479063e-02 
20.400000 5.4061417924459287e-02 
20.600000 5.6783844514936191e-02 
20.800000 5.9650939311082576e-02 
21.000000 6.2668826243159004e-02 
21.200000 6.5843626788037249e-02 
21.400000 6.9181420395293555e-02 
21.600000 7.2688200664032712e-02 
21.800000 7.6369827343825206e-02 
22.000000 8.0231974328512173e-02 
22.200000 8.4280073918676493e-02 
22.400000 8.8519257744496038e-02 
22.600000 9.2954294866058246e-02 
22.800000 9.7589527697321057e-02 
23.000000 1.0242880653186694e-01 
23.200000 1.0747542357680570e-01 
23.400000 1.1273204752270935e-01 
23.600000 1.1820065978563664e-01 
23.800000 1.2388249364661758e-01 
24.000000 1.2977797757967943e-01 
24.200000 1.3588668409378182e-01 
24.400000 1.4220728541417385e-01 
24.600000 1.4873751728845830e-01 
24.800000 1.5547415212039992e-01 
25.000000 1.6241298250780564e-01 
25.200000 1.6954881609083405e-01 
25.400000 1.7687548240605294e-01 
25.600000 1.8438585219422532e-01 
25.800000 1.9207186933337994e-01 
26.000000 1.9992459527182016e-01 
26.200000 2.0793426552918559e-01 
26.400000 2.1609035752882197e-01 
26.600000 2.2438166873392820e-01 
26.800000 2.3279640379489344e-01 
27.000000 2.4132226918698010e-01 
27.200000 2.4994657363543324e-01 
27.400000 2.5865633249613595e-01 
27.600000 2.6743837418897437e-01 
27.800000 2.7627944676952443e-01 
28.000000 2.8516632277171444e-01 
28.200000 2.9408590055557449e-01 
28.400000 3.0302530054425064e-01 
28.600000 3.1197195492470708e-01 
28.800000 3.2091368960783700e-01 
29.000000 3.2983879748595951e-01 
29.200000 3.3873610227852008e-01 
29.400000 3.4759501251082725e-01 
29.600000 3.5640556541666280e-01 
29.800000 3.6515846078627745e-01 
30.000000 3.7384508499023139e-01 
30.200000 3.8245752559236895e-01 
30.400000 3.9098857711881857e-01 
30.600000 3.9943173867277859e-01 
30.800000 4.0778120417695257e-01 
31.000000 4.1603184608770694e-01 
31.200000 4.2417919345943483e-01 
31.400000 4.3221940524679281e-01 
31.600000 4.4014923971972958e-01 
31.800000 4.4796602083484061e-01 
32.000000 4.5566760236024617e-01 
32.200000 4.6325233049330178e-01 
32.400000 4.7071900564436986e-01 
32.600000 4.7806684398851795e-01 
32.800000 4.8529543931318081e-01 
33.000000 4.9240472561568072e-01 
33.200000 4.9939494083201424e-01 
33.400000 5.0626659200899315e-01 
33.600000 5.1302042216675536e-01 
33.800000 5.1965737903872511e-01 
34.000000 5.2617858582178079e-01 
34.200000 5.3258531402097065e-01 
34.400000 5.3887895843057099e-01 
34.600000 5.4506101425678477e-01 
34.800000 5.5113305635623855e-01 
35.000000 5.5709672053881043e-01 
35.200000 5.6295368686247027e-01 
35.400000 5.6870566483141438e-01 
35.600000 5.7435438039648490e-01 
35.800000 5.7990156464797582e-01 
36.000000 5.8534894408518168e-01 
36.200000 5.9069823234405960e-01 
36.400000 5.9595112326339228e-01 
36.600000 6.0110928517103279e-01 
36.800000 6.0617435627427507e-01 
37.000000 6.1114794104229353e-01 
37.200000 6.1603160747328678e-01 
37.400000 6.2082688514450546e-01 
37.600000 6.2553526394932901e-01 
37.800000 6.3015819343183144e-01 
38.000000 6.3469708263590807e-01 
38.200000 6.3915330039247686e-01 
38.400000 6.4352817597488854e-01 
38.600000 6.4782300005900151e-01 
38.800000 6.5203902593056029e-01 
39.000000 6.5617747088847045e-01 
39.200000 6.6023951779813772e-01 
39.400000 6.6422631675434041e-01 
39.600000 6.6813898681806982e-01 
39.800000 6.7197861779636259e-01 
40.000000 6.7574627203833493e-01 
40.200000 6.7944298622458277e-01 
40.400000 6.8306977313062223e-01 
40.600000 6.8662762334820748e-01 
40.800000 6.9011750695130170e-01 
41.000000 6.9354037509604527e-01 
41.200000 6.9689716154635295e-01 
41.400000 7.0018878411880558e-01 
41.600000 7.0341614604230041e-01 
41.800000 7.0658013722948609e-01 
42.000000 7.0968163545834628e-01 
42.200000 7.1272150746346630e-01 
42.400000 7.1570060993753326e-01 
42.600000 7.1861979044440372e-01 
42.800000 7.2147988824582121e-01 
43.000000 7.2428173504442517e-01 
43.200000 7.2702615564612916e-01 
43.400000 7.2971396854533199e-01 
43.600000 7.3234598643671744e-01 
43.800000 7.3492301665755044e-01 
44.000000 7.3744586156456604e-01 
44.200000 7.3991531884955852e-01 
44.400000 7.4233218179789595e-01 
44.600000 7.4469723949407551e-01 
44.800000 7.4701127697841629e-01 
45.000000 7.4927507535896698e-01 
45.200000 7.5148941188246687e-01 
45.400000 7.5365505996822246e-01 
45.600000 7.5577278920848789e-01 
45.800000 7.5784336533886998e-01 
46.000000 7.5986755018208108e-01 
46.200000 7.6184610156817345e-01 
46.400000 7.6377977323428703e-01 
46.600000 7.6566931470663602e-01 
46.800000 7.6751547116743379e-01 
47.000000 7.6931898330918769e-01 
47.200000 7.7108058717859895e-01 
47.400000 7.7280101401226087e-01 
47.600000 7.7448099006603044e-01 
47.800000 7.7612123643990716e-01 
48.000000 7.7772246890002361e-01 
48.200000 7.7928539769928162e-01 
48.400000 7.8081072739794466e-01 
48.600000 7.8229915668542327e-01 
48.800000 7.8375137820435903e-01 
49.000000 7.8516807837795677e-01 
49.200000 7.8654993724146194e-01 
49.400000 7.8789762827851484e-01 
49.600000 7.8921181826306774e-01 
49.800000 7.9049316710740281e-01 
50.000000 7.9174232771679576e-01 
50.200000 7.9295994585117258e-01 
50.400000 7.9414665999412948e-01 
50.600000 7.9530310122959180e-01 
50.800000 7.9642989312629187e-01 
51.000000 7.9752765163024486e-01 
51.200000 7.9859698496532727e-01 
51.400000 7.9963849354198047e-01 
51.600000 8.0065276987410561e-01 
51.800000 8.0164039850406965e-01 
52.000000 8.0260195593583317e-01 
52.200000 8.0353801057603291e-01 
52.400000 8.0444912268298308e-01 
52.600000 8.0533584432342065e-01 
52.800000 8.0619871933682408e-01 
53.000000 8.0703828330716754e-01 
53.200000 8.0785506354191039e-01 
53.400000 8.0864957905800039e-01 
53.600000 8.0942234057467988e-01 
53.800000 8.1017385051292634e-01 
54.000000 8.1090460300121492e-01 
54.200000 8.1161508388743508e-01 
54.400000 8.1230577075669952e-01 
54.600000 8.1297713295479535e-01 
54.800000 8.1362963161706592e-01 
55.000000 8.1426371970245259e-01 
55.200000 8.1487984203246921e-01 
55.400000 8.1547843533487208e-01 
55.600000 8.1605992829178686e-01 
55.800000 8.1662474159206133e-01 
56.000000 8.1717328798759115e-01 
56.200000 8.1770597235345355e-01 
56.400000 8.1822319175153435e-01 
56.600000 8.1872533549753890e-01 
56.800000 8.1921278523108565e-01 
57.000000 8.1968591498872589e-01 
57.200000 8.2014509127968838e-01 
57.400000 8.2059067316412171e-01 
57.600000 8.2102301233369568e-01 
57.800000 8.2144245319433973e-01 
58.000000 8.2184933295095586e-01 
58.200000 8.2224398169394208e-01 
58.400000 8.2262672248737589e-01 
58.600000 8.2299787145864145e-01 
58.800000 8.2335773788944033e-01 
59.000000 8.2370662430795716e-01 
59.200000 8.2404482658209688e-01 
59.400000 8.2437263401362226e-01 
59.600000 8.2469032943309617e-01 
59.800000 8.2499818929548074e-01 
60.000000 8.2529648377628906e-01 
60.200000 8.2558547686818329e-01 
60.400000 8.2586542647789662e-01 
60.600000 8.2613658452338712e-01 
60.800000 8.2639919703112952e-01 
61.000000 8.2665350423346884e-01 
61.200000 8.2689974066589034e-01 
61.400000 8.2713813526421198e-01 
61.600000 8.2736891146153724e-01 
61.800000 8.2759228728495404e-01 
62.000000 8.2780847545187863e-01 
62.200000 8.2801768346598925e-01 
62.400000 8.2822011371268289e-01 
62.600000 8.2841596355400804e-01 
62.800000 8.2860542542300430e-01 
63.000000 8.2878868691739649e-01 
63.200000 8.2896593089262427e-01 
63.400000 8.2913733555411595e-01 
63.600000 8.2930307454879859e-01 
63.800000 8.2946331705578902e-01 
64.000000 8.2961822787625716e-01 
64.200000 8.2976796752236537e-01 
64.400000 8.2991269230532949e-01 
64.600000 8.3005255442251658e-01 
64.800000 8.3018770204357417e-01 
65.000000 8.3031827939556668e-01 
65.200000 8.3044442684709119e-01 
65.400000 8.3056628099136220e-01 
65.600000 8.3068397472823474e-01 
65.800000 8.3079763734514167e-01 
66.000000 8.3090739459697283e-01 
66.200000 8.3101336878482379e-01 
66.400000 8.3111567883365722e-01 
66.600000 8.3121444036882042e-01 
66.800000 8.3130976579144533e-01 
67.000000 8.3140176435271007e-01 
67.200000 8.3149054222695062e-01 
67.400000 8.3157620258363207e-01 
67.600000 8.3165884565816783e-01 
67.800000 8.3173856882158059e-01 
68.000000 8.3181546664901795e-01 
68.200000 8.3188963098710045e-01 
68.400000 8.3196115102013501e-01 
68.600000 8.3203011333515831e-01 
68.800000 8.3209660198585278e-01 
69.000000 8.3216069855529029e-01 
69.200000 8.3222248221757200e-01 
69.400000 8.3228202979828925e-01 
69.600000 8.3233941583390625e-01 
69.800000 8.3239471262996811e-01 
70.000000 8.3244799031823613e-01 
70.200000 8.3249931691269208e-01 
70.400000 8.3254875836444442e-01 
70.600000 8.3259637861555991e-01 
70.800000 8.3264223965179596e-01 
71.000000 8.3268640155426821e-01 
71.200000 8.3272892255006514e-01 
71.400000 8.3276985906178713e-01 
71.600000 8.3280926575608993e-01 
71.800000 8.3284719559115128e-01 
72.000000 8.3288369986315325e-01 
72.200000 8.3291882825174623e-01 
72.400000 8.3295262886452137e-01 
72.600000 8.3298514828050796e-01 
72.800000 8.3301643159270422e-01 
73.000000 8.3304652244963528e-01 
73.200000 8.3307546309599978e-01 
73.400000 8.3310329441235731e-01 
73.600000 8.3313005595391942e-01 
73.800000 8.3315578598843487e-01 
74.000000 8.3318052153318301e-01 
74.200000 8.3320429839109311e-01 
74.400000 8.3322715118600288e-01 
74.600000 8.3324911339707330e-01 
74.800000 8.3327021739236184e-01 
75.000000 8.3329049446158321e-01 
75.200000 8.3330997484806157e-01 
75.400000 8.3332868777988711e-01 
75.600000 8.3334666150030645e-01 
75.800000 8.3336392329731890e-01 
76.000000 8.3338049953256832e-01 
76.200000 8.3339641566945055e-01 
76.400000 8.3341169630053491e-01 
76.600000 8.3342636517424373e-01 
76.800000 8.3344044522086458e-01 
77.000000 8.3345395857786320e-01 
77.200000 8.3346692661452781e-01 
77.400000 8.3347936995596827e-01 
77.600000 8.3349130850645459e-01 
77.800000 8.3350276147214331e-01 
78.000000 8.3351374738317585e-01 
78.200000 8.3352428411518587e-01 
78.400000 8.3353438891019482e-01 
78.600000 8.3354407839694544e-01 
78.800000 8.3355336861067753e-01 
79.000000 8.3356227501231506e-01 
79.200000 8.3357081250715814e-01 
79.400000 8.3357899546300429e-01 
79.600000 8.3358683772779207e-01 
79.800000 8.3359435264669024e-01 
80.000000 8.3360155307874928e-01 
80.200000 8.3360845141301709e-01 
80.400000 8.3361505958423721e-01 
80.600000 8.3362138908803673e-01 
80.800000 8.3362745099568591e-01 
81.000000 8.3363325596844551e-01 
81.200000 8.3363881427143871e-01 
81.400000 8.3364413578714069e-01 
81.600000 8.3364923002845026e-01 
81.800000 8.3365410615136426e-01 
82.000000 8.3365877296727120e-01 
82.200000 8.3366323895485883e-01 
82.400000 8.3366751227166380e-01 
82.600000 8.3367160076526270e-01 
82.800000 8.3367551198410406e-01 
83.000000 8.3367925318801561e-01 
83.200000 8.3368283135838317e-01 
83.400000 8.3368625320798095e-01 
83.600000 8.3368952519052630e-01 
83.800000 8.3369265350990440e-01 
84.000000 8.3369564412911257e-01 
84.200000 8.3369850277889301e-01 
84.400000 8.3370123496612081e-01 
84.600000 8.3370384598188807e-01 
84.800000 8.3370634090934392e-01 
85.000000 8.3370872463126788e-01 
85.200000 8.3371100183738467e-01 
85.400000 8.3371317703146197e-01 
85.600000 8.3371525453815098e-01 
85.800000 8.3371723850960655e-01 
86.000000 8.3371913293187383e-01 
86.200000 8.3372094163108190e-01 
86.400000 8.3372266827940389e-01 
86.600000 8.3372431640082989e-01 
86.800000 8.3372588937673608e-01 
87.000000 8.3372739045126487e-01 
87.200000 8.3372882273651605e-01 
87.400000 8.3373018921755904e-01 
87.600000 8.3373149275728087e-01 
87.800000 8.3373273610105203e-01 
88.000000 8.3373392188122608e-01 
88.200000 8.3373505262150405e-01 
88.400000 8.3373613074111652e-01 
88.600000 8.3373715855887331e-01 
88.800000 8.3373813829706556e-01 
89.000000 8.3373907208522624e-01 
89.200000 8.3373996196376499e-01 
89.400000 8.3374080988744759e-01 
89.600000 8.3374161772878819e-01 
89.800000 8.3374238728127692e-01 
90.000000 8.3374312026251962e-01 
90.200000 8.3374381831724809e-01 
90.400000 8.3374448302022719e-01 
90.600000 8.3374511587904832e-01 
90.800000 8.3374571833682254e-01 
91.000000 8.3374629177477333e-01 
91.200000 8.3374683751473855e-01 
91.400000 8.3374735682155943e-01 
91.600000 8.3374785090540982e-01 
91.800000 8.3374832092401041e-01 
92.000000 8.3374876798476594e-01 
92.200000 8.3374919314684059e-01 
92.400000 8.3374959742312993e-01 
92.600000 8.3374998178215765e-01 
92.800000 8.3375034714992413e-01 
93.000000 8.3375069441165350e-01 
93.200000 8.3375102441350235e-01 
93.400000 8.3375133796417189e-01 
93.600000 8.3375163583648393e-01 
93.800000 8.3375191876887844e-01 
94.000000 8.3375218746685542e-01 
94.200000 8.3375244260437908e-01 
94.400000 8.3375268482518528e-01 
94.600000 8.3375291474408519e-01 
94.800000 8.3375313294817655e-01 
95.000000 8.3375333999803980e-01 
95.200000 8.3375353642885719e-01 
95.400000 8.3375372275151083e-01 
95.600000 8.3375389945362610e-01 
95.800000 8.3375406700056387e-01 
96.000000 8.3375422583639114e-01 
96.200000 8.3375437638480598e-01 
96.400000 8.3375451905001419e-01 
96.600000 8.3375465421757589e-01 
96.800000 8.3375478225523347e-01 
97.000000 8.3375490351367942e-01 
97.200000 8.3375501832730725e-01 
97.400000 8.3375512701493226e-01 
97.600000 8.3375522988047646e-01 
97.800000 8.3375532721362722e-01 
98.000000 8.3375541929047114e-01 
98.200000 8.3375550637409590e-01 
98.400000 8.3375558871517219e-01 
98.600000 8.3375566655250921e-01 
98.800000 8.3375574011358133e-01 
99.000000 8.3375580961504880e-01 
99.200000 8.3375587526323303e-01 
99.400000 8.3375593725458852e-01 
99.600000 8.3375599577615533e-01 
99.800000 8.3375605100597305e-01 
100.000000 8.3375610311350568e-01 
100.200000 8.3375615226002342e-01 
100.400000 8.3375619859898242e-01 
100.600000 8.3375624227637624e-01 
100.800000 8.3375628343109465e-01 
101.000000 8.3375632219523099e-01 
101.200000 8.3375635869441367e-01 
101.400000 8.3375639304809435e-01 
101.600000 8.3375642536984040e-01 
101.800000 8.3375645576761059e-01 
102.000000 8.3375648434401262e-01 
102.200000 8.3375651119655414e-01 
102.400000 8.3375653641788683e-01 
102.600000 8.3375656009603438e-01 
102.800000 8.3375658231460348e-01 
103.000000 8.3375660315299915e-01 
103.200000 8.3375662268662820e-01 
103.400000 8.3375664098707647e-01 
103.600000 8.3375665812230471e-01 
103.800000 8.3375667415681498e-01 
104.000000 8.3375668915181489e-01 
104.200000 8.3375670316538075e-01 
104.400000 8.3375671625260861e-01 
104.600000 8.3375672846575077e-01 
104.800000 8.3375673985436327e-01 
105.000000 8.3375675046543141e-01 
105.200000 8.3375676034349455e-01 
105.400000 8.3375676953077071e-01 
105.600000 8.3375677806725823e-01 
105.800000 8.3375678599086345e-01 
106.000000 8.3375679333748742e-01 
106.200000 8.3375680014112952e-01 
106.400000 8.3375680643398775e-01 
106.600000 8.3375681224654097e-01 
106.800000 8.3375681760763720e-01 
107.000000 8.3375682254457240e-01 
107.200000 8.3375682708317400e-01 
107.400000 8.3375683124786704e-01 
107.600000 8.3375683506175291e-01 
107.800000 8.3375683854667082e-01 
108.000000 8.3375684172325981e-01 
108.200000 8.3375684461102861e-01 
108.400000 8.3375684722840060e-01 
108.600000 8.3375684959278384e-01 
108.800000 8.3375685172060998e-01 
109.000000 8.3375685362739105e-01 
109.200000 8.3375685532776633e-01 
109.400000 8.3375685683554746e-01 
109.600000 8.3375685816375789e-01 
109.800000 8.3375685932468391e-01 
110.000000 8.3375686032989638e-01 
110.200000 8.3375686119030523e-01 
110.400000 8.3375686191618548e-01 
110.600000 8.3375686251720738e-01 
110.800000 8.3375686300248320e-01 
111.000000 8.3375686338057731e-01 
111.200000 8.3375686365954826e-01 
111.400000 8.3375686384697656e-01 
111.600000 8.3375686394997961e-01 
111.800000 8.3375686397524973e-01 
112.000000 8.3375686392906778e-01 
112.200000 8.3375686381732539e-01 
112.400000 8.3375686364555790e-01 
112.600000 8.3375686341894395e-01 
112.800000 8.3375686314234843e-01 
113.000000 8.3375686282032446e-01 
113.200000 8.3375686245712777e-01 
113.400000 8.3375686205674371e-01 
113.600000 8.3375686162290075e-01 
113.800000 8.3375686115908176e-01 
114.000000 8.3375686066853438e-01 
114.200000 8.3375686015429518e-01 
114.400000 8.3375685961918777e-01 
114.600000 8.3375685906584573e-01 
114.800000 8.3375685849672199e-01 
115.000000 8.3375685791409582e-01 
115.200000 8.3375685732008564e-01 
115.400000 8.3375685671665489e-01 
115.600000 8.3375685610562389e-01 
115.800000 8.3375685548868150e-01 
116.000000 8.3375685486738427e-01 
116.200000 8.3375685424317536e-01 
116.400000 8.3375685361737961e-01 
116.600000 8.3375685299122271e-01 
116.800000 8.3375685236582686e-01 
117.000000 8.3375685174222303e-01 
117.200000 8.3375685112135622e-01 
117.400000 8.3375685050408632e-01 
117.600000 8.3375684989120435e-01 
117.800000 8.3375684928341576e-01 
118.000000 8.3375684868137645e-01 
118.200000 8.3375684808566619e-01 
118.400000 8.3375684749681156e-01 
118.600000 8.3375684691528562e-01 
118.800000 8.3375684634150538e-01 
119.000000 8.3375684577584552e-01 
119.200000 8.3375684521863336e-01 
119.400000 8.3375684467015421e-01 
119.600000 8.3375684413065843e-01 
119.800000 8.3375684360035540e-01 
120.000000 8.3375684307942377e-01 
120.200000 8.3375684256801441e-01 
120.400000 8.3375684206624356e-01 
120.600000 8.3375684157420715e-01 
120.800000 8.3375684109197035e-01 
121.000000 8.3375684061957955e-01 
121.200000 8.3375684015706131e-01 
121.400000 8.3375683970441938e-01 
121.600000 8.3375683926164268e-01 
121.800000 8.3375683882870122e-01 
122.000000 8.3375683840555437e-01 
122.200000 8.3375683799214484e-01 
122.400000 8.3375683758839980e-01 
122.600000 8.3375683719424520e-01 
122.800000 8.3375683680958645e-01 
123.000000 8.3375683643432374e-01 
123.200000 8.3375683606835316e-01 
123.400000 8.3375683571155423e-01 
123.600000 8.3375683536381029e-01 
123.800000 8.3375683502498976e-01 
124.000000 8.3375683469495909e-01 
124.200000 8.3375683437358539e-01 
124.400000 8.3375683406072310e-01 
124.600000 8.3375683375622978e-01 
124.800000 8.3375683345995832e-01 
125.000000 8.3375683317175775e-01 
125.200000 8.3375683289147595e-01 
125.400000 8.3375683261896016e-01 
125.600000 8.3375683235405806e-01 
125.800000 8.3375683209661278e-01 
126.000000 8.3375683184647165e-01 
126.200000 8.3375683160347569e-01 
126.400000 8.3375683136747203e-01 
126.600000 8.3375683113830201e-01 
126.800000 8.3375683091581854e-01 
127.000000 8.3375683069986284e-01 
127.200000 8.3375683049028415e-01 
127.400000 8.3375683028693370e-01 
127.600000 8.3375683008966051e-01 
127.800000 8.3375682989831501e-01 
128.000000 8.3375682971275389e-01 
128.200000 8.3375682953283081e-01 
128.400000 8.3375682935840389e-01 
128.600000 8.3375682918933203e-01 
128.800000 8.3375682902547776e-01 
129.000000 8.3375682886670477e-01 
129.200000 8.3375682871287748e-01 
129.400000 8.3375682856386679e-01 
129.600000 8.3375682841954124e-01 
129.800000 8.3375682827977415e-01 
130.000000 8.3375682814444096e-01 
130.200000 8.3375682801342110e-01 
130.400000 8.3375682788659000e-01 
130.600000 8.3375682776383508e-01 
130.800000 8.3375682764503811e-01 
131.000000 8.3375682753008751e-01 
131.200000 8.3375682741887613e-01 
131.400000 8.3375682731128931e-01 
131.600000 8.3375682720722843e-01 
131.800000 8.3375682710658716e-01 
132.000000 8.3375682700926779e-01 
132.200000 8.3375682691516706e-01 
132.400000 8.3375682682419272e-01 
132.600000 8.3375682673625096e-01 
132.800000 8.3375682665125261e-01 
133.000000 8.3375682656910499e-01 
133.200000 8.3375682648972282e-01 
133.400000 8.3375682641302096e-01 
133.600000 8.3375682633892056e-01 
133.800000 8.3375682626733649e-01 
134.000000 8.3375682619819513e-01 
134.200000 8.3375682613141844e-01 
134.400000 8.3375682606693213e-01 
134.600000 8.3375682600466361e-01 
134.800000 8.3375682594454514e-01 
135.000000 8.3375682588650801e-01 
135.200000 8.3375682583048449e-01 
135.400000 8.3375682577641341e-01 
135.600000 8.3375682572422838e-01 
135.800000 8.3375682567387188e-01 
136.000000 8.3375682562528353e-01 
136.200000 8.3375682557840691e-01 
136.400000 8.3375682553318509e-01 
136.600000 8.3375682548956564e-01 
136.800000 8.3375682544749441e-01 
137.000000 8.3375682540692020e-01 
137.200000 8.3375682536779860e-01 
137.400000 8.3375682533007467e-01 
137.600000 8.3375682529370920e-01 
137.800000 8.3375682525864814e-01 
138.000000 8.3375682522485761e-01 
138.200000 8.3375682519228955e-01 
138.400000 8.3375682516090366e-01 
138.600000 8.3375682513066285e-01 
138.800000 8.3375682510152349e-01 
139.000000 8.3375682507345328e-01 
139.200000 8.3375682504641491e-01 
139.400000 8.3375682502037185e-01 
139.600000 8.3375682499529136e-01 
139.800000 8.3375682497114156e-01 
140.000000 8.3375682494788717e-01 
140.200000 8.3375682492550429e-01 
140.400000 8.3375682490395397e-01 
140.600000 8.3375682488321579e-01 
140.800000 8.3375682486325720e-01 
141.000000 8.3375682484405356e-01 
141.200000 8.3375682482558033e-01 
141.400000 8.3375682480780766e-01 
141.600000 8.3375682479071367e-01 
141.800000 8.3375682477427449e-01 
142.000000 8.3375682475847068e-01 
142.200000 8.3375682474327628e-01 
142.400000 8.3375682472867263e-01 
142.600000 8.3375682471463697e-01 
142.800000 8.3375682470115231e-01 
143.000000 8.3375682468819856e-01 
143.200000 8.3375682467575529e-01 
143.400000 8.3375682466381063e-01 
143.600000 8.3375682465233947e-01 
143.800000 8.3375682464133138e-01 
144.000000 8.3375682463076817e-01 
144.200000 8.3375682462063549e-01 
144.400000 8.3375682461091816e-01 
144.600000 8.3375682460160105e-01 
144.800000 8.3375682459267164e-01 
145.000000 8.3375682458411859e-01 
145.200000 8.3375682457592692e-01 
145.400000 8.3375682456808520e-01 
145.600000 8.3375682456057976e-01 
145.800000 8.3375682455340316e-01 
146.000000 8.3375682454654154e-01 
146.200000 8.3375682453998690e-01 
146.400000 8.3375682453372657e-01 
146.600000 8.3375682452775068e-01 
146.800000 8.3375682452205158e-01 
147.000000 8.3375682451661925e-01 
147.200000 8.3375682451144650e-01 
147.400000 8.3375682450653010e-01 
147.600000 8.3375682450185717e-01 
147.800000 8.3375682449742627e-01 
148.000000 8.3375682449322597e-01 
148.200000 8.3375682448925215e-01 
148.400000 8.3375682448549504e-01 
148.600000 8.3375682448194455e-01 
148.800000 8.3375682447859822e-01 
149.000000 8.3375682447544397e-01 
149.200000 8.3375682447247945e-01 
149.400000 8.3375682446969446e-01 
149.600000 8.3375682446708355e-01 
149.800000 8.3375682446464028e-01 
