0.000000 1.2658632938085124e-01 
0.200000 1.2656431416013181e-01 
0.400000 1.2654602070886911e-01 
0.600000 1.2653152809546597e-01 
0.800000 1.2652087101436094e-01 
1.000000 1.2651402439191128e-01 
1.200000 1.2651089055292797e-01 
1.400000 1.2651128698390979e-01 
1.600000 1.2651493548455472e-01 
1.800000 1.2652079457748189e-01 
2.000000 1.2652761838774262e-01 
2.200000 1.2653198448704905e-01 
2.400000 1.2653328300732758e-01 
2.600000 1.2653145883480155e-01 
2.800000 1.2652669297575347e-01 
3.000000 1.2651935659297409e-01 
3.200000 1.2650992840551312e-01 
3.400000 1.2649860570017835e-01 
3.600000 1.2647709114432271e-01 
3.800000 1.2645584450014802e-01 
4.000000 1.2643499138739922e-01 
4.200000 1.2641456733957590e-01 
4.400000 1.2639433199157568e-01 
4.600000 1.2637389733260596e-01 
4.800000 1.2635281273104515e-01 
5.000000 1.2633056093347272e-01 
5.200000 1.2630661289341116e-01 
5.400000 1.2628045484600270e-01 
5.600000 1.2625183058397160e-01 
5.800000 1.2622066917546271e-01 
6.000000 1.2618699110251741e-01 
6.200000 1.2615086251416585e-01 
6.400000 1.2611237764500127e-01 
6.600000 1.2607163341280647e-01 
6.800000 1.2602871460463549e-01 
7.000000 1.2598368031842699e-01 
7.200000 1.2593648824475745e-01 
7.400000 1.2588703806779433e-01 
7.600000 1.2583521454513569e-01 
7.800000 1.2578089447197172e-01 
8.000000 1.2572395442582818e-01 
8.200000 1.2566427648614209e-01 
8.400000 1.2560175243055371e-01 
8.600000 1.2553628591919896e-01 
8.800000 1.2546779455232659e-01 
9.000000 1.2539620440081756e-01 
9.200000 1.2532144191086592e-01 
9.400000 1.2524342898732532e-01 
9.600000 1.2516208057591982e-01 
9.800000 1.2507729958047831e-01 
10.000000 1.2498896981088636e-01 
10.200000 1.2489696792181648e-01 
10.400000 1.2480116678029851e-01 
10.600000 1.2470144003419215e-01 
10.800000 1.2459765166108450e-01 
11.000000 1.2448965480596819e-01 
11.200000 1.2437729328032421e-01 
11.400000 1.2426040233731561e-01 
11.600000 1.2413880860509829e-01 
11.800000 1.2401232951640051e-01 
12.000000 1.2388077262030017e-01 
12.200000 1.2374393468456324e-01 
12.400000 1.2360160056718283e-01 
12.600000 1.2345354177656731e-01 
12.800000 1.2329951492485891e-01 
13.000000 1.2313926029644118e-01 
13.200000 1.2297250052143527e-01 
13.400000 1.2279893930313812e-01 
13.600000 1.2261826005367715e-01 
13.800000 1.2243012452089341e-01 
14.000000 1.2223417149845661e-01 
14.200000 1.2203001543114977e-01 
14.400000 1.2181724495882329e-01 
14.600000 1.2159542131142420e-01 
14.800000 1.2136407653030379e-01 
15.000000 1.2112271154410492e-01 
15.200000 1.2087079412056612e-01 
15.400000 1.2060775669707069e-01 
15.600000 1.2033299409058096e-01 
15.800000 1.2004586109355875e-01 
16.000000 1.1974566996899461e-01 
16.200000 1.1943168784211688e-01 
16.400000 1.1910313400105543e-01 
16.600000 1.1875917709001349e-01 
16.800000 1.1839893219325881e-01 
17.000000 1.1802145781396289e-01 
17.200000 1.1762575275795906e-01 
17.400000 1.1721075293651206e-01 
17.600000 1.1677532811461511e-01 
17.800000 1.1631827864243882e-01 
18.000000 1.1583833222110929e-01 
18.200000 1.1533414076589121e-01 
18.400000 1.1480427744252908e-01 
18.600000 1.1424723396985148e-01 
18.800000 1.1366141829371246e-01 
19.000000 1.1304515275200100e-01 
19.200000 1.1239667286515775e-01 
19.400000 1.1171412689991200e-01 
19.600000 1.1099557636716861e-01 
19.800000 1.1023899762366329e-01 
20.000000 1.0944228475492013e-01 
20.200000 1.0860325392230286e-01 
20.400000 1.0771964935653355e-01 
20.600000 1.0678915117541965e-01 
20.800000 1.0580938519350569e-01 
21.000000 1.0477793487660847e-01 
21.200000 1.0369235557392487e-01 
21.400000 1.0255019113444308e-01 
21.600000 1.0134899298484445e-01 
21.800000 1.0008634171065778e-01 
22.000000 9.8759871144074030e-02 
22.200000 9.7367294918711877e-02 
22.400000 9.5906435404275681e-02 
22.600000 9.4375254881483905e-02 
22.800000 9.2771888759662691e-02 
23.000000 9.1094680574515752e-02 
23.200000 8.9342218432307829e-02 
23.400000 8.7513372487616703e-02 
23.600000 8.5607332957469806e-02 
23.800000 8.3623648085506153e-02 
24.000000 8.1562261380002110e-02 
24.200000 7.9423547363137725e-02 
24.400000 7.7208344991508304e-02 
24.600000 7.4917987846241041e-02 
24.800000 7.2554330151206048e-02 
25.000000 7.0119767667127353e-02 
25.200000 6.7617252532603089e-02 
25.400000 6.5050301185006543e-02 
25.600000 6.2422994596251336e-02 
25.800000 5.9739970201205139e-02 
26.000000 5.7006405076288846e-02 
26.200000 5.4227990138503879e-02 
26.400000 5.1410895371987841e-02 
26.600000 4.8561726341984857e-02 
26.800000 4.5687472513484262e-02 
27.000000 4.2795448142346371e-02 
27.200000 3.9893226739496579e-02 
27.400000 3.6988570312334712e-02 
27.600000 3.4089354753020551e-02 
27.800000 3.1203492862539650e-02 
28.000000 2.8338856567739490e-02 
28.200000 2.5503199903051166e-02 
28.400000 2.2704084289473903e-02 
28.600000 1.9948807553674897e-02 
28.800000 1.7244337995462322e-02 
29.000000 1.4597254639348689e-02 
29.200000 1.2013694604908864e-02 
29.400000 9.4993083106774678e-03 
29.600000 7.0592229975504628e-03 
29.800000 4.6980148293892521e-03 
30.000000 2.4196896095013409e-03 
30.200000 2.2767194863348994e-04 
30.400000 -1.8751974607801314e-03 
30.600000 -3.8866569648756677e-03 
30.800000 -5.8050120911063985e-03 
31.000000 -7.6291174400562323e-03 
31.200000 -9.3583531225525096e-03 
31.400000 -1.0992596580560399e-02 
31.600000 -1.2532190647566277e-02 
31.800000 -1.3977908697703323e-02 
32.000000 -1.5330917706700808e-02 
32.200000 -1.6592740004406470e-02 
32.400000 -1.7765214441071819e-02 
32.600000 -1.8850457621347960e-02 
32.800000 -1.9850825784374027e-02 
33.000000 -2.0768877827667453e-02 
33.200000 -2.1607339890474919e-02 
33.400000 -2.2369071830908194e-02 
33.600000 -2.3057035852691810e-02 
33.800000 -2.3674267463887677e-02 
34.000000 -2.4223848882567234e-02 
34.200000 -2.4708884944288245e-02 
34.400000 -2.5132481513796101e-02 
34.600000 -2.5497726359025474e-02 
34.800000 -2.5807672409121629e-02 
35.000000 -2.6065323288914977e-02 
35.200000 -2.6273621000891922e-02 
35.400000 -2.6435435609749369e-02 
35.600000 -2.6553556774936538e-02 
35.800000 -2.6630686971628958e-02 
36.000000 -2.6669436239439293e-02 
36.200000 -2.6672318300970832e-02 
36.400000 -2.6641747897064083e-02 
36.600000 -2.6580039193105476e-02 
36.800000 -2.6489405119067944e-02 
37.000000 -2.6371957515709699e-02 
37.200000 -2.6229707969397886e-02 
37.400000 -2.6064569228323675e-02 
37.600000 -2.5878357103025273e-02 
37.800000 -2.5672792764042274e-02 
38.000000 -2.5449505359027902e-02 
38.200000 -2.5210034880401522e-02 
38.400000 -2.4955835222907341e-02 
38.600000 -2.4688277378116241e-02 
38.800000 -2.4408652719832835e-02 
39.000000 -2.4118176340620467e-02 
39.200000 -2.3817990405520240e-02 
39.400000 -2.3509167494057626e-02 
39.600000 -2.3192713906297568e-02 
39.800000 -2.2869572912929070e-02 
40.000000 -2.2540627932746971e-02 
40.200000 -2.2206705624426615e-02 
40.400000 -2.1868578882197454e-02 
40.600000 -2.1526969727493017e-02 
40.800000 -2.1182552090969919e-02 
41.000000 -2.0835954480948216e-02 
41.200000 -2.0487762536258503e-02 
41.400000 -2.0138521462601033e-02 
41.600000 -1.9788738352770674e-02 
41.800000 -1.9438884392255162e-02 
42.000000 -1.9089396952207904e-02 
42.200000 -1.8740681572655626e-02 
42.400000 -1.8393113839419217e-02 
42.600000 -1.8047041158212429e-02 
42.800000 -1.7702784430181917e-02 
43.000000 -1.7360639632856112e-02 
43.200000 -1.7020879311004877e-02 
43.400000 -1.6683753981736965e-02 
43.600000 -1.6349493458062275e-02 
43.800000 -1.6018308095343492e-02 
44.000000 -1.5690389964883894e-02 
44.200000 -1.5365913958599209e-02 
44.400000 -1.5045038828902180e-02 
44.600000 -1.4727908167455728e-02 
44.800000 -1.4414651326490696e-02 
45.000000 -1.4105384286237144e-02 
45.200000 -1.3800210471563296e-02 
45.400000 -1.3499221521112770e-02 
45.600000 -1.3202498011773228e-02 
45.800000 -1.2910110141219233e-02 
46.000000 -1.2622118371267560e-02 
46.200000 -1.2338574034274297e-02 
46.400000 -1.2059519905015248e-02 
46.600000 -1.1784990740057205e-02 
46.800000 -1.1515013786767087e-02 
47.000000 -1.1249609263616983e-02 
47.200000 -1.0988790813707405e-02 
47.400000 -1.0732565933013055e-02 
47.600000 -1.0480936374910793e-02 
47.800000 -1.0233898532332697e-02 
48.000000 -9.9914437990107074e-03 
48.200000 -9.7535589108088683e-03 
48.400000 -9.5202262684574157e-03 
48.600000 -9.2914242427765692e-03 
48.800000 -9.0671274631033971e-03 
49.000000 -8.8473070903019313e-03 
49.200000 -8.6319310747678124e-03 
49.400000 -8.4209644005472373e-03 
49.600000 -8.2143693162021608e-03 
49.800000 -8.0121055531309493e-03 
50.000000 -7.8141305320521548e-03 
50.200000 -7.6203995582550949e-03 
50.400000 -7.4308660061900428e-03 
50.600000 -7.2454814939502260e-03 
50.800000 -7.0641960482339949e-03 
51.000000 -6.8869582601438079e-03 
51.200000 -6.7137154324404674e-03 
51.400000 -6.5444137184845763e-03 
51.600000 -6.3789982535774753e-03 
51.800000 -6.2174132787080894e-03 
52.000000 -6.0596022574355146e-03 
52.200000 -5.9055079860530907e-03 
52.400000 -5.7550726973030902e-03 
52.600000 -5.6082381582480273e-03 
52.800000 -5.4649457622614334e-03 
53.000000 -5.3251366156014390e-03 
53.200000 -5.1887516188388050e-03 
53.400000 -5.0557315433214511e-03 
53.600000 -4.9260171029578553e-03 
53.800000 -4.7995490215586301e-03 
54.000000 -4.6762680959195890e-03 
54.200000 -4.5561152548999340e-03 
54.400000 -4.4390316146670356e-03 
54.600000 -4.3249585303033050e-03 
54.800000 -4.2138376439345565e-03 
55.000000 -4.1056109296391391e-03 
55.200000 -4.0002207351372832e-03 
55.400000 -3.8976098206185972e-03 
55.600000 -3.7977213946686766e-03 
55.800000 -3.7004991475909077e-03 
56.000000 -3.6058872821479598e-03 
56.200000 -3.5138305419244314e-03 
56.400000 -3.4242742373622875e-03 
56.600000 -3.3371642696835152e-03 
56.800000 -3.2524471527280233e-03 
57.000000 -3.1700700328256351e-03 
57.200000 -3.0899807068867219e-03 
57.400000 -3.0121276386139081e-03 
57.600000 -2.9364599732368477e-03 
57.800000 -2.8629275505087093e-03 
58.000000 -2.7914809163122403e-03 
58.200000 -2.7220713328432664e-03 
58.400000 -2.6546507874043168e-03 
58.600000 -2.5891720000601609e-03 
58.800000 -2.5255884299650172e-03 
59.000000 -2.4638542806728753e-03 
59.200000 -2.4039245043365742e-03 
59.400000 -2.3457548048835958e-03 
59.600000 -2.2893016403306918e-03 
59.800000 -2.2345222241138066e-03 
60.000000 -2.1813745256212269e-03 
60.200000 -2.1298172699248386e-03 
60.400000 -2.0798099368034353e-03 
60.600000 -2.0313127589942290e-03 
60.800000 -1.9842867198351169e-03 
61.000000 -1.9386935503136749e-03 
61.200000 -1.8944957254391354e-03 
61.400000 -1.8516564602035421e-03 
61.600000 -1.8101397048927367e-03 
61.800000 -1.7699101400704478e-03 
62.000000 -1.7309331709665157e-03 
62.200000 -1.6931749215710959e-03 
62.400000 -1.6566022282824902e-03 
62.600000 -1.6211826332479876e-03 
62.800000 -1.5868843772736049e-03 
63.000000 -1.5536763925536878e-03 
63.200000 -1.5215282950306885e-03 
63.400000 -1.4904103765208815e-03 
63.600000 -1.4602935966077923e-03 
63.800000 -1.4311495743061162e-03 
64.000000 -1.4029505795351629e-03 
64.200000 -1.3756695244471553e-03 
64.400000 -1.3492799544571263e-03 
64.600000 -1.3237560393576375e-03 
64.800000 -1.2990725641003689e-03 
65.000000 -1.2752049195544346e-03 
65.200000 -1.2521290931774426e-03 
65.400000 -1.2298216595691483e-03 
65.600000 -1.2082597709566767e-03 
65.800000 -1.1874211476777113e-03 
66.000000 -1.1672840685283195e-03 
66.200000 -1.1478273611621390e-03 
66.400000 -1.1290303924242420e-03 
66.600000 -1.1108730586849580e-03 
66.800000 -1.0933357761608795e-03 
67.000000 -1.0763994712754063e-03 
67.200000 -1.0600455710001455e-03 
67.400000 -1.0442559932930459e-03 
67.600000 -1.0290131374049022e-03 
67.800000 -1.0142998744875550e-03 
68.000000 -1.0000995379882277e-03 
68.200000 -9.8639591429237894e-04 
68.400000 -9.7317323330733257e-04 
68.600000 -9.6041615921253071e-04 
68.800000 -9.4810978119798384e-04 
69.000000 -9.3623960433109055e-04 
69.200000 -9.2479154053060758e-04 
69.400000 -9.1375189952463964e-04 
69.600000 -9.0310738007239044e-04 
69.800000 -8.9284506110863526e-04 
70.000000 -8.8295239310728219e-04 
70.200000 -8.7341718950476738e-04 
70.400000 -8.6422761823054528e-04 
70.600000 -8.5537219339114345e-04 
70.800000 -8.4683976699632263e-04 
71.000000 -8.3861952085137470e-04 
71.200000 -8.3070095855199144e-04 
71.400000 -8.2307389761503147e-04 
71.600000 -8.1572846172283525e-04 
71.800000 -8.0865507305931394e-04 
72.000000 -8.0184444481476436e-04 
72.200000 -7.9528757379528775e-04 
72.400000 -7.8897573318147812e-04 
72.600000 -7.8290046533441987e-04 
72.800000 -7.7705357487119209e-04 
73.000000 -7.7142712172029171e-04 
73.200000 -7.6601341439444526e-04 
73.400000 -7.6080500335868467e-04 
73.600000 -7.5579467453981003e-04 
73.800000 -7.5097544295510410e-04 
74.000000 -7.4634054646832010e-04 
74.200000 -7.4188343967063197e-04 
74.400000 -7.3759778789169589e-04 
74.600000 -7.3347746133994862e-04 
74.800000 -7.2951652934345745e-04 
75.000000 -7.2570925475713699e-04 
75.200000 -7.2205008845298291e-04 
75.400000 -7.1853366392506807e-04 
75.600000 -7.1515479208889704e-04 
75.800000 -7.1190845610215325e-04 
76.000000 -7.0878980634253574e-04 
76.200000 -7.0579415554473945e-04 
76.400000 -7.0291697399177400e-04 
76.600000 -7.0015388482520813e-04 
76.800000 -6.9750065952886575e-04 
77.000000 -6.9495321342547683e-04 
77.200000 -6.9250760138068329e-04 
77.400000 -6.9016001354442469e-04 
77.600000 -6.8790677123992117e-04 
77.800000 -6.8574432290186005e-04 
78.000000 -6.8366924021370096e-04 
78.200000 -6.8167821423278929e-04 
78.400000 -6.7976805168688814e-04 
78.600000 -6.7793567137854061e-04 
78.800000 -6.7617810060645323e-04 
79.000000 -6.7449247176071953e-04 
79.200000 -6.7287601897980664e-04 
79.400000 -6.7132607488057383e-04 
79.600000 -6.6984006741858254e-04 
79.800000 -6.6841551677345595e-04 
80.000000 -6.6705003239811433e-04 
80.200000 -6.6574131008406007e-04 
80.400000 -6.6448712914207037e-04 
80.600000 -6.6328534965658104e-04 
80.800000 -6.6213390980519871e-04 
81.000000 -6.6103082328246299e-04 
81.200000 -6.5997417677839815e-04 
81.400000 -6.5896212752040301e-04 
81.600000 -6.5799290091497764e-04 
81.800000 -6.5706478824097136e-04 
82.000000 -6.5617614439200667e-04 
82.200000 -6.5532538576219129e-04 
82.400000 -6.5451098808386177e-04 
82.600000 -6.5373148441889850e-04 
82.800000 -6.5298546318007938e-04 
83.000000 -6.5227156619787618e-04 
83.200000 -6.5158848687688758e-04 
83.400000 -6.5093496841349408e-04 
83.600000 -6.5030980198008820e-04 
83.800000 -6.4971182511969899e-04 
84.000000 -6.4913992004486665e-04 
84.200000 -6.4859301209858194e-04 
84.400000 -6.4807006818459745e-04 
84.600000 -6.4757009528667447e-04 
84.800000 -6.4709213906934820e-04 
85.000000 -6.4663528240131718e-04 
85.200000 -6.4619864410181416e-04 
85.400000 -6.4578137758245641e-04 
85.600000 -6.4538266960815355e-04 
85.800000 -6.4500173904166735e-04 
86.000000 -6.4463783573655981e-04 
86.200000 -6.4429023931454610e-04 
86.400000 -6.4395825812269686e-04 
86.600000 -6.4364122814421221e-04 
86.800000 -6.4333851198448977e-04 
87.000000 -6.4304949785747717e-04 
87.200000 -6.4277359862929123e-04 
87.400000 -6.4251025093573638e-04 
87.600000 -6.4225891420990194e-04 
87.800000 -6.4201906987397528e-04 
88.000000 -6.4179022047904793e-04 
88.200000 -6.4157188892102063e-04 
88.400000 -6.4136361764779298e-04 
88.600000 -6.4116496790325717e-04 
88.800000 -6.4097551902203564e-04 
89.000000 -6.4079486772583572e-04 
89.200000 -6.4062262743367487e-04 
89.400000 -6.4045842763524319e-04 
89.600000 -6.4030191325512714e-04 
89.800000 -6.4015274404100736e-04 
90.000000 -6.4001059401413984e-04 
90.200000 -6.3987515084434204e-04 
90.400000 -6.3974611538520493e-04 
90.600000 -6.3962320111190379e-04 
90.800000 -6.3950613361683090e-04 
91.000000 -6.3939465014784674e-04 
91.200000 -6.3928849912372326e-04 
91.400000 -6.3918743969807595e-04 
91.600000 -6.3909124132424666e-04 
91.800000 -6.3899968333910873e-04 
92.000000 -6.3891255457251828e-04 
92.200000 -6.3882965295273403e-04 
92.400000 -6.3875078512441730e-04 
92.600000 -6.3867576613318988e-04 
92.800000 -6.3860441903954013e-04 
93.000000 -6.3853657460319346e-04 
93.200000 -6.3847207099714670e-04 
93.400000 -6.3841075343960135e-04 
93.600000 -6.3835247397033695e-04 
93.800000 -6.3829709112001726e-04 
94.000000 -6.3824446965530385e-04 
94.200000 -6.3819448033786835e-04 
94.400000 -6.3814699962579102e-04 
94.600000 -6.3810190950216311e-04 
94.800000 -6.3805909717808140e-04 
95.000000 -6.3801845490588788e-04 
95.200000 -6.3797987977233517e-04 
95.400000 -6.3794327345904900e-04 
95.600000 -6.3790854209566650e-04 
95.800000 -6.3787559602748040e-04 
96.000000 -6.3784434965640652e-04 
96.200000 -6.3781472127175109e-04 
96.400000 -6.3778663285614379e-04 
96.600000 -6.3776000998532617e-04 
96.800000 -6.3773478157085062e-04 
97.000000 -6.3771087983075653e-04 
97.200000 -6.3768824007115477e-04 
97.400000 -6.3766680057716213e-04 
97.600000 -6.3764650249176907e-04 
97.800000 -6.3762728965283816e-04 
98.000000 -6.3760910852931479e-04 
98.200000 -6.3759190807611416e-04 
98.400000 -6.3757563959122160e-04 
98.600000 -6.3756025668373906e-04 
98.800000 -6.3754571513031238e-04 
99.000000 -6.3753197276725931e-04 
99.200000 -6.3751898942706470e-04 
99.400000 -6.3750672683898779e-04 
99.600000 -6.3749514853291694e-04 
99.800000 -6.3748421979165082e-04 
100.000000 -6.3747390751952432e-04 
100.200000 -6.3746418020369650e-04 
100.400000 -6.3745500787269066e-04 
100.600000 -6.3744636194183052e-04 
100.800000 -6.3743821524225863e-04 
101.000000 -6.3743054188864640e-04 
101.200000 -6.3742331725014090e-04 
101.400000 -6.3741651791670434e-04 
101.600000 -6.3741012156195292e-04 
101.800000 -6.3740410700663386e-04 
102.000000 -6.3739845406002305e-04 
102.200000 -6.3739314355347465e-04 
102.400000 -6.3738815724036224e-04 
102.600000 -6.3738347777422821e-04 
102.800000 -6.3737908869081900e-04 
103.000000 -6.3737497431085033e-04 
103.200000 -6.3737111975134542e-04 
103.400000 -6.3736751087127563e-04 
103.600000 -6.3736413422219723e-04 
103.800000 -6.3736097705548167e-04 
104.000000 -6.3735802723413615e-04 
104.200000 -6.3735527326796992e-04 
104.400000 -6.3735270422712181e-04 
104.600000 -6.3735030973992302e-04 
104.800000 -6.3734807996341375e-04 
105.000000 -6.3734600556420579e-04 
105.200000 -6.3734407768506474e-04 
105.400000 -6.3734228792321213e-04 
105.600000 -6.3734062831060506e-04 
105.800000 -6.3733909129592287e-04 
106.000000 -6.3733766971274530e-04 
106.200000 -6.3733635678365347e-04 
106.400000 -6.3733514607467595e-04 
106.600000 -6.3733403149128509e-04 
106.800000 -6.3733300726062647e-04 
107.000000 -6.3733206792875724e-04 
107.200000 -6.3733120831851314e-04 
107.400000 -6.3733042353380370e-04 
107.600000 -6.3732970893625590e-04 
107.800000 -6.3732906015925156e-04 
108.000000 -6.3732847304327767e-04 
108.200000 -6.3732794367214740e-04 
108.400000 -6.3732746834223308e-04 
108.600000 -6.3732704355474318e-04 
108.800000 -6.3732666598647486e-04 
109.000000 -6.3732633252954612e-04 
109.200000 -6.3732604022691958e-04 
109.400000 -6.3732578628128422e-04 
109.600000 -6.3732556808973606e-04 
109.800000 -6.3732538315183773e-04 
110.000000 -6.3732522913433065e-04 
110.200000 -6.3732510383993773e-04 
110.400000 -6.3732500518232094e-04 
110.600000 -6.3732493120800815e-04 
110.800000 -6.3732488007171156e-04 
111.000000 -6.3732485002544748e-04 
111.200000 -6.3732483947485929e-04 
111.400000 -6.3732484684565077e-04 
111.600000 -6.3732487071583438e-04 
111.800000 -6.3732490971735861e-04 
112.000000 -6.3732496258638721e-04 
112.200000 -6.3732502812269276e-04 
112.400000 -6.3732510520528307e-04 
112.600000 -6.3732519277429761e-04 
112.800000 -6.3732528986134435e-04 
113.000000 -6.3732539551410866e-04 
113.200000 -6.3732550889856326e-04 
113.400000 -6.3732562918320662e-04 
113.600000 -6.3732575563561072e-04 
113.800000 -6.3732588752418023e-04 
114.000000 -6.3732602420876056e-04 
114.200000 -6.3732616506527451e-04 
114.400000 -6.3732630952983288e-04 
114.600000 -6.3732645705226465e-04 
114.800000 -6.3732660714643785e-04 
115.000000 -6.3732675936211541e-04 
115.200000 -6.3732691325783797e-04 
115.400000 -6.3732706843840081e-04 
115.600000 -6.3732722454101776e-04 
115.800000 -6.3732738122366378e-04 
116.000000 -6.3732753817464377e-04 
116.200000 -6.3732769510719406e-04 
116.400000 -6.3732785175188433e-04 
116.600000 -6.3732800786175936e-04 
116.800000 -6.3732816322164404e-04 
117.000000 -6.3732831762281644e-04 
117.200000 -6.3732847088306815e-04 
117.400000 -6.3732862282018382e-04 
117.600000 -6.3732877329494841e-04 
117.800000 -6.3732892215211806e-04 
118.000000 -6.3732906928127414e-04 
118.200000 -6.3732921455914721e-04 
118.400000 -6.3732935789874434e-04 
118.600000 -6.3732949919562826e-04 
118.800000 -6.3732963837459522e-04 
119.000000 -6.3732977537763608e-04 
119.200000 -6.3732991014369550e-04 
119.400000 -6.3733004259856896e-04 
119.600000 -6.3733017272216835e-04 
119.800000 -6.3733030047741224e-04 
120.000000 -6.3733042583169475e-04 
120.200000 -6.3733054875333983e-04 
120.400000 -6.3733066923586656e-04 
120.600000 -6.3733078727332138e-04 
120.800000 -6.3733090284897459e-04 
121.000000 -6.3733101597029940e-04 
121.200000 -6.3733112663603986e-04 
121.400000 -6.3733123484494697e-04 
121.600000 -6.3733134061720598e-04 
121.800000 -6.3733144396262847e-04 
122.000000 -6.3733154490464711e-04 
122.200000 -6.3733164346217036e-04 
122.400000 -6.3733173964503759e-04 
122.600000 -6.3733183348750611e-04 
122.800000 -6.3733192501418817e-04 
123.000000 -6.3733201425564268e-04 
123.200000 -6.3733210123675943e-04 
123.400000 -6.3733218599424518e-04 
123.600000 -6.3733226855277464e-04 
123.800000 -6.3733234895658325e-04 
124.000000 -6.3733242723033184e-04 
124.200000 -6.3733250341112269e-04 
124.400000 -6.3733257755007461e-04 
124.600000 -6.3733264966541608e-04 
124.800000 -6.3733271979349998e-04 
125.000000 -6.3733278799022602e-04 
125.200000 -6.3733285428095587e-04 
125.400000 -6.3733291870646941e-04 
125.600000 -6.3733298130755345e-04 
125.800000 -6.3733304211293501e-04 
126.000000 -6.3733310117428804e-04 
126.200000 -6.3733315852280981e-04 
126.400000 -6.3733321419268824e-04 
126.600000 -6.3733326823867120e-04 
126.800000 -6.3733332068584281e-04 
127.000000 -6.3733337155816999e-04 
127.200000 -6.3733342091849138e-04 
127.400000 -6.3733346879091962e-04 
127.600000 -6.3733351521253617e-04 
127.800000 -6.3733356021638404e-04 
128.000000 -6.3733360384995996e-04 
128.200000 -6.3733364613638432e-04 
128.400000 -6.3733368711427901e-04 
128.600000 -6.3733372681884504e-04 
128.800000 -6.3733376527860819e-04 
129.000000 -6.3733380253425814e-04 
129.200000 -6.3733383861113574e-04 
129.400000 -6.3733387354173582e-04 
129.600000 -6.3733390736805950e-04 
129.800000 -6.3733394010277028e-04 
130.000000 -6.3733397179262935e-04 
130.200000 -6.3733400245891830e-04 
130.400000 -6.3733403212804657e-04 
130.600000 -6.3733406082555621e-04 
130.800000 -6.3733408859991542e-04 
131.000000 -6.3733411545398994e-04 
131.200000 -6.3733414142324446e-04 
131.400000 -6.3733416653798114e-04 
131.600000 -6.3733419081474924e-04 
131.800000 -6.3733421428657788e-04 
132.000000 -6.3733423697312497e-04 
132.200000 -6.3733425889536677e-04 
132.400000 -6.3733428008767856e-04 
132.600000 -6.3733430055413348e-04 
132.800000 -6.3733432033068887e-04 
133.000000 -6.3733433943496259e-04 
133.200000 -6.3733435789251752e-04 
133.400000 -6.3733437571308893e-04 
133.600000 -6.3733439292266297e-04 
133.800000 -6.3733440953223780e-04 
134.000000 -6.3733442556956205e-04 
134.200000 -6.3733444105748549e-04 
134.400000 -6.3733445600597932e-04 
134.600000 -6.3733447043277242e-04 
134.800000 -6.3733448435193685e-04 
135.000000 -6.3733449778238110e-04 
135.200000 -6.3733451074594882e-04 
135.400000 -6.3733452324973155e-04 
135.600000 -6.3733453530416539e-04 
135.800000 -6.3733454693746389e-04 
136.000000 -6.3733455815189605e-04 
136.200000 -6.3733456896489238e-04 
136.400000 -6.3733457939708915e-04 
136.600000 -6.3733458944990190e-04 
136.800000 -6.3733459914083052e-04 
137.000000 -6.3733460848383605e-04 
137.200000 -6.3733461749175546e-04 
137.400000 -6.3733462616694797e-04 
137.600000 -6.3733463452965433e-04 
137.800000 -6.3733464258451666e-04 
138.000000 -6.3733465034371967e-04 
138.200000 -6.3733465782390281e-04 
138.400000 -6.3733466502099295e-04 
138.600000 -6.3733467195747906e-04 
138.800000 -6.3733467863050924e-04 
139.000000 -6.3733468506450147e-04 
139.200000 -6.3733469125639569e-04 
139.400000 -6.3733469721414387e-04 
139.600000 -6.3733470295034012e-04 
139.800000 -6.3733470847123636e-04 
140.000000 -6.3733471378886464e-04 
140.200000 -6.3733471889241416e-04 
140.400000 -6.3733472381331119e-04 
140.600000 -6.3733472853853834e-04 
140.800000 -6.3733473309372096e-04 
141.000000 -6.3733473746671598e-04 
141.200000 -6.3733474167430165e-04 
141.400000 -6.3733474573036963e-04 
141.600000 -6.3733474961627512e-04 
141.800000 -6.3733475334792900e-04 
142.000000 -6.3733475693773106e-04 
142.200000 -6.3733476038696502e-04 
142.400000 -6.3733476370295139e-04 
142.600000 -6.3733476689271928e-04 
142.800000 -6.3733476994366073e-04 
143.000000 -6.3733477288809015e-04 
143.200000 -6.3733477569923730e-04 
143.400000 -6.3733477841290687e-04 
143.600000 -6.3733478100026081e-04 
143.800000 -6.3733478348621669e-04 
144.000000 -6.3733478587411907e-04 
144.200000 -6.3733478816081768e-04 
144.400000 -6.3733479036003071e-04 
144.600000 -6.3733479246295965e-04 
144.800000 -6.3733479447271313e-04 
145.000000 -6.3733479640413343e-04 
145.200000 -6.3733479824396727e-04 
145.400000 -6.3733480000856962e-04 
145.600000 -6.3733480169039791e-04 
145.800000 -6.3733480330017966e-04 
146.000000 -6.3733480483736671e-04 
146.200000 -6.3733480630725342e-04 
146.400000 -6.3733480771312884e-04 
146.600000 -6.3733480905742851e-04 
146.800000 -6.3733481033974998e-04 
147.000000 -6.3733481155294619e-04 
147.200000 -6.3733481270281805e-04 
147.400000 -6.3733481379263379e-04 
147.600000 -6.3733481481899334e-04 
147.800000 -6.3733481577984280e-04 
148.000000 -6.3733481669320247e-04 
148.200000 -6.3733481757334565e-04 
148.400000 -6.3733481844758383e-04 
148.600000 -6.3733481926894070e-04 
148.800000 -6.3733481999712210e-04 
149.000000 -6.3733482065655989e-04 
149.200000 -6.3733482126632907e-04 
149.400000 -6.3733482182670026e-04 
149.600000 -6.3733482233557792e-04 
149.800000 -6.3733482280414755e-04 
