0.000000 1.2657680616138423e-01 
0.200000 1.2655744835413651e-01 
0.400000 1.2654150048649571e-01 
0.600000 1.2652902366848395e-01 
0.800000 1.2652002790183148e-01 
1.000000 1.2651445744674583e-01 
1.200000 1.2651205786390007e-01 
1.400000 1.2651273118165685e-01 
1.600000 1.2651615790955739e-01 
1.800000 1.2652129870452078e-01 
2.000000 1.2652691298439600e-01 
2.200000 1.2652980483007237e-01 
2.400000 1.2652963730117117e-01 
2.600000 1.2652644549691261e-01 
2.800000 1.2652051347711435e-01 
3.000000 1.2651226877824595e-01 
3.200000 1.2650220400788670e-01 
3.400000 1.2649053743483907e-01 
3.600000 1.2646934355642525e-01 
3.800000 1.2644850384746176e-01 
4.000000 1.2642802423524602e-01 
4.200000 1.2640785586970682e-01 
4.400000 1.2638770815696898e-01 
4.600000 1.2636712771760172e-01 
4.800000 1.2634568003885538e-01 
5.000000 1.2632284720848563e-01 
5.200000 1.2629808566486034e-01 
5.400000 1.2627099039238820e-01 
5.600000 1.2624139181457983e-01 
5.800000 1.2620925727125543e-01 
6.000000 1.2617462268252322e-01 
6.200000 1.2613756845960522e-01 
6.400000 1.2609818906029480e-01 
6.600000 1.2605657636276935e-01 
6.800000 1.2601281528925412e-01 
7.000000 1.2596692250465513e-01 
7.200000 1.2591882946947208e-01 
7.400000 1.2586843148406712e-01 
7.600000 1.2581561132206331e-01 
7.800000 1.2576024620152015e-01 
8.000000 1.2570221513851754e-01 
8.200000 1.2564140389718181e-01 
8.400000 1.2557770846911054e-01 
8.600000 1.2551103824825094e-01 
8.800000 1.2544131478124898e-01 
9.000000 1.2536846482202224e-01 
9.200000 1.2529241383930290e-01 
9.400000 1.2521308167385925e-01 
9.600000 1.2513038006647648e-01 
9.800000 1.2504420834042806e-01 
10.000000 1.2495444752580454e-01 
10.200000 1.2486097087055570e-01 
10.400000 1.2476364748929392e-01 
10.600000 1.2466234675054189e-01 
10.800000 1.2455692879741731e-01 
11.000000 1.2444724340203905e-01 
11.200000 1.2433313130437784e-01 
11.400000 1.2421442465629151e-01 
11.600000 1.2409094674413279e-01 
11.800000 1.2396251139872494e-01 
12.000000 1.2382892222605646e-01 
12.200000 1.2368997162122708e-01 
12.400000 1.2354543948464325e-01 
12.600000 1.2339509172488539e-01 
12.800000 1.2323867874398531e-01 
13.000000 1.2307593403512307e-01 
13.200000 1.2290657291364360e-01 
13.400000 1.2273029122008183e-01 
13.600000 1.2254676393941244e-01 
13.800000 1.2235564388526154e-01 
14.000000 1.2215656037164979e-01 
14.200000 1.2194911780811046e-01 
14.400000 1.2173289418115651e-01 
14.600000 1.2150743937393971e-01 
14.800000 1.2127227333289570e-01 
15.000000 1.2102688408628359e-01 
15.200000 1.2077072565335256e-01 
15.400000 1.2050321582755119e-01 
15.600000 1.2022373384245399e-01 
15.800000 1.1993161792710183e-01 
16.000000 1.1962616276132931e-01 
16.200000 1.1930661683665433e-01 
16.400000 1.1897217971428919e-01 
16.600000 1.1862199917437788e-01 
16.800000 1.1825516825918836e-01 
17.000000 1.1787072221657469e-01 
17.200000 1.1746763534861615e-01 
17.400000 1.1704481778949483e-01 
17.600000 1.1660111224383418e-01 
17.800000 1.1613529072616879e-01 
18.000000 1.1564605135711614e-01 
18.200000 1.1513201528494077e-01 
18.400000 1.1459172381687943e-01 
18.600000 1.1402363585601649e-01 
18.800000 1.1342612575383348e-01 
19.000000 1.1279748170505877e-01 
19.200000 1.1213590482458269e-01 
19.400000 1.1143950905931788e-01 
19.600000 1.1070632209917886e-01 
19.800000 1.0993428746083322e-01 
20.000000 1.0912126792460952e-01 
20.200000 1.0826505050677215e-01 
20.400000 1.0736335314921208e-01 
20.600000 1.0641383330019039e-01 
20.800000 1.0541409854899908e-01 
21.000000 1.0436171946008421e-01 
21.200000 1.0325424472968869e-01 
21.400000 1.0208921876086807e-01 
21.600000 1.0086420172035260e-01 
21.800000 9.9576792104712375e-02 
22.000000 9.8224651802886753e-02 
22.200000 9.6805533597139171e-02 
22.400000 9.5317310995453153e-02 
22.600000 9.3758010233814026e-02 
22.800000 9.2125844226106146e-02 
23.000000 9.0419248172044053e-02 
23.200000 8.8636916459124304e-02 
23.400000 8.6777840413526319e-02 
23.600000 8.4841346368032977e-02 
23.800000 8.2827133425271482e-02 
24.000000 8.0735310205583444e-02 
24.200000 7.8566429785070557e-02 
24.400000 7.6321521957478211e-02 
24.600000 7.4002121899560347e-02 
24.800000 7.1610294290536891e-02 
25.000000 6.9148651938136241e-02 
25.200000 6.6620368001814811e-02 
25.400000 6.4029180981295397e-02 
25.600000 6.1379391756674506e-02 
25.800000 5.8675852124168038e-02 
26.000000 5.5923944465111952e-02 
26.200000 5.3129552408746838e-02 
26.400000 5.0299022594053944e-02 
26.600000 4.7439117891409088e-02 
26.800000 4.4556962701163494e-02 
27.000000 4.1659981191156215e-02 
27.200000 3.8755829557605703e-02 
27.400000 3.5852323583564827e-02 
27.600000 3.2957362917225619e-02 
27.800000 3.0078853592181654e-02 
28.000000 2.7224630358936963e-02 
28.200000 2.4402380390314171e-02 
28.400000 2.1619569863928101e-02 
28.600000 1.8883374816723641e-02 
28.800000 1.6200617516108351e-02 
29.000000 1.3577709407334604e-02 
29.200000 1.1020601487154669e-02 
29.400000 8.5347427291452282e-03 
29.600000 6.1250469565262700e-03 
29.800000 3.7958683325232112e-03 
30.000000 1.5509854250010946e-03 
30.200000 -6.0640639286335674e-04 
30.400000 -2.6736946155191399e-03 
30.600000 -4.6488419055692454e-03 
30.800000 -6.5303716922041621e-03 
31.000000 -8.3173478246657551e-03 
31.200000 -1.0009349096775977e-02 
31.400000 -1.1606439490708054e-02 
31.600000 -1.3109134995554439e-02 
31.800000 -1.4518367842138225e-02 
32.000000 -1.5835448961693199e-02 
32.200000 -1.7062029427199032e-02 
32.400000 -1.8200061573781068e-02 
32.600000 -1.9251760423162900e-02 
32.800000 -2.0219565959243124e-02 
33.000000 -2.1106106720322759e-02 
33.200000 -2.1914165091515780e-02 
33.400000 -2.2646644600291643e-02 
33.600000 -2.3306539441538265e-02 
33.800000 -2.3896906387309347e-02 
34.000000 -2.4420839171450881e-02 
34.200000 -2.4881445382857970e-02 
34.400000 -2.5281825851092621e-02 
34.600000 -2.5625056467372787e-02 
34.800000 -2.5914172350340881e-02 
35.000000 -2.6152154239763137e-02 
35.200000 -2.6341916982303482e-02 
35.400000 -2.6486299960013060e-02 
35.600000 -2.6588059304450962e-02 
35.800000 -2.6649861736054770e-02 
36.000000 -2.6674279868775908e-02 
36.200000 -2.6663788823611256e-02 
36.400000 -2.6620764000843178e-02 
36.600000 -2.6547479868174961e-02 
36.800000 -2.6446109631419468e-02 
37.000000 -2.6318725664043585e-02 
37.200000 -2.6167300581903863e-02 
37.400000 -2.5993708860166220e-02 
37.600000 -2.5799728899098151e-02 
37.800000 -2.5587045455532420e-02 
38.000000 -2.5357252365564742e-02 
38.200000 -2.5111855493215207e-02 
38.400000 -2.4852275847253469e-02 
38.600000 -2.4579852816164316e-02 
38.800000 -2.4295847477669552e-02 
39.000000 -2.4001445945484756e-02 
39.200000 -2.3697762721231752e-02 
39.400000 -2.3385844024804869e-02 
39.600000 -2.3066671080304912e-02 
39.800000 -2.2741163339219550e-02 
40.000000 -2.2410181625404202e-02 
40.200000 -2.2074531190072855e-02 
40.400000 -2.1734964667248502e-02 
40.600000 -2.1392184922819579e-02 
40.800000 -2.1046847792150214e-02 
41.000000 -2.0699564703255457e-02 
41.200000 -2.0350905183794510e-02 
41.400000 -2.0001399251698859e-02 
41.600000 -1.9651539690102027e-02 
41.800000 -1.9301784208343165e-02 
42.000000 -1.8952557491510813e-02 
42.200000 -1.8604253141408955e-02 
42.400000 -1.8257235512684822e-02 
42.600000 -1.7911841447688315e-02 
42.800000 -1.7568381914389419e-02 
43.000000 -1.7227143551490354e-02 
43.200000 -1.6888390125078423e-02 
43.400000 -1.6552363901173733e-02 
43.600000 -1.6219286938615018e-02 
43.800000 -1.5889362306395344e-02 
44.000000 -1.5562775229767484e-02 
44.200000 -1.5239694169033147e-02 
44.400000 -1.4920271835016569e-02 
44.600000 -1.4604646144935340e-02 
44.800000 -1.4292941122154179e-02 
45.000000 -1.3985267743335306e-02 
45.200000 -1.3681724736154088e-02 
45.400000 -1.3382399330537920e-02 
45.600000 -1.3087367966451879e-02 
45.800000 -1.2796696960798160e-02 
46.000000 -1.2510443135978044e-02 
46.200000 -1.2228654412541645e-02 
46.400000 -1.1951370368120218e-02 
46.600000 -1.1678622764653507e-02 
46.800000 -1.1410436045961425e-02 
47.000000 -1.1146827807398202e-02 
47.200000 -1.0887809239252783e-02 
47.400000 -1.0633385545591900e-02 
47.600000 -1.0383556339839256e-02 
47.800000 -1.0138316018641569e-02 
48.000000 -9.8976541151166442e-03 
48.200000 -9.6615556328769059e-03 
48.400000 -9.4300013617128753e-03 
48.600000 -9.2029681761638671e-03 
48.800000 -8.9804293178494254e-03 
49.000000 -8.7623546624372717e-03 
49.200000 -8.5487109722026111e-03 
49.400000 -8.3394621348395481e-03 
49.600000 -8.1345693893399434e-03 
49.800000 -7.9339915396258870e-03 
50.000000 -7.7376851565853361e-03 
50.200000 -7.5456047690408007e-03 
50.400000 -7.3577030443600228e-03 
50.600000 -7.1739309591810352e-03 
50.800000 -6.9942379606806188e-03 
51.000000 -6.8185721190007625e-03 
51.200000 -6.6468802712591341e-03 
51.400000 -6.4791081573813691e-03 
51.600000 -6.3152005485010154e-03 
51.800000 -6.1551013679550376e-03 
52.000000 -5.9987538054845635e-03 
52.200000 -5.8461004248748227e-03 
52.400000 -5.6970832653417403e-03 
52.600000 -5.5516439370143500e-03 
52.800000 -5.4097237109013985e-03 
53.000000 -5.2712636032797022e-03 
53.200000 -5.1362044552569347e-03 
53.400000 -5.0044870073274600e-03 
53.600000 -4.8760519694059090e-03 
53.800000 -4.7508400864782613e-03 
54.000000 -4.6287922001089776e-03 
54.200000 -4.5098493059763378e-03 
54.400000 -4.3939526076752500e-03 
54.600000 -4.2810435669847630e-03 
54.800000 -4.1710639506578329e-03 
55.000000 -4.0639558740702686e-03 
55.200000 -3.9596618418025614e-03 
55.400000 -3.8581247852954581e-03 
55.600000 -3.7592880977399962e-03 
55.800000 -3.6630956663709913e-03 
56.000000 -3.5694919022777050e-03 
56.200000 -3.4784217678320573e-03 
56.400000 -3.3898308018839446e-03 
56.600000 -3.3036651428587152e-03 
56.800000 -3.2198715498149844e-03 
57.000000 -3.1383974216172700e-03 
57.200000 -3.0591908142491228e-03 
57.400000 -2.9822004564736410e-03 
57.600000 -2.9073757638470449e-03 
57.800000 -2.8346668511912212e-03 
58.000000 -2.7640245436095848e-03 
58.200000 -2.6954003861282480e-03 
58.400000 -2.6287466520460087e-03 
58.600000 -2.5640163500246504e-03 
58.800000 -2.5011632300621991e-03 
59.000000 -2.4401417883097715e-03 
59.200000 -2.3809072709172138e-03 
59.400000 -2.3234156768283803e-03 
59.600000 -2.2676237596884613e-03 
59.800000 -2.2134890289010542e-03 
60.000000 -2.1609697498227443e-03 
60.200000 -2.1100249431999368e-03 
60.400000 -2.0606143838835453e-03 
60.600000 -2.0126985988669563e-03 
60.800000 -1.9662388646771167e-03 
61.000000 -1.9211972041037195e-03 
61.200000 -1.8775363824968805e-03 
61.400000 -1.8352199034024630e-03 
61.600000 -1.7942120037540005e-03 
61.800000 -1.7544776486237076e-03 
62.000000 -1.7159825255179464e-03 
62.200000 -1.6786930382460263e-03 
62.400000 -1.6425763004771707e-03 
62.600000 -1.6076001288875194e-03 
62.800000 -1.5737330360450219e-03 
63.000000 -1.5409442228966272e-03 
63.200000 -1.5092035711235102e-03 
63.400000 -1.4784816351386121e-03 
63.600000 -1.4487496338898911e-03 
63.800000 -1.4199794424400794e-03 
64.000000 -1.3921435833770535e-03 
64.200000 -1.3652152180537586e-03 
64.400000 -1.3391681376209510e-03 
64.600000 -1.3139767539999611e-03 
64.800000 -1.2896160906843146e-03 
65.000000 -1.2660617734557081e-03 
65.200000 -1.2432900209501385e-03 
65.400000 -1.2212776353071469e-03 
65.600000 -1.2000019925013997e-03 
65.800000 -1.1794410328763091e-03 
66.000000 -1.1595732514973894e-03 
66.200000 -1.1403776884741645e-03 
66.400000 -1.1218339193428128e-03 
66.600000 -1.1039220453743989e-03 
66.800000 -1.0866226839033113e-03 
67.000000 -1.0699169587001997e-03 
67.200000 -1.0537864903163927e-03 
67.400000 -1.0382133864889412e-03 
67.600000 -1.0231802326070502e-03 
67.800000 -1.0086700821314160e-03 
68.000000 -9.9466644717628033e-04 
68.200000 -9.8115328912136424e-04 
68.400000 -9.6811500919111865e-04 
68.600000 -9.5553643928059095e-04 
68.800000 -9.4340283269761516e-04 
69.000000 -9.3169985506230679e-04 
69.200000 -9.2041357531300050e-04 
69.400000 -9.0953045675749855e-04 
69.600000 -8.9903734821391440e-04 
69.800000 -8.8892147531954152e-04 
70.000000 -8.7917043185577193e-04 
70.200000 -8.6977217124899198e-04 
70.400000 -8.6071499814478064e-04 
70.600000 -8.5198756008548343e-04 
70.800000 -8.4357883935205075e-04 
71.000000 -8.3547814486382987e-04 
71.200000 -8.2767510422700891e-04 
71.400000 -8.2015965592214385e-04 
71.600000 -8.1292204156625802e-04 
71.800000 -8.0595279833554911e-04 
72.000000 -7.9924275150301122e-04 
72.200000 -7.9278300707574106e-04 
72.400000 -7.8656494466104038e-04 
72.600000 -7.8058021024338120e-04 
72.800000 -7.7482070938705155e-04 
73.000000 -7.6927860026817368e-04 
73.200000 -7.6394628706591416e-04 
73.400000 -7.5881641333035849e-04 
73.600000 -7.5388185559471105e-04 
73.800000 -7.4913571697547698e-04 
74.000000 -7.4457132104448903e-04 
74.200000 -7.4018220574297022e-04 
74.400000 -7.3596211742117668e-04 
74.600000 -7.3190500505109640e-04 
74.800000 -7.2800501451354693e-04 
75.000000 -7.2425648302954643e-04 
75.200000 -7.2065393372616054e-04 
75.400000 -7.1719207029681542e-04 
75.600000 -7.1386577178848831e-04 
75.800000 -7.1067008752796756e-04 
76.000000 -7.0760023214690854e-04 
76.200000 -7.0465158072879897e-04 
76.400000 -7.0181966403529833e-04 
76.600000 -6.9910016393085611e-04 
76.800000 -6.9648890880585207e-04 
77.000000 -6.9398186924785749e-04 
77.200000 -6.9157515366422700e-04 
77.400000 -6.8926500411724267e-04 
77.600000 -6.8704779225712415e-04 
77.800000 -6.8492001530680996e-04 
78.000000 -6.8287829222555413e-04 
78.200000 -6.8091935987467378e-04 
78.400000 -6.7904006935081557e-04 
78.600000 -6.7723738239990061e-04 
78.800000 -6.7550836797741765e-04 
79.000000 -6.7385019874557917e-04 
79.200000 -6.7226014783988014e-04 
79.400000 -6.7073558564359481e-04 
79.600000 -6.6927397664476307e-04 
79.800000 -6.6787287637751214e-04 
80.000000 -6.6652992850590315e-04 
80.200000 -6.6524286189952042e-04 
80.400000 -6.6400948786981412e-04 
80.600000 -6.6282769745208692e-04 
80.800000 -6.6169545873132757e-04 
81.000000 -6.6061081433638896e-04 
81.200000 -6.5957187889108260e-04 
81.400000 -6.5857683665501016e-04 
81.600000 -6.5762393912509320e-04 
81.800000 -6.5671150278993201e-04 
82.000000 -6.5583790694219435e-04 
82.200000 -6.5500159146723858e-04 
82.400000 -6.5420105482864171e-04 
82.600000 -6.5343485202825485e-04 
82.800000 -6.5270159267061950e-04 
83.000000 -6.5199993900871833e-04 
83.200000 -6.5132860418994076e-04 
83.400000 -6.5068635042394435e-04 
83.600000 -6.5007198729399168e-04 
83.800000 -6.4948437003237852e-04 
84.000000 -6.4892239795587975e-04 
84.200000 -6.4838501289291028e-04 
84.400000 -6.4787119763157208e-04 
84.600000 -6.4737997451074641e-04 
84.800000 -6.4691040393221461e-04 
85.000000 -6.4646158304017265e-04 
85.200000 -6.4603264436352559e-04 
85.400000 -6.4562275454763812e-04 
85.600000 -6.4523111308138065e-04 
85.800000 -6.4485695112065367e-04 
86.000000 -6.4449953033628160e-04 
86.200000 -6.4415814174106911e-04 
86.400000 -6.4383210464580981e-04 
86.600000 -6.4352076559787141e-04 
86.800000 -6.4322349735919382e-04 
87.000000 -6.4293969793678685e-04 
87.200000 -6.4266878962605106e-04 
87.400000 -6.4241021808807836e-04 
87.600000 -6.4216345150430038e-04 
87.800000 -6.4192797967253801e-04 
88.000000 -6.4170331322825624e-04 
88.200000 -6.4148898281787825e-04 
88.400000 -6.4128453834702559e-04 
88.600000 -6.4108954825074088e-04 
88.800000 -6.4090359876434883e-04 
89.000000 -6.4072629322682595e-04 
89.200000 -6.4055725145059639e-04 
89.400000 -6.4039610904025740e-04 
89.600000 -6.4024251681644995e-04 
89.800000 -6.4009614019106681e-04 
90.000000 -6.3995665860258621e-04 
90.200000 -6.3982376495830273e-04 
90.400000 -6.3969716512429775e-04 
90.600000 -6.3957657738188817e-04 
90.800000 -6.3946173196257478e-04 
91.000000 -6.3935237054120464e-04 
91.200000 -6.3924824580315759e-04 
91.400000 -6.3914912098902293e-04 
91.600000 -6.3905476949049217e-04 
91.800000 -6.3896497441783690e-04 
92.000000 -6.3887952818650340e-04 
92.200000 -6.3879823221327237e-04 
92.400000 -6.3872089647627056e-04 
92.600000 -6.3864733920027117e-04 
92.800000 -6.3857738650398288e-04 
93.000000 -6.3851087210386320e-04 
93.200000 -6.3844763696271206e-04 
93.400000 -6.3838752900880619e-04 
93.600000 -6.3833040286188220e-04 
93.800000 -6.3827611953673480e-04 
94.000000 -6.3822454618445851e-04 
94.200000 -6.3817555582525165e-04 
94.400000 -6.3812902710980168e-04 
94.600000 -6.3808484410299987e-04 
94.800000 -6.3804289602863856e-04 
95.000000 -6.3800307704271753e-04 
95.200000 -6.3796528607190650e-04 
95.400000 -6.3792942656214213e-04 
95.600000 -6.3789540632376573e-04 
95.800000 -6.3786313731968580e-04 
96.000000 -6.3783253547804869e-04 
96.200000 -6.3780352057769829e-04 
96.400000 -6.3777601601618800e-04 
96.600000 -6.3774994869186113e-04 
96.800000 -6.3772524885215287e-04 
97.000000 -6.3770184992804207e-04 
97.200000 -6.3767968842164124e-04 
97.400000 -6.3765870373323069e-04 
97.600000 -6.3763883810976502e-04 
97.800000 -6.3762003640754211e-04 
98.000000 -6.3760224609424321e-04 
98.200000 -6.3758541704928007e-04 
98.400000 -6.3756950151038633e-04 
98.600000 -6.3755445393690047e-04 
98.800000 -6.3754023092361251e-04 
99.000000 -6.3752679110209987e-04 
99.200000 -6.3751409506281748e-04 
99.400000 -6.3750210525194417e-04 
99.600000 -6.3749078589243890e-04 
99.800000 -6.3748010291288931e-04 
100.000000 -6.3747002384791779e-04 
100.200000 -6.3746051780562418e-04 
100.400000 -6.3745155535761822e-04 
100.600000 -6.3744310848700553e-04 
100.800000 -6.3743515053138466e-04 
101.000000 -6.3742765610540209e-04 
101.200000 -6.3742060108108733e-04 
101.400000 -6.3741396244446774e-04 
101.600000 -6.3740771835731763e-04 
101.800000 -6.3740184802855288e-04 
102.000000 -6.3739633166368104e-04 
102.200000 -6.3739115047180273e-04 
102.400000 -6.3738628656185431e-04 
102.600000 -6.3738172294195566e-04 
102.800000 -6.3737744345077757e-04 
103.000000 -6.3737343272136232e-04 
103.200000 -6.3736967618272661e-04 
103.400000 -6.3736615996225904e-04 
103.600000 -6.3736287089642685e-04 
103.800000 -6.3735979646158125e-04 
104.000000 -6.3735692480707679e-04 
104.200000 -6.3735424464801682e-04 
104.400000 -6.3735174527561334e-04 
104.600000 -6.3734941653109667e-04 
104.800000 -6.3734724878526661e-04 
105.000000 -6.3734523287823502e-04 
105.200000 -6.3734336014584919e-04 
105.400000 -6.3734162233990144e-04 
105.600000 -6.3734001168808119e-04 
105.800000 -6.3733852076802017e-04 
106.000000 -6.3733714257518254e-04 
106.200000 -6.3733587047647144e-04 
106.400000 -6.3733469816092819e-04 
106.600000 -6.3733361967378138e-04 
106.800000 -6.3733262936870039e-04 
107.000000 -6.3733172189520820e-04 
107.200000 -6.3733089218549061e-04 
107.400000 -6.3733013545150957e-04 
107.600000 -6.3732944717928564e-04 
107.800000 -6.3732882304571442e-04 
108.000000 -6.3732825901969409e-04 
108.200000 -6.3732775125679986e-04 
108.400000 -6.3732729614272149e-04 
108.600000 -6.3732689024594696e-04 
108.800000 -6.3732653032720632e-04 
109.000000 -6.3732621334116474e-04 
109.200000 -6.3732593639637125e-04 
109.400000 -6.3732569676538259e-04 
109.600000 -6.3732549189644133e-04 
109.800000 -6.3732531934407310e-04 
110.000000 -6.3732517683920409e-04 
110.200000 -6.3732506221549079e-04 
110.400000 -6.3732497345240363e-04 
110.600000 -6.3732490864478603e-04 
110.800000 -6.3732486597307264e-04 
111.000000 -6.3732484375787768e-04 
111.200000 -6.3732484039469295e-04 
111.400000 -6.3732485439878944e-04 
111.600000 -6.3732488435147561e-04 
111.800000 -6.3732492893189829e-04 
112.000000 -6.3732498690215883e-04 
112.200000 -6.3732505708710696e-04 
112.400000 -6.3732513840506627e-04 
112.600000 -6.3732522981067852e-04 
112.800000 -6.3732533035164296e-04 
113.000000 -6.3732543913590928e-04 
113.200000 -6.3732555532072799e-04 
113.400000 -6.3732567811049246e-04 
113.600000 -6.3732580676629375e-04 
113.800000 -6.3732594060962600e-04 
114.000000 -6.3732607900020971e-04 
114.200000 -6.3732622133766403e-04 
114.400000 -6.3732636705468582e-04 
114.600000 -6.3732651564495091e-04 
114.800000 -6.3732666662659476e-04 
115.000000 -6.3732681954579984e-04 
115.200000 -6.3732697399127708e-04 
115.400000 -6.3732712957627335e-04 
115.600000 -6.3732728594202703e-04 
115.800000 -6.3732744276477626e-04 
116.000000 -6.3732759974157588e-04 
116.200000 -6.3732775659147700e-04 
116.400000 -6.3732791305523562e-04 
116.600000 -6.3732806891107774e-04 
116.800000 -6.3732822391240201e-04 
117.000000 -6.3732837788443852e-04 
117.200000 -6.3732853063844935e-04 
117.400000 -6.3732868202585197e-04 
117.600000 -6.3732883188340889e-04 
117.800000 -6.3732898007809458e-04 
118.000000 -6.3732912650423662e-04 
118.200000 -6.3732927103445081e-04 
118.400000 -6.3732941357924622e-04 
118.600000 -6.3732955405874925e-04 
118.800000 -6.3732969238960296e-04 
119.000000 -6.3732982852670456e-04 
119.200000 -6.3732996239044409e-04 
119.400000 -6.3733009393676654e-04 
119.600000 -6.3733022313812449e-04 
119.800000 -6.3733034995678423e-04 
120.000000 -6.3733047436054929e-04 
120.200000 -6.3733059632833933e-04 
120.400000 -6.3733071586670464e-04 
120.600000 -6.3733083293401882e-04 
120.800000 -6.3733094755576841e-04 
121.000000 -6.3733105970817383e-04 
121.200000 -6.3733116940702800e-04 
121.400000 -6.3733127666722872e-04 
121.600000 -6.3733138148978907e-04 
121.800000 -6.3733148389520655e-04 
122.000000 -6.3733158389723404e-04 
122.200000 -6.3733168151591801e-04 
122.400000 -6.3733177678209491e-04 
122.600000 -6.3733186972213252e-04 
122.800000 -6.3733196034872208e-04 
123.000000 -6.3733204869863280e-04 
123.200000 -6.3733213481207557e-04 
123.400000 -6.3733221869719664e-04 
123.600000 -6.3733230040934064e-04 
123.800000 -6.3733237997282838e-04 
124.000000 -6.3733245742712136e-04 
124.200000 -6.3733253279996127e-04 
124.400000 -6.3733260613352272e-04 
124.600000 -6.3733267747321382e-04 
124.800000 -6.3733274685052327e-04 
125.000000 -6.3733281429158295e-04 
125.200000 -6.3733287984502063e-04 
125.400000 -6.3733294354968717e-04 
125.600000 -6.3733300544870086e-04 
125.800000 -6.3733306555908975e-04 
126.000000 -6.3733312394601005e-04 
126.200000 -6.3733318063359523e-04 
126.400000 -6.3733323565980798e-04 
126.600000 -6.3733328906763476e-04 
126.800000 -6.3733334088936222e-04 
127.000000 -6.3733339117252180e-04 
127.200000 -6.3733343994136493e-04 
127.400000 -6.3733348724101524e-04 
127.600000 -6.3733353310593821e-04 
127.800000 -6.3733357756594333e-04 
128.000000 -6.3733362066639709e-04 
128.200000 -6.3733366243790002e-04 
128.400000 -6.3733370290718766e-04 
128.600000 -6.3733374212178451e-04 
128.800000 -6.3733378010524117e-04 
129.000000 -6.3733381689421581e-04 
129.200000 -6.3733385251697749e-04 
129.400000 -6.3733388701385507e-04 
129.600000 -6.3733392040177944e-04 
129.800000 -6.3733395272568688e-04 
130.000000 -6.3733398400494384e-04 
130.200000 -6.3733401428038572e-04 
130.400000 -6.3733404356592499e-04 
130.600000 -6.3733407189546509e-04 
130.800000 -6.3733409930116780e-04 
131.000000 -6.3733412580373877e-04 
131.200000 -6.3733415143993333e-04 
131.400000 -6.3733417621163885e-04 
131.600000 -6.3733420017299952e-04 
131.800000 -6.3733422333275835e-04 
132.000000 -6.3733424571933012e-04 
132.200000 -6.3733426735102655e-04 
132.400000 -6.3733428824979538e-04 
132.600000 -6.3733430844162275e-04 
132.800000 -6.3733432795436140e-04 
133.000000 -6.3733434680004336e-04 
133.200000 -6.3733436499578688e-04 
133.400000 -6.3733438257674441e-04 
133.600000 -6.3733439955567656e-04 
133.800000 -6.3733441593522705e-04 
134.000000 -6.3733443175827825e-04 
134.200000 -6.3733444703061026e-04 
134.400000 -6.3733446176805070e-04 
134.600000 -6.3733447599562121e-04 
134.800000 -6.3733448971063644e-04 
135.000000 -6.3733450295724164e-04 
135.200000 -6.3733451573193961e-04 
135.400000 -6.3733452805646990e-04 
135.600000 -6.3733453994799238e-04 
135.800000 -6.3733455141402884e-04 
136.000000 -6.3733456247819925e-04 
136.200000 -6.3733457313162184e-04 
136.400000 -6.3733458341694305e-04 
136.600000 -6.3733459332041692e-04 
136.800000 -6.3733460287729304e-04 
137.000000 -6.3733461207661490e-04 
137.200000 -6.3733462095492965e-04 
137.400000 -6.3733462950148201e-04 
137.600000 -6.3733463774521409e-04 
137.800000 -6.3733464568308668e-04 
138.000000 -6.3733465332781875e-04 
138.200000 -6.3733466069373218e-04 
138.400000 -6.3733466778605197e-04 
138.600000 -6.3733467461860732e-04 
138.800000 -6.3733468120065473e-04 
139.000000 -6.3733468753223582e-04 
139.200000 -6.3733469363357054e-04 
139.400000 -6.3733469949608934e-04 
139.600000 -6.3733470514567431e-04 
139.800000 -6.3733471058796676e-04 
140.000000 -6.3733471581851192e-04 
140.200000 -6.3733472085258230e-04 
140.400000 -6.3733472569298816e-04 
140.600000 -6.3733473035422483e-04 
140.800000 -6.3733473483301717e-04 
141.000000 -6.3733473913901023e-04 
141.200000 -6.3733474328497158e-04 
141.400000 -6.3733474727032530e-04 
141.600000 -6.3733475110001880e-04 
141.800000 -6.3733475477192186e-04 
142.000000 -6.3733475830980713e-04 
142.200000 -6.3733476171278641e-04 
142.400000 -6.3733476496859176e-04 
142.600000 -6.3733476810171746e-04 
142.800000 -6.3733477110782671e-04 
143.000000 -6.3733477399871563e-04 
143.200000 -6.3733477677373890e-04 
143.400000 -6.3733477943415939e-04 
143.600000 -6.3733478198269716e-04 
143.800000 -6.3733478443549901e-04 
144.000000 -6.3733478678622280e-04 
144.200000 -6.3733478902757573e-04 
144.400000 -6.3733479118290026e-04 
144.600000 -6.3733479325318171e-04 
144.800000 -6.3733479523606085e-04 
145.000000 -6.3733479712291957e-04 
145.200000 -6.3733479893567091e-04 
145.400000 -6.3733480066487797e-04 
145.600000 -6.3733480232222584e-04 
145.800000 -6.3733480389847885e-04 
146.000000 -6.3733480541296877e-04 
146.200000 -6.3733480685669586e-04 
146.400000 -6.3733480824092886e-04 
146.600000 -6.3733480955138061e-04 
146.800000 -6.3733481081398868e-04 
147.000000 -6.3733481200153874e-04 
147.200000 -6.3733481312139989e-04 
147.400000 -6.3733481418559723e-04 
147.600000 -6.3733481519168828e-04 
147.800000 -6.3733481613226228e-04 
148.000000 -6.3733481702537426e-04 
148.200000 -6.3733481788798979e-04 
148.400000 -6.3733481874416603e-04 
148.600000 -6.3733481954664911e-04 
148.800000 -6.3733482026144539e-04 
149.000000 -6.3733482091606758e-04 
149.200000 -6.3733482150051673e-04 
149.400000 -6.3733482204764852e-04 
149.600000 -6.3733482254289819e-04 
149.800000 -6.3733482299879046e-04 
