0.000000 1.2657440029514322e-01 
0.200000 1.2655579505640346e-01 
0.400000 1.2654050255110427e-01 
0.600000 1.2652857997224554e-01 
0.800000 1.2652003256027355e-01 
1.000000 1.2651479938052190e-01 
1.200000 1.2651274064469653e-01 
1.400000 1.2651362644304054e-01 
1.600000 1.2651712676212656e-01 
1.800000 1.2652220985154661e-01 
2.000000 1.2652763343331797e-01 
2.200000 1.2653023572412259e-01 
2.400000 1.2652972736754720e-01 
2.600000 1.2652617894127127e-01 
2.800000 1.2651989808629205e-01 
3.000000 1.2651133424773842e-01 
3.200000 1.2650101031861061e-01 
3.400000 1.2648915436393871e-01 
3.600000 1.2646788959560906e-01 
3.800000 1.2644702094811466e-01 
4.000000 1.2642652307966995e-01 
4.200000 1.2640632334426749e-01 
4.400000 1.2638611583940906e-01 
4.600000 1.2636546457707376e-01 
4.800000 1.2634389338743235e-01 
5.000000 1.2632088209899528e-01 
5.200000 1.2629588162224292e-01 
5.400000 1.2626851043859466e-01 
5.600000 1.2623861824607885e-01 
5.800000 1.2620618198091460e-01 
6.000000 1.2617124506597632e-01 
6.200000 1.2613389235631944e-01 
6.400000 1.2609422404269299e-01 
6.600000 1.2605233238745728e-01 
6.800000 1.2600830263890173e-01 
7.000000 1.2596214007172468e-01 
7.200000 1.2591377003140958e-01 
7.400000 1.2586308550983283e-01 
7.600000 1.2580996723519844e-01 
7.800000 1.2575429136165273e-01 
8.000000 1.2569593654840683e-01 
8.200000 1.2563478927179983e-01 
8.400000 1.2557074673265545e-01 
8.600000 1.2550371998346843e-01 
8.800000 1.2543363173401545e-01 
9.000000 1.2536040913438529e-01 
9.200000 1.2528397752925668e-01 
9.400000 1.2520425622732634e-01 
9.600000 1.2512115608686092e-01 
9.800000 1.2503457537291995e-01 
10.000000 1.2494439415496328e-01 
10.200000 1.2485048443577340e-01 
10.400000 1.2475271397728260e-01 
10.600000 1.2465095075565880e-01 
10.800000 1.2454505373130431e-01 
11.000000 1.2443487169640877e-01 
11.200000 1.2432024448713330e-01 
11.400000 1.2420100334929596e-01 
11.600000 1.2407697059023548e-01 
11.800000 1.2394795896362454e-01 
12.000000 1.2381377089853429e-01 
12.200000 1.2367419744996255e-01 
12.400000 1.2352901700275742e-01 
12.600000 1.2337799375587577e-01 
12.800000 1.2322087622971645e-01 
13.000000 1.2305739589070630e-01 
13.200000 1.2288726588081011e-01 
13.400000 1.2271017970734444e-01 
13.600000 1.2252580985882233e-01 
13.800000 1.2233380649839043e-01 
14.000000 1.2213379612809938e-01 
14.200000 1.2192538018244425e-01 
14.400000 1.2170813348796294e-01 
14.600000 1.2148160256377694e-01 
14.800000 1.2124530376767173e-01 
15.000000 1.2099872130783285e-01 
15.200000 1.2074130513134429e-01 
15.400000 1.2047246869025985e-01 
15.600000 1.2019158659584828e-01 
15.800000 1.1989799216607899e-01 
16.000000 1.1959097486936165e-01 
16.200000 1.1926977767221392e-01 
16.400000 1.1893359428511840e-01 
16.600000 1.1858156630074357e-01 
16.800000 1.1821278022383241e-01 
17.000000 1.1782626440147836e-01 
17.200000 1.1742098586422722e-01 
17.400000 1.1699584709550048e-01 
17.600000 1.1654968276881383e-01 
17.800000 1.1608125649048739e-01 
18.000000 1.1558925760637073e-01 
18.200000 1.1507229814366104e-01 
18.400000 1.1452890997149645e-01 
18.600000 1.1395754227969324e-01 
18.800000 1.1335655948738488e-01 
19.000000 1.1272423970920364e-01 
19.200000 1.1205877392153485e-01 
19.400000 1.1135826598133813e-01 
19.600000 1.1062073366403491e-01 
19.800000 1.0984411089476553e-01 
20.000000 1.0902625135380750e-01 
20.200000 1.0816493363880908e-01 
20.400000 1.0725786816456695e-01 
20.600000 1.0630270597397795e-01 
20.800000 1.0529704962069364e-01 
21.000000 1.0423846626656430e-01 
21.200000 1.0312450311420540e-01 
21.400000 1.0195270526693989e-01 
21.600000 1.0072063607574566e-01 
21.800000 9.9425899996030465e-02 
22.000000 9.8066167936225135e-02 
22.200000 9.6639205035015663e-02 
22.400000 9.5142900754000559e-02 
22.600000 9.3575301117585163e-02 
22.800000 9.1934642870327377e-02 
23.000000 9.0219389253808124e-02 
23.200000 8.8428267030144170e-02 
23.400000 8.6560304297000012e-02 
23.600000 8.4614868552141953e-02 
23.800000 8.2591704375394870e-02 
24.000000 8.0490970007146445e-02 
24.200000 7.8313272020201108e-02 
24.400000 7.6059697211205868e-02 
24.600000 7.3731840786717795e-02 
24.800000 7.1331829893156784e-02 
25.000000 6.8862341545693928e-02 
25.200000 6.6326614053781041e-02 
25.400000 6.3728451123104657e-02 
25.600000 6.1072217936590456e-02 
25.800000 5.8362828679443646e-02 
26.000000 5.5605725170151943e-02 
26.200000 5.2806846485544567e-02 
26.400000 4.9972589714263438e-02 
26.600000 4.7109762229365804e-02 
26.800000 4.4225526126071113e-02 
27.000000 4.1327335713744029e-02 
27.200000 3.8422869170144036e-02 
27.400000 3.5519955651375001e-02 
27.600000 3.2626499293739508e-02 
27.800000 2.9750401637511081e-02 
28.000000 2.6899484043782507e-02 
28.200000 2.4081411662459584e-02 
28.400000 2.1303620444405591e-02 
28.600000 1.8573248576987611e-02 
28.800000 1.5897073567847086e-02 
29.000000 1.3281456013174431e-02 
29.200000 1.0732290875145489e-02 
29.400000 8.2549668673765897e-03 
29.600000 5.8543343179512375e-03 
29.800000 3.5346816546090176e-03 
30.000000 1.2997204454064937e-03 
30.200000 -8.4742126429493414e-04 
30.400000 -2.9041977461625734e-03 
30.600000 -4.8686370832479176e-03 
30.800000 -6.7393260459865933e-03 
31.000000 -8.5153891151119598e-03 
31.200000 -1.0196462472396139e-02 
31.400000 -1.1782663809291161e-02 
31.600000 -1.3274558808467507e-02 
31.800000 -1.4673125136474008e-02 
32.000000 -1.5979714750372187e-02 
32.200000 -1.7196015270383391e-02 
32.400000 -1.8324011107085147e-02 
32.600000 -1.9365944959558457e-02 
32.800000 -2.0324280222140612e-02 
33.000000 -2.1201664755908789e-02 
33.200000 -2.2000896399072101e-02 
33.400000 -2.2724890510111062e-02 
33.600000 -2.3376649761626012e-02 
33.800000 -2.3959236332153133e-02 
34.000000 -2.4475746579518454e-02 
34.200000 -2.4929288222926838e-02 
34.400000 -2.5322960012855500e-02 
34.600000 -2.5659833827259559e-02 
34.800000 -2.5942939100249474e-02 
35.000000 -2.6175249463833983e-02 
35.200000 -2.6359671465023715e-02 
35.400000 -2.6499035207885879e-02 
35.600000 -2.6596086762750271e-02 
35.800000 -2.6653482182196764e-02 
36.000000 -2.6673782963952508e-02 
36.200000 -2.6659452805147255e-02 
36.400000 -2.6612855498297949e-02 
36.600000 -2.6536253827385003e-02 
36.800000 -2.6431809331809553e-02 
37.000000 -2.6301582815368429e-02 
37.200000 -2.6147535488302676e-02 
37.400000 -2.5971530640112372e-02 
37.600000 -2.5775335751235862e-02 
37.800000 -2.5560624961379896e-02 
38.000000 -2.5328981821137186e-02 
38.200000 -2.5081902262518774e-02 
38.400000 -2.4820797731611721e-02 
38.600000 -2.4546998433911504e-02 
38.800000 -2.4261756649753552e-02 
39.000000 -2.3966250082954721e-02 
39.200000 -2.3661585211393554e-02 
39.400000 -2.3348800613083476e-02 
39.600000 -2.3028870245639488e-02 
39.800000 -2.2702706661012539e-02 
40.000000 -2.2371164140521482e-02 
40.200000 -2.2035041738729055e-02 
40.400000 -2.1695086226800608e-02 
40.600000 -2.1351994928909379e-02 
40.800000 -2.1006418446642694e-02 
41.000000 -2.0658963268871622e-02 
41.200000 -2.0310194265236392e-02 
41.400000 -1.9960637063323183e-02 
41.600000 -1.9610780310376941e-02 
41.800000 -1.9261077821276007e-02 
42.000000 -1.8911950615378315e-02 
42.200000 -1.8563788845230855e-02 
42.400000 -1.8216953620768472e-02 
42.600000 -1.7871778732860111e-02 
42.800000 -1.7528572280258281e-02 
43.000000 -1.7187618204313387e-02 
43.200000 -1.6849177735711429e-02 
43.400000 -1.6513490757652127e-02 
43.600000 -1.6180777089779969e-02 
43.800000 -1.5851237697174170e-02 
44.000000 -1.5525055828442519e-02 
44.200000 -1.5202398087062030e-02 
44.400000 -1.4883415439827463e-02 
44.600000 -1.4568244166036165e-02 
44.800000 -1.4257006751083739e-02 
45.000000 -1.3949812727748312e-02 
45.200000 -1.3646759468377373e-02 
45.400000 -1.3347932931063761e-02 
45.600000 -1.3053408362537267e-02 
45.800000 -1.2763250960556499e-02 
46.000000 -1.2477516498231367e-02 
46.200000 -1.2196251912669487e-02 
46.400000 -1.1919495860182816e-02 
46.600000 -1.1647279240042580e-02 
46.800000 -1.1379625688670653e-02 
47.000000 -1.1116552046259415e-02 
47.200000 -1.0858068797287818e-02 
47.400000 -1.0604180486540077e-02 
47.600000 -1.0354886112215911e-02 
47.800000 -1.0110179497294008e-02 
48.000000 -9.8700496405580151e-03 
48.200000 -9.6344810484348398e-03 
48.400000 -9.4034540486793161e-03 
48.600000 -9.1769450870056446e-03 
48.800000 -8.9549270076375864e-03 
49.000000 -8.7373693185671952e-03 
49.200000 -8.5242384424812356e-03 
49.400000 -8.3154979540677604e-03 
49.600000 -8.1111088044663188e-03 
49.800000 -7.9110295334976627e-03 
50.000000 -7.7152164704083481e-03 
50.200000 -7.5236239236572550e-03 
50.400000 -7.3362043603391880e-03 
50.600000 -7.1529085757659899e-03 
50.800000 -6.9736858537478436e-03 
51.000000 -6.7984841180066535e-03 
51.200000 -6.6272500751840269e-03 
51.400000 -6.4599293498942972e-03 
51.600000 -6.2964666121724105e-03 
51.800000 -6.1368056976883884e-03 
52.000000 -5.9808897212166312e-03 
52.200000 -5.8286611834735408e-03 
52.400000 -5.6800620718641254e-03 
52.600000 -5.5350339553317807e-03 
52.800000 -5.3935180735507210e-03 
53.000000 -5.2554554209136295e-03 
53.200000 -5.1207868253731331e-03 
53.400000 -4.9894530225497447e-03 
53.600000 -4.8613947251940071e-03 
53.800000 -4.7365526883836051e-03 
54.000000 -4.6148677705554891e-03 
54.200000 -4.4962809905936957e-03 
54.400000 -4.3807335812460213e-03 
54.600000 -4.2681670388949877e-03 
54.800000 -4.1585231701224412e-03 
55.000000 -4.0517441348820876e-03 
55.200000 -3.9477724867743730e-03 
55.400000 -3.8465512103754707e-03 
55.600000 -3.7480237558257246e-03 
55.800000 -3.6521340708364214e-03 
56.000000 -3.5588266301960214e-03 
56.200000 -3.4680464629562036e-03 
56.400000 -3.3797391773890545e-03 
56.600000 -3.2938509838382410e-03 
56.800000 -3.2103287155224938e-03 
57.000000 -3.1291198475301499e-03 
57.200000 -3.0501725139199520e-03 
57.400000 -2.9734355232131846e-03 
57.600000 -2.8988583721713673e-03 
57.800000 -2.8263912581702466e-03 
58.000000 -2.7559850899727262e-03 
58.200000 -2.6875914972758486e-03 
58.400000 -2.6211628389228164e-03 
58.600000 -2.5566522098096969e-03 
58.800000 -2.4940134467614575e-03 
59.000000 -2.4332011332104872e-03 
59.200000 -2.3741706029482626e-03 
59.400000 -2.3168779427760536e-03 
59.600000 -2.2612799943680997e-03 
59.800000 -2.2073343551689759e-03 
60.000000 -2.1549993785209415e-03 
60.200000 -2.1042341730430070e-03 
60.400000 -2.0549986012322399e-03 
60.600000 -2.0072532774276647e-03 
60.800000 -1.9609595651349093e-03 
61.000000 -1.9160795737177688e-03 
61.200000 -1.8725761545840131e-03 
61.400000 -1.8304128967730274e-03 
61.600000 -1.7895541221554165e-03 
61.800000 -1.7499648800512815e-03 
62.000000 -1.7116109415015734e-03 
62.200000 -1.6744587931372470e-03 
62.400000 -1.6384756306281334e-03 
62.600000 -1.6036293518493436e-03 
62.800000 -1.5698885496622586e-03 
63.000000 -1.5372225044793103e-03 
63.200000 -1.5056011764964725e-03 
63.400000 -1.4749951976651479e-03 
63.600000 -1.4453758635291220e-03 
63.800000 -1.4167151247413065e-03 
64.000000 -1.3889855784464042e-03 
64.200000 -1.3621604595361880e-03 
64.400000 -1.3362136316386122e-03 
64.600000 -1.3111195780956889e-03 
64.800000 -1.2868533927291523e-03 
65.000000 -1.2633907705518754e-03 
65.200000 -1.2407079983792341e-03 
65.400000 -1.2187819453381432e-03 
65.600000 -1.1975900533573031e-03 
65.800000 -1.1771103275856065e-03 
66.000000 -1.1573213267440860e-03 
66.200000 -1.1382021535234765e-03 
66.400000 -1.1197324448749893e-03 
66.600000 -1.1018923623784885e-03 
66.800000 -1.0846625825561979e-03 
67.000000 -1.0680242872261742e-03 
67.200000 -1.0519591538957762e-03 
67.400000 -1.0364493461303484e-03 
67.600000 -1.0214775040160579e-03 
67.800000 -1.0070267346615480e-03 
68.000000 -9.9308060269395065e-04 
68.200000 -9.7962312089291265e-04 
68.400000 -9.6663874088191715e-04 
68.600000 -9.5411234380031462e-04 
68.800000 -9.4202923117349402e-04 
69.000000 -9.3037511579655008e-04 
69.200000 -9.1913611273476692e-04 
69.400000 -9.0829873036354231e-04 
69.600000 -8.9784986159892333e-04 
69.800000 -8.8777677514061126e-04 
70.000000 -8.7806710682768879e-04 
70.200000 -8.6870885118153079e-04 
70.400000 -8.5969035296510482e-04 
70.600000 -8.5100029889407375e-04 
70.800000 -8.4262770944606297e-04 
71.000000 -8.3456193084465585e-04 
71.200000 -8.2679262708504342e-04 
71.400000 -8.1930977210263600e-04 
71.600000 -8.1210364211416891e-04 
71.800000 -8.0516480801148815e-04 
72.000000 -7.9848412792786483e-04 
72.200000 -7.9205273990685249e-04 
72.400000 -7.8586205470931175e-04 
72.600000 -7.7990374873269236e-04 
72.800000 -7.7416975709929114e-04 
73.000000 -7.6865226679801585e-04 
73.200000 -7.6334371002090978e-04 
73.400000 -7.5823675761750586e-04 
73.600000 -7.5332431261661975e-04 
73.800000 -7.4859950398689645e-04 
74.000000 -7.4405568038415221e-04 
74.200000 -7.3968640415385950e-04 
74.400000 -7.3548544539242533e-04 
74.600000 -7.3144677611639008e-04 
74.800000 -7.2756456463402008e-04 
75.000000 -7.2383316992708641e-04 
75.200000 -7.2024713627450582e-04 
75.400000 -7.1680118790483360e-04 
75.600000 -7.1349022384117888e-04 
75.800000 -7.1030931275917891e-04 
76.000000 -7.0725368808376848e-04 
76.200000 -7.0431874313239828e-04 
76.400000 -7.0150002639251391e-04 
76.600000 -6.9879323688162853e-04 
76.800000 -6.9619421966848893e-04 
77.000000 -6.9369896147065263e-04 
77.200000 -6.9130358635822314e-04 
77.400000 -6.8900435159288675e-04 
77.600000 -6.8679764354064726e-04 
77.800000 -6.8467997369409811e-04 
78.000000 -6.8264797482400080e-04 
78.200000 -6.8069839717331548e-04 
78.400000 -6.7882810483220479e-04 
78.600000 -6.7703407211371774e-04 
78.800000 -6.7531338009910874e-04 
79.000000 -6.7366321325470352e-04 
79.200000 -6.7208085611675933e-04 
79.400000 -6.7056369009129563e-04 
79.600000 -6.6910919035180483e-04 
79.800000 -6.6771492275408822e-04 
80.000000 -6.6637854096691929e-04 
80.200000 -6.6509778351663690e-04 
80.400000 -6.6387047108143471e-04 
80.600000 -6.6269450370283478e-04 
80.800000 -6.6156785822578390e-04 
81.000000 -6.6048858571556707e-04 
81.200000 -6.5945480897908887e-04 
81.400000 -6.5846472014739754e-04 
81.600000 -6.5751657834492439e-04 
81.800000 -6.5660870743582123e-04 
82.000000 -6.5573949379818530e-04 
82.200000 -6.5490738421397632e-04 
82.400000 -6.5411088375984250e-04 
82.600000 -6.5334855386554175e-04 
82.800000 -6.5261901027940938e-04 
83.000000 -6.5192092125847950e-04 
83.200000 -6.5125300570222089e-04 
83.400000 -6.5061403135611290e-04 
83.600000 -6.5000281318604303e-04 
83.800000 -6.4941821158281260e-04 
84.000000 -6.4885913085225427e-04 
84.200000 -6.4832451763908311e-04 
84.400000 -6.4781335936871243e-04 
84.600000 -6.4732468284221106e-04 
84.800000 -6.4685755278216100e-04 
85.000000 -6.4641107047722773e-04 
85.200000 -6.4598437246451978e-04 
85.400000 -6.4557662924944609e-04 
85.600000 -6.4518704403276894e-04 
85.800000 -6.4481485155679780e-04 
86.000000 -6.4445931693171005e-04 
86.200000 -6.4411973449030741e-04 
86.400000 -6.4379542676813034e-04 
86.600000 -6.4348574335237191e-04 
86.800000 -6.4319005999258910e-04 
87.000000 -6.4290777753493733e-04 
87.200000 -6.4263832103089724e-04 
87.400000 -6.4238113878092862e-04 
87.600000 -6.4213570150190719e-04 
87.800000 -6.4190150143976499e-04 
88.000000 -6.4167805158434760e-04 
88.200000 -6.4146488484298492e-04 
88.400000 -6.4126155329813361e-04 
88.600000 -6.4106762747944551e-04 
88.800000 -6.4088269561442951e-04 
89.000000 -6.4070636299837225e-04 
89.200000 -6.4053825128580766e-04 
89.400000 -6.4037799787607097e-04 
89.600000 -6.4022525530442465e-04 
89.800000 -6.4007969061521258e-04 
90.000000 -6.3994098484487089e-04 
90.200000 -6.3980883242020087e-04 
90.400000 -6.3968294066957948e-04 
90.600000 -6.3956302927822839e-04 
90.800000 -6.3944882981433609e-04 
91.000000 -6.3934008525349389e-04 
91.200000 -6.3923654952016684e-04 
91.400000 -6.3913798704477720e-04 
91.600000 -6.3904417236695932e-04 
91.800000 -6.3895488967995184e-04 
92.000000 -6.3886993247713741e-04 
92.200000 -6.3878910316576137e-04 
92.400000 -6.3871221270173778e-04 
92.600000 -6.3863908022094434e-04 
92.800000 -6.3856953276531653e-04 
93.000000 -6.3850340487668633e-04 
93.200000 -6.3844053834326286e-04 
93.400000 -6.3838078189736719e-04 
93.600000 -6.3832399088200459e-04 
93.800000 -6.3827002705400815e-04 
94.000000 -6.3821875824204150e-04 
94.200000 -6.3817005814320593e-04 
94.400000 -6.3812380603817803e-04 
94.600000 -6.3807988658879516e-04 
94.800000 -6.3803818961530312e-04 
95.000000 -6.3799860982102080e-04 
95.200000 -6.3796104668135956e-04 
95.400000 -6.3792540414220333e-04 
95.600000 -6.3789159049366939e-04 
95.800000 -6.3785951817810216e-04 
96.000000 -6.3782910358901185e-04 
96.200000 -6.3780026689813640e-04 
96.400000 -6.3777293194543228e-04 
96.600000 -6.3774702600866845e-04 
96.800000 -6.3772247971519147e-04 
97.000000 -6.3769922684907276e-04 
97.200000 -6.3767720426903540e-04 
97.400000 -6.3765635170074525e-04 
97.600000 -6.3763661168519253e-04 
97.800000 -6.3761792941093021e-04 
98.000000 -6.3760025261543063e-04 
98.200000 -6.3758353146187163e-04 
98.400000 -6.3756771843585802e-04 
98.600000 -6.3755276826844148e-04 
98.800000 -6.3753863777975261e-04 
99.000000 -6.3752528583856105e-04 
99.200000 -6.3751267324473060e-04 
99.400000 -6.3750076265849109e-04 
99.600000 -6.3748951851939212e-04 
99.800000 -6.3747890691595588e-04 
100.000000 -6.3746889559239406e-04 
100.200000 -6.3745945381737251e-04 
100.400000 -6.3745055233060260e-04 
100.600000 -6.3744216327721315e-04 
100.800000 -6.3743426014665344e-04 
101.000000 -6.3742681769751036e-04 
101.200000 -6.3741981193637942e-04 
101.400000 -6.3741321998243144e-04 
101.600000 -6.3740702013091038e-04 
101.800000 -6.3740119168405329e-04 
102.000000 -6.3739571499242531e-04 
102.200000 -6.3739057136223687e-04 
102.400000 -6.3738574300847839e-04 
102.600000 -6.3738121303646283e-04 
102.800000 -6.3737696536846772e-04 
103.000000 -6.3737298476193582e-04 
103.200000 -6.3736925669320016e-04 
103.400000 -6.3736576739636258e-04 
103.600000 -6.3736250376601744e-04 
103.800000 -6.3735945337499433e-04 
104.000000 -6.3735660443185738e-04 
104.200000 -6.3735394571328569e-04 
104.400000 -6.3735146657462050e-04 
104.600000 -6.3734915693280242e-04 
104.800000 -6.3734700720309567e-04 
105.000000 -6.3734500829057406e-04 
105.200000 -6.3734315157647214e-04 
105.400000 -6.3734142887435230e-04 
105.600000 -6.3733983244469716e-04 
105.800000 -6.3733835492336965e-04 
106.000000 -6.3733698933845367e-04 
106.200000 -6.3733572910167069e-04 
106.400000 -6.3733456794567295e-04 
106.600000 -6.3733349995431093e-04 
106.800000 -6.3733251949778941e-04 
107.000000 -6.3733162128148946e-04 
107.200000 -6.3733080026646960e-04 
107.400000 -6.3733005168731954e-04 
107.600000 -6.3732937104342413e-04 
107.800000 -6.3732875408556433e-04 
108.000000 -6.3732819677402713e-04 
108.200000 -6.3732769529884631e-04 
108.400000 -6.3732724605313623e-04 
108.600000 -6.3732684564784398e-04 
108.800000 -6.3732649086148396e-04 
109.000000 -6.3732617865912972e-04 
109.200000 -6.3732590618092999e-04 
109.400000 -6.3732567071095314e-04 
109.600000 -6.3732546971307508e-04 
109.800000 -6.3732530076618388e-04 
110.000000 -6.3732516160636132e-04 
110.200000 -6.3732505009166801e-04 
110.400000 -6.3732496420379481e-04 
110.600000 -6.3732490205273967e-04 
110.800000 -6.3732486184577691e-04 
111.000000 -6.3732484189914229e-04 
111.200000 -6.3732484064178696e-04 
111.400000 -6.3732485656878279e-04 
111.600000 -6.3732488829586903e-04 
111.800000 -6.3732493449622507e-04 
112.000000 -6.3732499395323383e-04 
112.200000 -6.3732506548533352e-04 
112.400000 -6.3732514802853496e-04 
112.600000 -6.3732524054684742e-04 
112.800000 -6.3732534210059200e-04 
113.000000 -6.3732545180616301e-04 
113.200000 -6.3732556879286806e-04 
113.400000 -6.3732569230908614e-04 
113.600000 -6.3732582161889900e-04 
113.800000 -6.3732595603035319e-04 
114.000000 -6.3732609491375103e-04 
114.200000 -6.3732623767540769e-04 
114.400000 -6.3732638375810224e-04 
114.600000 -6.3732653265802935e-04 
114.800000 -6.3732668389387959e-04 
115.000000 -6.3732683701712284e-04 
115.200000 -6.3732699162652451e-04 
115.400000 -6.3732714732914197e-04 
115.600000 -6.3732730376894753e-04 
115.800000 -6.3732746064155965e-04 
116.000000 -6.3732761761983031e-04 
116.200000 -6.3732777444592409e-04 
116.400000 -6.3732793085918837e-04 
116.600000 -6.3732808662658041e-04 
116.800000 -6.3732824152929607e-04 
117.000000 -6.3732839537056218e-04 
117.200000 -6.3732854800606364e-04 
117.400000 -6.3732869921494240e-04 
117.600000 -6.3732884889160929e-04 
117.800000 -6.3732899690110284e-04 
118.000000 -6.3732914310830197e-04 
118.200000 -6.3732928742509659e-04 
118.400000 -6.3732942973854234e-04 
118.600000 -6.3732956998418383e-04 
118.800000 -6.3732970806890804e-04 
119.000000 -6.3732984394507253e-04 
119.200000 -6.3732997755094195e-04 
119.400000 -6.3733010884345354e-04 
119.600000 -6.3733023777477749e-04 
119.800000 -6.3733036431704720e-04 
120.000000 -6.3733048844238915e-04 
120.200000 -6.3733061014237258e-04 
120.400000 -6.3733072938845087e-04 
120.600000 -6.3733084618328162e-04 
120.800000 -6.3733096051361154e-04 
121.000000 -6.3733107238703179e-04 
121.200000 -6.3733118181253517e-04 
121.400000 -6.3733128879077394e-04 
121.600000 -6.3733139333735367e-04 
121.800000 -6.3733149547088447e-04 
122.000000 -6.3733159520666660e-04 
122.200000 -6.3733169255637823e-04 
122.400000 -6.3733178754585978e-04 
122.600000 -6.3733188021858345e-04 
122.800000 -6.3733197058324365e-04 
123.000000 -6.3733205868003046e-04 
123.200000 -6.3733214453128711e-04 
123.400000 -6.3733222817343588e-04 
123.600000 -6.3733230963416987e-04 
123.800000 -6.3733238896211686e-04 
124.000000 -6.3733246617385386e-04 
124.200000 -6.3733254131381756e-04 
124.400000 -6.3733261441827754e-04 
124.600000 -6.3733268552723654e-04 
124.800000 -6.3733275467351552e-04 
125.000000 -6.3733282189917806e-04 
125.200000 -6.3733288724072273e-04 
125.400000 -6.3733295073790941e-04 
125.600000 -6.3733301242491214e-04 
125.800000 -6.3733307234459247e-04 
126.000000 -6.3733313053423307e-04 
126.200000 -6.3733318702473285e-04 
126.400000 -6.3733324186473345e-04 
126.600000 -6.3733329509504943e-04 
126.800000 -6.3733334673394398e-04 
127.000000 -6.3733339683931522e-04 
127.200000 -6.3733344543997345e-04 
127.400000 -6.3733349257427685e-04 
127.600000 -6.3733353828004935e-04 
127.800000 -6.3733358258186157e-04 
128.000000 -6.3733362553085315e-04 
128.200000 -6.3733366714443379e-04 
128.400000 -6.3733370747205004e-04 
128.600000 -6.3733374653917457e-04 
128.800000 -6.3733378438240312e-04 
129.000000 -6.3733382103611791e-04 
129.200000 -6.3733385653213376e-04 
129.400000 -6.3733389089740827e-04 
129.600000 -6.3733392416858575e-04 
129.800000 -6.3733395637005641e-04 
130.000000 -6.3733398752578718e-04 
130.200000 -6.3733401768367726e-04 
130.400000 -6.3733404686492495e-04 
130.600000 -6.3733407508904938e-04 
130.800000 -6.3733410238769189e-04 
131.000000 -6.3733412879363183e-04 
131.200000 -6.3733415432429275e-04 
131.400000 -6.3733417901001149e-04 
131.600000 -6.3733420287055004e-04 
131.800000 -6.3733422593580114e-04 
132.000000 -6.3733424823932128e-04 
132.200000 -6.3733426978256069e-04 
132.400000 -6.3733429060582741e-04 
132.600000 -6.3733431071764934e-04 
132.800000 -6.3733433015031316e-04 
133.000000 -6.3733434892633556e-04 
133.200000 -6.3733436705286362e-04 
133.400000 -6.3733438455786107e-04 
133.600000 -6.3733440146225562e-04 
133.800000 -6.3733441777951566e-04 
134.000000 -6.3733443353510000e-04 
134.200000 -6.3733444873944473e-04 
134.400000 -6.3733446342106870e-04 
134.600000 -6.3733447759109496e-04 
134.800000 -6.3733449126256170e-04 
135.000000 -6.3733450444948547e-04 
135.200000 -6.3733451716926209e-04 
135.400000 -6.3733452944640667e-04 
135.600000 -6.3733454127856692e-04 
135.800000 -6.3733455270436473e-04 
136.000000 -6.3733456371284358e-04 
136.200000 -6.3733457432838675e-04 
136.400000 -6.3733458456667613e-04 
136.600000 -6.3733459443953561e-04 
136.800000 -6.3733460394874153e-04 
137.000000 -6.3733461311851064e-04 
137.200000 -6.3733462194943968e-04 
137.400000 -6.3733463046497518e-04 
137.600000 -6.3733463866998130e-04 
137.800000 -6.3733464657766969e-04 
138.000000 -6.3733465418585461e-04 
138.200000 -6.3733466152379736e-04 
138.400000 -6.3733466859094978e-04 
138.600000 -6.3733467539098948e-04 
138.800000 -6.3733468194010490e-04 
139.000000 -6.3733468824791334e-04 
139.200000 -6.3733469431122985e-04 
139.400000 -6.3733470016606730e-04 
139.600000 -6.3733470578391377e-04 
139.800000 -6.3733471119388485e-04 
140.000000 -6.3733471641169714e-04 
140.200000 -6.3733472142090547e-04 
140.400000 -6.3733472623720561e-04 
140.600000 -6.3733473087700110e-04 
140.800000 -6.3733473534033358e-04 
141.000000 -6.3733473963271947e-04 
141.200000 -6.3733474375021748e-04 
141.400000 -6.3733474771521248e-04 
141.600000 -6.3733475152485258e-04 
141.800000 -6.3733475519068411e-04 
142.000000 -6.3733475870247913e-04 
142.200000 -6.3733476208040207e-04 
142.400000 -6.3733476533826827e-04 
142.600000 -6.3733476845523329e-04 
142.800000 -6.3733477144979622e-04 
143.000000 -6.3733477432447588e-04 
143.200000 -6.3733477708406705e-04 
143.400000 -6.3733477972873626e-04 
143.600000 -6.3733478226968981e-04 
143.800000 -6.3733478470595628e-04 
144.000000 -6.3733478704857544e-04 
144.200000 -6.3733478928284376e-04 
144.400000 -6.3733479142599747e-04 
144.600000 -6.3733479348800776e-04 
144.800000 -6.3733479545775851e-04 
145.000000 -6.3733479734093962e-04 
145.200000 -6.3733479913873070e-04 
145.400000 -6.3733480085910454e-04 
145.600000 -6.3733480250525998e-04 
145.800000 -6.3733480407927867e-04 
146.000000 -6.3733480558220840e-04 
146.200000 -6.3733480702155010e-04 
146.400000 -6.3733480839345269e-04 
146.600000 -6.3733480970411954e-04 
146.800000 -6.3733481095334943e-04 
147.000000 -6.3733481213473775e-04 
147.200000 -6.3733481325384950e-04 
147.400000 -6.3733481431114958e-04 
147.600000 -6.3733481530149627e-04 
147.800000 -6.3733481623748367e-04 
148.000000 -6.3733481712956869e-04 
148.200000 -6.3733481798365632e-04 
148.400000 -6.3733481883138099e-04 
148.600000 -6.3733481963265670e-04 
148.800000 -6.3733482034260269e-04 
149.000000 -6.3733482098581040e-04 
149.200000 -6.3733482158014748e-04 
149.400000 -6.3733482211730114e-04 
149.600000 -6.3733482260561192e-04 
149.800000 -6.3733482306207317e-04 
