0.000000 1.2657956255217051e-01 
0.200000 1.2655925862033546e-01 
0.400000 1.2654247347923309e-01 
0.600000 1.2652927440413964e-01 
0.800000 1.2651968034581962e-01 
1.000000 1.2651364678447174e-01 
1.200000 1.2651105229370818e-01 
1.400000 1.2651168687431713e-01 
1.600000 1.2651514572697786e-01 
1.800000 1.2652048309458352e-01 
2.000000 1.2652645609472035e-01 
2.200000 1.2652979658124763e-01 
2.400000 1.2653009804276083e-01 
2.600000 1.2652734521235420e-01 
2.800000 1.2652178900134037e-01 
3.000000 1.2651384423500611e-01 
3.200000 1.2650401429797042e-01 
3.400000 1.2649250655723254e-01 
3.600000 1.2647125370513912e-01 
3.800000 1.2645032323979710e-01 
4.000000 1.2642975907227161e-01 
4.200000 1.2640954105994806e-01 
4.400000 1.2638939895978918e-01 
4.600000 1.2636891981800624e-01 
4.800000 1.2634763885054556e-01 
5.000000 1.2632502117208677e-01 
5.200000 1.2630054957754366e-01 
5.400000 1.2627378357620733e-01 
5.600000 1.2624452546288478e-01 
5.800000 1.2621273217583640e-01 
6.000000 1.2617843213684832e-01 
6.200000 1.2614170052484175e-01 
6.400000 1.2610263397985899e-01 
6.600000 1.2606132671176518e-01 
6.800000 1.2601786138072590e-01 
7.000000 1.2597226812982465e-01 
7.200000 1.2592448695626191e-01 
7.400000 1.2587441450264170e-01 
7.600000 1.2582193445163459e-01 
7.800000 1.2576692414470991e-01 
8.000000 1.2570926197145060e-01 
8.200000 1.2564883291106810e-01 
8.400000 1.2558553186371813e-01 
8.600000 1.2551926628335441e-01 
8.800000 1.2544995637414724e-01 
9.000000 1.2537752861298013e-01 
9.200000 1.2530190881887315e-01 
9.400000 1.2522301758210930e-01 
9.600000 1.2514076777277994e-01 
9.800000 1.2505505998787569e-01 
10.000000 1.2496577626843164e-01 
10.200000 1.2487279104947890e-01 
10.400000 1.2477597471879787e-01 
10.600000 1.2467519811385319e-01 
10.800000 1.2457032269305113e-01 
11.000000 1.2446119940930578e-01 
11.200000 1.2434767007195768e-01 
11.400000 1.2422956786268258e-01 
11.600000 1.2410671718639688e-01 
11.800000 1.2397893308806984e-01 
12.000000 1.2384602051175109e-01 
12.200000 1.2370777335208794e-01 
12.400000 1.2356397319992940e-01 
12.600000 1.2341438786102432e-01 
12.800000 1.2325876983943918e-01 
13.000000 1.2309685493295452e-01 
13.200000 1.2292836093271731e-01 
13.400000 1.2275298631405707e-01 
13.600000 1.2257040887095005e-01 
13.800000 1.2238028439718374e-01 
14.000000 1.2218224537350864e-01 
14.200000 1.2197589956611976e-01 
14.400000 1.2176082852787351e-01 
14.600000 1.2153658594226613e-01 
14.800000 1.2130269580465125e-01 
15.000000 1.2105865046528574e-01 
15.200000 1.2080390855239664e-01 
15.400000 1.2053789276303883e-01 
15.600000 1.2025998754814660e-01 
15.800000 1.1996953668275312e-01 
16.000000 1.1966584073487496e-01 
16.200000 1.1934815443730651e-01 
16.400000 1.1901568395893847e-01 
16.600000 1.1866758407125810e-01 
16.800000 1.1830295520490930e-01 
17.000000 1.1792084040296702e-01 
17.200000 1.1752022218269453e-01 
17.400000 1.1710001932251479e-01 
17.600000 1.1665908360210797e-01 
17.800000 1.1619619653881075e-01 
18.000000 1.1571006617274260e-01 
18.200000 1.1519932396786114e-01 
18.400000 1.1466252190997317e-01 
18.600000 1.1409812989626023e-01 
18.800000 1.1350453352679524e-01 
19.000000 1.1288003242117606e-01 
19.200000 1.1222283919726261e-01 
19.400000 1.1153107926423800e-01 
19.600000 1.1080279159264017e-01 
19.800000 1.1003593063411665e-01 
20.000000 1.0922836957007176e-01 
20.200000 1.0837790507213407e-01 
20.400000 1.0748226375633974e-01 
20.600000 1.0653911050591458e-01 
20.800000 1.0554605882802326e-01 
21.000000 1.0450068339178775e-01 
21.200000 1.0340053487431300e-01 
21.400000 1.0224315721418509e-01 
21.600000 1.0102610734056239e-01 
21.800000 9.9746977410337889e-02 
22.000000 9.8403419545664672e-02 
22.200000 9.6993173020359258e-02 
22.400000 9.5514093794947019e-02 
22.600000 9.3964186246035974e-02 
22.800000 9.2341636876170474e-02 
23.000000 9.0644849723821364e-02 
23.200000 8.8872483119679213e-02 
23.400000 8.7023487355001539e-02 
23.600000 8.5097142741770937e-02 
23.800000 8.3093097454848497e-02 
24.000000 8.1011404456792779e-02 
24.200000 7.8852556721301426e-02 
24.400000 7.6617519897495545e-02 
24.600000 7.4307761500466807e-02 
24.800000 7.1925275680807754e-02 
25.000000 6.9472602623488311e-02 
25.200000 6.6952841659405182e-02 
25.400000 6.4369657245290757e-02 
25.600000 6.1727277080434906e-02 
25.800000 5.9030481781547017e-02 
26.000000 5.6284585726060654e-02 
26.200000 5.3495408893888596e-02 
26.400000 5.0669239779918329e-02 
26.600000 4.7812789704294589e-02 
26.800000 4.4933139104412989e-02 
27.000000 4.2037676639621768e-02 
27.200000 3.9134032165519916e-02 
27.400000 3.6230004829540530e-02 
27.600000 3.3333487693193109e-02 
27.800000 3.0452390393012951e-02 
28.000000 2.7594561406455331e-02 
28.200000 2.4767711489197430e-02 
28.400000 2.1979339797898567e-02 
28.600000 1.9236664109999801e-02 
28.800000 1.6546556407087132e-02 
29.000000 1.3915484907313092e-02 
29.200000 1.1349463425392670e-02 
29.400000 8.8540087156337988e-03 
29.600000 6.4341062236842328e-03 
29.800000 4.0941844462873966e-03 
30.000000 1.8380978826534333e-03 
30.200000 -3.3088163646977087e-04 
30.400000 -2.4100656306363932e-03 
30.600000 -4.3973421992875572e-03 
30.800000 -6.2911624556347689e-03 
31.000000 -8.0905209124813027e-03 
31.200000 -9.7949306296404304e-03 
31.400000 -1.1404393968623250e-02 
31.600000 -1.2919369810359127e-02 
31.800000 -1.4340738080504400e-02 
32.000000 -1.5669762395347009e-02 
32.200000 -1.6908051594335949e-02 
32.400000 -1.8057520864419141e-02 
32.600000 -1.9120353091009235e-02 
32.800000 -2.0098960993071180e-02 
33.000000 -2.0995950518707063e-02 
33.200000 -2.1814085895423219e-02 
33.400000 -2.2556256648400330e-02 
33.600000 -2.3225446822984330e-02 
33.800000 -2.3824706575336307e-02 
34.000000 -2.4357126229842097e-02 
34.200000 -2.4825812843638828e-02 
34.400000 -2.5233869268254994e-02 
34.600000 -2.5584375656303227e-02 
34.800000 -2.5880373326400363e-02 
35.000000 -2.6124850872648375e-02 
35.200000 -2.6320732384968237e-02 
35.400000 -2.6470867632112038e-02 
35.600000 -2.6578024051420068e-02 
35.800000 -2.6644880384664171e-02 
36.000000 -2.6674021800109804e-02 
36.200000 -2.6667936343683141e-02 
36.400000 -2.6629012567920829e-02 
36.600000 -2.6559538195293886e-02 
36.800000 -2.6461699680760342e-02 
37.000000 -2.6337582548945859e-02 
37.200000 -2.6189172390684634e-02 
37.400000 -2.6018356414753474e-02 
37.600000 -2.5826925460084860e-02 
37.800000 -2.5616576383957701e-02 
38.000000 -2.5388914750687441e-02 
38.200000 -2.5145457754397083e-02 
38.400000 -2.4887637316964750e-02 
38.600000 -2.4616803310365254e-02 
38.800000 -2.4334226858850949e-02 
39.000000 -2.4041103682862164e-02 
39.200000 -2.3738557452156195e-02 
39.400000 -2.3427643120407404e-02 
39.600000 -2.3109350218317615e-02 
39.800000 -2.2784606085965109e-02 
40.000000 -2.2454279028945923e-02 
40.200000 -2.2119181385789499e-02 
40.400000 -2.1780072497020686e-02 
40.600000 -2.1437661568467770e-02 
40.800000 -2.1092610423804836e-02 
41.000000 -2.0745536142858401e-02 
41.200000 -2.0397013583902612e-02 
41.400000 -2.0047577789554627e-02 
41.600000 -1.9697726276775296e-02 
41.800000 -1.9347921212728159e-02 
42.000000 -1.8998591478721183e-02 
42.200000 -1.8650134625263048e-02 
42.400000 -1.8302918721673223e-02 
42.600000 -1.7957284104013926e-02 
42.800000 -1.7613545025418398e-02 
43.000000 -1.7271991213130111e-02 
43.200000 -1.6932889336454954e-02 
43.400000 -1.6596484390112437e-02 
43.600000 -1.6263000997238486e-02 
43.800000 -1.5932644636401122e-02 
44.000000 -1.5605602796728429e-02 
44.200000 -1.5282046065363625e-02 
44.400000 -1.4962129150889070e-02 
44.600000 -1.4645991846846840e-02 
44.800000 -1.4333759938607749e-02 
45.000000 -1.4025546057177041e-02 
45.200000 -1.3721450483229092e-02 
45.400000 -1.3421561904212925e-02 
45.600000 -1.3125958127672394e-02 
45.800000 -1.2834706753313579e-02 
46.000000 -1.2547865806449066e-02 
46.200000 -1.2265484335201998e-02 
46.400000 -1.1987602973691835e-02 
46.600000 -1.1714254473315477e-02 
46.800000 -1.1445464204065781e-02 
47.000000 -1.1181250627718325e-02 
47.200000 -1.0921625744592295e-02 
47.400000 -1.0666595515450628e-02 
47.600000 -1.0416160260117352e-02 
47.800000 -1.0170315034029098e-02 
48.000000 -9.9290499841369617e-03 
48.200000 -9.6923506853495434e-03 
48.400000 -9.4601984585710175e-03 
48.600000 -9.2325706714418698e-03 
48.800000 -9.0094410227158639e-03 
49.000000 -8.7907798112008828e-03 
49.200000 -8.5765541901458575e-03 
49.400000 -8.3667284077926507e-03 
49.600000 -8.1612640349369159e-03 
49.800000 -7.9601201800753030e-03 
50.000000 -7.7632536929173462e-03 
50.200000 -7.5706193568129687e-03 
50.400000 -7.3821700706707821e-03 
50.600000 -7.1978570208775378e-03 
50.800000 -7.0176298438476420e-03 
51.000000 -6.8414367795785469e-03 
51.200000 -6.6692248166582146e-03 
51.400000 -6.5009398292513593e-03 
51.600000 -6.3365267063217184e-03 
51.800000 -6.1759294736956211e-03 
52.000000 -6.0190914090799824e-03 
52.200000 -5.8659551504803148e-03 
52.400000 -5.7164627984812033e-03 
52.600000 -5.5705560124797715e-03 
52.800000 -5.4281761012251323e-03 
53.000000 -5.2892641081119796e-03 
53.200000 -5.1537608912077676e-03 
53.400000 -5.0216071985232646e-03 
53.600000 -4.8927437386071249e-03 
53.800000 -4.7671112467755627e-03 
54.000000 -4.6446505470831428e-03 
54.200000 -4.5253026104611627e-03 
54.400000 -4.4090086089225017e-03 
54.600000 -4.2957099663086390e-03 
54.800000 -4.1853484055373730e-03 
55.000000 -4.0778659926423572e-03 
55.200000 -3.9732051777207761e-03 
55.400000 -3.8713088330105533e-03 
55.600000 -3.7721202881028509e-03 
55.800000 -3.6755833625693596e-03 
56.000000 -3.5816423961004124e-03 
56.200000 -3.4902422762251306e-03 
56.400000 -3.4013284638269026e-03 
56.600000 -3.3148470164462360e-03 
56.800000 -3.2307446096678932e-03 
57.000000 -3.1489685564591793e-03 
57.200000 -3.0694668248063758e-03 
57.400000 -2.9921880535150741e-03 
57.600000 -2.9170815664869426e-03 
57.800000 -2.8440973853299314e-03 
58.000000 -2.7731862406312341e-03 
58.200000 -2.7042995816781781e-03 
58.400000 -2.6373895851015614e-03 
58.600000 -2.5724091620076273e-03 
58.800000 -2.5093119641656156e-03 
59.000000 -2.4480523889358966e-03 
59.200000 -2.3885855832478514e-03 
59.400000 -2.3308674465340254e-03 
59.600000 -2.2748546327809732e-03 
59.800000 -2.2205045516114977e-03 
60.000000 -2.1677753686676626e-03 
60.200000 -2.1166260051120947e-03 
60.400000 -2.0670161364548315e-03 
60.600000 -2.0189061906344535e-03 
60.800000 -1.9722573455058998e-03 
61.000000 -1.9270315257234397e-03 
61.200000 -1.8831913989760390e-03 
61.400000 -1.8407003717932358e-03 
61.600000 -1.7995225847569282e-03 
61.800000 -1.7596229073279096e-03 
62.000000 -1.7209669321638435e-03 
62.200000 -1.6835209690930358e-03 
62.400000 -1.6472520386767234e-03 
62.600000 -1.6121278653867532e-03 
62.800000 -1.5781168705657489e-03 
63.000000 -1.5451881649882482e-03 
63.200000 -1.5133115411213593e-03 
63.400000 -1.4824574652947120e-03 
63.600000 -1.4525970694519788e-03 
63.800000 -1.4237021427773860e-03 
64.000000 -1.3957451231238691e-03 
64.200000 -1.3686990882825351e-03 
64.400000 -1.3425377470503222e-03 
64.600000 -1.3172354301618644e-03 
64.800000 -1.2927670811922684e-03 
65.000000 -1.2691082471892601e-03 
65.200000 -1.2462350693470889e-03 
65.400000 -1.2241242735653649e-03 
65.600000 -1.2027531608925709e-03 
65.800000 -1.1820995979854587e-03 
66.000000 -1.1621420074771696e-03 
66.200000 -1.1428593583447319e-03 
66.400000 -1.1242311562696811e-03 
66.600000 -1.1062374339132278e-03 
66.800000 -1.0888587413188516e-03 
67.000000 -1.0720761361837430e-03 
67.200000 -1.0558711743104132e-03 
67.400000 -1.0402258999082786e-03 
67.600000 -1.0251228361108297e-03 
67.800000 -1.0105449753818399e-03 
68.000000 -9.9647577007910826e-04 
68.200000 -9.8289912304348748e-04 
68.400000 -9.6979937821603523e-04 
68.600000 -9.5716131140265864e-04 
68.800000 -9.4497012101999595e-04 
69.000000 -9.3321141903478233e-04 
69.200000 -9.2187122187278175e-04 
69.400000 -9.1093594151294560e-04 
69.600000 -9.0039237660614196e-04 
69.800000 -8.9022770377347044e-04 
70.000000 -8.8042946888760437e-04 
70.200000 -8.7098557860059572e-04 
70.400000 -8.6188429187102761e-04 
70.600000 -8.5311421165847057e-04 
70.800000 -8.4466427672322264e-04 
71.000000 -8.3652375350523611e-04 
71.200000 -8.2868222821629728e-04 
71.400000 -8.2112959891142423e-04 
71.600000 -8.1385606781395059e-04 
71.800000 -8.0685213370064457e-04 
72.000000 -8.0010858441149219e-04 
72.200000 -7.9361648949837632e-04 
72.400000 -7.8736719300598335e-04 
72.600000 -7.8135230634436559e-04 
72.800000 -7.7556370135910269e-04 
73.000000 -7.6999350344889722e-04 
73.200000 -7.6463408483126022e-04 
73.400000 -7.5947805800644780e-04 
73.600000 -7.5451826923669113e-04 
73.800000 -7.4974779225671362e-04 
74.000000 -7.4515992202740106e-04 
74.200000 -7.4074816866853688e-04 
74.400000 -7.3650625149922211e-04 
74.600000 -7.3242809319991331e-04 
74.800000 -7.2850781410874199e-04 
75.000000 -7.2473972665006853e-04 
75.200000 -7.2111832982001828e-04 
75.400000 -7.1763830391999295e-04 
75.600000 -7.1429450524555793e-04 
75.800000 -7.1108196105201804e-04 
76.000000 -7.0799586455674857e-04 
76.200000 -7.0503157001852723e-04 
76.400000 -7.0218458804555822e-04 
76.600000 -6.9945058091673562e-04 
76.800000 -6.9682535804772155e-04 
77.000000 -6.9430487157919052e-04 
77.200000 -6.9188521207448617e-04 
77.400000 -6.8956260428968547e-04 
77.600000 -6.8733340307796514e-04 
77.800000 -6.8519408943042148e-04 
78.000000 -6.8314126650204088e-04 
78.200000 -6.8117165590061285e-04 
78.400000 -6.7928209393937344e-04 
78.600000 -6.7746952804663418e-04 
78.800000 -6.7573101327501883e-04 
79.000000 -6.7406370888233036e-04 
79.200000 -6.7246487499809243e-04 
79.400000 -6.7093186942267236e-04 
79.600000 -6.6946214445181423e-04 
79.800000 -6.6805324385733195e-04 
80.000000 -6.6670279989367726e-04 
80.200000 -6.6540853041095055e-04 
80.400000 -6.6416823604756314e-04 
80.600000 -6.6297979753322800e-04 
80.800000 -6.6184117300384371e-04 
81.000000 -6.6075039540902658e-04 
81.200000 -6.5970557009947806e-04 
81.400000 -6.5870487230541841e-04 
81.600000 -6.5774654485734052e-04 
81.800000 -6.5682889582797249e-04 
82.000000 -6.5595029638029767e-04 
82.200000 -6.5510917858763174e-04 
82.400000 -6.5430403333546078e-04 
82.600000 -6.5353340832017409e-04 
82.800000 -6.5279590608086080e-04 
83.000000 -6.5209018207674357e-04 
83.200000 -6.5141494287858370e-04 
83.400000 -6.5076894436865568e-04 
83.600000 -6.5015098997698445e-04 
83.800000 -6.4955992907599763e-04 
84.000000 -6.4899465527234329e-04 
84.200000 -6.4845410490020627e-04 
84.400000 -6.4793725548076969e-04 
84.600000 -6.4744312421380346e-04 
84.800000 -6.4697076660757274e-04 
85.000000 -6.4651927505827295e-04 
85.200000 -6.4608777752202251e-04 
85.400000 -6.4567543624525353e-04 
85.600000 -6.4528144646271851e-04 
85.800000 -6.4490503527498549e-04 
86.000000 -6.4454546038725941e-04 
86.200000 -6.4420200903807928e-04 
86.400000 -6.4387399688472374e-04 
86.600000 -6.4356076695727682e-04 
86.800000 -6.4326168863346189e-04 
87.000000 -6.4297615667247704e-04 
87.200000 -6.4270359022566836e-04 
87.400000 -6.4244343194785891e-04 
87.600000 -6.4219514711075232e-04 
87.800000 -6.4195822273331593e-04 
88.000000 -6.4173216674943967e-04 
88.200000 -6.4151650723701104e-04 
88.400000 -6.4131079161684063e-04 
88.600000 -6.4111458592822079e-04 
88.800000 -6.4092747411540613e-04 
89.000000 -6.4074905731332371e-04 
89.200000 -6.4057895321661257e-04 
89.400000 -6.4041679538911350e-04 
89.600000 -6.4026223268922461e-04 
89.800000 -6.4011492863660924e-04 
90.000000 -6.3997456087210025e-04 
90.200000 -6.3984082058142489e-04 
90.400000 -6.3971341194096754e-04 
90.600000 -6.3959205164517557e-04 
90.800000 -6.3947646837962668e-04 
91.000000 -6.3936640233160091e-04 
91.200000 -6.3926160480108629e-04 
91.400000 -6.3916183765049678e-04 
91.600000 -6.3906687295693654e-04 
91.800000 -6.3897649257579209e-04 
92.000000 -6.3889048775012808e-04 
92.200000 -6.3880865871555892e-04 
92.400000 -6.3873081435374818e-04 
92.600000 -6.3865677182298880e-04 
92.800000 -6.3858635624288590e-04 
93.000000 -6.3851940032177978e-04 
93.200000 -6.3845574411711820e-04 
93.400000 -6.3839523464960524e-04 
93.600000 -6.3833772568449437e-04 
93.800000 -6.3828307740737555e-04 
94.000000 -6.3823115616697124e-04 
94.200000 -6.3818183424762392e-04 
94.400000 -6.3813498957045189e-04 
94.600000 -6.3809050550394514e-04 
94.800000 -6.3804827059708857e-04 
95.000000 -6.3800817837980639e-04 
95.200000 -6.3797012716704932e-04 
95.400000 -6.3793401983202463e-04 
95.600000 -6.3789976360120043e-04 
95.800000 -6.3786726991471587e-04 
96.000000 -6.3783645419711321e-04 
96.200000 -6.3780723572914866e-04 
96.400000 -6.3777953743472671e-04 
96.600000 -6.3775328576431284e-04 
96.800000 -6.3772841054403340e-04 
97.000000 -6.3770484477528727e-04 
97.200000 -6.3768252458791530e-04 
97.400000 -6.3766138899686714e-04 
97.600000 -6.3764137988969044e-04 
97.800000 -6.3762244178331567e-04 
98.000000 -6.3760452181219063e-04 
98.200000 -6.3758756954328949e-04 
98.400000 -6.3757153691946372e-04 
98.600000 -6.3755637809810584e-04 
98.800000 -6.3754204940697640e-04 
99.000000 -6.3752850922584037e-04 
99.200000 -6.3751571788078776e-04 
99.400000 -6.3750363757356099e-04 
99.600000 -6.3749223231621827e-04 
99.800000 -6.3748146780719106e-04 
100.000000 -6.3747131138471719e-04 
100.200000 -6.3746173195289996e-04 
100.400000 -6.3745269987960929e-04 
100.600000 -6.3744418698310351e-04 
100.800000 -6.3743616642067402e-04 
101.000000 -6.3742861265193851e-04 
101.200000 -6.3742150136145842e-04 
101.400000 -6.3741480943126094e-04 
101.600000 -6.3740851484403449e-04 
101.800000 -6.3740259667873639e-04 
102.000000 -6.3739703501204670e-04 
102.200000 -6.3739181093288438e-04 
102.400000 -6.3738690642570900e-04 
102.600000 -6.3738230438575155e-04 
102.800000 -6.3737798855295624e-04 
103.000000 -6.3737394345554643e-04 
103.200000 -6.3737015440978179e-04 
103.400000 -6.3736660745680046e-04 
103.600000 -6.3736328934657638e-04 
103.800000 -6.3736018747726636e-04 
104.000000 -6.3735728990049756e-04 
104.200000 -6.3735458526587713e-04 
104.400000 -6.3735206279252887e-04 
104.600000 -6.3734971225177378e-04 
104.800000 -6.3734752393988098e-04 
105.000000 -6.3734548863034896e-04 
105.200000 -6.3734359761568465e-04 
105.400000 -6.3734184259164883e-04 
105.600000 -6.3734021570049926e-04 
105.800000 -6.3733870949306964e-04 
106.000000 -6.3733731692559165e-04 
106.200000 -6.3733603128108413e-04 
106.400000 -6.3733484624133030e-04 
106.600000 -6.3733375579232837e-04 
106.800000 -6.3733275423680930e-04 
107.000000 -6.3733183620229283e-04 
107.200000 -6.3733099659014220e-04 
107.400000 -6.3733023055708576e-04 
107.600000 -6.3732953355235406e-04 
107.800000 -6.3732890125413333e-04 
108.000000 -6.3732832957438812e-04 
108.200000 -6.3732781465727223e-04 
108.400000 -6.3732735283998643e-04 
108.600000 -6.3732694067698825e-04 
108.800000 -6.3732657491906430e-04 
109.000000 -6.3732625247696351e-04 
109.200000 -6.3732597044537098e-04 
109.400000 -6.3732572607239774e-04 
109.600000 -6.3732551679446248e-04 
109.800000 -6.3732534014679376e-04 
110.000000 -6.3732519382030811e-04 
110.200000 -6.3732507565885527e-04 
110.400000 -6.3732498363180262e-04 
110.600000 -6.3732491578311068e-04 
110.800000 -6.3732487031155360e-04 
111.000000 -6.3732484550892143e-04 
111.200000 -6.3732483976377402e-04 
111.400000 -6.3732485158180668e-04 
111.600000 -6.3732487952039563e-04 
111.800000 -6.3732492225786197e-04 
112.000000 -6.3732497854272763e-04 
112.200000 -6.3732504719515165e-04 
112.400000 -6.3732512710310690e-04 
112.600000 -6.3732521724135793e-04 
112.800000 -6.3732531665280229e-04 
113.000000 -6.3732542440313178e-04 
113.200000 -6.3732553966226041e-04 
113.400000 -6.3732566162742754e-04 
113.600000 -6.3732578956245817e-04 
113.800000 -6.3732592276852240e-04 
114.000000 -6.3732606059491159e-04 
114.200000 -6.3732620244760091e-04 
114.400000 -6.3732634775865576e-04 
114.600000 -6.3732649600115737e-04 
114.800000 -6.3732664669080563e-04 
115.000000 -6.3732679937610059e-04 
115.200000 -6.3732695365023573e-04 
115.400000 -6.3732710910225504e-04 
115.600000 -6.3732726539312418e-04 
115.800000 -6.3732742217791766e-04 
116.000000 -6.3732757914592569e-04 
116.200000 -6.3732773603359522e-04 
116.400000 -6.3732789256337047e-04 
116.600000 -6.3732804849762903e-04 
116.800000 -6.3732820363022330e-04 
117.000000 -6.3732835775155011e-04 
117.200000 -6.3732851067976881e-04 
117.400000 -6.3732866225364726e-04 
117.600000 -6.3732881231672728e-04 
117.800000 -6.3732896074203405e-04 
118.000000 -6.3732910739826287e-04 
118.200000 -6.3732925218676351e-04 
118.400000 -6.3732939499790836e-04 
118.600000 -6.3732953576035173e-04 
118.800000 -6.3732967437386129e-04 
119.000000 -6.3732981079727552e-04 
119.200000 -6.3732994496141365e-04 
119.400000 -6.3733007682027082e-04 
119.600000 -6.3733020633337939e-04 
119.800000 -6.3733033345930723e-04 
120.000000 -6.3733045818405165e-04 
120.200000 -6.3733058047906604e-04 
120.400000 -6.3733070032336719e-04 
120.600000 -6.3733081771920330e-04 
120.800000 -6.3733093265831015e-04 
121.000000 -6.3733104514032690e-04 
121.200000 -6.3733115516444866e-04 
121.400000 -6.3733126274884838e-04 
121.600000 -6.3733136788451938e-04 
121.800000 -6.3733147060160422e-04 
122.000000 -6.3733157091847709e-04 
122.200000 -6.3733166885925757e-04 
122.400000 -6.3733176442414691e-04 
122.600000 -6.3733185765941364e-04 
122.800000 -6.3733194859202230e-04 
123.000000 -6.3733203724680720e-04 
123.200000 -6.3733212364469605e-04 
123.400000 -6.3733220782123678e-04 
123.600000 -6.3733228982275347e-04 
123.800000 -6.3733236966861256e-04 
124.000000 -6.3733244738899131e-04 
124.200000 -6.3733252303545956e-04 
124.400000 -6.3733259664645187e-04 
124.600000 -6.3733266823110674e-04 
124.800000 -6.3733273786421851e-04 
125.000000 -6.3733280555199057e-04 
125.200000 -6.3733287135453454e-04 
125.400000 -6.3733293530393587e-04 
125.600000 -6.3733299742883831e-04 
125.800000 -6.3733305777777943e-04 
126.000000 -6.3733311639185830e-04 
126.200000 -6.3733317329591616e-04 
126.400000 -6.3733322854699070e-04 
126.600000 -6.3733328215863361e-04 
126.800000 -6.3733333418424659e-04 
127.000000 -6.3733338467301948e-04 
127.200000 -6.3733343363162748e-04 
127.400000 -6.3733348112598315e-04 
127.600000 -6.3733352717278841e-04 
127.800000 -6.3733357181740974e-04 
128.000000 -6.3733361509554776e-04 
128.200000 -6.3733365703939893e-04 
128.400000 -6.3733369767927234e-04 
128.600000 -6.3733373705537888e-04 
128.800000 -6.3733377519214346e-04 
129.000000 -6.3733381213546686e-04 
129.200000 -6.3733384791787168e-04 
129.400000 -6.3733388255561574e-04 
129.600000 -6.3733391608799400e-04 
129.800000 -6.3733394855584186e-04 
130.000000 -6.3733397996407898e-04 
130.200000 -6.3733401036995124e-04 
130.400000 -6.3733403977867670e-04 
130.600000 -6.3733406823986843e-04 
130.800000 -6.3733409576361560e-04 
131.000000 -6.3733412238065057e-04 
131.200000 -6.3733414812742334e-04 
131.400000 -6.3733417302436202e-04 
131.600000 -6.3733419708718320e-04 
131.800000 -6.3733422034184528e-04 
132.000000 -6.3733424282855916e-04 
132.200000 -6.3733426455334086e-04 
132.400000 -6.3733428554971910e-04 
132.600000 -6.3733430584352740e-04 
132.800000 -6.3733432543600088e-04 
133.000000 -6.3733434436765574e-04 
133.200000 -6.3733436265682453e-04 
133.400000 -6.3733438030734446e-04 
133.600000 -6.3733439735849662e-04 
133.800000 -6.3733441382739231e-04 
134.000000 -6.3733442971687648e-04 
134.200000 -6.3733444505784803e-04 
134.400000 -6.3733445986867421e-04 
134.600000 -6.3733447415219996e-04 
134.800000 -6.3733448794209280e-04 
135.000000 -6.3733450125751795e-04 
135.200000 -6.3733451408872627e-04 
135.400000 -6.3733452646955180e-04 
135.600000 -6.3733453841401111e-04 
135.800000 -6.3733454993360888e-04 
136.000000 -6.3733456105200675e-04 
136.200000 -6.3733457175251668e-04 
136.400000 -6.3733458208914406e-04 
136.600000 -6.3733459203964976e-04 
136.800000 -6.3733460164126787e-04 
137.000000 -6.3733461089642007e-04 
137.200000 -6.3733461981642370e-04 
137.400000 -6.3733462840585842e-04 
137.600000 -6.3733463668412538e-04 
137.800000 -6.3733464465954431e-04 
138.000000 -6.3733465234513953e-04 
138.200000 -6.3733465974683684e-04 
138.400000 -6.3733466687476009e-04 
138.600000 -6.3733467374105235e-04 
138.800000 -6.3733468035275659e-04 
139.000000 -6.3733468671973298e-04 
139.200000 -6.3733469285052330e-04 
139.400000 -6.3733469874928395e-04 
139.600000 -6.3733470442257911e-04 
139.800000 -6.3733470989295327e-04 
140.000000 -6.3733471514236528e-04 
140.200000 -6.3733472020362225e-04 
140.400000 -6.3733472507042366e-04 
140.600000 -6.3733472975276151e-04 
140.800000 -6.3733473425833104e-04 
141.000000 -6.3733473858959555e-04 
141.200000 -6.3733474274784568e-04 
141.400000 -6.3733474674899926e-04 
141.600000 -6.3733475060430422e-04 
141.800000 -6.3733475430560044e-04 
142.000000 -6.3733475785418547e-04 
142.200000 -6.3733476126859312e-04 
142.400000 -6.3733476455261895e-04 
142.600000 -6.3733476770112818e-04 
142.800000 -6.3733477072440425e-04 
143.000000 -6.3733477362991342e-04 
143.200000 -6.3733477641325642e-04 
143.400000 -6.3733477908717306e-04 
143.600000 -6.3733478165004659e-04 
143.800000 -6.3733478411543559e-04 
144.000000 -6.3733478648454744e-04 
144.200000 -6.3733478874564847e-04 
144.400000 -6.3733479091398343e-04 
144.600000 -6.3733479299151602e-04 
144.800000 -6.3733479497921075e-04 
145.000000 -6.3733479688089095e-04 
145.200000 -6.3733479869729909e-04 
145.400000 -6.3733480044086965e-04 
145.600000 -6.3733480210793891e-04 
145.800000 -6.3733480370030404e-04 
146.000000 -6.3733480522225328e-04 
146.200000 -6.3733480667221148e-04 
146.400000 -6.3733480805788084e-04 
146.600000 -6.3733480938647780e-04 
146.800000 -6.3733481064645603e-04 
147.000000 -6.3733481185143659e-04 
147.200000 -6.3733481298181710e-04 
147.400000 -6.3733481404931042e-04 
147.600000 -6.3733481505963419e-04 
147.800000 -6.3733481601050551e-04 
148.000000 -6.3733481691081312e-04 
148.200000 -6.3733481777752260e-04 
148.400000 -6.3733481863558622e-04 
148.600000 -6.3733481945365406e-04 
148.800000 -6.3733482017200305e-04 
149.000000 -6.3733482082355131e-04 
149.200000 -6.3733482142415421e-04 
149.400000 -6.3733482197150110e-04 
149.600000 -6.3733482247023410e-04 
149.800000 -6.3733482293073379e-04 
