0.000000 3.8986471250886875e-03 
0.200000 3.8987382633757042e-03 
0.400000 3.8991418115811882e-03 
0.600000 3.9001006240193077e-03 
0.800000 3.9018301250397132e-03 
1.000000 3.9045214355251687e-03 
1.200000 3.9083441432275065e-03 
1.400000 3.9134487606972681e-03 
1.600000 3.9199689034781701e-03 
1.800000 3.9280290369780825e-03 
2.000000 3.9377436967667698e-03 
2.200000 3.9492189331048070e-03 
2.400000 3.9625554419062386e-03 
2.600000 3.9778480447365955e-03 
2.800000 3.9951868785955353e-03 
3.000000 4.0146584901193131e-03 
3.200000 4.0363467176437202e-03 
3.400000 4.0603369352536951e-03 
3.600000 4.0867116564256203e-03 
3.800000 4.1155504652777937e-03 
4.000000 4.1469329075748268e-03 
4.200000 4.1809392906370039e-03 
4.400000 4.2176514386176606e-03 
4.600000 4.2571533920366510e-03 
4.800000 4.2995320205509065e-03 
5.000000 4.3448775709749388e-03 
5.200000 4.3932841385817155e-03 
5.400000 4.4448503831547460e-03 
5.600000 4.4996796438701459e-03 
5.800000 4.5578806341724674e-03 
6.000000 4.6195678212430837e-03 
6.200000 4.6848618997120169e-03 
6.400000 4.7538901350222852e-03 
6.600000 4.8267868111057525e-03 
6.800000 4.9036938129519538e-03 
7.000000 4.9847611934811182e-03 
7.200000 5.0701477229773148e-03 
7.400000 5.1600215411142505e-03 
7.600000 5.2545609016164015e-03 
7.800000 5.3539547443750175e-03 
8.000000 5.4584033925215332e-03 
8.200000 5.5681192903881535e-03 
8.400000 5.6833277718699891e-03 
8.600000 5.8042678836081000e-03 
8.800000 5.9311932462626756e-03 
9.000000 6.0643729888094381e-03 
9.200000 6.2040927325739317e-03 
9.400000 6.3506556497150814e-03 
9.600000 6.5043835947411780e-03 
9.800000 6.6656183053085136e-03 
10.000000 6.8347226786318665e-03 
10.200000 7.0120821384502124e-03 
10.400000 7.1981061000300122e-03 
10.600000 7.3932295469737834e-03 
10.800000 7.5979146842580277e-03 
11.000000 7.8126527329882914e-03 
11.200000 8.0379658251244629e-03 
11.400000 8.2744090259898023e-03 
11.600000 8.5225724891928485e-03 
11.800000 8.7830837525402893e-03 
12.000000 9.0566101826159151e-03 
12.200000 9.3438615747291186e-03 
12.400000 9.6455929235996392e-03 
12.600000 9.9626073730766148e-03 
12.800000 1.0295759339350246e-02 
13.000000 1.0645957831805950e-02 
13.200000 1.1014169975386037e-02 
13.400000 1.1401424742148478e-02 
13.600000 1.1808816899090902e-02 
13.800000 1.2237511180137654e-02 
14.000000 1.2688746687894006e-02 
14.200000 1.3163841530264500e-02 
14.400000 1.3664197695171696e-02 
14.600000 1.4191306166305978e-02 
14.800000 1.4746752279305766e-02 
15.000000 1.5332221316095641e-02 
15.200000 1.5949504331575125e-02 
15.400000 1.6600504203544579e-02 
15.600000 1.7287241892962966e-02 
15.800000 1.8011862893960912e-02 
16.000000 1.8776643852161004e-02 
16.200000 1.9583999317891339e-02 
16.400000 2.0436488596523774e-02 
16.600000 2.1336822648438357e-02 
16.800000 2.2287870981383875e-02 
17.000000 2.3292668467053350e-02 
17.200000 2.4354422001438333e-02 
17.400000 2.5476516915013060e-02 
17.600000 2.6662523024486517e-02 
17.800000 2.7916200201597085e-02 
18.000000 2.9241503316663246e-02 
18.200000 3.0642586397882976e-02 
18.400000 3.2123805827585408e-02 
18.600000 3.3689722377330367e-02 
18.800000 3.5345101864290497e-02 
19.000000 3.7094914191906823e-02 
19.200000 3.8944330519739292e-02 
19.400000 4.0898718290426649e-02 
19.600000 4.2963633827672709e-02 
19.800000 4.5144812208312138e-02 
20.000000 4.7448154105319586e-02 
20.200000 4.9879709298213754e-02 
20.400000 5.2445656553956894e-02 
20.600000 5.5152279596625435e-02 
20.800000 5.8005938909129112e-02 
21.000000 6.1013039146347182e-02 
21.200000 6.4179991987877036e-02 
21.400000 6.7513174320495972e-02 
21.600000 7.1018881716890095e-02 
21.800000 7.4703277268032137e-02 
22.000000 7.8572335931894305e-02 
22.200000 8.2631784680078785e-02 
22.400000 8.6887038855049475e-02 
22.600000 9.1343135291634292e-02 
22.800000 9.6004662904222743e-02 
23.000000 1.0087569159162245e-01 
23.200000 1.0595970046012280e-01 
23.400000 1.1125950650611964e-01 
23.600000 1.1677719502653934e-01 
23.800000 1.2251405313145243e-01 
24.000000 1.2847050781180985e-01 
24.200000 1.3464607005928600e-01 
24.400000 1.4103928653867134e-01 
24.600000 1.4764770027074314e-01 
24.800000 1.5446782169136822e-01 
25.000000 1.6149511130878533e-01 
25.200000 1.6872397498596825e-01 
25.400000 1.7614777263160614e-01 
25.600000 1.8375884079715649e-01 
25.800000 1.9154852935693203e-01 
26.000000 1.9950725210389811e-01 
26.200000 2.0762455073854136e-01 
26.400000 2.1588917137570621e-01 
26.600000 2.2428915235932159e-01 
26.800000 2.3281192187166327e-01 
27.000000 2.4144440356525762e-01 
27.200000 2.5017312824266730e-01 
27.400000 2.5898434947063292e-01 
27.600000 2.6786416094515408e-01 
27.800000 2.7679861342486056e-01 
28.000000 2.8577382911930765e-01 
28.200000 2.9477611155149602e-01 
28.400000 3.0379204910196389e-01 
28.600000 3.1280861067503007e-01 
28.800000 3.2181323219465080e-01 
29.000000 3.3079389292556743e-01 
29.200000 3.3973918091285432e-01 
29.400000 3.4863834712805891e-01 
29.600000 3.5748134819260391e-01 
29.800000 3.6625887781049898e-01 
30.000000 3.7496238727563747e-01 
30.200000 3.8358409561946266e-01 
30.400000 3.9211699012946638e-01 
30.600000 4.0055481809677390e-01 
30.800000 4.0889207074236616e-01 
31.000000 4.1712396032806609e-01 
31.200000 4.2524639148310628e-01 
31.400000 4.3325592777335414e-01 
31.600000 4.4114975451224292e-01 
31.800000 4.4892563876441116e-01 
32.000000 4.5658188742920042e-01 
32.200000 4.6411730421577790e-01 
32.400000 4.7153114623849057e-01 
32.600000 4.7882308087360620e-01 
32.800000 4.8599314342989830e-01 
33.000000 4.9304169609804127e-01 
33.200000 4.9996938855956513e-01 
33.400000 5.0677712055676705e-01 
33.600000 5.1346600665159214e-01 
33.800000 5.2003734333480156e-01 
34.000000 5.2649257858732235e-01 
34.200000 5.3283328394342899e-01 
34.400000 5.3906112906047432e-01 
34.600000 5.4517785876192726e-01 
34.800000 5.5118527248902072e-01 
35.000000 5.5708520607117273e-01 
35.200000 5.6287951570539141e-01 
35.400000 5.6857006402047239e-01 
35.600000 5.7415870809118708e-01 
35.800000 5.7964728926138887e-01 
36.000000 5.8503762463176134e-01 
36.200000 5.9033150006739255e-01 
36.400000 5.9553066458245030e-01 
36.600000 6.0063682596275147e-01 
36.800000 6.0565164749240974e-01 
37.000000 6.1057674565691300e-01 
37.200000 6.1541368870222946e-01 
37.400000 6.2016399593722826e-01 
37.600000 6.2482913767468196e-01 
37.800000 6.2941053571444827e-01 
38.000000 6.3390956428047118e-01 
38.200000 6.3832755133148678e-01 
38.400000 6.4266578017303200e-01 
38.600000 6.4692549130597921e-01 
38.800000 6.5110788445394729e-01 
39.000000 6.5521412071876495e-01 
39.200000 6.5924532481941256e-01 
39.400000 6.6320258737581428e-01 
39.600000 6.6708696720425098e-01 
39.800000 6.7089949359605949e-01 
40.000000 6.7464116855592815e-01 
40.200000 6.7831296898001159e-01 
40.400000 6.8191584875790578e-01 
40.600000 6.8545074078567525e-01 
40.800000 6.8891855888009979e-01 
41.000000 6.9232019958681168e-01 
41.200000 6.9565654387729225e-01 
41.400000 6.9892845873157583e-01 
41.600000 7.0213679860519818e-01 
41.800000 7.0528240678042664e-01 
42.000000 7.0836611660288995e-01 
42.200000 7.1138875260585377e-01 
42.400000 7.1435113152517471e-01 
42.600000 7.1725406320860319e-01 
42.800000 7.2009835142373291e-01 
43.000000 7.2288479456921118e-01 
43.200000 7.2561418629417374e-01 
43.400000 7.2828731603111496e-01 
43.600000 7.3090496944741801e-01 
43.800000 7.3346792882098488e-01 
44.000000 7.3597697334525214e-01 
44.200000 7.3843287936893298e-01 
44.400000 7.4083642057569221e-01 
44.600000 7.4318836810882016e-01 
44.800000 7.4548949064583192e-01 
45.000000 7.4774055442776466e-01 
45.200000 7.4994232324767085e-01 
45.400000 7.5209555840267350e-01 
45.600000 7.5420101861371613e-01 
45.800000 7.5625945991685417e-01 
46.000000 7.5827163552979182e-01 
46.200000 7.6023829569708989e-01 
46.400000 7.6216018751723191e-01 
46.600000 7.6403805475458275e-01 
46.800000 7.6587263763895608e-01 
47.000000 7.6766467265536820e-01 
47.200000 7.6941489232635596e-01 
47.400000 7.7112402498895238e-01 
47.600000 7.7279279456834182e-01 
47.800000 7.7442192034994006e-01 
48.000000 7.7601211675154580e-01 
48.200000 7.7756409309695207e-01 
48.400000 7.7907855339241328e-01 
48.600000 7.8055619610701743e-01 
48.800000 7.8199771395804296e-01 
49.000000 7.8340379370218705e-01 
49.200000 7.8477511593340477e-01 
49.400000 7.8611235488808240e-01 
49.600000 7.8741617825804122e-01 
49.800000 7.8868724701190263e-01 
50.000000 7.8992621522515927e-01 
50.200000 7.9113372991927289e-01 
50.400000 7.9231043091005504e-01 
50.600000 7.9345695066544142e-01 
50.800000 7.9457391417283618e-01 
51.000000 7.9566193881603009e-01 
51.200000 7.9672163426174547e-01 
51.400000 7.9775360235570147e-01 
51.600000 7.9875843702821892e-01 
51.800000 7.9973672420916986e-01 
52.000000 8.0068904175217326e-01 
52.200000 8.0161595936787289e-01 
52.400000 8.0251803856609094e-01 
52.600000 8.0339583260664005e-01 
52.800000 8.0424988645861584e-01 
53.000000 8.0508073676786129e-01 
53.200000 8.0588891183239841e-01 
53.400000 8.0667493158556436e-01 
53.600000 8.0743930758654514e-01 
53.800000 8.0818254301807635e-01 
54.000000 8.0890513269101094e-01 
54.200000 8.0960756305547987e-01 
54.400000 8.1029031221835079e-01 
54.600000 8.1095384996673603e-01 
54.800000 8.1159863779722663e-01 
55.000000 8.1222512895062848e-01 
55.200000 8.1283376845186006e-01 
55.400000 8.1342499315482364e-01 
55.600000 8.1399923179190736e-01 
55.800000 8.1455690502790679e-01 
56.000000 8.1509842551810741e-01 
56.200000 8.1562419797025154e-01 
56.400000 8.1613461921018171e-01 
56.600000 8.1663007825091150e-01 
56.800000 8.1711095636489295e-01 
57.000000 8.1757762715925408e-01 
57.200000 8.1803045665382856e-01 
57.400000 8.1846980336170272e-01 
57.600000 8.1889601837215986e-01 
57.800000 8.1930944543577777e-01 
58.000000 8.1971042105148906e-01 
58.200000 8.2009927455547316e-01 
58.400000 8.2047632821166205e-01 
58.600000 8.2084189730372514e-01 
58.800000 8.2119629022835916e-01 
59.000000 8.2153980858972875e-01 
59.200000 8.2187274729494775e-01 
59.400000 8.2219539465041946e-01 
59.600000 8.2250803245892790e-01 
59.800000 8.2281093611735689e-01 
60.000000 8.2310437471490649e-01 
60.200000 8.2338861113170791e-01 
60.400000 8.2366390213770235e-01 
60.600000 8.2393049849172451e-01 
60.800000 8.2418864504063949e-01 
61.000000 8.2443858081848720e-01 
61.200000 8.2468053914553840e-01 
61.400000 8.2491474772713269e-01 
61.600000 8.2514142875230212e-01 
61.800000 8.2536079899203563e-01 
62.000000 8.2557306989714851e-01 
62.200000 8.2577844769568332e-01 
62.400000 8.2597713348979285e-01 
62.600000 8.2616932335201865e-01 
62.800000 8.2635520842094468e-01 
63.000000 8.2653497499614803e-01 
63.200000 8.2670880463242802e-01 
63.400000 8.2687687423322509e-01 
63.600000 8.2703935614324420e-01 
63.800000 8.2719641824020085e-01 
64.000000 8.2734822402566532e-01 
64.200000 8.2749493271499408e-01 
64.400000 8.2763669932628114e-01 
64.600000 8.2777367476832964e-01 
64.800000 8.2790600592760333e-01 
65.000000 8.2803383575415945e-01 
65.200000 8.2815730334649007e-01 
65.400000 8.2827654403532291e-01 
65.600000 8.2839168946628605e-01 
65.800000 8.2850286768150794e-01 
66.000000 8.2861020320004619e-01 
66.200000 8.2871381709722769e-01 
66.400000 8.2881382708279694e-01 
66.600000 8.2891034757794124e-01 
66.800000 8.2900348979114868e-01 
67.000000 8.2909336179288118e-01 
67.200000 8.2918006858909166e-01 
67.400000 8.2926371219355344e-01 
67.600000 8.2934439169902729e-01 
67.800000 8.2942220334722583e-01 
68.000000 8.2949724059761754e-01 
68.200000 8.2956959419503973e-01 
68.400000 8.2963935223614138e-01 
68.600000 8.2970660023465692e-01 
68.800000 8.2977142118548586e-01 
69.000000 8.2983389562764132e-01 
69.200000 8.2989410170600908e-01 
69.400000 8.2995211523196688e-01 
69.600000 8.3000800974285416e-01 
69.800000 8.3006185656030018e-01 
70.000000 8.3011372484741119e-01 
70.200000 8.3016368166484356e-01 
70.400000 8.3021179202577311e-01 
70.600000 8.3025811894972590e-01 
70.800000 8.3030272351534540e-01 
71.000000 8.3034566491205664e-01 
71.200000 8.3038700049066649e-01 
71.400000 8.3042678581288709e-01 
71.600000 8.3046507469982866e-01 
71.800000 8.3050191927943051e-01 
72.000000 8.3053737003287920e-01 
72.200000 8.3057147584001101e-01 
72.400000 8.3060428402370490e-01 
72.600000 8.3063584039328042e-01 
72.800000 8.3066618928694957e-01 
73.000000 8.3069537361326440e-01 
73.200000 8.3072343489164091e-01 
73.400000 8.3075041329195420e-01 
73.600000 8.3077634767317854e-01 
73.800000 8.3080127562115713e-01 
74.000000 8.3082523348544213e-01 
74.200000 8.3084825641528826e-01 
74.400000 8.3087037839474975e-01 
74.600000 8.3089163227694762e-01 
74.800000 8.3091204981748912e-01 
75.000000 8.3093166170705812e-01 
75.200000 8.3095049760320649e-01 
75.400000 8.3096858616133984e-01 
75.600000 8.3098595506493722e-01 
75.800000 8.3100263105498251e-01 
76.000000 8.3101863995865655e-01 
76.200000 8.3103400671728700e-01 
76.400000 8.3104875541357104e-01 
76.600000 8.3106290929809123e-01 
76.800000 8.3107649081512591e-01 
77.000000 8.3108952162777838e-01 
77.200000 8.3110202264244537e-01 
77.400000 8.3111401403261642e-01 
77.600000 8.3112551526202882e-01 
77.800000 8.3113654510720780e-01 
78.000000 8.3114712167937776e-01 
78.200000 8.3115726244576282e-01 
78.400000 8.3116698425031821e-01 
78.600000 8.3117630333386150e-01 
78.800000 8.3118523535365829e-01 
79.000000 8.3119379540243044e-01 
79.200000 8.3120199802685535e-01 
79.400000 8.3120985724550922e-01 
79.600000 8.3121738656630151e-01 
79.800000 8.3122459900342260e-01 
80.000000 8.3123150709376581e-01 
80.200000 8.3123812291290589e-01 
80.400000 8.3124445809057723e-01 
80.600000 8.3125052382570874e-01 
80.800000 8.3125633090101170e-01 
81.000000 8.3126188969712589e-01 
81.200000 8.3126721020633854e-01 
81.400000 8.3127230204590041e-01 
81.600000 8.3127717447092819e-01 
81.800000 8.3128183638689845e-01 
82.000000 8.3128629636179752e-01 
82.200000 8.3129056263784673e-01 
82.400000 8.3129464314290458e-01 
82.600000 8.3129854550148541e-01 
82.800000 8.3130227704545423e-01 
83.000000 8.3130584482436409e-01 
83.200000 8.3130925561547486e-01 
83.400000 8.3131251593346189e-01 
83.600000 8.3131563203979886e-01 
83.800000 8.3131860995184836e-01 
84.000000 8.3132145545165470e-01 
84.200000 8.3132417409445236e-01 
84.400000 8.3132677121689669e-01 
84.600000 8.3132925194502949e-01 
84.800000 8.3133162120196791e-01 
85.000000 8.3133388371536399e-01 
85.200000 8.3133604402458650e-01 
85.400000 8.3133810648768836e-01 
85.600000 8.3134007528812748e-01 
85.800000 8.3134195444125814e-01 
86.000000 8.3134374780061615e-01 
86.200000 8.3134545906397506e-01 
86.400000 8.3134709177921184e-01 
86.600000 8.3134864934995423e-01 
86.800000 8.3135013504104427e-01 
87.000000 8.3135155198381938e-01 
87.200000 8.3135290318118438e-01 
87.400000 8.3135419151253875e-01 
87.600000 8.3135541973850657e-01 
87.800000 8.3135659050551503e-01 
88.000000 8.3135770635020523e-01 
88.200000 8.3135876970368994e-01 
88.400000 8.3135978289564472e-01 
88.600000 8.3136074815827699e-01 
88.800000 8.3136166763014052e-01 
89.000000 8.3136254335980686e-01 
89.200000 8.3136337730941190e-01 
89.400000 8.3136417135807572e-01 
89.600000 8.3136492730518297e-01 
89.800000 8.3136564687356751e-01 
90.000000 8.3136633171255681e-01 
90.200000 8.3136698340091542e-01 
90.400000 8.3136760344967875e-01 
90.600000 8.3136819330487499e-01 
90.800000 8.3136875435016211e-01 
91.000000 8.3136928790934572e-01 
91.200000 8.3136979524881427e-01 
91.400000 8.3137027757987492e-01 
91.600000 8.3137073606101541e-01 
91.800000 8.3137117180005937e-01 
92.000000 8.3137158585625803e-01 
92.200000 8.3137197924229211e-01 
92.400000 8.3137235292619371e-01 
92.600000 8.3137270783320649e-01 
92.800000 8.3137304484756236e-01 
93.000000 8.3137336481419777e-01 
93.200000 8.3137366854039452e-01 
93.400000 8.3137395679735626e-01 
93.600000 8.3137423032174507e-01 
93.800000 8.3137448981711903e-01 
94.000000 8.3137473595534794e-01 
94.200000 8.3137496937795508e-01 
94.400000 8.3137519069741384e-01 
94.600000 8.3137540049837833e-01 
94.800000 8.3137559933888860e-01 
95.000000 8.3137578775150356e-01 
95.200000 8.3137596624440513e-01 
95.400000 8.3137613530244636e-01 
95.600000 8.3137629538816393e-01 
95.800000 8.3137644694275825e-01 
96.000000 8.3137659038699729e-01 
96.200000 8.3137672612213587e-01 
96.400000 8.3137685453075860e-01 
96.600000 8.3137697597759985e-01 
96.800000 8.3137709081033084e-01 
97.000000 8.3137719936031240e-01 
97.200000 8.3137730194332637e-01 
97.400000 8.3137739886025319e-01 
97.600000 8.3137749039774156e-01 
97.800000 8.3137757682884772e-01 
98.000000 8.3137765841364575e-01 
98.200000 8.3137773539979454e-01 
98.400000 8.3137780802312100e-01 
98.600000 8.3137787650813022e-01 
98.800000 8.3137794106854035e-01 
99.000000 8.3137800190774669e-01 
99.200000 8.3137805921931840e-01 
99.400000 8.3137811318743249e-01 
99.600000 8.3137816398729936e-01 
99.800000 8.3137821178558358e-01 
100.000000 8.3137825674079546e-01 
100.200000 8.3137829900366300e-01 
100.400000 8.3137833871749278e-01 
100.600000 8.3137837601852271e-01 
100.800000 8.3137841103623689e-01 
101.000000 8.3137844389368820e-01 
101.200000 8.3137847470779980e-01 
101.400000 8.3137850358965693e-01 
101.600000 8.3137853064475975e-01 
101.800000 8.3137855597331689e-01 
102.000000 8.3137857967047690e-01 
102.200000 8.3137860182656764e-01 
102.400000 8.3137862252733696e-01 
102.600000 8.3137864185415622e-01 
102.800000 8.3137865988424220e-01 
103.000000 8.3137867669085319e-01 
103.200000 8.3137869234347150e-01 
103.400000 8.3137870690799409e-01 
103.600000 8.3137872044690142e-01 
103.800000 8.3137873301942677e-01 
104.000000 8.3137874468171102e-01 
104.200000 8.3137875548695284e-01 
104.400000 8.3137876548555278e-01 
104.600000 8.3137877472525545e-01 
104.800000 8.3137878325127312e-01 
105.000000 8.3137879110641266e-01 
105.200000 8.3137879833119510e-01 
105.400000 8.3137880496398042e-01 
105.600000 8.3137881104104139e-01 
105.800000 8.3137881659671042e-01 
106.000000 8.3137882166344745e-01 
106.200000 8.3137882627194071e-01 
106.400000 8.3137883045120897e-01 
106.600000 8.3137883422866199e-01 
106.800000 8.3137883763020271e-01 
107.000000 8.3137884068029355e-01 
107.200000 8.3137884340203472e-01 
107.400000 8.3137884581722743e-01 
107.600000 8.3137884794644834e-01 
107.800000 8.3137884980910981e-01 
108.000000 8.3137885142351564e-01 
108.200000 8.3137885280692481e-01 
108.400000 8.3137885397560263e-01 
108.600000 8.3137885494487340e-01 
108.800000 8.3137885572916614e-01 
109.000000 8.3137885634207509e-01 
109.200000 8.3137885679637702e-01 
109.400000 8.3137885710410930e-01 
109.600000 8.3137885727657679e-01 
109.800000 8.3137885732441363e-01 
110.000000 8.3137885725760419e-01 
110.200000 8.3137885708553416e-01 
110.400000 8.3137885681700441e-01 
110.600000 8.3137885646027476e-01 
110.800000 8.3137885602309003e-01 
111.000000 8.3137885551270641e-01 
111.200000 8.3137885493592656e-01 
111.400000 8.3137885429911251e-01 
111.600000 8.3137885360821662e-01 
111.800000 8.3137885286880564e-01 
112.000000 8.3137885208607576e-01 
112.200000 8.3137885126488720e-01 
112.400000 8.3137885040976267e-01 
112.600000 8.3137884952492891e-01 
112.800000 8.3137884861431166e-01 
113.000000 8.3137884768157322e-01 
113.200000 8.3137884673010976e-01 
113.400000 8.3137884576308274e-01 
113.600000 8.3137884478341972e-01 
113.800000 8.3137884379383409e-01 
114.000000 8.3137884279684027e-01 
114.200000 8.3137884179475963e-01 
114.400000 8.3137884078973423e-01 
114.600000 8.3137883978373694e-01 
114.800000 8.3137883877858798e-01 
115.000000 8.3137883777595456e-01 
115.200000 8.3137883677736402e-01 
115.400000 8.3137883578421823e-01 
115.600000 8.3137883479778807e-01 
115.800000 8.3137883381923838e-01 
116.000000 8.3137883284962311e-01 
116.200000 8.3137883188989292e-01 
116.400000 8.3137883094091003e-01 
116.600000 8.3137883000344182e-01 
116.800000 8.3137882907817751e-01 
117.000000 8.3137882816573250e-01 
117.200000 8.3137882726664425e-01 
117.400000 8.3137882638138683e-01 
117.600000 8.3137882551037157e-01 
117.800000 8.3137882465395563e-01 
118.000000 8.3137882381243222e-01 
118.200000 8.3137882298605725e-01 
118.400000 8.3137882217503234e-01 
118.600000 8.3137882137951646e-01 
118.800000 8.3137882059963353e-01 
119.000000 8.3137881983546580e-01 
119.200000 8.3137881908706546e-01 
119.400000 8.3137881835444971e-01 
119.600000 8.3137881763760990e-01 
119.800000 8.3137881693650928e-01 
120.000000 8.3137881625109011e-01 
120.200000 8.3137881558126703e-01 
120.400000 8.3137881492693932e-01 
120.600000 8.3137881428798344e-01 
120.800000 8.3137881366426414e-01 
121.000000 8.3137881305562789e-01 
121.200000 8.3137881246190970e-01 
121.400000 8.3137881188292773e-01 
121.600000 8.3137881131849489e-01 
121.800000 8.3137881076840825e-01 
122.000000 8.3137881023246529e-01 
122.200000 8.3137880971044809e-01 
122.400000 8.3137880920213247e-01 
122.600000 8.3137880870729419e-01 
122.800000 8.3137880822569799e-01 
123.000000 8.3137880775710671e-01 
123.200000 8.3137880730128300e-01 
123.400000 8.3137880685798227e-01 
123.600000 8.3137880642696349e-01 
123.800000 8.3137880600797764e-01 
124.000000 8.3137880560077571e-01 
124.200000 8.3137880520511842e-01 
124.400000 8.3137880482075288e-01 
124.600000 8.3137880444743206e-01 
124.800000 8.3137880408491349e-01 
125.000000 8.3137880373295070e-01 
125.200000 8.3137880339130055e-01 
125.400000 8.3137880305972511e-01 
125.600000 8.3137880273798170e-01 
125.800000 8.3137880242583606e-01 
126.000000 8.3137880212305482e-01 
126.200000 8.3137880182940505e-01 
126.400000 8.3137880154465671e-01 
126.600000 8.3137880126859087e-01 
126.800000 8.3137880100097905e-01 
127.000000 8.3137880074160675e-01 
127.200000 8.3137880049025858e-01 
127.400000 8.3137880024671840e-01 
127.600000 8.3137880001078468e-01 
127.800000 8.3137879978224860e-01 
128.000000 8.3137879956091032e-01 
128.200000 8.3137879934657533e-01 
128.400000 8.3137879913904855e-01 
128.600000 8.3137879893814293e-01 
128.800000 8.3137879874367127e-01 
129.000000 8.3137879855545083e-01 
129.200000 8.3137879837330686e-01 
129.400000 8.3137879819706484e-01 
129.600000 8.3137879802655434e-01 
129.800000 8.3137879786161029e-01 
130.000000 8.3137879770206990e-01 
130.200000 8.3137879754777422e-01 
130.400000 8.3137879739856968e-01 
130.600000 8.3137879725430242e-01 
130.800000 8.3137879711482876e-01 
131.000000 8.3137879698000217e-01 
131.200000 8.3137879684968430e-01 
131.400000 8.3137879672373749e-01 
131.600000 8.3137879660202918e-01 
131.800000 8.3137879648443092e-01 
132.000000 8.3137879637081136e-01 
132.200000 8.3137879626105304e-01 
132.400000 8.3137879615503318e-01 
132.600000 8.3137879605263609e-01 
132.800000 8.3137879595374653e-01 
133.000000 8.3137879585825725e-01 
133.200000 8.3137879576605878e-01 
133.400000 8.3137879567704820e-01 
133.600000 8.3137879559112215e-01 
133.800000 8.3137879550818305e-01 
134.000000 8.3137879542813664e-01 
134.200000 8.3137879535088599e-01 
134.400000 8.3137879527634495e-01 
134.600000 8.3137879520442493e-01 
134.800000 8.3137879513503476e-01 
135.000000 8.3137879506809831e-01 
135.200000 8.3137879500353762e-01 
135.400000 8.3137879494126476e-01 
135.600000 8.3137879488121180e-01 
135.800000 8.3137879482330335e-01 
136.000000 8.3137879476747101e-01 
136.200000 8.3137879471364107e-01 
136.400000 8.3137879466174747e-01 
136.600000 8.3137879461172826e-01 
136.800000 8.3137879456351749e-01 
137.000000 8.3137879451705665e-01 
137.200000 8.3137879447228469e-01 
137.400000 8.3137879442914653e-01 
137.600000 8.3137879438758588e-01 
137.800000 8.3137879434754769e-01 
138.000000 8.3137879430898221e-01 
138.200000 8.3137879427183847e-01 
138.400000 8.3137879423606675e-01 
138.600000 8.3137879420162075e-01 
138.800000 8.3137879416845617e-01 
139.000000 8.3137879413652449e-01 
139.200000 8.3137879410578830e-01 
139.400000 8.3137879407620496e-01 
139.600000 8.3137879404773241e-01 
139.800000 8.3137879402033443e-01 
140.000000 8.3137879399397030e-01 
140.200000 8.3137879396860837e-01 
140.400000 8.3137879394420888e-01 
140.600000 8.3137879392074376e-01 
140.800000 8.3137879389817770e-01 
141.000000 8.3137879387647495e-01 
141.200000 8.3137879385561175e-01 
141.400000 8.3137879383555913e-01 
141.600000 8.3137879381628288e-01 
141.800000 8.3137879379775881e-01 
142.000000 8.3137879377995982e-01 
142.200000 8.3137879376285995e-01 
142.400000 8.3137879374643842e-01 
142.600000 8.3137879373066637e-01 
142.800000 8.3137879371552426e-01 
143.000000 8.3137879370098788e-01 
143.200000 8.3137879368703793e-01 
143.400000 8.3137879367365408e-01 
143.600000 8.3137879366081224e-01 
143.800000 8.3137879364849987e-01 
144.000000 8.3137879363669431e-01 
144.200000 8.3137879362537803e-01 
144.400000 8.3137879361453593e-01 
144.600000 8.3137879360415079e-01 
144.800000 8.3137879359420708e-01 
145.000000 8.3137879358469002e-01 
145.200000 8.3137879357558320e-01 
145.400000 8.3137879356687716e-01 
145.600000 8.3137879355855437e-01 
145.800000 8.3137879355060396e-01 
146.000000 8.3137879354301214e-01 
146.200000 8.3137879353576760e-01 
146.400000 8.3137879352885768e-01 
146.600000 8.3137879352227162e-01 
146.800000 8.3137879351600008e-01 
147.000000 8.3137879351003074e-01 
147.200000 8.3137879350435751e-01 
147.400000 8.3137879349897503e-01 
147.600000 8.3137879349387500e-01 
147.800000 8.3137879348904620e-01 
148.000000 8.3137879348448096e-01 
148.200000 8.3137879348017063e-01 
148.400000 8.3137879347610755e-01 
148.600000 8.3137879347228105e-01 
148.800000 8.3137879346868193e-01 
149.000000 8.3137879346530330e-01 
149.200000 8.3137879346213606e-01 
149.400000 8.3137879345917409e-01 
149.600000 8.3137879345640786e-01 
149.800000 8.3137879345383203e-01 
