0.000000 3.8993603160027788e-03 
0.200000 3.8994018808659152e-03 
0.400000 3.8996592529363344e-03 
0.600000 3.9003825004102601e-03 
0.800000 3.9017933974348396e-03 
1.000000 3.9040926381284048e-03 
1.200000 3.9074582951526549e-03 
1.400000 3.9120484002474415e-03 
1.600000 3.9180032331135334e-03 
1.800000 3.9254499919092719e-03 
2.000000 3.9345088299354352e-03 
2.200000 3.9452903552651590e-03 
2.400000 3.9578976281804618e-03 
2.600000 3.9724273719349201e-03 
2.800000 3.9889712079063727e-03 
3.000000 4.0076167806476770e-03 
3.200000 4.0284487348572415e-03 
3.400000 4.0515510333196027e-03 
3.600000 4.0770084631259794e-03 
3.800000 4.1049007793148747e-03 
4.000000 4.1353075760400529e-03 
4.200000 4.1683086857594431e-03 
4.400000 4.2039852216731654e-03 
4.600000 4.2424202559716373e-03 
4.800000 4.2836994749653164e-03 
5.000000 4.3279117433824583e-03 
5.200000 4.3751496335343396e-03 
5.400000 4.4255099348920277e-03 
5.600000 4.4790939762205792e-03 
5.800000 4.5360082024370890e-03 
6.000000 4.5963648971554380e-03 
6.200000 4.6602823839750262e-03 
6.400000 4.7278854529595659e-03 
6.600000 4.7993057027497284e-03 
6.800000 4.8746821148734389e-03 
7.000000 4.9541616181009345e-03 
7.200000 5.0378996693452834e-03 
7.400000 5.1260608824290690e-03 
7.600000 5.2188196528551480e-03 
7.800000 5.3163608061164574e-03 
8.000000 5.4188802860528048e-03 
8.200000 5.5265858756783984e-03 
8.400000 5.6396979561520654e-03 
8.600000 5.7584503066897925e-03 
8.800000 5.8830909488958869e-03 
9.000000 6.0138830769357774e-03 
9.200000 6.1511059704411992e-03 
9.400000 6.2950560617832914e-03 
9.600000 6.4460480332088534e-03 
9.800000 6.6044159895630346e-03 
10.000000 6.7705147061377455e-03 
10.200000 6.9447209592460989e-03 
10.400000 7.1274349564467224e-03 
10.600000 7.3190818644893827e-03 
10.800000 7.5201134339115839e-03 
11.000000 7.7310097422267727e-03 
11.200000 7.9522810609311111e-03 
11.400000 8.1844698187716943e-03 
11.600000 8.4281527056634838e-03 
11.800000 8.6839429148980688e-03 
12.000000 8.9524925300714878e-03 
12.200000 9.2344950682880685e-03 
12.400000 9.5306881847073404e-03 
12.600000 9.8418565510415695e-03 
12.800000 1.0168834912801399e-02 
13.000000 1.0512511336457888e-02 
13.200000 1.0873830655215851e-02 
13.400000 1.1253798120847121e-02 
13.600000 1.1653483269435109e-02 
13.800000 1.2074024008172431e-02 
14.000000 1.2516630929742773e-02 
14.200000 1.2982591861313397e-02 
14.400000 1.3473276647379330e-02 
14.600000 1.3990142176474653e-02 
14.800000 1.4534737646809993e-02 
15.000000 1.5108710071670891e-02 
15.200000 1.5713810019825136e-02 
15.400000 1.6351897583140412e-02 
15.600000 1.7024948559485609e-02 
15.800000 1.7735060834136486e-02 
16.000000 1.8484460938456293e-02 
16.200000 1.9275510757361194e-02 
16.400000 2.0110714348061089e-02 
16.600000 2.0992724827934992e-02 
16.800000 2.1924351277624089e-02 
17.000000 2.2908565595455000e-02 
17.200000 2.3948509227423882e-02 
17.400000 2.5047499684225857e-02 
17.600000 2.6209036742318129e-02 
17.800000 2.7436808210743475e-02 
18.000000 2.8734695128523825e-02 
18.200000 3.0106776239991376e-02 
18.400000 3.1557331576532101e-02 
18.600000 3.3090844954089288e-02 
18.800000 3.4712005176099694e-02 
19.000000 3.6425705712167744e-02 
19.200000 3.8237042604048789e-02 
19.400000 4.0151310332797861e-02 
19.600000 4.2173995366216174e-02 
19.800000 4.4310767092959460e-02 
20.000000 4.6567465841965687e-02 
20.200000 4.8950087683002061e-02 
20.400000 5.1464765707965543e-02 
20.600000 5.4117747504374779e-02 
20.800000 5.6915368553597086e-02 
21.000000 5.9864021318174240e-02 
21.200000 6.2970119826480861e-02 
21.400000 6.6240059619838851e-02 
21.600000 6.9680172998032017e-02 
21.800000 7.3296679584736790e-02 
22.000000 7.7095632334191561e-02 
22.200000 8.1082859214381936e-02 
22.400000 8.5263900928759878e-02 
22.600000 8.9643945176086842e-02 
22.800000 9.4227758093696046e-02 
23.000000 9.9019613679461799e-02 
23.200000 1.0402322213775522e-01 
23.400000 1.0924165823911310e-01 
23.600000 1.1467729091628051e-01 
23.800000 1.2033171543410026e-01 
24.000000 1.2620568956046901e-01 
24.200000 1.3229907522343759e-01 
24.400000 1.3861078715896258e-01 
24.600000 1.4513875002913548e-01 
24.800000 1.5187986541760642e-01 
25.000000 1.5882998998460926e-01 
25.200000 1.6598392588801467e-01 
25.400000 1.7333542435116422e-01 
25.600000 1.8087720298729948e-01 
25.800000 1.8860097718174837e-01 
26.000000 1.9649750549619399e-01 
26.200000 2.0455664870658205e-01 
26.400000 2.1276744173087420e-01 
26.600000 2.2111817735954942e-01 
26.800000 2.2959650038485718e-01 
27.000000 2.3818951044795170e-01 
27.200000 2.4688387169806378e-01 
27.400000 2.5566592719413911e-01 
27.600000 2.6452181588316448e-01 
27.800000 2.7343758996363943e-01 
28.000000 2.8239933048656912e-01 
28.200000 2.9139325915602904e-01 
28.400000 3.0040584445965368e-01 
28.600000 3.0942390047701768e-01 
28.800000 3.1843467696952726e-01 
29.000000 3.2742593963720579e-01 
29.200000 3.3638603972313952e-01 
29.400000 3.4530397244366101e-01 
29.600000 3.5416942401078516e-01 
29.800000 3.6297280728361475e-01 
30.000000 3.7170528633003064e-01 
30.200000 3.8035879039322540e-01 
30.400000 3.8892601793610043e-01 
30.600000 3.9740043157821148e-01 
30.800000 4.0577624484486463e-01 
31.000000 4.1404840171732571e-01 
31.200000 4.2221255000936547e-01 
31.400000 4.3026500960188035e-01 
31.600000 4.3820273654790637e-01 
31.800000 4.4602328401931279e-01 
32.000000 4.5372476100799980e-01 
32.200000 4.6130578962294477e-01 
32.400000 4.6876546174368972e-01 
32.600000 4.7610329570468801e-01 
32.800000 4.8331919359633041e-01 
33.000000 4.9041339968024295e-01 
33.200000 4.9738646033080192e-01 
33.400000 5.0423918583346339e-01 
33.600000 5.1097261429474206e-01 
33.800000 5.1758797784940713e-01 
34.000000 5.2408667128828856e-01 
34.200000 5.3047022317511505e-01 
34.400000 5.3674026947312248e-01 
34.600000 5.4289852966172969e-01 
34.800000 5.4894678528959462e-01 
35.000000 5.5488686088299721e-01 
35.200000 5.6072060710667537e-01 
35.400000 5.6644988605773205e-01 
35.600000 5.7207655856133244e-01 
35.800000 5.7760247332910153e-01 
36.000000 5.8302945783672566e-01 
36.200000 5.8835931077588266e-01 
36.400000 5.9359379593676986e-01 
36.600000 5.9873463738042820e-01 
36.800000 6.0378351576495326e-01 
37.000000 6.0874206569542655e-01 
37.200000 6.1361187397441375e-01 
37.400000 6.1839447863731856e-01 
37.600000 6.2309136866486736e-01 
37.800000 6.2770398427311669e-01 
38.000000 6.3223371768966052e-01 
38.200000 6.3668191433278054e-01 
38.400000 6.4104987431830240e-01 
38.600000 6.4533885422650039e-01 
38.800000 6.4955006906880985e-01 
39.000000 6.5368469440096366e-01 
39.200000 6.5774386853567279e-01 
39.400000 6.6172869481406738e-01 
39.600000 6.6564024390064758e-01 
39.800000 6.6947955607163856e-01 
40.000000 6.7324764347137234e-01 
40.200000 6.7694549231544376e-01 
40.400000 6.8057406502337692e-01 
40.600000 6.8413430226674632e-01 
40.800000 6.8762712492192946e-01 
41.000000 6.9105343591921509e-01 
41.200000 6.9441412198240116e-01 
41.400000 6.9771005525507912e-01 
41.600000 7.0094209481152736e-01 
41.800000 7.0411108805169942e-01 
42.000000 7.0721787198106489e-01 
42.200000 7.1026327437712566e-01 
42.400000 7.1324811484537731e-01 
42.600000 7.1617320576816224e-01 
42.800000 7.1903935315048739e-01 
43.000000 7.2184735736730510e-01 
43.200000 7.2459801381713762e-01 
43.400000 7.2729211348711953e-01 
43.600000 7.2993044343473146e-01 
43.800000 7.3251378719157734e-01 
44.000000 7.3504292509454738e-01 
44.200000 7.3751863454969580e-01 
44.400000 7.3994169023410639e-01 
44.600000 7.4231286424085208e-01 
44.800000 7.4463292617204724e-01 
45.000000 7.4690264318480348e-01 
45.200000 7.4912277999472099e-01 
45.400000 7.5129409884131071e-01 
45.600000 7.5341735941957422e-01 
45.800000 7.5549331878169368e-01 
46.000000 7.5752273121261060e-01 
46.200000 7.5950634808298656e-01 
46.400000 7.6144491768286082e-01 
46.600000 7.6333918503906784e-01 
46.800000 7.6518989171926144e-01 
47.000000 7.6699777562519267e-01 
47.200000 7.6876357077764457e-01 
47.400000 7.7048800709528198e-01 
47.600000 7.7217181016942826e-01 
47.800000 7.7381570103662078e-01 
48.000000 7.7542039595063561e-01 
48.200000 7.7698660615548276e-01 
48.400000 7.7851503766070862e-01 
48.600000 7.8000639102024794e-01 
48.800000 7.8146136111586995e-01 
49.000000 7.8288063694615506e-01 
49.200000 7.8426490142181426e-01 
49.400000 7.8561483116810960e-01 
49.600000 7.8693109633487335e-01 
49.800000 7.8821436041475967e-01 
50.000000 7.8946528007001360e-01 
50.200000 7.9068450496821863e-01 
50.400000 7.9187267762718250e-01 
50.600000 7.9303043326919576e-01 
50.800000 7.9415839968482171e-01 
51.000000 7.9525719710622544e-01 
51.200000 7.9632743809014128e-01 
51.400000 7.9736972741038326e-01 
51.600000 7.9838466195991875e-01 
51.800000 7.9937283066231068e-01 
52.000000 8.0033481439250775e-01 
52.200000 8.0127118590673130e-01 
52.400000 8.0218250978133399e-01 
52.600000 8.0306934236040928e-01 
52.800000 8.0393223171192230e-01 
53.000000 8.0477171759215882e-01 
53.200000 8.0558833141819564e-01 
53.400000 8.0638259624818809e-01 
53.600000 8.0715502676914697e-01 
53.800000 8.0790612929201877e-01 
54.000000 8.0863640175368035e-01 
54.200000 8.0934633372567244e-01 
54.400000 8.1003640642933794e-01 
54.600000 8.1070709275707697e-01 
54.800000 8.1135885729947499e-01 
55.000000 8.1199215637800470e-01 
55.200000 8.1260743808301494e-01 
55.400000 8.1320514231676677e-01 
55.600000 8.1378570084122448e-01 
55.800000 8.1434953733035309e-01 
56.000000 8.1489706742665868e-01 
56.200000 8.1542869880172220e-01 
56.400000 8.1594483122049855e-01 
56.600000 8.1644585660910973e-01 
56.800000 8.1693215912594275e-01 
57.000000 8.1740411523579715e-01 
57.200000 8.1786209378688079e-01 
57.400000 8.1830645609043484e-01 
57.600000 8.1873755600279463e-01 
57.800000 8.1915574000969571e-01 
58.000000 8.1956134731261898e-01 
58.200000 8.1995470991700192e-01 
58.400000 8.2033615272216520e-01 
58.600000 8.2070599361274410e-01 
58.800000 8.2106454355150416e-01 
59.000000 8.2141210667336617e-01 
59.200000 8.2174898038050614e-01 
59.400000 8.2207545543838367e-01 
59.600000 8.2239181607255862e-01 
59.800000 8.2269834006618026e-01 
60.000000 8.2299529885803790e-01 
60.200000 8.2328295764102188e-01 
60.400000 8.2356157546091036e-01 
60.600000 8.2383140531539001e-01 
60.800000 8.2409269425317089e-01 
61.000000 8.2434568347314485e-01 
61.200000 8.2459060842345921e-01 
61.400000 8.2482769890046070e-01 
61.600000 8.2505717914739130e-01 
61.800000 8.2527926795279816e-01 
62.000000 8.2549417874854381e-01 
62.200000 8.2570211970740037e-01 
62.400000 8.2590329384011374e-01 
62.600000 8.2609789909192077e-01 
62.800000 8.2628612843843441e-01 
63.000000 8.2646816998085793e-01 
63.200000 8.2664420704049157e-01 
63.400000 8.2681441825244939e-01 
63.600000 8.2697897765858641e-01 
63.800000 8.2713805479957125e-01 
64.000000 8.2729181480606440e-01 
64.200000 8.2744041848900263e-01 
64.400000 8.2758402242890572e-01 
64.600000 8.2772277906421965e-01 
64.800000 8.2785683677865585e-01 
65.000000 8.2798633998749138e-01 
65.200000 8.2811142922283876e-01 
65.400000 8.2823224121780703e-01 
65.600000 8.2834890898961910e-01 
65.800000 8.2846156192159315e-01 
66.000000 8.2857032584401946e-01 
66.200000 8.2867532311388969e-01 
66.400000 8.2877667269351418e-01 
66.600000 8.2887449022795034e-01 
66.800000 8.2896888812129932e-01 
67.000000 8.2905997561181999e-01 
67.200000 8.2914785884588360e-01 
67.400000 8.2923264095074312e-01 
67.600000 8.2931442210613004e-01 
67.800000 8.2939329961467423e-01 
68.000000 8.2946936797113235e-01 
68.200000 8.2954271893045950e-01 
68.400000 8.2961344157467254e-01 
68.600000 8.2968162237856657e-01 
68.800000 8.2974734527424054e-01 
69.000000 8.2981069171447019e-01 
69.200000 8.2987174073490488e-01 
69.400000 8.2993056901510853e-01 
69.600000 8.2998725093848069e-01 
69.800000 8.3004185865097380e-01 
70.000000 8.3009446211873683e-01 
70.200000 8.3014512918458860e-01 
70.400000 8.3019392562340355e-01 
70.600000 8.3024091519636634e-01 
70.800000 8.3028615970412678e-01 
71.000000 8.3032971903889463e-01 
71.200000 8.3037165123541623e-01 
71.400000 8.3041201252090913e-01 
71.600000 8.3045085736393842e-01 
71.800000 8.3048823852224574e-01 
72.000000 8.3052420708953367e-01 
72.200000 8.3055881254126285e-01 
72.400000 8.3059210277940720e-01 
72.600000 8.3062412417622800e-01 
72.800000 8.3065492161707888e-01 
73.000000 8.3068453854223145e-01 
73.200000 8.3071301698773559e-01 
73.400000 8.3074039762536378e-01 
73.600000 8.3076671980160621e-01 
73.800000 8.3079202157576404e-01 
74.000000 8.3081633975714508e-01 
74.200000 8.3083970994135392e-01 
74.400000 8.3086216654574463e-01 
74.600000 8.3088374284398181e-01 
74.800000 8.3090447099977860e-01 
75.000000 8.3092438209979536e-01 
75.200000 8.3094350618573531e-01 
75.400000 8.3096187228563390e-01 
75.600000 8.3097950844433865e-01 
75.800000 8.3099644175326071e-01 
76.000000 8.3101269837933434e-01 
76.200000 8.3102830359323454e-01 
76.400000 8.3104328179688514e-01 
76.600000 8.3105765655022934e-01 
76.800000 8.3107145059729715e-01 
77.000000 8.3108468589160212e-01 
77.200000 8.3109738362084873e-01 
77.400000 8.3110956423097326e-01 
77.600000 8.3112124744955385e-01 
77.800000 8.3113245230857113e-01 
78.000000 8.3114319716654961e-01 
78.200000 8.3115349973009212e-01 
78.400000 8.3116337707482246e-01 
78.600000 8.3117284566574579e-01 
78.800000 8.3118192137701408e-01 
79.000000 8.3119061951118278e-01 
79.200000 8.3119895481787276e-01 
79.400000 8.3120694151192775e-01 
79.600000 8.3121459329105318e-01 
79.800000 8.3122192335292067e-01 
80.000000 8.3122894441180040e-01 
80.200000 8.3123566871470800e-01 
80.400000 8.3124210805705645e-01 
80.600000 8.3124827379786148e-01 
80.800000 8.3125417687450298e-01 
81.000000 8.3125982781702379e-01 
81.200000 8.3126523676201436e-01 
81.400000 8.3127041346607977e-01 
81.600000 8.3127536731888985e-01 
81.800000 8.3128010735583191e-01 
82.000000 8.3128464227028409e-01 
82.200000 8.3128898042549937e-01 
82.400000 8.3129312986613402e-01 
82.600000 8.3129709832939880e-01 
82.800000 8.3130089325587619e-01 
83.000000 8.3130452180000425e-01 
83.200000 8.3130799084019169e-01 
83.400000 8.3131130698866462e-01 
83.600000 8.3131447660095115e-01 
83.800000 8.3131750578509223e-01 
84.000000 8.3132040041054089e-01 
84.200000 8.3132316611678225e-01 
84.400000 8.3132580832165770e-01 
84.600000 8.3132833222943847e-01 
84.800000 8.3133074283860831e-01 
85.000000 8.3133304494942284e-01 
85.200000 8.3133524317117447e-01 
85.400000 8.3133734192925690e-01 
85.600000 8.3133934547197019e-01 
85.800000 8.3134125787709590e-01 
86.000000 8.3134308305826232e-01 
86.200000 8.3134482477108895e-01 
86.400000 8.3134648661911659e-01 
86.600000 8.3134807205953587e-01 
86.800000 8.3134958440872597e-01 
87.000000 8.3135102684759288e-01 
87.200000 8.3135240242673247e-01 
87.400000 8.3135371407140080e-01 
87.600000 8.3135496458632208e-01 
87.800000 8.3135615666032348e-01 
88.000000 8.3135729287080828e-01 
88.200000 8.3135837568806370e-01 
88.400000 8.3135940747942294e-01 
88.600000 8.3136039051328381e-01 
88.800000 8.3136132696296305e-01 
89.000000 8.3136221891043904e-01 
89.200000 8.3136306834993057e-01 
89.400000 8.3136387719137361e-01 
89.600000 8.3136464726375281e-01 
89.800000 8.3136538031831597e-01 
90.000000 8.3136607803167129e-01 
90.200000 8.3136674200877725e-01 
90.400000 8.3136737378580505e-01 
90.600000 8.3136797483291225e-01 
90.800000 8.3136854655690684e-01 
91.000000 8.3136909030380401e-01 
91.200000 8.3136960736129806e-01 
91.400000 8.3137009896114389e-01 
91.600000 8.3137056628142447e-01 
91.800000 8.3137101044876804e-01 
92.000000 8.3137143254044943e-01 
92.200000 8.3137183358642841e-01 
92.400000 8.3137221457130617e-01 
92.600000 8.3137257643620133e-01 
92.800000 8.3137292008056896e-01 
93.000000 8.3137324636391652e-01 
93.200000 8.3137355610749719e-01 
93.400000 8.3137385009590947e-01 
93.600000 8.3137412907861974e-01 
93.800000 8.3137439377147326e-01 
94.000000 8.3137464485809198e-01 
94.200000 8.3137488299125861e-01 
94.400000 8.3137510879422505e-01 
94.600000 8.3137532286196136e-01 
94.800000 8.3137552576238305e-01 
95.000000 8.3137571803749732e-01 
95.200000 8.3137590020452834e-01 
95.400000 8.3137607275698300e-01 
95.600000 8.3137623616567724e-01 
95.800000 8.3137639087972104e-01 
96.000000 8.3137653732746164e-01 
96.200000 8.3137667591739339e-01 
96.400000 8.3137680703902117e-01 
96.600000 8.3137693106369781e-01 
96.800000 8.3137704834542780e-01 
97.000000 8.3137715922161837e-01 
97.200000 8.3137726401382395e-01 
97.400000 8.3137736302845311e-01 
97.600000 8.3137745655743223e-01 
97.800000 8.3137754487885929e-01 
98.000000 8.3137762825761718e-01 
98.200000 8.3137770694597046e-01 
98.400000 8.3137778118413153e-01 
98.600000 8.3137785120080376e-01 
98.800000 8.3137791721370446e-01 
99.000000 8.3137797943005631e-01 
99.200000 8.3137803804707455e-01 
99.400000 8.3137809325240830e-01 
99.600000 8.3137814522459474e-01 
99.800000 8.3137819413347147e-01 
100.000000 8.3137824014056672e-01 
100.200000 8.3137828339949627e-01 
100.400000 8.3137832405631529e-01 
100.600000 8.3137836224988004e-01 
100.800000 8.3137839811217806e-01 
101.000000 8.3137843176864834e-01 
101.200000 8.3137846333848664e-01 
101.400000 8.3137849293493205e-01 
101.600000 8.3137852066556439e-01 
101.800000 8.3137854663255184e-01 
102.000000 8.3137857093291478e-01 
102.200000 8.3137859365876965e-01 
102.400000 8.3137861489755738e-01 
102.600000 8.3137863473227525e-01 
102.800000 8.3137865324167637e-01 
103.000000 8.3137867050048786e-01 
103.200000 8.3137868657958736e-01 
103.400000 8.3137870154620219e-01 
103.600000 8.3137871546408149e-01 
103.800000 8.3137872839365878e-01 
104.000000 8.3137874039221582e-01 
104.200000 8.3137875151404816e-01 
104.400000 8.3137876181058934e-01 
104.600000 8.3137877133056692e-01 
104.800000 8.3137878012013311e-01 
105.000000 8.3137878822298517e-01 
105.200000 8.3137879568049289e-01 
105.400000 8.3137880253180796e-01 
105.600000 8.3137880881398296e-01 
105.800000 8.3137881456206941e-01 
106.000000 8.3137881980921868e-01 
106.200000 8.3137882458677637e-01 
106.400000 8.3137882892437642e-01 
106.600000 8.3137883285002490e-01 
106.800000 8.3137883639018550e-01 
107.000000 8.3137883956985137e-01 
107.200000 8.3137884241262805e-01 
107.400000 8.3137884494079584e-01 
107.600000 8.3137884717538668e-01 
107.800000 8.3137884913624471e-01 
108.000000 8.3137885084208041e-01 
108.200000 8.3137885231054320e-01 
108.400000 8.3137885355826280e-01 
108.600000 8.3137885460091410e-01 
108.800000 8.3137885545325718e-01 
109.000000 8.3137885612919282e-01 
109.200000 8.3137885664180500e-01 
109.400000 8.3137885700339897e-01 
109.600000 8.3137885722555194e-01 
109.800000 8.3137885731915107e-01 
110.000000 8.3137885729441507e-01 
110.200000 8.3137885716095705e-01 
110.400000 8.3137885692778823e-01 
110.600000 8.3137885660337185e-01 
110.800000 8.3137885619564067e-01 
111.000000 8.3137885571203674e-01 
111.200000 8.3137885515952448e-01 
111.400000 8.3137885454463090e-01 
111.600000 8.3137885387346067e-01 
111.800000 8.3137885315172266e-01 
112.000000 8.3137885238475084e-01 
112.200000 8.3137885157752889e-01 
112.400000 8.3137885073470541e-01 
112.600000 8.3137884986061428e-01 
112.800000 8.3137884895929104e-01 
113.000000 8.3137884803450257e-01 
113.200000 8.3137884708973508e-01 
113.400000 8.3137884612824142e-01 
113.600000 8.3137884515303606e-01 
113.800000 8.3137884416690944e-01 
114.000000 8.3137884317244748e-01 
114.200000 8.3137884217204661e-01 
114.400000 8.3137884116791549e-01 
114.600000 8.3137884016208674e-01 
114.800000 8.3137883915643929e-01 
115.000000 8.3137883815269709e-01 
115.200000 8.3137883715243244e-01 
115.400000 8.3137883615710129e-01 
115.600000 8.3137883516802091e-01 
115.800000 8.3137883418639513e-01 
116.000000 8.3137883321331663e-01 
116.200000 8.3137883224977649e-01 
116.400000 8.3137883129666945e-01 
116.600000 8.3137883035479687e-01 
116.800000 8.3137882942487751e-01 
117.000000 8.3137882850755318e-01 
117.200000 8.3137882760339277e-01 
117.400000 8.3137882671288943e-01 
117.600000 8.3137882583648215e-01 
117.800000 8.3137882497454152e-01 
118.000000 8.3137882412739172e-01 
118.200000 8.3137882329529877e-01 
118.400000 8.3137882247848238e-01 
118.600000 8.3137882167712285e-01 
118.800000 8.3137882089134940e-01 
119.000000 8.3137882012126751e-01 
119.200000 8.3137881936693558e-01 
119.400000 8.3137881862838525e-01 
119.600000 8.3137881790561496e-01 
119.800000 8.3137881719860340e-01 
120.000000 8.3137881650729306e-01 
120.200000 8.3137881583161510e-01 
120.400000 8.3137881517147416e-01 
120.600000 8.3137881452675011e-01 
120.800000 8.3137881389731694e-01 
121.000000 8.3137881328302676e-01 
121.200000 8.3137881268371450e-01 
121.400000 8.3137881209921005e-01 
121.600000 8.3137881152932636e-01 
121.800000 8.3137881097386712e-01 
122.000000 8.3137881043262785e-01 
122.200000 8.3137880990539614e-01 
122.400000 8.3137880939195019e-01 
122.600000 8.3137880889206794e-01 
122.800000 8.3137880840551370e-01 
123.000000 8.3137880793205710e-01 
123.200000 8.3137880747145565e-01 
123.400000 8.3137880702347167e-01 
123.600000 8.3137880658785912e-01 
123.800000 8.3137880616437232e-01 
124.000000 8.3137880575276546e-01 
124.200000 8.3137880535279218e-01 
124.400000 8.3137880496420236e-01 
124.600000 8.3137880458675295e-01 
124.800000 8.3137880422019683e-01 
125.000000 8.3137880386428786e-01 
125.200000 8.3137880351878479e-01 
125.400000 8.3137880318344504e-01 
125.600000 8.3137880285802657e-01 
125.800000 8.3137880254229779e-01 
126.000000 8.3137880223601701e-01 
126.200000 8.3137880193895430e-01 
126.400000 8.3137880165088296e-01 
126.600000 8.3137880137157327e-01 
126.800000 8.3137880110080298e-01 
127.000000 8.3137880083835325e-01 
127.200000 8.3137880058400893e-01 
127.400000 8.3137880033755329e-01 
127.600000 8.3137880009877929e-01 
127.800000 8.3137879986748131e-01 
128.000000 8.3137879964345662e-01 
128.200000 8.3137879942650594e-01 
128.400000 8.3137879921643887e-01 
128.600000 8.3137879901306033e-01 
128.800000 8.3137879881618548e-01 
129.000000 8.3137879862563180e-01 
129.200000 8.3137879844122087e-01 
129.400000 8.3137879826277805e-01 
129.600000 8.3137879809012816e-01 
129.800000 8.3137879792310643e-01 
130.000000 8.3137879776154944e-01 
130.200000 8.3137879760529332e-01 
130.400000 8.3137879745419208e-01 
130.600000 8.3137879730808162e-01 
130.800000 8.3137879716681906e-01 
131.000000 8.3137879703025974e-01 
131.200000 8.3137879689825966e-01 
131.400000 8.3137879677068005e-01 
131.600000 8.3137879664739356e-01 
131.800000 8.3137879652826074e-01 
132.000000 8.3137879641315782e-01 
132.200000 8.3137879630195710e-01 
132.400000 8.3137879619454391e-01 
132.600000 8.3137879609079601e-01 
132.800000 8.3137879599059650e-01 
133.000000 8.3137879589383967e-01 
133.200000 8.3137879580041407e-01 
133.400000 8.3137879571021567e-01 
133.600000 8.3137879562313877e-01 
133.800000 8.3137879553908534e-01 
134.000000 8.3137879545795956e-01 
134.200000 8.3137879537966819e-01 
134.400000 8.3137879530411640e-01 
134.600000 8.3137879523121738e-01 
134.800000 8.3137879516088320e-01 
135.000000 8.3137879509303492e-01 
135.200000 8.3137879502758572e-01 
135.400000 8.3137879496446176e-01 
135.600000 8.3137879490358146e-01 
135.800000 8.3137879484487331e-01 
136.000000 8.3137879478826615e-01 
136.200000 8.3137879473368848e-01 
136.400000 8.3137879468107467e-01 
136.600000 8.3137879463035524e-01 
136.800000 8.3137879458147068e-01 
137.000000 8.3137879453435770e-01 
137.200000 8.3137879448895624e-01 
137.400000 8.3137879444520957e-01 
137.600000 8.3137879440306073e-01 
137.800000 8.3137879436245532e-01 
138.000000 8.3137879432334161e-01 
138.200000 8.3137879428566774e-01 
138.400000 8.3137879424938277e-01 
138.600000 8.3137879421444350e-01 
138.800000 8.3137879418080163e-01 
139.000000 8.3137879414841043e-01 
139.200000 8.3137879411722837e-01 
139.400000 8.3137879408721493e-01 
139.600000 8.3137879405832948e-01 
139.800000 8.3137879403053006e-01 
140.000000 8.3137879400378167e-01 
140.200000 8.3137879397804593e-01 
140.400000 8.3137879395328806e-01 
140.600000 8.3137879392947422e-01 
140.800000 8.3137879390657232e-01 
141.000000 8.3137879388454994e-01 
141.200000 8.3137879386337521e-01 
141.400000 8.3137879384301849e-01 
141.600000 8.3137879382345037e-01 
141.800000 8.3137879380464641e-01 
142.000000 8.3137879378657797e-01 
142.200000 8.3137879376922008e-01 
142.400000 8.3137879375254253e-01 
142.600000 8.3137879373652857e-01 
142.800000 8.3137879372115320e-01 
143.000000 8.3137879370638990e-01 
143.200000 8.3137879369222345e-01 
143.400000 8.3137879367862555e-01 
143.600000 8.3137879366558265e-01 
143.800000 8.3137879365307266e-01 
144.000000 8.3137879364107836e-01 
144.200000 8.3137879362957912e-01 
144.400000 8.3137879361856115e-01 
144.600000 8.3137879360800460e-01 
144.800000 8.3137879359789457e-01 
145.000000 8.3137879358821853e-01 
145.200000 8.3137879357896094e-01 
145.400000 8.3137879357010425e-01 
145.600000 8.3137879356163835e-01 
145.800000 8.3137879355354916e-01 
146.000000 8.3137879354582145e-01 
146.200000 8.3137879353844935e-01 
146.400000 8.3137879353141331e-01 
146.600000 8.3137879352470578e-01 
146.800000 8.3137879351831545e-01 
147.000000 8.3137879351223209e-01 
147.200000 8.3137879350644872e-01 
147.400000 8.3137879350095734e-01 
147.600000 8.3137879349575061e-01 
147.800000 8.3137879349082011e-01 
148.000000 8.3137879348615618e-01 
148.200000 8.3137879348175070e-01 
148.400000 8.3137879347759380e-01 
148.600000 8.3137879347367749e-01 
148.800000 8.3137879346999444e-01 
149.000000 8.3137879346653309e-01 
149.200000 8.3137879346328547e-01 
149.400000 8.3137879346024623e-01 
149.600000 8.3137879345740806e-01 
149.800000 8.3137879345475862e-01 
