0.000000 5.0941130727948780e-01 
0.200000 5.0941313134943900e-01 
0.400000 5.0941692742161238e-01 
0.600000 5.0942164650324628e-01 
0.800000 5.0942633954969940e-01 
1.000000 5.0943013635585088e-01 
1.200000 5.0943223109417046e-01 
1.400000 5.0943186476506697e-01 
1.600000 5.0942831179815740e-01 
1.800000 5.0942086792950503e-01 
2.000000 5.0940884243290363e-01 
2.200000 5.0939180554279728e-01 
2.400000 5.0936948538195193e-01 
2.600000 5.0934165321478908e-01 
2.800000 5.0930811096021111e-01 
3.000000 5.0926868399720171e-01 
3.200000 5.0922321863806741e-01 
3.400000 5.0917158341201285e-01 
3.600000 5.0911440751106118e-01 
3.800000 5.0905193794621273e-01 
4.000000 5.0898400776180419e-01 
4.200000 5.0891040317026470e-01 
4.400000 5.0883087569524810e-01 
4.600000 5.0874517398723296e-01 
4.800000 5.0865303575289311e-01 
5.000000 5.0855420415205732e-01 
5.200000 5.0844843383780547e-01 
5.400000 5.0833549480755558e-01 
5.600000 5.0821517046617071e-01 
5.800000 5.0808725329091309e-01 
6.000000 5.0795154133035403e-01 
6.200000 5.0780783430806764e-01 
6.400000 5.0765592961019645e-01 
6.600000 5.0749561776444274e-01 
6.800000 5.0732668374752365e-01 
7.000000 5.0714888471466890e-01 
7.200000 5.0696194764110358e-01 
7.400000 5.0676558179287723e-01 
7.600000 5.0655948266579753e-01 
7.800000 5.0634333208249693e-01 
8.000000 5.0611679926156750e-01 
8.200000 5.0587953994935397e-01 
8.400000 5.0563119595182415e-01 
8.600000 5.0537139410333354e-01 
8.800000 5.0509974482949693e-01 
9.000000 5.0481584048192585e-01 
9.200000 5.0451925358630201e-01 
9.400000 5.0420953507003075e-01 
9.600000 5.0388621255931543e-01 
9.800000 5.0354878893974231e-01 
10.000000 5.0319674153240090e-01 
10.200000 5.0282952070763998e-01 
10.400000 5.0244654801355038e-01 
10.600000 5.0204721404927688e-01 
10.800000 5.0163087681136564e-01 
11.000000 5.0119686031791644e-01 
11.200000 5.0074445306555393e-01 
11.400000 5.0027290619875187e-01 
11.600000 4.9978143145922660e-01 
11.800000 4.9926919890435217e-01 
12.000000 4.9873533444152857e-01 
12.200000 4.9817891719423357e-01 
12.400000 4.9759897672022840e-01 
12.600000 4.9699449009230517e-01 
12.800000 4.9636437884744666e-01 
13.000000 4.9570750578618189e-01 
13.200000 4.9502267167435726e-01 
13.400000 4.9430861173300789e-01 
13.600000 4.9356399198410655e-01 
13.800000 4.9278740544991928e-01 
14.000000 4.9197736822113769e-01 
14.200000 4.9113231539013624e-01 
14.400000 4.9025059682533106e-01 
14.600000 4.8933047278527153e-01 
14.800000 4.8837010938340253e-01 
15.000000 4.8736757392201058e-01 
15.200000 4.8632083013415423e-01 
15.400000 4.8522773334713487e-01 
15.600000 4.8408602560372599e-01 
15.800000 4.8289333077877589e-01 
16.000000 4.8164714973638950e-01 
16.200000 4.8034485557834167e-01 
16.400000 4.7898368904579719e-01 
16.600000 4.7756075414410748e-01 
16.800000 4.7607301407558195e-01 
17.000000 4.7451728757451095e-01 
17.200000 4.7289024575513200e-01 
17.400000 4.7118840959687047e-01 
17.600000 4.6940814820765547e-01 
17.800000 4.6754567802301095e-01 
18.000000 4.6559706311631516e-01 
18.200000 4.6355821681673592e-01 
18.400000 4.6142490484294585e-01 
18.600000 4.5919275018365707e-01 
18.800000 4.5685723996760191e-01 
19.000000 4.5441373458032636e-01 
19.200000 4.5185747929575298e-01 
19.400000 4.4918361869712592e-01 
19.600000 4.4638721416383836e-01 
19.800000 4.4346326469630692e-01 
20.000000 4.4040673133910951e-01 
20.200000 4.3721256544209086e-01 
20.400000 4.3387574096946141e-01 
20.600000 4.3039129102377577e-01 
20.800000 4.2675434869839679e-01 
21.000000 4.2296019230474835e-01 
21.200000 4.1900429493961178e-01 
21.400000 4.1488237826324137e-01 
21.600000 4.1059047025064405e-01 
21.800000 4.0612496655817126e-01 
22.000000 4.0148269501561845e-01 
22.200000 3.9666098261401722e-01 
22.400000 3.9165772421316658e-01 
22.600000 3.8647145204497257e-01 
22.800000 3.8110140494318978e-01 
23.000000 3.7554759609232535e-01 
23.200000 3.6981087796441375e-01 
23.400000 3.6389300300855432e-01 
23.600000 3.5779667858094416e-01 
23.800000 3.5152561456042164e-01 
24.000000 3.4508456209205329e-01 
24.200000 3.3847934194569318e-01 
24.400000 3.3171686107238763e-01 
24.600000 3.2480511609220714e-01 
24.800000 3.1775318265362418e-01 
25.000000 3.1057118986539767e-01 
25.200000 3.0327027931246187e-01 
25.400000 2.9586254852002952e-01 
25.600000 2.8836097911421127e-01 
25.800000 2.8077935032968354e-01 
26.000000 2.7313213891973021e-01 
26.200000 2.6543440691446440e-01 
26.400000 2.5770167903203917e-01 
26.600000 2.4994981185872742e-01 
26.800000 2.4219485716228828e-01 
27.000000 2.3445292187729952e-01 
27.200000 2.2674002739302454e-01 
27.400000 2.1907197078008975e-01 
27.600000 2.1146419051230469e-01 
27.800000 2.0393163907935818e-01 
28.000000 1.9648866465360937e-01 
28.200000 1.8914890368191614e-01 
28.400000 1.8192518593574025e-01 
28.600000 1.7482945318528040e-01 
28.800000 1.6787269228223520e-01 
29.000000 1.6106488305629865e-01 
29.200000 1.5441496106663080e-01 
29.400000 1.4793079491318809e-01 
29.600000 1.4161917751347106e-01 
29.800000 1.3548583049458068e-01 
30.000000 1.2953542064278439e-01 
30.200000 1.2377158719446464e-01 
30.400000 1.1819697864293532e-01 
30.600000 1.1281329767258590e-01 
30.800000 1.0762135281124911e-01 
31.000000 1.0262111540868424e-01 
31.200000 9.7811780597973214e-02 
31.400000 9.3191830971593295e-02 
31.600000 8.8759101799093368e-02 
31.800000 8.4510846723018979e-02 
32.000000 8.0443802988818161e-02 
32.200000 7.6554255388283171e-02 
32.400000 7.2838098220602152e-02 
32.600000 6.9290894696961688e-02 
32.800000 6.5907933331141477e-02 
33.000000 6.2684280967611569e-02 
33.200000 5.9614832198743604e-02 
33.400000 5.6694355012948942e-02 
33.600000 5.3917532595310048e-02 
33.800000 5.1279001271415325e-02 
34.000000 4.8773384643889216e-02 
34.200000 4.6395324019852191e-02 
34.400000 4.4139505266953025e-02 
34.600000 4.2000682266387458e-02 
34.800000 3.9973697154265353e-02 
35.000000 3.8053497558721089e-02 
35.200000 3.6235151050137228e-02 
35.400000 3.4513857026609987e-02 
35.600000 3.2884956257187251e-02 
35.800000 3.1343938302182212e-02 
36.000000 2.9886447023737418e-02 
36.200000 2.8508284391410343e-02 
36.400000 2.7205412777422035e-02 
36.600000 2.5973955924877459e-02 
36.800000 2.4810198760105616e-02 
37.000000 2.3710586207686138e-02 
37.200000 2.2671721153981254e-02 
37.400000 2.1690361692346727e-02 
37.600000 2.0763417770833115e-02 
37.800000 1.9887947351264857e-02 
38.000000 1.9061152177208981e-02 
38.200000 1.8280373237595057e-02 
38.400000 1.7543086002692051e-02 
38.600000 1.6846895499783271e-02 
38.800000 1.6189531287265798e-02 
39.000000 1.5568842377984126e-02 
39.200000 1.4982792155409829e-02 
39.400000 1.4429453319761880e-02 
39.600000 1.3907002895286008e-02 
39.800000 1.3413717324664913e-02 
40.000000 1.2947967671847086e-02 
40.200000 1.2508214950441710e-02 
40.400000 1.2093005591180988e-02 
40.600000 1.1700967058754492e-02 
40.800000 1.1330803625544405e-02 
41.000000 1.0981292307383640e-02 
41.200000 1.0651278964397262e-02 
41.400000 1.0339674568225161e-02 
41.600000 1.0045451635438241e-02 
41.800000 9.7676408257126382e-03 
42.000000 9.5053277022978666e-03 
42.200000 9.2576496514676729e-03 
42.400000 9.0237929569704119e-03 
42.600000 8.8029900249586932e-03 
42.800000 8.5945167544728661e-03 
43.000000 8.3976900482531803e-03 
43.200000 8.2118654584487395e-03 
43.400000 8.0364349616642797e-03 
43.600000 7.8708248577256529e-03 
43.800000 7.7144937865396062e-03 
44.000000 7.5669308574681411e-03 
44.200000 7.4276538857162818e-03 
44.400000 7.2962077303462061e-03 
44.600000 7.1721627286665699e-03 
44.800000 7.0551132219027497e-03 
45.000000 6.9446761672253381e-03 
45.200000 6.8404898313950847e-03 
45.400000 6.7422125614726575e-03 
45.600000 6.6495216282345402e-03 
45.800000 6.5621121381322974e-03 
46.000000 6.4796960098274584e-03 
46.200000 6.4020010115281587e-03 
46.400000 6.3287698555442263e-03 
46.600000 6.2597593466638809e-03 
46.800000 6.1947395811360554e-03 
47.000000 6.1334931932182707e-03 
47.200000 6.0758146464195296e-03 
47.400000 6.0215095667297668e-03 
47.600000 5.9703941152838167e-03 
47.800000 5.9222943980569371e-03 
48.000000 5.8770459103307049e-03 
48.200000 5.8344930138031518e-03 
48.400000 5.7944884443456180e-03 
48.600000 5.7568928485297695e-03 
48.800000 5.7215743471640060e-03 
49.000000 5.6884081241857292e-03 
49.200000 5.6572760393599642e-03 
49.400000 5.6280662633302597e-03 
49.600000 5.6006729336589775e-03 
49.800000 5.5749958305797388e-03 
50.000000 5.5509400712648333e-03 
50.200000 5.5284158214860771e-03 
50.400000 5.5073380236179232e-03 
50.600000 5.4876261399985828e-03 
50.800000 5.4692039107264142e-03 
51.000000 5.4519991250275542e-03 
51.200000 5.4359434053855493e-03 
51.400000 5.4209720036734396e-03 
51.600000 5.4070236085785889e-03 
51.800000 5.3940401636534199e-03 
52.000000 5.3819666953679405e-03 
52.200000 5.3707511505788862e-03 
52.400000 5.3603442428666985e-03 
52.600000 5.3506993072257054e-03 
52.800000 5.3417721626253150e-03 
53.000000 5.3335209819888778e-03 
53.200000 5.3259061691658888e-03 
53.400000 5.3188902424989347e-03 
53.600000 5.3124377246103541e-03 
53.800000 5.3065150380579712e-03 
54.000000 5.3010904065290878e-03 
54.200000 5.2961337612631790e-03 
54.400000 5.2916166524110677e-03 
54.600000 5.2875121650569927e-03 
54.800000 5.2837948396458360e-03 
55.000000 5.2804405965727105e-03 
55.200000 5.2774266647075165e-03 
55.400000 5.2747315136386979e-03 
55.600000 5.2723347894354129e-03 
55.800000 5.2702172537366738e-03 
56.000000 5.2683607259884921e-03 
56.200000 5.2667480286603813e-03 
56.400000 5.2653629352812543e-03 
56.600000 5.2641901211452737e-03 
56.800000 5.2632151165452664e-03 
57.000000 5.2624242624005578e-03 
57.200000 5.2618046681528483e-03 
57.400000 5.2613441718112122e-03 
57.600000 5.2610313020336188e-03 
57.800000 5.2608552421387293e-03 
58.000000 5.2608057959478783e-03 
58.200000 5.2608733553622137e-03 
58.400000 5.2610488695853247e-03 
58.600000 5.2613238159066496e-03 
58.800000 5.2616901719655124e-03 
59.000000 5.2621403894197831e-03 
59.200000 5.2626673689478128e-03 
59.400000 5.2632644365147637e-03 
59.600000 5.2639253208403083e-03 
59.800000 5.2646441320056388e-03 
60.000000 5.2654153411426634e-03 
60.200000 5.2662337611506672e-03 
60.400000 5.2670945283886253e-03 
60.600000 5.2679930852937897e-03 
60.800000 5.2689251638805687e-03 
61.000000 5.2698867700750685e-03 
61.200000 5.2708741688435659e-03 
61.400000 5.2718838700756242e-03 
61.600000 5.2729126151833203e-03 
61.800000 5.2739573643820004e-03 
62.000000 5.2750152846175119e-03 
62.200000 5.2760837381085890e-03 
62.400000 5.2771602714732921e-03 
62.600000 5.2782426054108732e-03 
62.800000 5.2793286249110966e-03 
63.000000 5.2804163699653687e-03 
63.200000 5.2815040267543290e-03 
63.400000 5.2825899192886078e-03 
63.600000 5.2836725014801088e-03 
63.800000 5.2847503496226715e-03 
64.000000 5.2858221552619317e-03 
64.200000 5.2868867184345421e-03 
64.400000 5.2879429412594050e-03 
64.600000 5.2889898218627012e-03 
64.800000 5.2900264486204140e-03 
65.000000 5.2910519947029959e-03 
65.200000 5.2920657129065535e-03 
65.400000 5.2930669307569012e-03 
65.600000 5.2940550458726648e-03 
65.800000 5.2950295215747354e-03 
66.000000 5.2959898827294885e-03 
66.200000 5.2969357118147773e-03 
66.400000 5.2978666451969992e-03 
66.600000 5.2987823696089538e-03 
66.800000 5.2996826188185650e-03 
67.000000 5.3005671704787266e-03 
67.200000 5.3014358431496275e-03 
67.400000 5.3022884934839521e-03 
67.600000 5.3031250135682747e-03 
67.800000 5.3039453284112192e-03 
68.000000 5.3047493935722626e-03 
68.200000 5.3055371929231262e-03 
68.400000 5.3063087365357543e-03 
68.600000 5.3070640586901034e-03 
68.800000 5.3078032159954791e-03 
69.000000 5.3085262856204006e-03 
69.200000 5.3092333636243234e-03 
69.400000 5.3099245633869861e-03 
69.600000 5.3106000141300664e-03 
69.800000 5.3112598595257601e-03 
70.000000 5.3119042563891956e-03 
70.200000 5.3125333734486396e-03 
70.400000 5.3131473901908777e-03 
70.600000 5.3137464957769579e-03 
70.800000 5.3143308880251846e-03 
71.000000 5.3149007724572518e-03 
71.200000 5.3154563614047088e-03 
71.400000 5.3159978731722995e-03 
71.600000 5.3165255312551344e-03 
71.800000 5.3170395636070213e-03 
72.000000 5.3175402019569225e-03 
72.200000 5.3180276811710123e-03 
72.400000 5.3185022386582712e-03 
72.600000 5.3189641138165515e-03 
72.800000 5.3194135475174639e-03 
73.000000 5.3198507816275787e-03 
73.200000 5.3202760585643024e-03 
73.400000 5.3206896208841271e-03 
73.600000 5.3210917109015338e-03 
73.800000 5.3214825703371367e-03 
74.000000 5.3218624399928669e-03 
74.200000 5.3222315594531871e-03 
74.400000 5.3225901668103462e-03 
74.600000 5.3229384984127886e-03 
74.800000 5.3232767886348458e-03 
75.000000 5.3236052696668517e-03 
75.200000 5.3239241713243868e-03 
75.400000 5.3242337208752070e-03 
75.600000 5.3245341428832769e-03 
75.800000 5.3248256590685671e-03 
76.000000 5.3251084881815128e-03 
76.200000 5.3253828458916441e-03 
76.400000 5.3256489446891261e-03 
76.600000 5.3259069937984646e-03 
76.800000 5.3261571991038781e-03 
77.000000 5.3263997630850456e-03 
77.200000 5.3266348847630591e-03 
77.400000 5.3268627596556838e-03 
77.600000 5.3270835797411663e-03 
77.800000 5.3272975334303155e-03 
78.000000 5.3275048055459254e-03 
78.200000 5.3277055773093170e-03 
78.400000 5.3279000263334649e-03 
78.600000 5.3280883266218883e-03 
78.800000 5.3282706485732736e-03 
79.000000 5.3284471589912933e-03 
79.200000 5.3286180210989458e-03 
79.400000 5.3287833945575491e-03 
79.600000 5.3289434354895342e-03 
79.800000 5.3290982965049629e-03 
80.000000 5.3292481267315454e-03 
80.200000 5.3293930718473805e-03 
80.400000 5.3295332741170173e-03 
80.600000 5.3296688724294074e-03 
80.800000 5.3298000023387056e-03 
81.000000 5.3299267961066793e-03 
81.200000 5.3300493827472661e-03 
81.400000 5.3301678880724977e-03 
81.600000 5.3302824347400525e-03 
81.800000 5.3303931423019117e-03 
82.000000 5.3305001272542004e-03 
82.200000 5.3306035030879009e-03 
82.400000 5.3307033803404119e-03 
82.600000 5.3307998666476258e-03 
82.800000 5.3308930667966175e-03 
83.000000 5.3309830827787293e-03 
83.200000 5.3310700138430337e-03 
83.400000 5.3311539565495418e-03 
83.600000 5.3312350048232895e-03 
83.800000 5.3313132500075744e-03 
84.000000 5.3313887809176841e-03 
84.200000 5.3314616838943570e-03 
84.400000 5.3315320428567068e-03 
84.600000 5.3315999393554157e-03 
84.800000 5.3316654526249707e-03 
85.000000 5.3317286596359951e-03 
85.200000 5.3317896351467962e-03 
85.400000 5.3318484517546408e-03 
85.600000 5.3319051799463829e-03 
85.800000 5.3319598881483819e-03 
86.000000 5.3320126427762607e-03 
86.200000 5.3320635082834350e-03 
86.400000 5.3321125472094799e-03 
86.600000 5.3321598202274697e-03 
86.800000 5.3322053861908159e-03 
87.000000 5.3322493021793396e-03 
87.200000 5.3322916235445479e-03 
87.400000 5.3323324039540633e-03 
87.600000 5.3323716954355276e-03 
87.800000 5.3324095484196853e-03 
88.000000 5.3324460117823514e-03 
88.200000 5.3324811328860694e-03 
88.400000 5.3325149576206659e-03 
88.600000 5.3325475304430402e-03 
88.800000 5.3325788944163892e-03 
89.000000 5.3326090912481881e-03 
89.200000 5.3326381613279057e-03 
89.400000 5.3326661437635321e-03 
89.600000 5.3326930764174092e-03 
89.800000 5.3327189959415733e-03 
90.000000 5.3327439378116947e-03 
90.200000 5.3327679363609484e-03 
90.400000 5.3327910248126085e-03 
90.600000 5.3328132353120637e-03 
90.800000 5.3328345989582474e-03 
91.000000 5.3328551458339413e-03 
91.200000 5.3328749050356988e-03 
91.400000 5.3328939047029116e-03 
91.600000 5.3329121720460436e-03 
91.800000 5.3329297333745253e-03 
92.000000 5.3329466141234082e-03 
92.200000 5.3329628388799136e-03 
92.400000 5.3329784314088101e-03 
92.600000 5.3329934146775651e-03 
92.800000 5.3330078108805214e-03 
93.000000 5.3330216414625370e-03 
93.200000 5.3330349271421447e-03 
93.400000 5.3330476879338605e-03 
93.600000 5.3330599431700943e-03 
93.800000 5.3330717115222864e-03 
94.000000 5.3330830110217093e-03 
94.200000 5.3330938590793828e-03 
94.400000 5.3331042725057098e-03 
94.600000 5.3331142675294985e-03 
94.800000 5.3331238598163704e-03 
95.000000 5.3331330644866967e-03 
95.200000 5.3331418961330987e-03 
95.400000 5.3331503688373036e-03 
95.600000 5.3331584961866605e-03 
95.800000 5.3331662912901442e-03 
96.000000 5.3331737667937883e-03 
96.200000 5.3331809348957978e-03 
96.400000 5.3331878073612582e-03 
96.600000 5.3331943955361441e-03 
96.800000 5.3332007103613511e-03 
97.000000 5.3332067623858021e-03 
97.200000 5.3332125617796301e-03 
97.400000 5.3332181183466049e-03 
97.600000 5.3332234415364990e-03 
97.800000 5.3332285404567451e-03 
98.000000 5.3332334238840378e-03 
98.200000 5.3332381002753832e-03 
98.400000 5.3332425777790175e-03 
98.600000 5.3332468642446305e-03 
98.800000 5.3332509672337144e-03 
99.000000 5.3332548940292577e-03 
99.200000 5.3332586516453380e-03 
99.400000 5.3332622468362052e-03 
99.600000 5.3332656861053793e-03 
99.800000 5.3332689757141713e-03 
100.000000 5.3332721216900409e-03 
100.200000 5.3332751298348375e-03 
100.400000 5.3332780057324088e-03 
100.600000 5.3332807547565595e-03 
100.800000 5.3332833820779633e-03 
101.000000 5.3332858926716607e-03 
101.200000 5.3332882913236911e-03 
101.400000 5.3332905826379068e-03 
101.600000 5.3332927710423340e-03 
101.800000 5.3332948607954416e-03 
102.000000 5.3332968559921682e-03 
102.200000 5.3332987605697576e-03 
102.400000 5.3333005783133989e-03 
102.600000 5.3333023128616791e-03 
102.800000 5.3333039677118622e-03 
103.000000 5.3333055462249576e-03 
103.200000 5.3333070516307039e-03 
103.400000 5.3333084870322801e-03 
103.600000 5.3333098554109795e-03 
103.800000 5.3333111596305773e-03 
104.000000 5.3333124024416180e-03 
104.200000 5.3333135864857273e-03 
104.400000 5.3333147142994057e-03 
104.600000 5.3333157883180106e-03 
104.800000 5.3333168108795903e-03 
105.000000 5.3333177842283192e-03 
105.200000 5.3333187105180559e-03 
105.400000 5.3333195918158069e-03 
105.600000 5.3333204301048674e-03 
105.800000 5.3333212272879613e-03 
106.000000 5.3333219851903731e-03 
106.200000 5.3333227055627529e-03 
106.400000 5.3333233900839791e-03 
106.600000 5.3333240403639686e-03 
106.800000 5.3333246579461736e-03 
107.000000 5.3333252443101917e-03 
107.200000 5.3333258008741689e-03 
107.400000 5.3333263289972854e-03 
107.600000 5.3333268299818135e-03 
107.800000 5.3333273050754524e-03 
108.000000 5.3333277554734725e-03 
108.200000 5.3333281823206014e-03 
108.400000 5.3333285867132509e-03 
108.600000 5.3333289697010677e-03 
108.800000 5.3333293322890994e-03 
109.000000 5.3333296754392466e-03 
109.200000 5.3333300000722381e-03 
109.400000 5.3333303070690541e-03 
109.600000 5.3333305972726244e-03 
109.800000 5.3333308714892851e-03 
110.000000 5.3333311304902663e-03 
110.200000 5.3333313750130685e-03 
110.400000 5.3333316057628645e-03 
110.600000 5.3333318234137228e-03 
110.800000 5.3333320286100029e-03 
111.000000 5.3333322219673738e-03 
111.200000 5.3333324040741844e-03 
111.400000 5.3333325754924034e-03 
111.600000 5.3333327367588003e-03 
111.800000 5.3333328883859530e-03 
112.000000 5.3333330308632512e-03 
112.200000 5.3333331646577987e-03 
112.400000 5.3333332902155131e-03 
112.600000 5.3333334079617451e-03 
112.800000 5.3333335183023767e-03 
113.000000 5.3333336216244732e-03 
113.200000 5.3333337182971778e-03 
113.400000 5.3333338086724294e-03 
113.600000 5.3333338930857182e-03 
113.800000 5.3333339718566776e-03 
114.000000 5.3333340452898651e-03 
114.200000 5.3333341136755320e-03 
114.400000 5.3333341772898784e-03 
114.600000 5.3333342363960333e-03 
114.800000 5.3333342912443502e-03 
115.000000 5.3333343420731713e-03 
115.200000 5.3333343891091602e-03 
115.400000 5.3333344325680052e-03 
115.600000 5.3333344726547195e-03 
115.800000 5.3333345095642583e-03 
116.000000 5.3333345434818311e-03 
116.200000 5.3333345745835018e-03 
116.400000 5.3333346030364692e-03 
116.600000 5.3333346289994510e-03 
116.800000 5.3333346526231338e-03 
117.000000 5.3333346740505310e-03 
117.200000 5.3333346934173499e-03 
117.400000 5.3333347108522316e-03 
117.600000 5.3333347264771565e-03 
117.800000 5.3333347404077545e-03 
118.000000 5.3333347527535361e-03 
118.200000 5.3333347636182341e-03 
118.400000 5.3333347731000409e-03 
118.600000 5.3333347812918857e-03 
118.800000 5.3333347882816851e-03 
119.000000 5.3333347941525895e-03 
119.200000 5.3333347989831326e-03 
119.400000 5.3333348028475665e-03 
119.600000 5.3333348058159612e-03 
119.800000 5.3333348079545395e-03 
120.000000 5.3333348093256589e-03 
120.200000 5.3333348099882869e-03 
120.400000 5.3333348099978417e-03 
120.600000 5.3333348094066037e-03 
120.800000 5.3333348082638173e-03 
121.000000 5.3333348066157797e-03 
121.200000 5.3333348045060125e-03 
121.400000 5.3333348019755193e-03 
121.600000 5.3333347990626731e-03 
121.800000 5.3333347958035640e-03 
122.000000 5.3333347922320520e-03 
122.200000 5.3333347883798843e-03 
122.400000 5.3333347842766908e-03 
122.600000 5.3333347799503477e-03 
122.800000 5.3333347754267882e-03 
123.000000 5.3333347707303349e-03 
123.200000 5.3333347658835878e-03 
123.400000 5.3333347609077130e-03 
123.600000 5.3333347558223521e-03 
123.800000 5.3333347506457828e-03 
124.000000 5.3333347453950915e-03 
124.200000 5.3333347400859954e-03 
124.400000 5.3333347347331228e-03 
124.600000 5.3333347293500156e-03 
124.800000 5.3333347239491484e-03 
125.000000 5.3333347185420491e-03 
125.200000 5.3333347131393760e-03 
125.400000 5.3333347077508531e-03 
125.600000 5.3333347023854271e-03 
125.800000 5.3333346970512556e-03 
126.000000 5.3333346917558465e-03 
126.200000 5.3333346865059488e-03 
126.400000 5.3333346813077484e-03 
126.600000 5.3333346761667948e-03 
126.800000 5.3333346710880821e-03 
127.000000 5.3333346660761191e-03 
127.200000 5.3333346611348833e-03 
127.400000 5.3333346562679041e-03 
127.600000 5.3333346514783291e-03 
127.800000 5.3333346467688688e-03 
128.000000 5.3333346421418652e-03 
128.200000 5.3333346375992905e-03 
128.400000 5.3333346331428657e-03 
128.600000 5.3333346287738979e-03 
128.800000 5.3333346244936021e-03 
129.000000 5.3333346203027210e-03 
129.200000 5.3333346162018737e-03 
129.400000 5.3333346121914853e-03 
129.600000 5.3333346082717016e-03 
129.800000 5.3333346044425684e-03 
130.000000 5.3333346007038490e-03 
130.200000 5.3333345970552077e-03 
130.400000 5.3333345934961779e-03 
130.600000 5.3333345900261897e-03 
130.800000 5.3333345866444521e-03 
131.000000 5.3333345833501394e-03 
131.200000 5.3333345801423295e-03 
131.400000 5.3333345770199877e-03 
131.600000 5.3333345739819838e-03 
131.800000 5.3333345710271565e-03 
132.000000 5.3333345681542991e-03 
132.200000 5.3333345653620422e-03 
132.400000 5.3333345626490822e-03 
132.600000 5.3333345600140658e-03 
132.800000 5.3333345574554840e-03 
133.000000 5.3333345549719515e-03 
133.200000 5.3333345525619549e-03 
133.400000 5.3333345502240247e-03 
133.600000 5.3333345479566275e-03 
133.800000 5.3333345457582549e-03 
134.000000 5.3333345436273518e-03 
134.200000 5.3333345415623968e-03 
134.400000 5.3333345395618608e-03 
134.600000 5.3333345376242042e-03 
134.800000 5.3333345357478952e-03 
135.000000 5.3333345339314168e-03 
135.200000 5.3333345321732737e-03 
135.400000 5.3333345304719558e-03 
135.600000 5.3333345288259582e-03 
135.800000 5.3333345272338776e-03 
136.000000 5.3333345256942090e-03 
136.200000 5.3333345242055344e-03 
136.400000 5.3333345227664641e-03 
136.600000 5.3333345213755750e-03 
136.800000 5.3333345200315668e-03 
137.000000 5.3333345187330334e-03 
137.200000 5.3333345174786852e-03 
137.400000 5.3333345162672168e-03 
137.600000 5.3333345150973835e-03 
137.800000 5.3333345139679562e-03 
138.000000 5.3333345128776678e-03 
138.200000 5.3333345118253724e-03 
138.400000 5.3333345108098913e-03 
138.600000 5.3333345098300934e-03 
138.800000 5.3333345088848608e-03 
139.000000 5.3333345079731326e-03 
139.200000 5.3333345070938239e-03 
139.400000 5.3333345062459292e-03 
139.600000 5.3333345054284859e-03 
139.800000 5.3333345046404391e-03 
140.000000 5.3333345038808983e-03 
140.200000 5.3333345031488961e-03 
140.400000 5.3333345024435697e-03 
140.600000 5.3333345017640551e-03 
140.800000 5.3333345011094520e-03 
141.000000 5.3333345004790231e-03 
141.200000 5.3333344998719124e-03 
141.400000 5.3333344992873757e-03 
141.600000 5.3333344987246192e-03 
141.800000 5.3333344981829553e-03 
142.000000 5.3333344976616622e-03 
142.200000 5.3333344971601060e-03 
142.400000 5.3333344966775727e-03 
142.600000 5.3333344962134049e-03 
142.800000 5.3333344957670796e-03 
143.000000 5.3333344953379255e-03 
143.200000 5.3333344949253849e-03 
143.400000 5.3333344945288869e-03 
143.600000 5.3333344941479217e-03 
143.800000 5.3333344937819644e-03 
144.000000 5.3333344934305207e-03 
144.200000 5.3333344930931144e-03 
144.400000 5.3333344927692693e-03 
144.600000 5.3333344924585378e-03 
144.800000 5.3333344921605366e-03 
145.000000 5.3333344918748042e-03 
145.200000 5.3333344916009209e-03 
145.400000 5.3333344913385587e-03 
145.600000 5.3333344910873404e-03 
145.800000 5.3333344908468409e-03 
146.000000 5.3333344906167741e-03 
146.200000 5.3333344903967635e-03 
146.400000 5.3333344901865089e-03 
146.600000 5.3333344899857251e-03 
146.800000 5.3333344897941535e-03 
147.000000 5.3333344896116181e-03 
147.200000 5.3333344894378673e-03 
147.400000 5.3333344892727034e-03 
147.600000 5.3333344891158150e-03 
147.800000 5.3333344889669610e-03 
148.000000 5.3333344888259696e-03 
148.200000 5.3333344886924905e-03 
148.400000 5.3333344885662763e-03 
148.600000 5.3333344884471043e-03 
148.800000 5.3333344883347818e-03 
149.000000 5.3333344882289836e-03 
149.200000 5.3333344881294972e-03 
149.400000 5.3333344880360954e-03 
149.600000 5.3333344879485751e-03 
149.800000 5.3333344878666511e-03 
