0.000000 5.0940509328432215e-01 
0.200000 5.0940655509719246e-01 
0.400000 5.0941014101954329e-01 
0.600000 5.0941478780040717e-01 
0.800000 5.0941953471736079e-01 
1.000000 5.0942350349044319e-01 
1.200000 5.0942588088805874e-01 
1.400000 5.0942590285788369e-01 
1.600000 5.0942284047030006e-01 
1.800000 5.0941598745003025e-01 
2.000000 5.0940465153929826e-01 
2.200000 5.0938835258752768e-01 
2.400000 5.0936678629983556e-01 
2.600000 5.0933975436222012e-01 
2.800000 5.0930705354097661e-01 
3.000000 5.0926850492364983e-01 
3.200000 5.0922395067317294e-01 
3.400000 5.0917325488673193e-01 
3.600000 5.0911689355677725e-01 
3.800000 5.0905526436382831e-01 
4.000000 5.0898820583422777e-01 
4.200000 5.0891550966816224e-01 
4.400000 5.0883693190419677e-01 
4.600000 5.0875221530664283e-01 
4.800000 5.0866109806462168e-01 
5.000000 5.0856332254339365e-01 
5.200000 5.0845864207955271e-01 
5.400000 5.0834682487209881e-01 
5.600000 5.0822765322875552e-01 
5.800000 5.0810091663824997e-01 
6.000000 5.0796641508021245e-01 
6.200000 5.0782394839147027e-01 
6.400000 5.0767331460312348e-01 
6.600000 5.0751430536366482e-01 
6.800000 5.0734670609745403e-01 
7.000000 5.0717027906332091e-01 
7.200000 5.0698475457642911e-01 
7.400000 5.0678984373749303e-01 
7.600000 5.0658524386322101e-01 
7.800000 5.0637063921218461e-01 
8.000000 5.0614570065415210e-01 
8.200000 5.0591008587050812e-01 
8.400000 5.0566343878396292e-01 
8.600000 5.0540538852410599e-01 
8.800000 5.0513554804397398e-01 
9.000000 5.0485351244731880e-01 
9.200000 5.0455885726143601e-01 
9.400000 5.0425113661835175e-01 
9.600000 5.0392988156657204e-01 
9.800000 5.0359459856090261e-01 
10.000000 5.0324476866494317e-01 
10.200000 5.0287984628165416e-01 
10.400000 5.0249925727096645e-01 
10.600000 5.0210239688830283e-01 
10.800000 5.0168862801720948e-01 
11.000000 5.0125727974166023e-01 
11.200000 5.0080764591519200e-01 
11.400000 5.0033898331760374e-01 
11.600000 4.9985050963609079e-01 
11.800000 4.9934140121854070e-01 
12.000000 4.9881079063151029e-01 
12.200000 4.9825776404761718e-01 
12.400000 4.9768135848888079e-01 
12.600000 4.9708055893550890e-01 
12.800000 4.9645429529372570e-01 
13.000000 4.9580143920928038e-01 
13.200000 4.9512080078086118e-01 
13.400000 4.9441112509416690e-01 
13.600000 4.9367108858613817e-01 
13.800000 4.9289929526383075e-01 
14.000000 4.9209427279110141e-01 
14.200000 4.9125446844217152e-01 
14.400000 4.9037824489947029e-01 
14.600000 4.8946387588707480e-01 
14.800000 4.8850954165837757e-01 
15.000000 4.8751332435225475e-01 
15.200000 4.8647320324481952e-01 
15.400000 4.8538704992209220e-01 
15.600000 4.8425262340589204e-01 
15.800000 4.8306756526935163e-01 
16.000000 4.8182939478284792e-01 
16.200000 4.8053550414901547e-01 
16.400000 4.7918315387517385e-01 
16.600000 4.7776946836178402e-01 
16.800000 4.7629143178427052e-01 
17.000000 4.7474588436280685e-01 
17.200000 4.7312951912764989e-01 
17.400000 4.7143887930264466e-01 
17.600000 4.6967035644505234e-01 
17.800000 4.6782018949713061e-01 
18.000000 4.6588446492233709e-01 
18.200000 4.6385911811713521e-01 
18.400000 4.6173993630973181e-01 
18.600000 4.5952256316943269e-01 
18.800000 4.5720250536881785e-01 
19.000000 4.5477514135431885e-01 
19.200000 4.5223573259148270e-01 
19.400000 4.4957943755928997e-01 
19.600000 4.4680132876943163e-01 
19.800000 4.4389641308435823e-01 
20.000000 4.4085965559634599e-01 
20.200000 4.3768600731111584e-01 
20.400000 4.3437043685044985e-01 
20.600000 4.3090796634821810e-01 
20.800000 4.2729371166201402e-01 
21.000000 4.2352292695732791e-01 
21.200000 4.1959105364218680e-01 
21.400000 4.1549377353803035e-01 
21.600000 4.1122706606555393e-01 
21.800000 4.0678726910627322e-01 
22.000000 4.0217114306993601e-01 
22.200000 3.9737593755893785e-01 
22.400000 3.9239945987551483e-01 
22.600000 3.8724014446949384e-01 
22.800000 3.8189712227822642e-01 
23.000000 3.7637028877102446e-01 
23.200000 3.7066036938398428e-01 
23.400000 3.6476898092387394e-01 
23.600000 3.5869868743827293e-01 
23.800000 3.5245304900086116e-01 
24.000000 3.4603666185206972e-01 
24.200000 3.3945518837246458e-01 
24.400000 3.3271537545431790e-01 
24.600000 3.2582505997942274e-01 
24.800000 3.1879316030949784e-01 
25.000000 3.1162965294867240e-01 
25.200000 3.0434553384108964e-01 
25.400000 2.9695276411382310e-01 
25.600000 2.8946420045549548e-01 
25.800000 2.8189351072151658e-01 
26.000000 2.7425507576223435e-01 
26.200000 2.6656387886394900e-01 
26.400000 2.5883538455742833e-01 
26.600000 2.5108540886759106e-01 
26.800000 2.4332998333657707e-01 
27.000000 2.3558521533818719e-01 
27.200000 2.2786714730597554e-01 
27.400000 2.2019161751577881e-01 
27.600000 2.1257412499586070e-01 
27.800000 2.0502970098864495e-01 
28.000000 1.9757278916544252e-01 
28.200000 1.9021713651119768e-01 
28.400000 1.8297569646432010e-01 
28.600000 1.7586054553258432e-01 
28.800000 1.6888281422596887e-01 
29.000000 1.6205263276664950e-01 
29.200000 1.5537909166941752e-01 
29.400000 1.4887021694477928e-01 
29.600000 1.4253295937170388e-01 
29.800000 1.3637319702460840e-01 
30.000000 1.3039575002425879e-01 
30.200000 1.2460440631666699e-01 
30.400000 1.1900195716760907e-01 
30.600000 1.1359024099071549e-01 
30.800000 1.0837019410062211e-01 
31.000000 1.0334190699441480e-01 
31.200000 9.8504684809228429e-02 
31.400000 9.3857110675319599e-02 
31.600000 8.9397110776514244e-02 
31.800000 8.5122020037826887e-02 
32.000000 8.1028647478072993e-02 
32.200000 7.7113340388686544e-02 
32.400000 7.3372046624597551e-02 
32.600000 6.9800374415480662e-02 
32.800000 6.6393649223111348e-02 
33.000000 6.3146967280842028e-02 
33.200000 6.0055245552710974e-02 
33.400000 5.7113267941395027e-02 
33.600000 5.4315727655526412e-02 
33.800000 5.1657265717602249e-02 
34.000000 4.9132505653981487e-02 
34.200000 4.6736084458674020e-02 
34.400000 4.4462679963343549e-02 
34.600000 4.2307034777939637e-02 
34.800000 4.0263976990421245e-02 
35.000000 3.8328437831025110e-02 
35.200000 3.6495466517336893e-02 
35.400000 3.4760242501899595e-02 
35.600000 3.3118085345077541e-02 
35.800000 3.1564462433161800e-02 
36.000000 3.0094994755944880e-02 
36.200000 2.8705460949897496e-02 
36.400000 2.7391799803158853e-02 
36.600000 2.6150111407374669e-02 
36.800000 2.4976657129348385e-02 
37.000000 2.3867858562932876e-02 
37.200000 2.2820295608848722e-02 
37.400000 2.1830703817442211e-02 
37.600000 2.0895971116981212e-02 
37.800000 2.0013134038090873e-02 
38.000000 1.9179373533469716e-02 
38.200000 1.8392010481183257e-02 
38.400000 1.7648500949664053e-02 
38.600000 1.6946431293094998e-02 
38.800000 1.6283513137111953e-02 
39.000000 1.5657578306753763e-02 
39.200000 1.5066573741285703e-02 
39.400000 1.4508556433900527e-02 
39.600000 1.3981688428341191e-02 
39.800000 1.3484231899148472e-02 
40.000000 1.3014544337472653e-02 
40.200000 1.2571073860174380e-02 
40.400000 1.2152354656219054e-02 
40.600000 1.1757002581114106e-02 
40.800000 1.1383710907298190e-02 
41.000000 1.1031246235937882e-02 
41.200000 1.0698444573473088e-02 
41.400000 1.0384207574450808e-02 
41.600000 1.0087498950661682e-02 
41.800000 9.8073410453128236e-03 
42.000000 9.5428115699105337e-03 
42.200000 9.2930405006566193e-03 
42.400000 9.0572071304630374e-03 
42.600000 8.8345372721353125e-03 
42.800000 8.6243006078520791e-03 
43.000000 8.4258081797528080e-03 
43.200000 8.2384100162275244e-03 
43.400000 8.0614928883634383e-03 
43.600000 7.8944781909343290e-03 
43.800000 7.7368199423065494e-03 
44.000000 7.5880028976719992e-03 
44.200000 7.4475407700944534e-03 
44.400000 7.3149745539627525e-03 
44.600000 7.1898709455791186e-03 
44.800000 7.0718208557643374e-03 
45.000000 6.9604380095308485e-03 
45.200000 6.8553576280556208e-03 
45.400000 6.7562351883723787e-03 
45.600000 6.6627452563965545e-03 
45.800000 6.5745803890912557e-03 
46.000000 6.4914501017779265e-03 
46.200000 6.4130798967899933e-03 
46.400000 6.3392103498581933e-03 
46.600000 6.2695962508036995e-03 
46.800000 6.2040057952972103e-03 
47.000000 6.1422198246183241e-03 
47.200000 6.0840311105201774e-03 
47.400000 6.0292436824678211e-03 
47.600000 5.9776721946754457e-03 
47.800000 5.9291413305185125e-03 
48.000000 5.8834852420388143e-03 
48.200000 5.8405470223973138e-03 
48.400000 5.8001782092586057e-03 
48.600000 5.7622383172135127e-03 
48.800000 5.7265943974616224e-03 
49.000000 5.6931206230860258e-03 
49.200000 5.6616978983551345e-03 
49.400000 5.6322134905838839e-03 
49.600000 5.6045606831790157e-03 
49.800000 5.5786384485781377e-03 
50.000000 5.5543511398746526e-03 
50.200000 5.5316081999959707e-03 
50.400000 5.5103238873736625e-03 
50.600000 5.4904170171120167e-03 
50.800000 5.4718107167233583e-03 
51.000000 5.4544321955577978e-03 
51.200000 5.4382125271101815e-03 
51.400000 5.4230864434379753e-03 
51.600000 5.4089921409730167e-03 
51.800000 5.3958710970539560e-03 
52.000000 5.3836678965499384e-03 
52.200000 5.3723300679840956e-03 
52.400000 5.3618079286029971e-03 
52.600000 5.3520544378729724e-03 
52.800000 5.3430250589160885e-03 
53.000000 5.3346776274284446e-03 
53.200000 5.3269722276524881e-03 
53.400000 5.3198710750006206e-03 
53.600000 5.3133384049524465e-03 
53.800000 5.3073403678709358e-03 
54.000000 5.3018449294040199e-03 
54.200000 5.2968217761591311e-03 
54.400000 5.2922422263559444e-03 
54.600000 5.2880791451812128e-03 
54.800000 5.2843068645854014e-03 
55.000000 5.2809011072762948e-03 
55.200000 5.2778389146802768e-03 
55.400000 5.2750985786536525e-03 
55.600000 5.2726595767408173e-03 
55.800000 5.2705025107869204e-03 
56.000000 5.2686090487242031e-03 
56.200000 5.2669618693616440e-03 
56.400000 5.2655446100169749e-03 
56.600000 5.2643418168400180e-03 
56.800000 5.2633388976837487e-03 
57.000000 5.2625220773892655e-03 
57.200000 5.2618783553565196e-03 
57.400000 5.2613954652811334e-03 
57.600000 5.2610618369442579e-03 
57.800000 5.2608665599474186e-03 
58.000000 5.2607993492923303e-03 
58.200000 5.2608505127091565e-03 
58.400000 5.2610109196432383e-03 
58.600000 5.2612719718146224e-03 
58.800000 5.2616255752699357e-03 
59.000000 5.2620641138494606e-03 
59.200000 5.2625804239979099e-03 
59.400000 5.2631677708494346e-03 
59.600000 5.2638198255229827e-03 
59.800000 5.2645306435659079e-03 
60.000000 5.2652946444879415e-03 
60.200000 5.2661065923304620e-03 
60.400000 5.2669615772187768e-03 
60.600000 5.2678549978479438e-03 
60.800000 5.2687825448552881e-03 
61.000000 5.2697401850350751e-03 
61.200000 5.2707241463531111e-03 
61.400000 5.2717309037214723e-03 
61.600000 5.2727571654951682e-03 
61.800000 5.2737998606549683e-03 
62.000000 5.2748561266419631e-03 
62.200000 5.2759232978115810e-03 
62.400000 5.2769988944764284e-03 
62.600000 5.2780806125081762e-03 
62.800000 5.2791663134715708e-03 
63.000000 5.2802540152631829e-03 
63.200000 5.2813418832309304e-03 
63.400000 5.2824282217495853e-03 
63.600000 5.2835114662305119e-03 
63.800000 5.2845901755435342e-03 
64.000000 5.2856630248307081e-03 
64.200000 5.2867287986930059e-03 
64.400000 5.2877863847306935e-03 
64.600000 5.2888347674205430e-03 
64.800000 5.2898730223129801e-03 
65.000000 5.2909003105332348e-03 
65.200000 5.2919158735713970e-03 
65.400000 5.2929190283475831e-03 
65.600000 5.2939091625375913e-03 
65.800000 5.2948857301472465e-03 
66.000000 5.2958482473219508e-03 
66.200000 5.2967962883808213e-03 
66.400000 5.2977294820634622e-03 
66.600000 5.2986475079790278e-03 
66.800000 5.2995500932475261e-03 
67.000000 5.3004370093238965e-03 
67.200000 5.3013080689952611e-03 
67.400000 5.3021631235432246e-03 
67.600000 5.3030020600624544e-03 
67.800000 5.3038247989281246e-03 
68.000000 5.3046312914043795e-03 
68.200000 5.3054215173868264e-03 
68.400000 5.3061954832723203e-03 
68.600000 5.3069532199496042e-03 
68.800000 5.3076947809044452e-03 
69.000000 5.3084202404338155e-03 
69.200000 5.3091296919631917e-03 
69.400000 5.3098232464618283e-03 
69.600000 5.3105010309511397e-03 
69.800000 5.3111631871011027e-03 
70.000000 5.3118098699102790e-03 
70.200000 5.3124412464651974e-03 
70.400000 5.3130574947748499e-03 
70.600000 5.3136588026764667e-03 
70.800000 5.3142453668087288e-03 
71.000000 5.3148173916489610e-03 
71.200000 5.3153750886110740e-03 
71.400000 5.3159186752005571e-03 
71.600000 5.3164483742241834e-03 
71.800000 5.3169644130507980e-03 
72.000000 5.3174670229210854e-03 
72.200000 5.3179564383030956e-03 
72.400000 5.3184328962915337e-03 
72.600000 5.3188966360480650e-03 
72.800000 5.3193478982806915e-03 
73.000000 5.3197869247598017e-03 
73.200000 5.3202139578690175e-03 
73.400000 5.3206292401889134e-03 
73.600000 5.3210330141114726e-03 
73.800000 5.3214255214841825e-03 
74.000000 5.3218070032811544e-03 
74.200000 5.3221776993008290e-03 
74.400000 5.3225378478878203e-03 
74.600000 5.3228876856777421e-03 
74.800000 5.3232274473642895e-03 
75.000000 5.3235573654861010e-03 
75.200000 5.3238776702334888e-03 
75.400000 5.3241885892727249e-03 
75.600000 5.3244903475877896e-03 
75.800000 5.3247831673377526e-03 
76.000000 5.3250672677293007e-03 
76.200000 5.3253428649033202e-03 
76.400000 5.3256101718345151e-03 
76.600000 5.3258693982435349e-03 
76.800000 5.3261207505205964e-03 
77.000000 5.3263644316597809e-03 
77.200000 5.3266006412035927e-03 
77.400000 5.3268295751967860e-03 
77.600000 5.3270514261491986e-03 
77.800000 5.3272663830062975e-03 
78.000000 5.3274746311279420e-03 
78.200000 5.3276763522738090e-03 
78.400000 5.3278717245953703e-03 
78.600000 5.3280609226342710e-03 
78.800000 5.3282441173260475e-03 
79.000000 5.3284214760091382e-03 
79.200000 5.3285931624386792e-03 
79.400000 5.3287593368048737e-03 
79.600000 5.3289201557550746e-03 
79.800000 5.3290757724200940e-03 
80.000000 5.3292263364433925e-03 
80.200000 5.3293719940137310e-03 
80.400000 5.3295128879005662e-03 
80.600000 5.3296491574918161e-03 
80.800000 5.3297809388343749e-03 
81.000000 5.3299083646761187e-03 
81.200000 5.3300315645102639e-03 
81.400000 5.3301506646211728e-03 
81.600000 5.3302657881314740e-03 
81.800000 5.3303770550508752e-03 
82.000000 5.3304845823255826e-03 
82.200000 5.3305884838890216e-03 
82.400000 5.3306888707132767e-03 
82.600000 5.3307858508610320e-03 
82.800000 5.3308795295383890e-03 
83.000000 5.3309700091476236e-03 
83.200000 5.3310573893407872e-03 
83.400000 5.3311417670729704e-03 
83.600000 5.3312232366561135e-03 
83.800000 5.3313018898125822e-03 
84.000000 5.3313778157287085e-03 
84.200000 5.3314511011082468e-03 
84.400000 5.3315218302256336e-03 
84.600000 5.3315900849787894e-03 
84.800000 5.3316559449418117e-03 
85.000000 5.3317194874171235e-03 
85.200000 5.3317807874872234e-03 
85.400000 5.3318399180659745e-03 
85.600000 5.3318969499493475e-03 
85.800000 5.3319519518654169e-03 
86.000000 5.3320049905241848e-03 
86.200000 5.3320561306662920e-03 
86.400000 5.3321054351114011e-03 
86.600000 5.3321529648056665e-03 
86.800000 5.3321987788686976e-03 
87.000000 5.3322429346397632e-03 
87.200000 5.3322854877230000e-03 
87.400000 5.3323264920323134e-03 
87.600000 5.3323659998351092e-03 
87.800000 5.3324040617954132e-03 
88.000000 5.3324407270163559e-03 
88.200000 5.3324760430815696e-03 
88.400000 5.3325100560960240e-03 
88.600000 5.3325428107259248e-03 
88.800000 5.3325743502379641e-03 
89.000000 5.3326047165376004e-03 
89.200000 5.3326339502067577e-03 
89.400000 5.3326620905404546e-03 
89.600000 5.3326891755829092e-03 
89.800000 5.3327152421627057e-03 
90.000000 5.3327403259272521e-03 
90.200000 5.3327644613763350e-03 
90.400000 5.3327876818951543e-03 
90.600000 5.3328100197863977e-03 
90.800000 5.3328315063015429e-03 
91.000000 5.3328521716715727e-03 
91.200000 5.3328720451368697e-03 
91.400000 5.3328911549763098e-03 
91.600000 5.3329095285358499e-03 
91.800000 5.3329271922561722e-03 
92.000000 5.3329441716998766e-03 
92.200000 5.3329604915776131e-03 
92.400000 5.3329761757740634e-03 
92.600000 5.3329912473728276e-03 
92.800000 5.3330057286809012e-03 
93.000000 5.3330196412522722e-03 
93.200000 5.3330330059113071e-03 
93.400000 5.3330458427750405e-03 
93.600000 5.3330581712751788e-03 
93.800000 5.3330700101794654e-03 
94.000000 5.3330813776123198e-03 
94.200000 5.3330922910750575e-03 
94.400000 5.3331027674655366e-03 
94.600000 5.3331128230971947e-03 
94.800000 5.3331224737176476e-03 
95.000000 5.3331317345265581e-03 
95.200000 5.3331406201933941e-03 
95.400000 5.3331491448741497e-03 
95.600000 5.3331573222281927e-03 
95.800000 5.3331651654339764e-03 
96.000000 5.3331726872049134e-03 
96.200000 5.3331798998043824e-03 
96.400000 5.3331868150604065e-03 
96.600000 5.3331934443799443e-03 
96.800000 5.3331997987627559e-03 
97.000000 5.3332058888147810e-03 
97.200000 5.3332117247611574e-03 
97.400000 5.3332173164590217e-03 
97.600000 5.3332226734094631e-03 
97.800000 5.3332278047697832e-03 
98.000000 5.3332327193646757e-03 
98.200000 5.3332374256976631e-03 
98.400000 5.3332419319617559e-03 
98.600000 5.3332462460500829e-03 
98.800000 5.3332503755659970e-03 
99.000000 5.3332543278329378e-03 
99.200000 5.3332581099040455e-03 
99.400000 5.3332617285713393e-03 
99.600000 5.3332651903746503e-03 
99.800000 5.3332685016105625e-03 
100.000000 5.3332716683404243e-03 
100.200000 5.3332746963988906e-03 
100.400000 5.3332775914014608e-03 
100.600000 5.3332803587523700e-03 
100.800000 5.3332830036518300e-03 
101.000000 5.3332855311032630e-03 
101.200000 5.3332879459201312e-03 
101.400000 5.3332902527327393e-03 
101.600000 5.3332924559945944e-03 
101.800000 5.3332945599887920e-03 
102.000000 5.3332965688339968e-03 
102.200000 5.3332984864903265e-03 
102.400000 5.3333003167650135e-03 
102.600000 5.3333020633179098e-03 
102.800000 5.3333037296667751e-03 
103.000000 5.3333053191923843e-03 
103.200000 5.3333068351434990e-03 
103.400000 5.3333082806416984e-03 
103.600000 5.3333096586859014e-03 
103.800000 5.3333109721568680e-03 
104.000000 5.3333122238216563e-03 
104.200000 5.3333134163376069e-03 
104.400000 5.3333145522564632e-03 
104.600000 5.3333156340282968e-03 
104.800000 5.3333166640052009e-03 
105.000000 5.3333176444449373e-03 
105.200000 5.3333185775145276e-03 
105.400000 5.3333194652934769e-03 
105.600000 5.3333203097772298e-03 
105.800000 5.3333211128801889e-03 
106.000000 5.3333218764388506e-03 
106.200000 5.3333226022146659e-03 
106.400000 5.3333232918969077e-03 
106.600000 5.3333239471054974e-03 
106.800000 5.3333245693934720e-03 
107.000000 5.3333251602496927e-03 
107.200000 5.3333257211012289e-03 
107.400000 5.3333262533157297e-03 
107.600000 5.3333267582036928e-03 
107.800000 5.3333272370207924e-03 
108.000000 5.3333276909698574e-03 
108.200000 5.3333281212029245e-03 
108.400000 5.3333285288233610e-03 
108.600000 5.3333289148875989e-03 
108.800000 5.3333292804071241e-03 
109.000000 5.3333296263501249e-03 
109.200000 5.3333299536432125e-03 
109.400000 5.3333302631731593e-03 
109.600000 5.3333305557883926e-03 
109.800000 5.3333308323005096e-03 
110.000000 5.3333310934858503e-03 
110.200000 5.3333313400867463e-03 
110.400000 5.3333315728130862e-03 
110.600000 5.3333317923434419e-03 
110.800000 5.3333319993263840e-03 
111.000000 5.3333321943817950e-03 
111.200000 5.3333323781019591e-03 
111.400000 5.3333325510526398e-03 
111.600000 5.3333327137742555e-03 
111.800000 5.3333328667828700e-03 
112.000000 5.3333330105712028e-03 
112.200000 5.3333331456096285e-03 
112.400000 5.3333332723470468e-03 
112.600000 5.3333333912118606e-03 
112.800000 5.3333335026126789e-03 
113.000000 5.3333336069393712e-03 
113.200000 5.3333337045635481e-03 
113.400000 5.3333337958397118e-03 
113.600000 5.3333338811057118e-03 
113.800000 5.3333339606834503e-03 
114.000000 5.3333340348797184e-03 
114.200000 5.3333341039867596e-03 
114.400000 5.3333341682828325e-03 
114.600000 5.3333342280328950e-03 
114.800000 5.3333342834892342e-03 
115.000000 5.3333343348918559e-03 
115.200000 5.3333343824691288e-03 
115.400000 5.3333344264383216e-03 
115.600000 5.3333344670059768e-03 
115.800000 5.3333345043684926e-03 
116.000000 5.3333345387125237e-03 
116.200000 5.3333345702154117e-03 
116.400000 5.3333345990456129e-03 
116.600000 5.3333346253630646e-03 
116.800000 5.3333346493196435e-03 
117.000000 5.3333346710594887e-03 
117.200000 5.3333346907193206e-03 
117.400000 5.3333347084287760e-03 
117.600000 5.3333347243108434e-03 
117.800000 5.3333347384820302e-03 
118.000000 5.3333347510527386e-03 
118.200000 5.3333347621275368e-03 
118.400000 5.3333347718053925e-03 
118.600000 5.3333347801800268e-03 
118.800000 5.3333347873400407e-03 
119.000000 5.3333347933692656e-03 
119.200000 5.3333347983469193e-03 
119.400000 5.3333348023478812e-03 
119.600000 5.3333348054427970e-03 
119.800000 5.3333348076984484e-03 
120.000000 5.3333348091777460e-03 
120.200000 5.3333348099401474e-03 
120.400000 5.3333348100415559e-03 
120.600000 5.3333348095347633e-03 
120.800000 5.3333348084693864e-03 
121.000000 5.3333348068921671e-03 
121.200000 5.3333348048470409e-03 
121.400000 5.3333348023753193e-03 
121.600000 5.3333347995158141e-03 
121.800000 5.3333347963049208e-03 
122.000000 5.3333347927768272e-03 
122.200000 5.3333347889635164e-03 
122.400000 5.3333347848950287e-03 
122.600000 5.3333347805994266e-03 
122.800000 5.3333347761029262e-03 
123.000000 5.3333347714300530e-03 
123.200000 5.3333347666037392e-03 
123.400000 5.3333347616452533e-03 
123.600000 5.3333347565745360e-03 
123.800000 5.3333347514100491e-03 
124.000000 5.3333347461689898e-03 
124.200000 5.3333347408672984e-03 
124.400000 5.3333347355197991e-03 
124.600000 5.3333347301401431e-03 
124.800000 5.3333347247409447e-03 
125.000000 5.3333347193339530e-03 
125.200000 5.3333347139298617e-03 
125.400000 5.3333347085385242e-03 
125.600000 5.3333347031690676e-03 
125.800000 5.3333346978297258e-03 
126.000000 5.3333346925281151e-03 
126.200000 5.3333346872710538e-03 
126.400000 5.3333346820648138e-03 
126.600000 5.3333346769150703e-03 
126.800000 5.3333346718268861e-03 
127.000000 5.3333346668048053e-03 
127.200000 5.3333346618529088e-03 
127.400000 5.3333346569748108e-03 
127.600000 5.3333346521736713e-03 
127.800000 5.3333346474522701e-03 
128.000000 5.3333346428130141e-03 
128.200000 5.3333346382579026e-03 
128.400000 5.3333346337887310e-03 
128.600000 5.3333346294068837e-03 
128.800000 5.3333346251135012e-03 
129.000000 5.3333346209094631e-03 
129.200000 5.3333346167954206e-03 
129.400000 5.3333346127717339e-03 
129.600000 5.3333346088386890e-03 
129.800000 5.3333346049962453e-03 
130.000000 5.3333346012443160e-03 
130.200000 5.3333345975824951e-03 
130.400000 5.3333345940104115e-03 
130.600000 5.3333345905274198e-03 
130.800000 5.3333345871328245e-03 
131.000000 5.3333345838257806e-03 
131.200000 5.3333345806053792e-03 
131.400000 5.3333345774705951e-03 
131.600000 5.3333345744203398e-03 
131.800000 5.3333345714534301e-03 
132.000000 5.3333345685686656e-03 
132.200000 5.3333345657646932e-03 
132.400000 5.3333345630402519e-03 
132.600000 5.3333345603939278e-03 
132.800000 5.3333345578242498e-03 
133.000000 5.3333345553298406e-03 
133.200000 5.3333345529092109e-03 
133.400000 5.3333345505608360e-03 
133.600000 5.3333345482832334e-03 
133.800000 5.3333345460748654e-03 
134.000000 5.3333345439342201e-03 
134.200000 5.3333345418597284e-03 
134.400000 5.3333345398499012e-03 
134.600000 5.3333345379031555e-03 
134.800000 5.3333345360179916e-03 
135.000000 5.3333345341928648e-03 
135.200000 5.3333345324263117e-03 
135.400000 5.3333345307167842e-03 
135.600000 5.3333345290628113e-03 
135.800000 5.3333345274629738e-03 
136.000000 5.3333345259157271e-03 
136.200000 5.3333345244197172e-03 
136.400000 5.3333345229734912e-03 
136.600000 5.3333345215756641e-03 
136.800000 5.3333345202249121e-03 
137.000000 5.3333345189198380e-03 
137.200000 5.3333345176591112e-03 
137.400000 5.3333345164414932e-03 
137.600000 5.3333345152656777e-03 
137.800000 5.3333345141304131e-03 
138.000000 5.3333345130345162e-03 
138.200000 5.3333345119767469e-03 
138.400000 5.3333345109559688e-03 
138.600000 5.3333345099710336e-03 
138.800000 5.3333345090208414e-03 
139.000000 5.3333345081042855e-03 
139.200000 5.3333345072203719e-03 
139.400000 5.3333345063679739e-03 
139.600000 5.3333345055461105e-03 
139.800000 5.3333345047538467e-03 
140.000000 5.3333345039902292e-03 
140.200000 5.3333345032542763e-03 
140.400000 5.3333345025451369e-03 
140.600000 5.3333345018619074e-03 
140.800000 5.3333345012037603e-03 
141.000000 5.3333345005698515e-03 
141.200000 5.3333344999593971e-03 
141.400000 5.3333344993716086e-03 
141.600000 5.3333344988057349e-03 
141.800000 5.3333344982610612e-03 
142.000000 5.3333344977368469e-03 
142.200000 5.3333344972324552e-03 
142.400000 5.3333344967471889e-03 
142.600000 5.3333344962804242e-03 
142.800000 5.3333344958315368e-03 
143.000000 5.3333344953999124e-03 
143.200000 5.3333344949849934e-03 
143.400000 5.3333344945862308e-03 
143.600000 5.3333344942030451e-03 
143.800000 5.3333344938349455e-03 
144.000000 5.3333344934814227e-03 
144.200000 5.3333344931419929e-03 
144.400000 5.3333344928162135e-03 
144.600000 5.3333344925036328e-03 
144.800000 5.3333344922038076e-03 
145.000000 5.3333344919163335e-03 
145.200000 5.3333344916407675e-03 
145.400000 5.3333344913767729e-03 
145.600000 5.3333344911239431e-03 
145.800000 5.3333344908819431e-03 
146.000000 5.3333344906503670e-03 
146.200000 5.3333344904289417e-03 
146.400000 5.3333344902172751e-03 
146.600000 5.3333344900151512e-03 
146.800000 5.3333344898222820e-03 
147.000000 5.3333344896384655e-03 
147.200000 5.3333344894634623e-03 
147.400000 5.3333344892970477e-03 
147.600000 5.3333344891390135e-03 
147.800000 5.3333344889890623e-03 
148.000000 5.3333344888469511e-03 
148.200000 5.3333344887124120e-03 
148.400000 5.3333344885851397e-03 
148.600000 5.3333344884650110e-03 
148.800000 5.3333344883517205e-03 
149.000000 5.3333344882449969e-03 
149.200000 5.3333344881446535e-03 
149.400000 5.3333344880503886e-03 
149.600000 5.3333344879620253e-03 
149.800000 5.3333344878793354e-03 
