0.000000 5.0942082738468708e-01 
0.200000 5.0942337136338833e-01 
0.400000 5.0942758664877485e-01 
0.600000 5.0943245405236548e-01 
0.800000 5.0943704840735715e-01 
1.000000 5.0944051946814239e-01 
1.200000 5.0944202671573346e-01 
1.400000 5.0944089193810127e-01 
1.600000 5.0943639499147386e-01 
1.800000 5.0942783444035189e-01 
2.000000 5.0941452119397201e-01 
2.200000 5.0939612146776347e-01 
2.400000 5.0937237607441388e-01 
2.600000 5.0934306496060877e-01 
2.800000 5.0930799654236270e-01 
3.000000 5.0926700135929848e-01 
3.200000 5.0921992483090250e-01 
3.400000 5.0916664089826158e-01 
3.600000 5.0910808035324018e-01 
3.800000 5.0904418649052385e-01 
4.000000 5.0897478158370313e-01 
4.200000 5.0889964119940201e-01 
4.400000 5.0881851599093664e-01 
4.600000 5.0873113772401080e-01 
4.800000 5.0863725528899351e-01 
5.000000 5.0853661547327955e-01 
5.200000 5.0842897719738989e-01 
5.400000 5.0831411519877467e-01 
5.600000 5.0819181619509812e-01 
5.800000 5.0806187473067754e-01 
6.000000 5.0792408981724857e-01 
6.200000 5.0777826119208380e-01 
6.400000 5.0762418536338794e-01 
6.600000 5.0746165138184074e-01 
6.800000 5.0729044323069594e-01 
7.000000 5.0711030805916091e-01 
7.200000 5.0692096646481710e-01 
7.400000 5.0672212432155905e-01 
7.600000 5.0651347382770495e-01 
7.800000 5.0629469397280780e-01 
8.000000 5.0606545077712684e-01 
8.200000 5.0582539671837445e-01 
8.400000 5.0557417008958405e-01 
8.600000 5.0531139385308332e-01 
8.800000 5.0503667414801701e-01 
9.000000 5.0474959859613355e-01 
9.200000 5.0444973455197151e-01 
9.400000 5.0413662734357201e-01 
9.600000 5.0380979857476027e-01 
9.800000 5.0346874466580993e-01 
10.000000 5.0311293656548539e-01 
10.200000 5.0274181776738580e-01 
10.400000 5.0235480248080644e-01 
10.600000 5.0195127339885237e-01 
10.800000 5.0153058025435071e-01 
11.000000 5.0109203844741834e-01 
11.200000 5.0063492743322768e-01 
11.400000 5.0015848885294367e-01 
11.600000 4.9966192442015711e-01 
11.800000 4.9914439354385759e-01 
12.000000 4.9860501084353648e-01 
12.200000 4.9804284348068201e-01 
12.400000 4.9745690834311657e-01 
12.600000 4.9684616909140150e-01 
12.800000 4.9620953307633964e-01 
13.000000 4.9554584812014724e-01 
13.200000 4.9485389916028566e-01 
13.400000 4.9413240470686098e-01 
13.600000 4.9338001314978208e-01 
13.800000 4.9259529891834886e-01 
14.000000 4.9177675852131469e-01 
14.200000 4.9092280644501279e-01 
14.400000 4.9003177088667066e-01 
14.600000 4.8910188932852733e-01 
14.800000 4.8813130396567261e-01 
15.000000 4.8711805702421263e-01 
15.200000 4.8606008597245942e-01 
15.400000 4.8495521867205837e-01 
15.600000 4.8380116849469418e-01 
15.800000 4.8259552944424183e-01 
16.000000 4.8133577133087202e-01 
16.200000 4.8001923505101401e-01 
16.400000 4.7864312803672299e-01 
16.600000 4.7720451994846402e-01 
16.800000 4.7570033869654166e-01 
17.000000 4.7412736688970497e-01 
17.200000 4.7248223882875701e-01 
17.400000 4.7076143816943267e-01 
17.600000 4.6896129640021761e-01 
17.800000 4.6707799229782609e-01 
18.000000 4.6510755254051500e-01 
18.200000 4.6304585367838413e-01 
18.400000 4.6088862567525435e-01 
18.600000 4.5863145725554716e-01 
18.800000 4.5626980330281086e-01 
19.000000 4.5379899457021738e-01 
19.200000 4.5121424997300452e-01 
19.400000 4.4851069173840424e-01 
19.600000 4.4568336368918232e-01 
19.800000 4.4272725293068371e-01 
20.000000 4.3963731519733801e-01 
20.200000 4.3640850409269705e-01 
20.400000 4.3303580442211065e-01 
20.600000 4.2951426977426510e-01 
20.800000 4.2583906444937641e-01 
21.000000 4.2200550976172008e-01 
21.200000 4.1800913465978679e-01 
21.400000 4.1384573050936552e-01 
21.600000 4.0951140977350753e-01 
21.800000 4.0500266819986130e-01 
22.000000 4.0031644999186206e-01 
22.200000 3.9545021529859337e-01 
22.400000 3.9040200921079765e-01 
22.600000 3.8517053130294077e-01 
22.800000 3.7975520461705164e-01 
23.000000 3.7415624284912830e-01 
23.200000 3.6837471437907660e-01 
23.400000 3.6241260168732764e-01 
23.600000 3.5627285463195441e-01 
23.800000 3.4995943602662155e-01 
24.000000 3.4347735796825846e-01 
24.200000 3.3683270742003840e-01 
24.400000 3.3003265966439055e-01 
24.600000 3.2308547840524376e-01 
24.800000 3.1600050151884057e-01 
25.000000 3.0878811172600801e-01 
25.200000 3.0145969178063331e-01 
25.400000 2.9402756413044479e-01 
25.600000 2.8650491539628398e-01 
25.800000 2.7890570642028872e-01 
26.000000 2.7124456903635252e-01 
26.200000 2.6353669110052086e-01 
26.400000 2.5579769166773714e-01 
26.600000 2.4804348849826102e-01 
26.800000 2.4029016030835790e-01 
27.000000 2.3255380633447750e-01 
27.200000 2.2485040585100943e-01 
27.400000 2.1719568026616265e-01 
27.600000 2.0960496032009732e-01 
27.800000 2.0209306073021860e-01 
28.000000 1.9467416438009294e-01 
28.200000 1.8736171784362038e-01 
28.400000 1.8016833968952306e-01 
28.600000 1.7310574263891670e-01 
28.800000 1.6618467026657921e-01 
29.000000 1.5941484855959664e-01 
29.200000 1.5280495228898919e-01 
29.400000 1.4636258582182568e-01 
29.600000 1.4009427771221439e-01 
29.800000 1.3400548816541055e-01 
30.000000 1.2810062827361327e-01 
30.200000 1.2238308977589095e-01 
30.400000 1.1685528399695483e-01 
30.600000 1.1151868856731387e-01 
30.800000 1.0637390051653398e-01 
31.000000 1.0142069435667658e-01 
31.200000 9.6658083828870769e-02 
31.400000 9.2084386066470791e-02 
31.600000 8.7697287027489954e-02 
31.800000 8.3493907161504663e-02 
32.000000 7.9470866396911144e-02 
32.200000 7.5624347658746788e-02 
32.400000 7.1950158251475022e-02 
32.600000 6.8443788561911745e-02 
32.800000 6.5100467652320332e-02 
33.000000 6.1915215420692372e-02 
33.200000 5.8882891102990727e-02 
33.400000 5.5998237979779250e-02 
33.600000 5.3255924226831043e-02 
33.800000 5.0650579915863636e-02 
34.000000 4.8176830227819718e-02 
34.200000 4.5829324987499302e-02 
34.400000 4.3602764665552324e-02 
34.600000 4.1491923022606375e-02 
34.800000 3.9491666591470430e-02 
35.000000 3.7596971207816118e-02 
35.200000 3.5802935808335955e-02 
35.400000 3.4104793719004732e-02 
35.600000 3.2497921655492062e-02 
35.800000 3.0977846653775815e-02 
36.000000 2.9540251142260710e-02 
36.200000 2.8180976357817699e-02 
36.400000 2.6896024297703030e-02 
36.600000 2.5681558387724675e-02 
36.800000 2.4533903034747423e-02 
37.000000 2.3449542218961769e-02 
37.200000 2.2425117268608387e-02 
37.400000 2.1457423947257578e-02 
37.600000 2.0543408971470084e-02 
37.800000 1.9680166064875063e-02 
38.000000 1.8864931643467971e-02 
38.200000 1.8095080216350121e-02 
38.400000 1.7368119576241760e-02 
38.600000 1.6681685844926717e-02 
38.800000 1.6033538430333318e-02 
39.000000 1.5421554944230219e-02 
39.200000 1.4843726122480862e-02 
39.400000 1.4298150783445799e-02 
39.600000 1.3783030854404821e-02 
39.800000 1.3296666490765982e-02 
40.000000 1.2837451308281586e-02 
40.200000 1.2403867744478611e-02 
40.400000 1.1994482561975052e-02 
40.600000 1.1607942503269271e-02 
40.800000 1.1242970103902985e-02 
41.000000 1.0898359668583690e-02 
41.200000 1.0572973412865897e-02 
41.400000 1.0265737771298506e-02 
41.600000 9.9756398715232300e-03 
41.800000 9.7017241726143951e-03 
42.000000 9.4430892649728163e-03 
42.200000 9.1988848282811599e-03 
42.400000 8.9683087433930081e-03 
42.600000 8.7506043535242901e-03 
42.800000 8.5450578697387550e-03 
43.000000 8.3509959154427459e-03 
43.200000 8.1677832044197065e-03 
43.400000 7.9948203468239616e-03 
43.600000 7.8315417775091118e-03 
43.800000 7.6774138010735704e-03 
44.000000 7.5319327480589541e-03 
44.200000 7.3946232368256992e-03 
44.400000 7.2650365357508472e-03 
44.600000 7.1427490205328847e-03 
44.800000 7.0273607215507452e-03 
45.000000 6.9184939563978554e-03 
45.200000 6.8157920428958216e-03 
45.400000 6.7189180880826349e-03 
45.600000 6.6275538488659164e-03 
45.800000 6.5413986602250798e-03 
46.000000 6.4601684270435616e-03 
46.200000 6.3835946758441101e-03 
46.400000 6.3114236628899886e-03 
46.600000 6.2434155353004173e-03 
46.800000 6.1793435420077550e-03 
47.000000 6.1189932915592070e-03 
47.200000 6.0621620539322470e-03 
47.400000 6.0086581036949503e-03 
47.600000 5.9583001019963061e-03 
47.800000 5.9109165150189645e-03 
48.000000 5.8663450666672969e-03 
48.200000 5.8244322233966112e-03 
48.400000 5.7850327092167399e-03 
48.600000 5.7480090490220244e-03 
48.800000 5.7132311385142782e-03 
49.000000 5.6805758390913921e-03 
49.200000 5.6499265961756613e-03 
49.400000 5.6211730795508409e-03 
49.600000 5.5942108443672676e-03 
49.800000 5.5689410115565890e-03 
50.000000 5.5452699664796162e-03 
50.200000 5.5231090747019642e-03 
50.400000 5.5023744138642909e-03 
50.600000 5.4829865206778086e-03 
50.800000 5.4648701521372500e-03 
51.000000 5.4479540601012066e-03 
51.200000 5.4321707784428797e-03 
51.400000 5.4174564220245336e-03 
51.600000 5.4037504967965316e-03 
51.800000 5.3909957203650237e-03 
52.000000 5.3791378524139944e-03 
52.200000 5.3681255344054648e-03 
52.400000 5.3579101380181798e-03 
52.600000 5.3484456218176532e-03 
52.800000 5.3396883956832114e-03 
53.000000 5.3315971925456986e-03 
53.200000 5.3241329470183263e-03 
53.400000 5.3172586805274322e-03 
53.600000 5.3109393925749810e-03 
53.800000 5.3051419577867564e-03 
54.000000 5.2998350284207312e-03 
54.200000 5.2949889420305365e-03 
54.400000 5.2905756339968954e-03 
54.600000 5.2865685546566194e-03 
54.800000 5.2829425907758663e-03 
55.000000 5.2796739911286630e-03 
55.200000 5.2767402959556066e-03 
55.400000 5.2741202700920548e-03 
55.600000 5.2717938395656526e-03 
55.800000 5.2697420314763545e-03 
56.000000 5.2679469169821689e-03 
56.200000 5.2663915572234389e-03 
56.400000 5.2650599520294135e-03 
56.600000 5.2639369912588566e-03 
56.800000 5.2630084086346240e-03 
57.000000 5.2622607379410298e-03 
57.200000 5.2616812714592750e-03 
57.400000 5.2612580205237567e-03 
57.600000 5.2609796780880101e-03 
57.800000 5.2608355831960611e-03 
58.000000 5.2608156872600391e-03 
58.200000 5.2609105220500765e-03 
58.400000 5.2611111693087360e-03 
58.600000 5.2614092319061955e-03 
58.800000 5.2617968064564893e-03 
59.000000 5.2622664573209717e-03 
59.200000 5.2628111919272623e-03 
59.400000 5.2634244373374424e-03 
59.600000 5.2641000180010944e-03 
59.800000 5.2648321346341976e-03 
60.000000 5.2656153441660311e-03 
60.200000 5.2664445407004648e-03 
60.400000 5.2673149374407886e-03 
60.600000 5.2682220495290982e-03 
60.800000 5.2691616777547200e-03 
61.000000 5.2701298930879440e-03 
61.200000 5.2711230219979000e-03 
61.400000 5.2721376325150938e-03 
61.600000 5.2731705210018066e-03 
61.800000 5.2742186995947413e-03 
62.000000 5.2752793842867386e-03 
62.200000 5.2763499836155844e-03 
62.400000 5.2774280879297440e-03 
62.600000 5.2785114592024864e-03 
62.800000 5.2795980213671502e-03 
63.000000 5.2806858511476465e-03 
63.200000 5.2817731693597849e-03 
63.400000 5.2828583326599123e-03 
63.600000 5.2839398257189850e-03 
63.800000 5.2850162538007435e-03 
64.000000 5.2860863357241730e-03 
64.200000 5.2871488971911939e-03 
64.400000 5.2882028644612722e-03 
64.600000 5.2892472583564070e-03 
64.800000 5.2902811885792546e-03 
65.000000 5.2913038483295817e-03 
65.200000 5.2923145092040559e-03 
65.400000 5.2933125163651552e-03 
65.600000 5.2942972839661023e-03 
65.800000 5.2952682908188279e-03 
66.000000 5.2962250762932693e-03 
66.200000 5.2971672364361079e-03 
66.400000 5.2980944202982707e-03 
66.600000 5.2990063264606634e-03 
66.800000 5.2999026997482650e-03 
67.000000 5.3007833281233660e-03 
67.200000 5.3016480397484918e-03 
67.400000 5.3024967002111272e-03 
67.600000 5.3033292099015769e-03 
67.800000 5.3041455015366426e-03 
68.000000 5.3049455378216303e-03 
68.200000 5.3057293092433552e-03 
68.400000 5.3064968319884364e-03 
68.600000 5.3072481459792249e-03 
68.800000 5.3079833130227801e-03 
69.000000 5.3087024150659063e-03 
69.200000 5.3094055525516404e-03 
69.400000 5.3100928428715735e-03 
69.600000 5.3107644189094062e-03 
69.800000 5.3114204276705776e-03 
70.000000 5.3120610289941672e-03 
70.200000 5.3126863943419814e-03 
70.400000 5.3132967056615547e-03 
70.600000 5.3138921543188266e-03 
70.800000 5.3144729400968855e-03 
71.000000 5.3150392702574142e-03 
71.200000 5.3155913586612506e-03 
71.400000 5.3161294249453516e-03 
71.600000 5.3166536937527724e-03 
71.800000 5.3171643940130462e-03 
72.000000 5.3176617582702066e-03 
72.200000 5.3181460220556396e-03 
72.400000 5.3186174233038914e-03 
72.600000 5.3190762018085194e-03 
72.800000 5.3195225987160638e-03 
73.000000 5.3199568560559438e-03 
73.200000 5.3203792163045395e-03 
73.400000 5.3207899219809571e-03 
73.600000 5.3211892152736136e-03 
73.800000 5.3215773376948045e-03 
74.000000 5.3219545297626836e-03 
74.200000 5.3223210307083834e-03 
74.400000 5.3226770782071886e-03 
74.600000 5.3230229081322137e-03 
74.800000 5.3233587543292668e-03 
75.000000 5.3236848484117770e-03 
75.200000 5.3240014195744256e-03 
75.400000 5.3243086944245715e-03 
75.600000 5.3246068968299722e-03 
75.800000 5.3248962477824317e-03 
76.000000 5.3251769652758645e-03 
76.200000 5.3254492641980613e-03 
76.400000 5.3257133562353088e-03 
76.600000 5.3259694497891658e-03 
76.800000 5.3262177499042640e-03 
77.000000 5.3264584582067131e-03 
77.200000 5.3266917728524979e-03 
77.400000 5.3269178884846422e-03 
77.600000 5.3271369961993310e-03 
77.800000 5.3273492835197419e-03 
78.000000 5.3275549343773472e-03 
78.200000 5.3277541291000116e-03 
78.400000 5.3279470444065691e-03 
78.600000 5.3281338534072525e-03 
78.800000 5.3283147256096399e-03 
79.000000 5.3284898269294638e-03 
79.200000 5.3286593197062930e-03 
79.400000 5.3288233627233669e-03 
79.600000 5.3289821112314827e-03 
79.800000 5.3291357169761742e-03 
80.000000 5.3292843282286553e-03 
80.200000 5.3294280898192430e-03 
80.400000 5.3295671431739739e-03 
80.600000 5.3297016263532549e-03 
80.800000 5.3298316740930333e-03 
81.000000 5.3299574178478654e-03 
81.200000 5.3300789858357206e-03 
81.400000 5.3301965030843595e-03 
81.600000 5.3303100914791563e-03 
81.800000 5.3304198698120820e-03 
82.000000 5.3305259538317792e-03 
82.200000 5.3306284562944966e-03 
82.400000 5.3307274870155932e-03 
82.600000 5.3308231529221334e-03 
82.800000 5.3309155581054276e-03 
83.000000 5.3310048038742435e-03 
83.200000 5.3310909888083097e-03 
83.400000 5.3311742088116365e-03 
83.600000 5.3312545571664498e-03 
83.800000 5.3313321245865609e-03 
84.000000 5.3314069992710898e-03 
84.200000 5.3314792669575499e-03 
84.400000 5.3315490109752724e-03 
84.600000 5.3316163122979010e-03 
84.800000 5.3316812495959780e-03 
85.000000 5.3317438992889817e-03 
85.200000 5.3318043355967664e-03 
85.400000 5.3318626305907313e-03 
85.600000 5.3319188542442757e-03 
85.800000 5.3319730744826287e-03 
86.000000 5.3320253572324153e-03 
86.200000 5.3320757664700362e-03 
86.400000 5.3321243642697521e-03 
86.600000 5.3321712108510911e-03 
86.800000 5.3322163646253237e-03 
87.000000 5.3322598822413535e-03 
87.200000 5.3323018186308222e-03 
87.400000 5.3323422270524726e-03 
87.600000 5.3323811591357963e-03 
87.800000 5.3324186649237023e-03 
88.000000 5.3324547929146492e-03 
88.200000 5.3324895901039233e-03 
88.400000 5.3325231020239392e-03 
88.600000 5.3325553727840034e-03 
88.800000 5.3325864451090731e-03 
89.000000 5.3326163603779420e-03 
89.200000 5.3326451586603362e-03 
89.400000 5.3326728787535275e-03 
89.600000 5.3326995582179170e-03 
89.800000 5.3327252334120084e-03 
90.000000 5.3327499395264396e-03 
90.200000 5.3327737106174389e-03 
90.400000 5.3327965796393113e-03 
90.600000 5.3328185784763203e-03 
90.800000 5.3328397379738641e-03 
91.000000 5.3328600879685613e-03 
91.200000 5.3328796573180737e-03 
91.400000 5.3328984739299898e-03 
91.600000 5.3329165647898920e-03 
91.800000 5.3329339559889501e-03 
92.000000 5.3329506727505900e-03 
92.200000 5.3329667394567170e-03 
92.400000 5.3329821796731566e-03 
92.600000 5.3329970161742788e-03 
92.800000 5.3330112709673704e-03 
93.000000 5.3330249653159778e-03 
93.200000 5.3330381197628507e-03 
93.400000 5.3330507541522075e-03 
93.600000 5.3330628876514432e-03 
93.800000 5.3330745387721624e-03 
94.000000 5.3330857253907097e-03 
94.200000 5.3330964647682211e-03 
94.400000 5.3331067735698000e-03 
94.600000 5.3331166678836344e-03 
94.800000 5.3331261632392352e-03 
95.000000 5.3331352746250902e-03 
95.200000 5.3331440165063212e-03 
95.400000 5.3331524028411145e-03 
95.600000 5.3331604470974103e-03 
95.800000 5.3331681622684965e-03 
96.000000 5.3331755608885603e-03 
96.200000 5.3331826550477458e-03 
96.400000 5.3331894564062473e-03 
96.600000 5.3331959762090084e-03 
96.800000 5.3332022252989770e-03 
97.000000 5.3332082141304424e-03 
97.200000 5.3332139527819972e-03 
97.400000 5.3332194509690201e-03 
97.600000 5.3332247180557166e-03 
97.800000 5.3332297630669136e-03 
98.000000 5.3332345946994668e-03 
98.200000 5.3332392213331784e-03 
98.400000 5.3332436510417315e-03 
98.600000 5.3332478916027883e-03 
98.800000 5.3332519505082804e-03 
99.000000 5.3332558349739861e-03 
99.200000 5.3332595519490688e-03 
99.400000 5.3332631081251507e-03 
99.600000 5.3332665099451526e-03 
99.800000 5.3332697636120033e-03 
100.000000 5.3332728750967650e-03 
100.200000 5.3332758501468212e-03 
100.400000 5.3332786942935336e-03 
100.600000 5.3332814128598926e-03 
100.800000 5.3332840109677291e-03 
101.000000 5.3332864935448400e-03 
101.200000 5.3332888653317466e-03 
101.400000 5.3332911308882555e-03 
101.600000 5.3332932946001423e-03 
101.800000 5.3332953606849221e-03 
102.000000 5.3332973331981400e-03 
102.200000 5.3332992160390266e-03 
102.400000 5.3333010129561400e-03 
102.600000 5.3333027275527002e-03 
102.800000 5.3333043632919595e-03 
103.000000 5.3333059235020986e-03 
103.200000 5.3333074113811833e-03 
103.400000 5.3333088300019467e-03 
103.600000 5.3333101823162983e-03 
103.800000 5.3333114711596949e-03 
104.000000 5.3333126992554710e-03 
104.200000 5.3333138692189244e-03 
104.400000 5.3333149835613266e-03 
104.600000 5.3333160446936640e-03 
104.800000 5.3333170549305139e-03 
105.000000 5.3333180164934655e-03 
105.200000 5.3333189315147014e-03 
105.400000 5.3333198020402497e-03 
105.600000 5.3333206300332572e-03 
105.800000 5.3333214173771166e-03 
106.000000 5.3333221658783819e-03 
106.200000 5.3333228772698277e-03 
106.400000 5.3333235532130631e-03 
106.600000 5.3333241953013380e-03 
106.800000 5.3333248050621727e-03 
107.000000 5.3333253839598308e-03 
107.200000 5.3333259333976611e-03 
107.400000 5.3333264547205965e-03 
107.600000 5.3333269492172822e-03 
107.800000 5.3333274181223004e-03 
108.000000 5.3333278626182829e-03 
108.200000 5.3333282838378890e-03 
108.400000 5.3333286828657900e-03 
108.600000 5.3333290607404920e-03 
108.800000 5.3333294184562422e-03 
109.000000 5.3333297569646571e-03 
109.200000 5.3333300771765306e-03 
109.400000 5.3333303799632864e-03 
109.600000 5.3333306661587183e-03 
109.800000 5.3333309365603673e-03 
110.000000 5.3333311919310476e-03 
110.200000 5.3333314330001368e-03 
110.400000 5.3333316604650734e-03 
110.600000 5.3333318749924563e-03 
110.800000 5.3333320772194796e-03 
111.000000 5.3333322677549732e-03 
111.200000 5.3333324471806645e-03 
111.400000 5.3333326160522436e-03 
111.600000 5.3333327749003770e-03 
111.800000 5.3333329242318791e-03 
112.000000 5.3333330645305667e-03 
112.200000 5.3333331962582727e-03 
112.400000 5.3333333198556532e-03 
112.600000 5.3333334357432809e-03 
112.800000 5.3333335443222800e-03 
113.000000 5.3333336459752785e-03 
113.200000 5.3333337410671157e-03 
113.400000 5.3333338299455307e-03 
113.600000 5.3333339129420891e-03 
113.800000 5.3333339903726858e-03 
114.000000 5.3333340625382917e-03 
114.200000 5.3333341297255952e-03 
114.400000 5.3333341922075133e-03 
114.600000 5.3333342502440116e-03 
114.800000 5.3333343040824566e-03 
115.000000 5.3333343539582155e-03 
115.200000 5.3333344000952481e-03 
115.400000 5.3333344427065133e-03 
115.600000 5.3333344819945687e-03 
115.800000 5.3333345181519115e-03 
116.000000 5.3333345513614325e-03 
116.200000 5.3333345817970172e-03 
116.400000 5.3333346096236444e-03 
116.600000 5.3333346349981343e-03 
116.800000 5.3333346580692114e-03 
117.000000 5.3333346789780373e-03 
117.200000 5.3333346978585846e-03 
117.400000 5.3333347148377987e-03 
117.600000 5.3333347300360398e-03 
117.800000 5.3333347435675004e-03 
118.000000 5.3333347555401490e-03 
118.200000 5.3333347660563662e-03 
118.400000 5.3333347752130278e-03 
118.600000 5.3333347831018294e-03 
118.800000 5.3333347898094040e-03 
119.000000 5.3333347954178587e-03 
119.200000 5.3333348000045690e-03 
119.400000 5.3333348036427716e-03 
119.600000 5.3333348064015977e-03 
119.800000 5.3333348083462843e-03 
120.000000 5.3333348095383039e-03 
120.200000 5.3333348100357498e-03 
120.400000 5.3333348098933012e-03 
120.600000 5.3333348091624180e-03 
120.800000 5.3333348078916029e-03 
121.000000 5.3333348061265261e-03 
121.200000 5.3333348039100300e-03 
121.400000 5.3333348012824305e-03 
121.600000 5.3333347982815610e-03 
121.800000 5.3333347949429642e-03 
122.000000 5.3333347912999556e-03 
122.200000 5.3333347873837341e-03 
122.400000 5.3333347832235211e-03 
122.600000 5.3333347788466993e-03 
122.800000 5.3333347742787664e-03 
123.000000 5.3333347695436227e-03 
123.200000 5.3333347646635472e-03 
123.400000 5.3333347596592950e-03 
123.600000 5.3333347545501415e-03 
123.800000 5.3333347493541338e-03 
124.000000 5.3333347440879452e-03 
124.200000 5.3333347387670279e-03 
124.400000 5.3333347334057549e-03 
124.600000 5.3333347280173967e-03 
124.800000 5.3333347226142171e-03 
125.000000 5.3333347172075099e-03 
125.200000 5.3333347118076661e-03 
125.400000 5.3333347064242484e-03 
125.600000 5.3333347010659895e-03 
125.800000 5.3333346957409079e-03 
126.000000 5.3333346904562645e-03 
126.200000 5.3333346852187241e-03 
126.400000 5.3333346800342896e-03 
126.600000 5.3333346749083865e-03 
126.800000 5.3333346698458640e-03 
127.000000 5.3333346648510756e-03 
127.200000 5.3333346599279486e-03 
127.400000 5.3333346550798900e-03 
127.600000 5.3333346503099364e-03 
127.800000 5.3333346456206545e-03 
128.000000 5.3333346410143791e-03 
128.200000 5.3333346364929672e-03 
128.400000 5.3333346320580599e-03 
128.600000 5.3333346277109452e-03 
128.800000 5.3333346234526423e-03 
129.000000 5.3333346192839665e-03 
129.200000 5.3333346152054312e-03 
129.400000 5.3333346112174208e-03 
129.600000 5.3333346073200392e-03 
129.800000 5.3333346035132180e-03 
130.000000 5.3333345997967681e-03 
130.200000 5.3333345961703114e-03 
130.400000 5.3333345926333221e-03 
130.600000 5.3333345891851845e-03 
130.800000 5.3333345858250763e-03 
131.000000 5.3333345825522056e-03 
131.200000 5.3333345793655776e-03 
131.400000 5.3333345762641400e-03 
131.600000 5.3333345732467603e-03 
131.800000 5.3333345703122570e-03 
132.000000 5.3333345674593932e-03 
132.200000 5.3333345646868046e-03 
132.400000 5.3333345619931928e-03 
132.600000 5.3333345593771161e-03 
132.800000 5.3333345568371869e-03 
133.000000 5.3333345543719116e-03 
133.200000 5.3333345519797955e-03 
133.400000 5.3333345496593956e-03 
133.600000 5.3333345474091513e-03 
133.800000 5.3333345452275258e-03 
134.000000 5.3333345431130037e-03 
134.200000 5.3333345410640802e-03 
134.400000 5.3333345390791662e-03 
134.600000 5.3333345371567682e-03 
134.800000 5.3333345352953232e-03 
135.000000 5.3333345334933679e-03 
135.200000 5.3333345317493307e-03 
135.400000 5.3333345300617639e-03 
135.600000 5.3333345284292131e-03 
135.800000 5.3333345268501324e-03 
136.000000 5.3333345253231395e-03 
136.200000 5.3333345238468161e-03 
136.400000 5.3333345224197380e-03 
136.600000 5.3333345210405166e-03 
136.800000 5.3333345197078084e-03 
137.000000 5.3333345184202697e-03 
137.200000 5.3333345171766213e-03 
137.400000 5.3333345159754996e-03 
137.600000 5.3333345148157373e-03 
137.800000 5.3333345136960331e-03 
138.000000 5.3333345126152041e-03 
138.200000 5.3333345115720724e-03 
138.400000 5.3333345105654704e-03 
138.600000 5.3333345095942812e-03 
138.800000 5.3333345086573891e-03 
139.000000 5.3333345077537309e-03 
139.200000 5.3333345068822717e-03 
139.400000 5.3333345060419413e-03 
139.600000 5.3333345052318038e-03 
139.800000 5.3333345044508634e-03 
140.000000 5.3333345036981712e-03 
140.200000 5.3333345029728104e-03 
140.400000 5.3333345022739172e-03 
140.600000 5.3333345016006103e-03 
140.800000 5.3333345009520354e-03 
141.000000 5.3333345003274014e-03 
141.200000 5.3333344997258886e-03 
141.400000 5.3333344991467737e-03 
141.600000 5.3333344985892952e-03 
141.800000 5.3333344980526871e-03 
142.000000 5.3333344975363007e-03 
142.200000 5.3333344970394733e-03 
142.400000 5.3333344965615205e-03 
142.600000 5.3333344961018101e-03 
142.800000 5.3333344956597341e-03 
143.000000 5.3333344952347225e-03 
143.200000 5.3333344948261648e-03 
143.400000 5.3333344944335431e-03 
143.600000 5.3333344940562893e-03 
143.800000 5.3333344936939376e-03 
144.000000 5.3333344933459712e-03 
144.200000 5.3333344930119354e-03 
144.400000 5.3333344926913395e-03 
144.600000 5.3333344923837981e-03 
144.800000 5.3333344920888292e-03 
145.000000 5.3333344918060251e-03 
145.200000 5.3333344915350318e-03 
145.400000 5.3333344912754503e-03 
145.600000 5.3333344910268888e-03 
145.800000 5.3333344907889662e-03 
146.000000 5.3333344905613870e-03 
146.200000 5.3333344903438310e-03 
146.400000 5.3333344901359166e-03 
146.600000 5.3333344899373697e-03 
146.800000 5.3333344897480298e-03 
147.000000 5.3333344895676801e-03 
147.200000 5.3333344893960449e-03 
147.400000 5.3333344892328993e-03 
147.600000 5.3333344890780093e-03 
147.800000 5.3333344889311329e-03 
148.000000 5.3333344887919786e-03 
148.200000 5.3333344886602992e-03 
148.400000 5.3333344885358536e-03 
148.600000 5.3333344884184068e-03 
148.800000 5.3333344883076724e-03 
149.000000 5.3333344882034450e-03 
149.200000 5.3333344881054869e-03 
149.400000 5.3333344880135596e-03 
149.600000 5.3333344879273837e-03 
149.800000 5.3333344878468232e-03 
