0.000000 2.7377440341878993e-02 
0.200000 2.7377773960331642e-02 
0.400000 2.7379220405815412e-02 
0.600000 2.7382596791133178e-02 
0.800000 2.7388623639370564e-02 
1.000000 2.7397933936946259e-02 
1.200000 2.7411081163433198e-02 
1.400000 2.7428546384202217e-02 
1.600000 2.7450744654129552e-02 
1.800000 2.7478072507129903e-02 
2.000000 2.7510900156025798e-02 
2.200000 2.7549566996944622e-02 
2.400000 2.7594385991926533e-02 
2.600000 2.7645647548509455e-02 
2.800000 2.7703623043963271e-02 
3.000000 2.7768568045089759e-02 
3.200000 2.7840724377148268e-02 
3.400000 2.7920347647285442e-02 
3.600000 2.8007667199600277e-02 
3.800000 2.8102889370009810e-02 
4.000000 2.8206212432967115e-02 
4.200000 2.8317829390832459e-02 
4.400000 2.8437930508898555e-02 
4.600000 2.8566704738400044e-02 
4.800000 2.8704341844568132e-02 
5.000000 2.8851035613968228e-02 
5.200000 2.9006983475489093e-02 
5.400000 2.9172387431129633e-02 
5.600000 2.9347454791393501e-02 
5.800000 2.9532398804794569e-02 
6.000000 2.9727439114686911e-02 
6.200000 2.9932802284669262e-02 
6.400000 3.0148721608799400e-02 
6.600000 3.0375437508581352e-02 
6.800000 3.0613198455496576e-02 
7.000000 3.0862261799738083e-02 
7.200000 3.1122894671643551e-02 
7.400000 3.1395374755675547e-02 
7.600000 3.1679990986541243e-02 
7.800000 3.1977044177338113e-02 
8.000000 3.2286848011562660e-02 
8.200000 3.2609729155801334e-02 
8.400000 3.2946028314364842e-02 
8.600000 3.3296100779191588e-02 
8.800000 3.3660317042560534e-02 
9.000000 3.4039063492573650e-02 
9.200000 3.4432743348987112e-02 
9.400000 3.4841777357587089e-02 
9.600000 3.5266604648692794e-02 
9.800000 3.5707683618263486e-02 
10.000000 3.6165492825818463e-02 
10.200000 3.6640531972732329e-02 
10.400000 3.7133322945393919e-02 
10.600000 3.7644410938015474e-02 
10.800000 3.8174365607235569e-02 
11.000000 3.8723782252780760e-02 
11.200000 3.9293283067491205e-02 
11.400000 3.9883518418837659e-02 
11.600000 4.0495168189155585e-02 
11.800000 4.1128943150636602e-02 
12.000000 4.1785586404622689e-02 
12.200000 4.2465874939018933e-02 
12.400000 4.3170621111598466e-02 
12.600000 4.3900674285316250e-02 
12.800000 4.4656922473972439e-02 
13.000000 4.5440294043331816e-02 
13.200000 4.6251759454518683e-02 
13.400000 4.7092333039046752e-02 
13.600000 4.7963074800318410e-02 
13.800000 4.8865092230172852e-02 
14.000000 4.9799542139509115e-02 
14.200000 5.0767632459195099e-02 
14.400000 5.1770624020235190e-02 
14.600000 5.2809832286133875e-02 
14.800000 5.3886629013583376e-02 
15.000000 5.5002443818810330e-02 
15.200000 5.6158765627067148e-02 
15.400000 5.7357143942546762e-02 
15.600000 5.8599189931497299e-02 
15.800000 5.9886577252646393e-02 
16.000000 6.1221042591772010e-02 
16.200000 6.2604385844398744e-02 
16.400000 6.4038469872670256e-02 
16.600000 6.5525219772909579e-02 
16.800000 6.7066621570187293e-02 
17.000000 6.8664720255306455e-02 
17.200000 7.0321617063867303e-02 
17.400000 7.2039465896005614e-02 
17.600000 7.3820468761879893e-02 
17.800000 7.5666870133367939e-02 
18.000000 7.7580950074650934e-02 
18.200000 7.9565016014856896e-02 
18.400000 8.1621393022703159e-02 
18.600000 8.3752412442824262e-02 
18.800000 8.5960398745943745e-02 
19.000000 8.8247654450973531e-02 
19.200000 9.0616442981846679e-02 
19.400000 9.3068969328900464e-02 
19.600000 9.5607358402502757e-02 
19.800000 9.8233630982979867e-02 
20.000000 1.0094967719919010e-01 
20.200000 1.0375722750085591e-01 
20.400000 1.0665782113111129e-01 
20.600000 1.0965277215633117e-01 
20.800000 1.1274313316335276e-01 
21.000000 1.1592965680550021e-01 
21.200000 1.1921275544938770e-01 
21.400000 1.2259245925877053e-01 
21.600000 1.2606837313705138e-01 
21.800000 1.2963963304465409e-01 
22.000000 1.3330486230134295e-01 
22.200000 1.3706212857913289e-01 
22.400000 1.4090890238284720e-01 
22.600000 1.4484201789947784e-01 
22.800000 1.4885763717119777e-01 
23.000000 1.5295121860352659e-01 
23.200000 1.5711749085755927e-01 
23.400000 1.6135043318676895e-01 
23.600000 1.6564326326156448e-01 
23.800000 1.6998843347357095e-01 
24.000000 1.7437763662575051e-01 
24.200000 1.7880182178887566e-01 
24.400000 1.8325122094241694e-01 
24.600000 1.8771538681804970e-01 
24.800000 1.9218324213074298e-01 
25.000000 1.9664314012086137e-01 
25.200000 2.0108293604850533e-01 
25.400000 2.0549006898739636e-01 
25.600000 2.0985165297079461e-01 
25.800000 2.1415457625808487e-01 
26.000000 2.1838560722977798e-01 
26.200000 2.2253150519295381e-01 
26.400000 2.2657913419927600e-01 
26.600000 2.3051557785295670e-01 
26.800000 2.3432825302307242e-01 
27.000000 2.3800502037725640e-01 
27.200000 2.4153428972272672e-01 
27.400000 2.4490511827288466e-01 
27.600000 2.4810730014782853e-01 
27.800000 2.5113144565626577e-01 
28.000000 2.5396904918394780e-01 
28.200000 2.5661254481763573e-01 
28.400000 2.5905534915102790e-01 
28.600000 2.6129189103733130e-01 
28.800000 2.6331762836025324e-01 
29.000000 2.6512905218098060e-01 
29.200000 2.6672367887408288e-01 
29.400000 2.6810003108429697e-01 
29.600000 2.6925760851395902e-01 
29.800000 2.7019684968582663e-01 
30.000000 2.7091908591776914e-01 
30.200000 2.7142648879602510e-01 
30.400000 2.7172201244564237e-01 
30.600000 2.7180933187430034e-01 
30.800000 2.7169277861401048e-01 
31.000000 2.7137727480950841e-01 
31.200000 2.7086826680781473e-01 
31.400000 2.7017165919588143e-01 
31.600000 2.6929375011729939e-01 
31.800000 2.6824116857930386e-01 
32.000000 2.6702081434156799e-01 
32.200000 2.6563980086191036e-01 
32.400000 2.6410540166360208e-01 
32.600000 2.6242500038643840e-01 
32.800000 2.6060604469058940e-01 
33.000000 2.5865600409930478e-01 
33.200000 2.5658233179419571e-01 
33.400000 2.5439243031511105e-01 
33.600000 2.5209362106529248e-01 
33.800000 2.4969311748089357e-01 
34.000000 2.4719800169153344e-01 
34.200000 2.4461520447431043e-01 
34.400000 2.4195148828690338e-01 
34.600000 2.3921343315501625e-01 
34.800000 2.3640742518457555e-01 
35.000000 2.3353964746892270e-01 
35.200000 2.3061607316491115e-01 
35.400000 2.2764246051855580e-01 
35.600000 2.2462434962998173e-01 
35.800000 2.2156706075836516e-01 
36.000000 2.1847569397962299e-01 
36.200000 2.1535513002261808e-01 
36.400000 2.1221003212290268e-01 
36.600000 2.0904484874647128e-01 
36.800000 2.0586381704924450e-01 
37.000000 2.0267096695085174e-01 
37.200000 1.9947012571365763e-01 
37.400000 1.9626492292968509e-01 
37.600000 1.9305879582907859e-01 
37.800000 1.8985499483401622e-01 
38.000000 1.8665658929140985e-01 
38.200000 1.8346647332642022e-01 
38.400000 1.8028737176669898e-01 
38.600000 1.7712184609439724e-01 
38.800000 1.7397230038939235e-01 
39.000000 1.7084098723293184e-01 
39.200000 1.6773001354594522e-01 
39.400000 1.6464134634079891e-01 
39.600000 1.6157681836920024e-01 
39.800000 1.5853813365239133e-01 
40.000000 1.5552687288277339e-01 
40.200000 1.5254449868867567e-01 
40.400000 1.4959236075619789e-01 
40.600000 1.4667170080390540e-01 
40.800000 1.4378365740780427e-01 
41.000000 1.4092927067530131e-01 
41.200000 1.3810948676798565e-01 
41.400000 1.3532516227399938e-01 
41.600000 1.3257706843146713e-01 
41.800000 1.2986589520509564e-01 
42.000000 1.2719225521849684e-01 
42.200000 1.2455668754516892e-01 
42.400000 1.2195966136132881e-01 
42.600000 1.1940157946401896e-01 
42.800000 1.1688278165801833e-01 
43.000000 1.1440354801518350e-01 
43.200000 1.1196410200989537e-01 
43.400000 1.0956461353428654e-01 
43.600000 1.0720520179690529e-01 
43.800000 1.0488593810843415e-01 
44.000000 1.0260684855802499e-01 
44.200000 1.0036791658373137e-01 
44.400000 9.8169085440457854e-02 
44.600000 9.6010260568745773e-02 
44.800000 9.3891311867629543e-02 
45.000000 9.1812075874710866e-02 
45.200000 8.9772357856500826e-02 
45.400000 8.7771933811993927e-02 
45.600000 8.5810552392345446e-02 
45.800000 8.3887936739430471e-02 
46.000000 8.2003786245995081e-02 
46.200000 8.0157778240007249e-02 
46.400000 7.8349569595748278e-02 
46.600000 7.6578798274110432e-02 
46.800000 7.4845084794484679e-02 
47.000000 7.3148033640560453e-02 
47.200000 7.1487234602287647e-02 
47.400000 6.9862264056193141e-02 
47.600000 6.8272686186169440e-02 
47.800000 6.6718054146810049e-02 
48.000000 6.5197911171298292e-02 
48.200000 6.3711791625800818e-02 
48.400000 6.2259222012272353e-02 
48.600000 6.0839721921517063e-02 
48.800000 5.9452804938310462e-02 
49.000000 5.8097979500329376e-02 
49.200000 5.6774749712597945e-02 
49.400000 5.5482616119103663e-02 
49.600000 5.4221076433203313e-02 
49.800000 5.2989626228380445e-02 
50.000000 5.1787759590887675e-02 
50.200000 5.0614969735753496e-02 
50.400000 4.9470749587597375e-02 
50.600000 4.8354592327656473e-02 
50.800000 4.7265991908383299e-02 
51.000000 4.6204443536938158e-02 
51.200000 4.5169444128858788e-02 
51.400000 4.4160492733153277e-02 
51.600000 4.3177090930021873e-02 
51.800000 4.2218743202379352e-02 
52.000000 4.1284957282311859e-02 
52.200000 4.0375244473563693e-02 
52.400000 3.9489119951119492e-02 
52.600000 3.8626103038906012e-02 
52.800000 3.7785717466610316e-02 
53.000000 3.6967491606570882e-02 
53.200000 3.6170958691670758e-02 
53.400000 3.5395657015126487e-02 
53.600000 3.4641130113034727e-02 
53.800000 3.3906926930511672e-02 
54.000000 3.3192601972221590e-02 
54.200000 3.2497715438072644e-02 
54.400000 3.1821833344817127e-02 
54.600000 3.1164527634276493e-02 
54.800000 3.0525376268873576e-02 
55.000000 2.9903963315135618e-02 
55.200000 2.9299879015801847e-02 
55.400000 2.8712719851143959e-02 
55.600000 2.8142088590085473e-02 
55.800000 2.7587594331678046e-02 
56.000000 2.7048852537474893e-02 
56.200000 2.6525485055314109e-02 
56.400000 2.6017120135005699e-02 
56.600000 2.5523392436394621e-02 
56.800000 2.5043943030250617e-02 
57.000000 2.4578419392417332e-02 
57.200000 2.4126475391633869e-02 
57.400000 2.3687771271421867e-02 
57.600000 2.3261973626417059e-02 
57.800000 2.2848755373502446e-02 
58.000000 2.2447795718089730e-02 
58.200000 2.2058780115872201e-02 
58.400000 2.1681400230365380e-02 
58.600000 2.1315353886529751e-02 
58.800000 2.0960345020762123e-02 
59.000000 2.0616083627521795e-02 
59.200000 2.0282285702852058e-02 
59.400000 1.9958673185039525e-02 
59.600000 1.9644973892643785e-02 
59.800000 1.9340921460119592e-02 
60.000000 1.9046255271239959e-02 
60.200000 1.8760720390521013e-02 
60.400000 1.8484067492837254e-02 
60.600000 1.8216052791407339e-02 
60.800000 1.7956437964319765e-02 
61.000000 1.7704990079761829e-02 
61.200000 1.7461481520102764e-02 
61.400000 1.7225689904978577e-02 
61.600000 1.6997398013512750e-02 
61.800000 1.6776393705805550e-02 
62.000000 1.6562469843812797e-02 
62.200000 1.6355424211730207e-02 
62.400000 1.6155059435994448e-02 
62.600000 1.5961182905001429e-02 
62.800000 1.5773606688641886e-02 
63.000000 1.5592147457744444e-02 
63.200000 1.5416626403512929e-02 
63.400000 1.5246869157039907e-02 
63.600000 1.5082705708971498e-02 
63.800000 1.4923970329396560e-02 
64.000000 1.4770501488026890e-02 
64.200000 1.4622141774730882e-02 
64.400000 1.4478737820480998e-02 
64.600000 1.4340140218769176e-02 
64.800000 1.4206203447541445e-02 
65.000000 1.4076785791700677e-02 
65.200000 1.3951749266221248e-02 
65.400000 1.3830959539917233e-02 
65.600000 1.3714285859902644e-02 
65.800000 1.3601600976778913e-02 
66.000000 1.3492781070583049e-02 
66.200000 1.3387705677525872e-02 
66.400000 1.3286257617547750e-02 
66.600000 1.3188322922718784e-02 
66.800000 1.3093790766503867e-02 
67.000000 1.3002553393916108e-02 
67.200000 1.2914506052575500e-02 
67.400000 1.2829546924690504e-02 
67.600000 1.2747577059978256e-02 
67.800000 1.2668500309535070e-02 
68.000000 1.2592223260670637e-02 
68.200000 1.2518655172714553e-02 
68.400000 1.2447707913804758e-02 
68.600000 1.2379295898664761e-02 
68.800000 1.2313336027374749e-02 
69.000000 1.2249747625142585e-02 
69.200000 1.2188452383076006e-02 
69.400000 1.2129374299960496e-02 
69.600000 1.2072439625042019e-02 
69.800000 1.2017576801815484e-02 
70.000000 1.1964716412818373e-02 
70.200000 1.1913791125426889e-02 
70.400000 1.1864735638652649e-02 
70.600000 1.1817486630936227e-02 
70.800000 1.1771982708933138e-02 
71.000000 1.1728164357287626e-02 
71.200000 1.1685973889388196e-02 
71.400000 1.1645355399099309e-02 
71.600000 1.1606254713461502e-02 
71.800000 1.1568619346353424e-02 
72.000000 1.1532398453107105e-02 
72.200000 1.1497542786068477e-02 
72.400000 1.1464004651094407e-02 
72.600000 1.1431737864976336e-02 
72.800000 1.1400697713781794e-02 
73.000000 1.1370840912102923e-02 
73.200000 1.1342125563202136e-02 
73.400000 1.1314511120044262e-02 
73.600000 1.1287958347204112e-02 
73.800000 1.1262429283638072e-02 
74.000000 1.1237887206309197e-02 
74.200000 1.1214296594653169e-02 
74.400000 1.1191623095873869e-02 
74.600000 1.1169833491056611e-02 
74.800000 1.1148895662087112e-02 
75.000000 1.1128778559363259e-02 
75.200000 1.1109452170288194e-02 
75.400000 1.1090887488532019e-02 
75.600000 1.1073056484049668e-02 
75.800000 1.1055932073841993e-02 
76.000000 1.1039488093448199e-02 
76.200000 1.1023699269156624e-02 
76.400000 1.1008541190920941e-02 
76.600000 1.0993990285970262e-02 
76.800000 1.0980023793098986e-02 
77.000000 1.0966619737625166e-02 
77.200000 1.0953756907003674e-02 
77.400000 1.0941414827083129e-02 
77.600000 1.0929573738992303e-02 
77.800000 1.0918214576645005e-02 
78.000000 1.0907318944850574e-02 
78.200000 1.0896869098017877e-02 
78.400000 1.0886847919440135e-02 
78.600000 1.0877238901149290e-02 
78.800000 1.0868026124327454e-02 
79.000000 1.0859194240263444e-02 
79.200000 1.0850728451843121e-02 
79.400000 1.0842614495561282e-02 
79.600000 1.0834838624044260e-02 
79.800000 1.0827387589071234e-02 
80.000000 1.0820248625082813e-02 
80.200000 1.0813409433167461e-02 
80.400000 1.0806858165511564e-02 
80.600000 1.0800583410305950e-02 
80.800000 1.0794574177095215e-02 
81.000000 1.0788819882561102e-02 
81.200000 1.0783310336728334e-02 
81.400000 1.0778035729583932e-02 
81.600000 1.0772986618098250e-02 
81.800000 1.0768153913639644e-02 
82.000000 1.0763528869771088e-02 
82.200000 1.0759103070421036e-02 
82.400000 1.0754868418417274e-02 
82.600000 1.0750817124375657e-02 
82.800000 1.0746941695934117e-02 
83.000000 1.0743234927323106e-02 
83.200000 1.0739689889263241e-02 
83.400000 1.0736299919182405e-02 
83.600000 1.0733058611742501e-02 
83.800000 1.0729959809668831e-02 
84.000000 1.0726997594873141e-02 
84.200000 1.0724166279862300e-02 
84.400000 1.0721460399425365e-02 
84.600000 1.0718874702590612e-02 
84.800000 1.0716404144845301e-02 
85.000000 1.0714043880611337e-02 
85.200000 1.0711789255968416e-02 
85.400000 1.0709635801618871e-02 
85.600000 1.0707579226085963e-02 
85.800000 1.0705615409140655e-02 
86.000000 1.0703740395448292e-02 
86.200000 1.0701950388429856e-02 
86.400000 1.0700241744331873e-02 
86.600000 1.0698610966497444e-02 
86.800000 1.0697054699833349e-02 
87.000000 1.0695569725467676e-02 
87.200000 1.0694152955591129e-02 
87.400000 1.0692801428477209e-02 
87.600000 1.0691512303675660e-02 
87.800000 1.0690282857373916e-02 
88.000000 1.0689110477921027e-02 
88.200000 1.0687992661509407e-02 
88.400000 1.0686927008009269e-02 
88.600000 1.0685911216951104e-02 
88.800000 1.0684943083651088e-02 
89.000000 1.0684020495475602e-02 
89.200000 1.0683141428239746e-02 
89.400000 1.0682303942735937e-02 
89.600000 1.0681506181388082e-02 
89.800000 1.0680746365027714e-02 
90.000000 1.0680022789787505e-02 
90.200000 1.0679333824108985e-02 
90.400000 1.0678677905859904e-02 
90.600000 1.0678053539558321e-02 
90.800000 1.0677459293699645e-02 
91.000000 1.0676893798182844e-02 
91.200000 1.0676355741832864e-02 
91.400000 1.0675843870015951e-02 
91.600000 1.0675356982344819e-02 
91.800000 1.0674893930469975e-02 
92.000000 1.0674453615954973e-02 
92.200000 1.0674034988232849e-02 
92.400000 1.0673637042639711e-02 
92.600000 1.0673258818524128e-02 
92.800000 1.0672899397429176e-02 
93.000000 1.0672557901344425e-02 
93.200000 1.0672233491025328e-02 
93.400000 1.0671925364378476e-02 
93.600000 1.0671632754908881e-02 
93.800000 1.0671354930228766e-02 
94.000000 1.0671091190624296e-02 
94.200000 1.0670840867678692e-02 
94.400000 1.0670603322950235e-02 
94.600000 1.0670377946701746e-02 
94.800000 1.0670164156681242e-02 
95.000000 1.0669961396950912e-02 
95.200000 1.0669769136763005e-02 
95.400000 1.0669586869480597e-02 
95.600000 1.0669414111542036e-02 
95.800000 1.0669250401467018e-02 
96.000000 1.0669095298902908e-02 
96.200000 1.0668948383710037e-02 
96.400000 1.0668809255083699e-02 
96.600000 1.0668677530712793e-02 
96.800000 1.0668552845972182e-02 
97.000000 1.0668434853148874e-02 
97.200000 1.0668323220699836e-02 
97.400000 1.0668217632540233e-02 
97.600000 1.0668117787361859e-02 
97.800000 1.0668023397979259e-02 
98.000000 1.0667934190703578e-02 
98.200000 1.0667849904742375e-02 
98.400000 1.0667770291624636e-02 
98.600000 1.0667695114650239e-02 
98.800000 1.0667624148362243e-02 
99.000000 1.0667557178041990e-02 
99.200000 1.0667493999225234e-02 
99.400000 1.0667434417238879e-02 
99.600000 1.0667378246758013e-02 
99.800000 1.0667325311381278e-02 
100.000000 1.0667275443224804e-02 
100.200000 1.0667228482533580e-02 
100.400000 1.0667184277309342e-02 
100.600000 1.0667142682955143e-02 
100.800000 1.0667103561934801e-02 
101.000000 1.0667066783447348e-02 
101.200000 1.0667032223115842e-02 
101.400000 1.0666999762689429e-02 
101.600000 1.0666969289758998e-02 
101.800000 1.0666940697484809e-02 
102.000000 1.0666913884336549e-02 
102.200000 1.0666888753844620e-02 
102.400000 1.0666865214362607e-02 
102.600000 1.0666843178840205e-02 
102.800000 1.0666822564606313e-02 
103.000000 1.0666803293161912e-02 
103.200000 1.0666785289981990e-02 
103.400000 1.0666768484326733e-02 
103.600000 1.0666752809060700e-02 
103.800000 1.0666738200480771e-02 
104.000000 1.0666724598151326e-02 
104.200000 1.0666711944747392e-02 
104.400000 1.0666700185904520e-02 
104.600000 1.0666689270075660e-02 
104.800000 1.0666679148394842e-02 
105.000000 1.0666669774546592e-02 
105.200000 1.0666661104641815e-02 
105.400000 1.0666653097099299e-02 
105.600000 1.0666645712532247e-02 
105.800000 1.0666638913640922e-02 
106.000000 1.0666632665109458e-02 
106.200000 1.0666626933507877e-02 
106.400000 1.0666621687198773e-02 
106.600000 1.0666616896247887e-02 
106.800000 1.0666612532339598e-02 
107.000000 1.0666608568695632e-02 
107.200000 1.0666604979998264e-02 
107.400000 1.0666601742316517e-02 
107.600000 1.0666598833036523e-02 
107.800000 1.0666596230794651e-02 
108.000000 1.0666593915414135e-02 
108.200000 1.0666591867844542e-02 
108.400000 1.0666590070104379e-02 
108.600000 1.0666588505226183e-02 
108.800000 1.0666587157204217e-02 
109.000000 1.0666586010945308e-02 
109.200000 1.0666585052221105e-02 
109.400000 1.0666584267623522e-02 
109.600000 1.0666583644521797e-02 
109.800000 1.0666583171021916e-02 
110.000000 1.0666582835927804e-02 
110.200000 1.0666582628704711e-02 
110.400000 1.0666582539444174e-02 
110.600000 1.0666582558830849e-02 
110.800000 1.0666582678110707e-02 
111.000000 1.0666582889061279e-02 
111.200000 1.0666583183962838e-02 
111.400000 1.0666583555571638e-02 
111.600000 1.0666583997093726e-02 
111.800000 1.0666584502160856e-02 
112.000000 1.0666585064807005e-02 
112.200000 1.0666585679446410e-02 
112.400000 1.0666586340852659e-02 
112.600000 1.0666587044138748e-02 
112.800000 1.0666587784738203e-02 
113.000000 1.0666588558387216e-02 
113.200000 1.0666589361107653e-02 
113.400000 1.0666590189190866e-02 
113.600000 1.0666591039182442e-02 
113.800000 1.0666591907867885e-02 
114.000000 1.0666592792258451e-02 
114.200000 1.0666593689578670e-02 
114.400000 1.0666594597253474e-02 
114.600000 1.0666595512896903e-02 
114.800000 1.0666596434300707e-02 
115.000000 1.0666597359424114e-02 
115.200000 1.0666598286383760e-02 
115.400000 1.0666599213444108e-02 
115.600000 1.0666600139008938e-02 
115.800000 1.0666601061612472e-02 
116.000000 1.0666601979911795e-02 
116.200000 1.0666602892678928e-02 
116.400000 1.0666603798794035e-02 
116.600000 1.0666604697238307e-02 
116.800000 1.0666605587087902e-02 
117.000000 1.0666606467507831e-02 
117.200000 1.0666607337746041e-02 
117.400000 1.0666608197128424e-02 
117.600000 1.0666609045053196e-02 
117.800000 1.0666609880986729e-02 
118.000000 1.0666610704458490e-02 
118.200000 1.0666611515056946e-02 
118.400000 1.0666612312425810e-02 
118.600000 1.0666613096259622e-02 
118.800000 1.0666613866300804e-02 
119.000000 1.0666614622335818e-02 
119.200000 1.0666615364192332e-02 
119.400000 1.0666616091735888e-02 
119.600000 1.0666616804867402e-02 
119.800000 1.0666617503520191e-02 
120.000000 1.0666618187657715e-02 
120.200000 1.0666618857271184e-02 
120.400000 1.0666619512377254e-02 
120.600000 1.0666620153016025e-02 
120.800000 1.0666620779249094e-02 
121.000000 1.0666621391157784e-02 
121.200000 1.0666621988841182e-02 
121.400000 1.0666622572414883e-02 
121.600000 1.0666623142009250e-02 
121.800000 1.0666623697767993e-02 
122.000000 1.0666624239847161e-02 
122.200000 1.0666624768413317e-02 
122.400000 1.0666625283643047e-02 
122.600000 1.0666625785721319e-02 
122.800000 1.0666626274840945e-02 
123.000000 1.0666626751201223e-02 
123.200000 1.0666627215007468e-02 
123.400000 1.0666627666469756e-02 
123.600000 1.0666628105802609e-02 
123.800000 1.0666628533223909e-02 
124.000000 1.0666628948954593e-02 
124.200000 1.0666629353217705e-02 
124.400000 1.0666629746238143e-02 
124.600000 1.0666630128241884e-02 
124.800000 1.0666630499455640e-02 
125.000000 1.0666630860106469e-02 
125.200000 1.0666631210421128e-02 
125.400000 1.0666631550626110e-02 
125.600000 1.0666631880946810e-02 
125.800000 1.0666632201607591e-02 
126.000000 1.0666632512831238e-02 
126.200000 1.0666632814838978e-02 
126.400000 1.0666633107849988e-02 
126.600000 1.0666633392081170e-02 
126.800000 1.0666633667747248e-02 
127.000000 1.0666633935060198e-02 
127.200000 1.0666634194229561e-02 
127.400000 1.0666634445461738e-02 
127.600000 1.0666634688960354e-02 
127.800000 1.0666634924925880e-02 
128.000000 1.0666635153555674e-02 
128.200000 1.0666635375043722e-02 
128.400000 1.0666635589580869e-02 
128.600000 1.0666635797354419e-02 
128.800000 1.0666635998548352e-02 
129.000000 1.0666636193343005e-02 
129.200000 1.0666636381915510e-02 
129.400000 1.0666636564439265e-02 
129.600000 1.0666636741084189e-02 
129.800000 1.0666636912016579e-02 
130.000000 1.0666637077399300e-02 
130.200000 1.0666637237391804e-02 
130.400000 1.0666637392149694e-02 
130.600000 1.0666637541825237e-02 
130.800000 1.0666637686567341e-02 
131.000000 1.0666637826521217e-02 
131.200000 1.0666637961828871e-02 
131.400000 1.0666638092628692e-02 
131.600000 1.0666638219055842e-02 
131.800000 1.0666638341242192e-02 
132.000000 1.0666638459316249e-02 
132.200000 1.0666638573403187e-02 
132.400000 1.0666638683625220e-02 
132.600000 1.0666638790101249e-02 
132.800000 1.0666638892947127e-02 
133.000000 1.0666638992275601e-02 
133.200000 1.0666639088196570e-02 
133.400000 1.0666639180816787e-02 
133.600000 1.0666639270240195e-02 
133.800000 1.0666639356568041e-02 
134.000000 1.0666639439898535e-02 
134.200000 1.0666639520327315e-02 
134.400000 1.0666639597947314e-02 
134.600000 1.0666639672848865e-02 
134.800000 1.0666639745119590e-02 
135.000000 1.0666639814844841e-02 
135.200000 1.0666639882107335e-02 
135.400000 1.0666639946987428e-02 
135.600000 1.0666640009563178e-02 
135.800000 1.0666640069910222e-02 
136.000000 1.0666640128102119e-02 
136.200000 1.0666640184210161e-02 
136.400000 1.0666640238303434e-02 
136.600000 1.0666640290449081e-02 
136.800000 1.0666640340712057e-02 
137.000000 1.0666640389155508e-02 
137.200000 1.0666640435840506e-02 
137.400000 1.0666640480826264e-02 
137.600000 1.0666640524170204e-02 
137.800000 1.0666640565927988e-02 
138.000000 1.0666640606153382e-02 
138.200000 1.0666640644898546e-02 
138.400000 1.0666640682214150e-02 
138.600000 1.0666640718149012e-02 
138.800000 1.0666640752750374e-02 
139.000000 1.0666640786064212e-02 
139.200000 1.0666640818134787e-02 
139.400000 1.0666640849005107e-02 
139.600000 1.0666640878716575e-02 
139.800000 1.0666640907309373e-02 
140.000000 1.0666640934822292e-02 
140.200000 1.0666640961292943e-02 
140.400000 1.0666640986757483e-02 
140.600000 1.0666641011251114e-02 
140.800000 1.0666641034807627e-02 
141.000000 1.0666641057459871e-02 
141.200000 1.0666641079239403e-02 
141.400000 1.0666641100176856e-02 
141.600000 1.0666641120301700e-02 
141.800000 1.0666641139642418e-02 
142.000000 1.0666641158226504e-02 
142.200000 1.0666641176080596e-02 
142.400000 1.0666641193230131e-02 
142.600000 1.0666641209699875e-02 
142.800000 1.0666641225513702e-02 
143.000000 1.0666641240694519e-02 
143.200000 1.0666641255264469e-02 
143.400000 1.0666641269245009e-02 
143.600000 1.0666641282656640e-02 
143.800000 1.0666641295519348e-02 
144.000000 1.0666641307852116e-02 
144.200000 1.0666641319673445e-02 
144.400000 1.0666641331000933e-02 
144.600000 1.0666641341851451e-02 
144.800000 1.0666641352241310e-02 
145.000000 1.0666641362186058e-02 
145.200000 1.0666641371700819e-02 
145.400000 1.0666641380800063e-02 
145.600000 1.0666641389497720e-02 
145.800000 1.0666641397807312e-02 
146.000000 1.0666641405741814e-02 
146.200000 1.0666641413313858e-02 
146.400000 1.0666641420535595e-02 
146.600000 1.0666641427418824e-02 
146.800000 1.0666641433974954e-02 
147.000000 1.0666641440214010e-02 
147.200000 1.0666641446143495e-02 
147.400000 1.0666641451771161e-02 
147.600000 1.0666641457105190e-02 
147.800000 1.0666641462154096e-02 
148.000000 1.0666641466926533e-02 
148.200000 1.0666641471431393e-02 
148.400000 1.0666641475677653e-02 
148.600000 1.0666641479674287e-02 
148.800000 1.0666641483430338e-02 
149.000000 1.0666641486954773e-02 
149.200000 1.0666641490256619e-02 
149.400000 1.0666641493344774e-02 
149.600000 1.0666641496227938e-02 
149.800000 1.0666641498914827e-02 
