0.000000 1.2557189231519239e-01 
0.200000 1.2555589019253011e-01 
0.400000 1.2554306122311742e-01 
0.600000 1.2553350417188736e-01 
0.800000 1.2552741534271117e-01 
1.000000 1.2552459656313431e-01 
1.200000 1.2552492072260879e-01 
1.400000 1.2552816434414016e-01 
1.600000 1.2553399803810483e-01 
1.800000 1.2554139101123518e-01 
2.000000 1.2554883996466815e-01 
2.200000 1.2555255477348548e-01 
2.400000 1.2555228081115222e-01 
2.600000 1.2554822492872264e-01 
2.800000 1.2554077123164820e-01 
3.000000 1.2553047280568586e-01 
3.200000 1.2551789216257792e-01 
3.400000 1.2550344155932558e-01 
3.600000 1.2547733239027181e-01 
3.800000 1.2545209457095452e-01 
4.000000 1.2542745443459824e-01 
4.200000 1.2540322907673362e-01 
4.400000 1.2537889334034102e-01 
4.600000 1.2535385220766204e-01 
4.800000 1.2532750491600420e-01 
5.000000 1.2529922331556442e-01 
5.200000 1.2526836055111268e-01 
5.400000 1.2523452301347282e-01 
5.600000 1.2519762165758674e-01 
5.800000 1.2515768742431399e-01 
6.000000 1.2511482528618101e-01 
6.200000 1.2506916729435424e-01 
6.400000 1.2502084950605075e-01 
6.600000 1.2496998536816184e-01 
6.800000 1.2491667868196465e-01 
7.000000 1.2486090486590795e-01 
7.200000 1.2480254261929502e-01 
7.400000 1.2474144599387160e-01 
7.600000 1.2467745826916721e-01 
7.800000 1.2461042400965494e-01 
8.000000 1.2454019439790076e-01 
8.200000 1.2446663231926391e-01 
8.400000 1.2438961400189008e-01 
8.600000 1.2430903316565911e-01 
8.800000 1.2422479525890306e-01 
9.000000 1.2413680627302315e-01 
9.200000 1.2404496541499355e-01 
9.400000 1.2394916051212890e-01 
9.600000 1.2384926525273432e-01 
9.800000 1.2374513443776192e-01 
10.000000 1.2363659794998172e-01 
10.200000 1.2352347304859224e-01 
10.400000 1.2340556935109892e-01 
10.600000 1.2328269397395675e-01 
10.800000 1.2315463974056284e-01 
11.000000 1.2302118347234947e-01 
11.200000 1.2288208700494985e-01 
11.400000 1.2273709719944503e-01 
11.600000 1.2258594488439956e-01 
11.800000 1.2242834362110566e-01 
12.000000 1.2226398834233987e-01 
12.200000 1.2209255369276539e-01 
12.400000 1.2191369201766333e-01 
12.600000 1.2172703109917637e-01 
12.800000 1.2153217202041289e-01 
13.000000 1.2132868718669632e-01 
13.200000 1.2111611846589265e-01 
13.400000 1.2089397517450895e-01 
13.600000 1.2066173197574492e-01 
13.800000 1.2041882690550310e-01 
14.000000 1.2016465927079245e-01 
14.200000 1.1989858740962878e-01 
14.400000 1.1961992625744899e-01 
14.600000 1.1932794467422181e-01 
14.800000 1.1902186254569591e-01 
15.000000 1.1870084768540623e-01 
15.200000 1.1836401254990525e-01 
15.400000 1.1801041080264896e-01 
15.600000 1.1763903373588447e-01 
15.800000 1.1724880658067582e-01 
16.000000 1.1683858474667197e-01 
16.200000 1.1640715004044011e-01 
16.400000 1.1595320690766164e-01 
16.600000 1.1547537874637204e-01 
16.800000 1.1497220436720090e-01 
17.000000 1.1444213469371489e-01 
17.200000 1.1388352981274397e-01 
17.400000 1.1329465650252468e-01 
17.600000 1.1267368638815545e-01 
17.800000 1.1201869489142513e-01 
18.000000 1.1132766116319537e-01 
18.200000 1.1059846919653349e-01 
18.400000 1.0982891033002051e-01 
18.600000 1.0901668735201409e-01 
18.800000 1.0815942042060633e-01 
19.000000 1.0725465500597420e-01 
19.200000 1.0629987204862412e-01 
19.400000 1.0529250051064099e-01 
19.600000 1.0422993247282331e-01 
19.800000 1.0310954090337698e-01 
20.000000 1.0192870018937072e-01 
20.200000 1.0068480948579073e-01 
20.400000 9.9375318895081222e-02 
20.600000 9.7997758444761995e-02 
20.800000 9.6549769779161743e-02 
21.000000 9.5029140424108371e-02 
21.200000 9.3433840417924019e-02 
21.400000 9.1762061028416664e-02 
21.600000 9.0012255190772938e-02 
21.800000 8.8183179206162587e-02 
22.000000 8.6273935137187951e-02 
22.200000 8.4284013225132237e-02 
22.400000 8.2213333541590439e-02 
22.600000 8.0062285976959191e-02 
22.800000 7.7831767570894383e-02 
23.000000 7.5523216111821445e-02 
23.200000 7.3138638884253981e-02 
23.400000 7.0680635431061845e-02 
23.600000 6.8152413231182818e-02 
23.800000 6.5557795275737241e-02 
24.000000 6.2901218659561553e-02 
24.200000 6.0187723489449341e-02 
24.400000 5.7422931640253583e-02 
24.600000 5.4613015158443523e-02 
24.800000 5.1764654408382516e-02 
25.000000 4.8884986367680128e-02 
25.200000 4.5981543789427870e-02 
25.400000 4.3062186247018741e-02 
25.600000 4.0135024346632298e-02 
25.800000 3.7208338620540071e-02 
26.000000 3.4290494789745884e-02 
26.200000 3.1389857199024429e-02 
26.400000 2.8514702276040471e-02 
26.600000 2.5673133847532337e-02 
26.800000 2.2873002061956194e-02 
27.000000 2.0121827524804403e-02 
27.200000 1.7426732059565464e-02 
27.400000 1.4794377273793513e-02 
27.600000 1.2230911849729242e-02 
27.800000 9.7419282039636901e-03 
28.000000 7.3324288842557817e-03 
28.200000 5.0068028043586121e-03 
28.400000 2.7688111696496653e-03 
28.600000 6.2158272454315711e-04 
28.800000 -1.4323822374685546e-03 
29.000000 -3.3911998161031409e-03 
29.200000 -5.2535832334864585e-03 
29.400000 -7.0188172702131402e-03 
29.600000 -8.6867273789614785e-03 
29.800000 -1.0257644467808968e-02 
30.000000 -1.1732366337736555e-02 
30.200000 -1.3112116728380308e-02 
30.400000 -1.4398502874789831e-02 
30.600000 -1.5593472410133424e-02 
30.800000 -1.6699270369271546e-02 
31.000000 -1.7718396958802507e-02 
31.200000 -1.8653566664664556e-02 
31.400000 -1.9507669171917597e-02 
31.600000 -2.0283732475722571e-02 
31.800000 -2.0984888470806484e-02 
32.000000 -2.1614341220524302e-02 
32.200000 -2.2175338028234459e-02 
32.400000 -2.2671143363702240e-02 
32.600000 -2.3105015636947224e-02 
32.800000 -2.3480186760701849e-02 
33.000000 -2.3799844401624082e-02 
33.200000 -2.4067116787392706e-02 
33.400000 -2.4285059913150997e-02 
33.600000 -2.4456646973679441e-02 
33.800000 -2.4584759837808223e-02 
34.000000 -2.4672182377143637e-02 
34.200000 -2.4721595461375090e-02 
34.400000 -2.4735573436517888e-02 
34.600000 -2.4716581909764945e-02 
34.800000 -2.4666976673784646e-02 
35.000000 -2.4589003614269522e-02 
35.200000 -2.4484799456582107e-02 
35.400000 -2.4356393219511441e-02 
35.600000 -2.4205708257022673e-02 
35.800000 -2.4034564780534839e-02 
36.000000 -2.3844682766692993e-02 
36.200000 -2.3637685166109756e-02 
36.400000 -2.3415101339301470e-02 
36.600000 -2.3178370655339342e-02 
36.800000 -2.2928846197583064e-02 
37.000000 -2.2667798528648808e-02 
37.200000 -2.2396419473889650e-02 
37.400000 -2.2115825889047369e-02 
37.600000 -2.1827063383483392e-02 
37.800000 -2.1531109975082396e-02 
38.000000 -2.1228879657916033e-02 
38.200000 -2.0921225867147508e-02 
38.400000 -2.0608944829365039e-02 
38.600000 -2.0292778789437749e-02 
38.800000 -1.9973419107622792e-02 
39.000000 -1.9651509222717134e-02 
39.200000 -1.9327647479302823e-02 
39.400000 -1.9002389818280785e-02 
39.600000 -1.8676252331734922e-02 
39.800000 -1.8349713683918689e-02 
40.000000 -1.8023217401359648e-02 
40.200000 -1.7697174035643803e-02 
40.400000 -1.7371963203105245e-02 
40.600000 -1.7047935506164291e-02 
40.800000 -1.6725414341122680e-02 
41.000000 -1.6404697597708545e-02 
41.200000 -1.6086059255760121e-02 
41.400000 -1.5769750883996847e-02 
41.600000 -1.5456003046748573e-02 
41.800000 -1.5145026623272911e-02 
42.000000 -1.4837014045198438e-02 
42.200000 -1.4532140456695319e-02 
42.400000 -1.4230564802346551e-02 
42.600000 -1.3932430847093946e-02 
42.800000 -1.3637868132692105e-02 
43.000000 -1.3346992874697539e-02 
43.200000 -1.3059908803813997e-02 
43.400000 -1.2776707955498512e-02 
43.600000 -1.2497471410872180e-02 
43.800000 -1.2222269992470308e-02 
44.000000 -1.1951164917676338e-02 
44.200000 -1.1684208412679420e-02 
44.400000 -1.1421444289548999e-02 
44.600000 -1.1162908488932477e-02 
44.800000 -1.0908629590519081e-02 
45.000000 -1.0658629293476385e-02 
45.200000 -1.0412922868762303e-02 
45.400000 -1.0171519585096572e-02 
45.600000 -9.9344231103509206e-03 
45.800000 -9.7016318898555665e-03 
46.000000 -9.4731395030704935e-03 
46.200000 -9.2489349999501091e-03 
46.400000 -9.0290032183097668e-03 
46.600000 -8.8133250832796994e-03 
46.800000 -8.6018778899285553e-03 
47.000000 -8.3946355701001452e-03 
47.200000 -8.1915689442783740e-03 
47.400000 -7.9926459595162230e-03 
47.600000 -7.7978319140314667e-03 
47.800000 -7.6070896693538892e-03 
48.000000 -7.4203798506811275e-03 
48.200000 -7.2376610360985055e-03 
48.400000 -7.0588899351999024e-03 
48.600000 -6.8840215578292313e-03 
48.800000 -6.7130093733477059e-03 
49.000000 -6.5458054609548177e-03 
49.200000 -6.3823606515589770e-03 
49.400000 -6.2226246616770564e-03 
49.600000 -6.0665462196509146e-03 
49.800000 -5.9140731847030364e-03 
50.000000 -5.7651526591647601e-03 
50.200000 -5.6197310941712292e-03 
50.400000 -5.4777543892219754e-03 
50.600000 -5.3391679859008390e-03 
50.800000 -5.2039169560487708e-03 
51.000000 -5.0719460846168907e-03 
51.200000 -4.9431999475785943e-03 
51.400000 -4.8176229850518948e-03 
51.600000 -4.6951595698930815e-03 
51.800000 -4.5757540720842010e-03 
52.000000 -4.4593509189249925e-03 
52.200000 -4.3458946514449703e-03 
52.400000 -4.2353299771167030e-03 
52.600000 -4.1276018191041680e-03 
52.800000 -4.0226553621542233e-03 
53.000000 -3.9204360953582762e-03 
53.200000 -3.8208898520053630e-03 
53.400000 -3.7239628464736524e-03 
53.600000 -3.6296017085140908e-03 
53.800000 -3.5377535150258876e-03 
54.000000 -3.4483658192740740e-03 
54.200000 -3.3613866779376861e-03 
54.400000 -3.2767646759677346e-03 
54.600000 -3.1944489492933756e-03 
54.800000 -3.1143892056895231e-03 
55.000000 -3.0365357436889090e-03 
55.200000 -2.9608394698339077e-03 
55.400000 -2.8872519141706632e-03 
55.600000 -2.8157252442529493e-03 
55.800000 -2.7462122775893244e-03 
56.000000 -2.6786664927007861e-03 
56.200000 -2.6130420389122999e-03 
56.400000 -2.5492937447448086e-03 
56.600000 -2.4873771252391305e-03 
56.800000 -2.4272483880828782e-03 
57.000000 -2.3688644387101845e-03 
57.200000 -2.3121828843545439e-03 
57.400000 -2.2571620372228013e-03 
57.600000 -2.2037609166596153e-03 
57.800000 -2.1519392506036197e-03 
58.000000 -2.1016574761325291e-03 
58.200000 -2.0528767393455452e-03 
58.400000 -2.0055588944798489e-03 
58.600000 -1.9596665023849380e-03 
58.800000 -1.9151628283928593e-03 
59.000000 -1.8720118395841173e-03 
59.200000 -1.8301782014783011e-03 
59.400000 -1.7896272743013197e-03 
59.600000 -1.7503251086608690e-03 
59.800000 -1.7122384408040647e-03 
60.000000 -1.6753346875518424e-03 
60.200000 -1.6395819406951201e-03 
60.400000 -1.6049489611135101e-03 
60.600000 -1.5714051725362332e-03 
60.800000 -1.5389206550014758e-03 
61.000000 -1.5074661380100329e-03 
61.200000 -1.4770129933873444e-03 
61.400000 -1.4475332279871092e-03 
61.600000 -1.4189994760253691e-03 
61.800000 -1.3913849913900975e-03 
62.000000 -1.3646636395930126e-03 
62.200000 -1.3388098896436745e-03 
62.400000 -1.3137988057753819e-03 
62.600000 -1.2896060389710265e-03 
62.800000 -1.2662078184359216e-03 
63.000000 -1.2435809429344677e-03 
63.200000 -1.2217027720216184e-03 
63.400000 -1.2005512172089325e-03 
63.600000 -1.1801047330981321e-03 
63.800000 -1.1603423083807116e-03 
64.000000 -1.1412434568736987e-03 
64.200000 -1.1227882084704766e-03 
64.400000 -1.1049571001546521e-03 
64.600000 -1.0877311668218564e-03 
64.800000 -1.0710919323413948e-03 
65.000000 -1.0550214004570527e-03 
65.200000 -1.0395020457025367e-03 
65.400000 -1.0245168044921982e-03 
65.600000 -1.0100490660457304e-03 
65.800000 -9.9608266350266483e-04 
66.000000 -9.8260186501752250e-04 
66.200000 -9.6959136490004649e-04 
66.400000 -9.5703627486445897e-04 
66.600000 -9.4492211528245801e-04 
66.800000 -9.3323480653323410e-04 
67.000000 -9.2196066046597303e-04 
67.200000 -9.1108637184888347e-04 
67.400000 -9.0059901000572734e-04 
67.600000 -8.9048601046032988e-04 
67.800000 -8.8073516674417457e-04 
68.000000 -8.7133462220602420e-04 
68.200000 -8.6227286200628306e-04 
68.400000 -8.5353870517454467e-04 
68.600000 -8.4512129677828673e-04 
68.800000 -8.3701010016865030e-04 
69.000000 -8.2919488941186892e-04 
69.200000 -8.2166574171885914e-04 
69.400000 -8.1441303010293398e-04 
69.600000 -8.0742741605546731e-04 
69.800000 -8.0069984238714115e-04 
70.000000 -7.9422152621145409e-04 
70.200000 -7.8798395192870158e-04 
70.400000 -7.8197886450140364e-04 
70.600000 -7.7619826268030684e-04 
70.800000 -7.7063439246551069e-04 
71.000000 -7.6527974063718418e-04 
71.200000 -7.6012702839004659e-04 
71.400000 -7.5516920514744762e-04 
71.600000 -7.5039944242269452e-04 
71.800000 -7.4581112785924997e-04 
72.000000 -7.4139785935469632e-04 
72.200000 -7.3715343929588173e-04 
72.400000 -7.3307186897102194e-04 
72.600000 -7.2914734301371409e-04 
72.800000 -7.2537424401945133e-04 
73.000000 -7.2174713728228451e-04 
73.200000 -7.1826076559819430e-04 
73.400000 -7.1491004422021692e-04 
73.600000 -7.1169005594768492e-04 
73.800000 -7.0859604623078193e-04 
74.000000 -7.0562341851490573e-04 
74.200000 -7.0276772960905370e-04 
74.400000 -7.0002468515915905e-04 
74.600000 -6.9739013527377047e-04 
74.800000 -6.9486007022696167e-04 
75.000000 -6.9243061626757252e-04 
75.200000 -6.9009803155106048e-04 
75.400000 -6.8785870209487482e-04 
75.600000 -6.8570913797067617e-04 
75.800000 -6.8364596946306200e-04 
76.000000 -6.8166594337045611e-04 
76.200000 -6.7976591944643450e-04 
76.400000 -6.7794286685940452e-04 
76.600000 -6.7619386079254690e-04 
76.800000 -6.7451607909761735e-04 
77.000000 -6.7290679909964846e-04 
77.200000 -6.7136339437851716e-04 
77.400000 -6.6988333178303466e-04 
77.600000 -6.6846416837774980e-04 
77.800000 -6.6710354857477117e-04 
78.000000 -6.6579920130089426e-04 
78.200000 -6.6454893727092151e-04 
78.400000 -6.6335064628939705e-04 
78.600000 -6.6220229468723357e-04 
78.800000 -6.6110192279343616e-04 
79.000000 -6.6004764247201003e-04 
79.200000 -6.5903763477146576e-04 
79.400000 -6.5807014759486360e-04 
79.600000 -6.5714349346734924e-04 
79.800000 -6.5625604737543086e-04 
80.000000 -6.5540624462094577e-04 
80.200000 -6.5459257879479926e-04 
80.400000 -6.5381359981404874e-04 
80.600000 -6.5306791193696367e-04 
80.800000 -6.5235417195104450e-04 
81.000000 -6.5167108730007639e-04 
81.200000 -6.5101741439865801e-04 
81.400000 -6.5039195687437157e-04 
81.600000 -6.4979356392520782e-04 
81.800000 -6.4922112874905846e-04 
82.000000 -6.4867358695858829e-04 
82.200000 -6.4814991511328440e-04 
82.400000 -6.4764912923604562e-04 
82.600000 -6.4717028342961558e-04 
82.800000 -6.4671246851355502e-04 
83.000000 -6.4627481067706244e-04 
83.200000 -6.4585647025700021e-04 
83.400000 -6.4545664046238016e-04 
83.600000 -6.4507454616127835e-04 
83.800000 -6.4470944280087261e-04 
84.000000 -6.4436061521110088e-04 
84.200000 -6.4402737658622589e-04 
84.400000 -6.4370906739057154e-04 
84.600000 -6.4340505439538370e-04 
84.800000 -6.4311472967463340e-04 
85.000000 -6.4283750966333264e-04 
85.200000 -6.4257283427116008e-04 
85.400000 -6.4232016596140612e-04 
85.600000 -6.4207898895092541e-04 
85.800000 -6.4184880835784636e-04 
86.000000 -6.4162914940383425e-04 
86.200000 -6.4141955670221629e-04 
86.400000 -6.4121959345107143e-04 
86.600000 -6.4102884075641769e-04 
86.800000 -6.4084689695131924e-04 
87.000000 -6.4067337691778997e-04 
87.200000 -6.4050791147005764e-04 
87.400000 -6.4035014668127610e-04 
87.600000 -6.4019974337451574e-04 
87.800000 -6.4005637648534980e-04 
88.000000 -6.3991973451549972e-04 
88.200000 -6.3978951903742587e-04 
88.400000 -6.3966544414474635e-04 
88.600000 -6.3954723596168495e-04 
88.800000 -6.3943463219469365e-04 
89.000000 -6.3932738163138131e-04 
89.200000 -6.3922524372549139e-04 
89.400000 -6.3912798819905359e-04 
89.600000 -6.3903539452400682e-04 
89.800000 -6.3894725168067018e-04 
90.000000 -6.3886335765296620e-04 
90.200000 -6.3878351912239478e-04 
90.400000 -6.3870755109488725e-04 
90.600000 -6.3863527658691854e-04 
90.800000 -6.3856652626029936e-04 
91.000000 -6.3850113816702608e-04 
91.200000 -6.3843895735746226e-04 
91.400000 -6.3837983567646694e-04 
91.600000 -6.3832363145932547e-04 
91.800000 -6.3827020923907379e-04 
92.000000 -6.3821943951666849e-04 
92.200000 -6.3817119849238907e-04 
92.400000 -6.3812536785273072e-04 
92.600000 -6.3808183451603828e-04 
92.800000 -6.3804049043032079e-04 
93.000000 -6.3800123234018791e-04 
93.200000 -6.3796396162509039e-04 
93.400000 -6.3792858406408470e-04 
93.600000 -6.3789500965880097e-04 
93.800000 -6.3786315246582709e-04 
94.000000 -6.3783293042105754e-04 
94.200000 -6.3780426515755440e-04 
94.400000 -6.3777708187249399e-04 
94.600000 -6.3775130915504075e-04 
94.800000 -6.3772687883710544e-04 
95.000000 -6.3770372589336266e-04 
95.200000 -6.3768178823713634e-04 
95.400000 -6.3766100664765235e-04 
95.600000 -6.3764132463389050e-04 
95.800000 -6.3762268830233615e-04 
96.000000 -6.3760504624549297e-04 
96.200000 -6.3758834945381454e-04 
96.400000 -6.3757255117540684e-04 
96.600000 -6.3755760685649254e-04 
96.800000 -6.3754347401439454e-04 
97.000000 -6.3753011215387373e-04 
97.200000 -6.3751748267208003e-04 
97.400000 -6.3750554881242955e-04 
97.600000 -6.3749427550275489e-04 
97.800000 -6.3748362939133191e-04 
98.000000 -6.3747357864973181e-04 
98.200000 -6.3746409300424051e-04 
98.400000 -6.3745514360127875e-04 
98.600000 -6.3744670299165779e-04 
98.800000 -6.3743874500313963e-04 
99.000000 -6.3743124474212320e-04 
99.200000 -6.3742417852750977e-04 
99.400000 -6.3741752381134276e-04 
99.600000 -6.3741125912541302e-04 
99.800000 -6.3740536405893639e-04 
100.000000 -6.3739981919044147e-04 
100.200000 -6.3739460605900106e-04 
100.400000 -6.3738970708490661e-04 
100.600000 -6.3738510556270167e-04 
100.800000 -6.3738078561780681e-04 
101.000000 -6.3737673216640589e-04 
101.200000 -6.3737293083122176e-04 
101.400000 -6.3736936799837357e-04 
101.600000 -6.3736603070619485e-04 
101.800000 -6.3736290665142997e-04 
102.000000 -6.3735998413358419e-04 
102.200000 -6.3735725205713023e-04 
102.400000 -6.3735469988244337e-04 
102.600000 -6.3735231759494415e-04 
102.800000 -6.3735009569632767e-04 
103.000000 -6.3734802517820960e-04 
103.200000 -6.3734609747679444e-04 
103.400000 -6.3734430447767026e-04 
103.600000 -6.3734263847294720e-04 
103.800000 -6.3734109218054752e-04 
104.000000 -6.3733965866687170e-04 
104.200000 -6.3733833135463935e-04 
104.400000 -6.3733710405826371e-04 
104.600000 -6.3733597085624538e-04 
104.800000 -6.3733492617915749e-04 
105.000000 -6.3733396471987031e-04 
105.200000 -6.3733308148391371e-04 
105.400000 -6.3733227172550061e-04 
105.600000 -6.3733153095769934e-04 
105.800000 -6.3733085492032743e-04 
106.000000 -6.3733023960025476e-04 
106.200000 -6.3732968120186473e-04 
106.400000 -6.3732917611943746e-04 
106.600000 -6.3732872095526028e-04 
106.800000 -6.3732831251103739e-04 
107.000000 -6.3732794773177504e-04 
107.200000 -6.3732762374677648e-04 
107.400000 -6.3732733786421580e-04 
107.600000 -6.3732708752060191e-04 
107.800000 -6.3732687029433716e-04 
108.000000 -6.3732668391656283e-04 
108.200000 -6.3732652624216152e-04 
108.400000 -6.3732639523573359e-04 
108.600000 -6.3732628899465515e-04 
108.800000 -6.3732620571675669e-04 
109.000000 -6.3732614371734414e-04 
109.200000 -6.3732610139427548e-04 
109.400000 -6.3732607723471224e-04 
109.600000 -6.3732606985076462e-04 
109.800000 -6.3732607790207424e-04 
110.000000 -6.3732610012755264e-04 
110.200000 -6.3732613538541177e-04 
110.400000 -6.3732618255286227e-04 
110.600000 -6.3732624058940313e-04 
110.800000 -6.3732630854448913e-04 
111.000000 -6.3732638550344223e-04 
111.200000 -6.3732647060472242e-04 
111.400000 -6.3732656306046687e-04 
111.600000 -6.3732666213207889e-04 
111.800000 -6.3732676710880065e-04 
112.000000 -6.3732687734193577e-04 
112.200000 -6.3732699221907135e-04 
112.400000 -6.3732711117641533e-04 
112.600000 -6.3732723369391842e-04 
112.800000 -6.3732735925607631e-04 
113.000000 -6.3732748741489320e-04 
113.200000 -6.3732761774965702e-04 
113.400000 -6.3732774984859991e-04 
113.600000 -6.3732788336458984e-04 
113.800000 -6.3732801793455612e-04 
114.000000 -6.3732815325714953e-04 
114.200000 -6.3732828903736993e-04 
114.400000 -6.3732842500561354e-04 
114.600000 -6.3732856091274631e-04 
114.800000 -6.3732869654214985e-04 
115.000000 -6.3732883165928955e-04 
115.200000 -6.3732896609066531e-04 
115.400000 -6.3732909966005002e-04 
115.600000 -6.3732923220216620e-04 
115.800000 -6.3732936357886044e-04 
116.000000 -6.3732949365332553e-04 
116.200000 -6.3732962230532431e-04 
116.400000 -6.3732974943724735e-04 
116.600000 -6.3732987494440063e-04 
116.800000 -6.3732999873541279e-04 
117.000000 -6.3733012075528617e-04 
117.200000 -6.3733024091573720e-04 
117.400000 -6.3733035916448827e-04 
117.600000 -6.3733047546170318e-04 
117.800000 -6.3733058974960871e-04 
118.000000 -6.3733070200770042e-04 
118.200000 -6.3733081219042448e-04 
118.400000 -6.3733092029492899e-04 
118.600000 -6.3733102628059368e-04 
118.800000 -6.3733113014152049e-04 
119.000000 -6.3733123187623836e-04 
119.200000 -6.3733133147596266e-04 
119.400000 -6.3733142893413613e-04 
119.600000 -6.3733152426307532e-04 
119.800000 -6.3733161746051814e-04 
120.000000 -6.3733170854744781e-04 
120.200000 -6.3733179753548003e-04 
120.400000 -6.3733188442859079e-04 
120.600000 -6.3733196925106622e-04 
120.800000 -6.3733205202141235e-04 
121.000000 -6.3733213277365058e-04 
121.200000 -6.3733221150695518e-04 
121.400000 -6.3733228826939187e-04 
121.600000 -6.3733236307582375e-04 
121.800000 -6.3733243594817079e-04 
122.000000 -6.3733250693662896e-04 
122.200000 -6.3733257604413340e-04 
122.400000 -6.3733264331450323e-04 
122.600000 -6.3733270878399417e-04 
122.800000 -6.3733277247959852e-04 
123.000000 -6.3733283442565097e-04 
123.200000 -6.3733289466426368e-04 
123.400000 -6.3733295322185302e-04 
123.600000 -6.3733301014146787e-04 
123.800000 -6.3733306544763030e-04 
124.000000 -6.3733311918075936e-04 
124.200000 -6.3733317137208007e-04 
124.400000 -6.3733322204533038e-04 
124.600000 -6.3733327124664008e-04 
124.800000 -6.3733331900828194e-04 
125.000000 -6.3733336534778362e-04 
125.200000 -6.3733341032289753e-04 
125.400000 -6.3733345394794555e-04 
125.600000 -6.3733349625990504e-04 
125.800000 -6.3733353729606562e-04 
126.000000 -6.3733357707614069e-04 
126.200000 -6.3733361563905744e-04 
126.400000 -6.3733365302236222e-04 
126.600000 -6.3733368924429046e-04 
126.800000 -6.3733372434206237e-04 
127.000000 -6.3733375834283679e-04 
127.200000 -6.3733379126454381e-04 
127.400000 -6.3733382315619980e-04 
127.600000 -6.3733385404074472e-04 
127.800000 -6.3733388393714258e-04 
128.000000 -6.3733391287194852e-04 
128.200000 -6.3733394087611001e-04 
128.400000 -6.3733396798422437e-04 
128.600000 -6.3733399421134901e-04 
128.800000 -6.3733401958383090e-04 
129.000000 -6.3733404411822625e-04 
129.200000 -6.3733406784999974e-04 
129.400000 -6.3733409080999476e-04 
129.600000 -6.3733411299941867e-04 
129.800000 -6.3733413445809378e-04 
130.000000 -6.3733415519726805e-04 
130.200000 -6.3733417525030367e-04 
130.400000 -6.3733419462503466e-04 
130.600000 -6.3733421333966173e-04 
130.800000 -6.3733423142414702e-04 
131.000000 -6.3733424890120849e-04 
131.200000 -6.3733426578137936e-04 
131.400000 -6.3733428208082726e-04 
131.600000 -6.3733429782548284e-04 
131.800000 -6.3733431302966798e-04 
132.000000 -6.3733432770839149e-04 
132.200000 -6.3733434187887572e-04 
132.400000 -6.3733435555297230e-04 
132.600000 -6.3733436875768046e-04 
132.800000 -6.3733438149282673e-04 
133.000000 -6.3733439379034390e-04 
133.200000 -6.3733440565389571e-04 
133.400000 -6.3733441709315497e-04 
133.600000 -6.3733442814117164e-04 
133.800000 -6.3733443878244422e-04 
134.000000 -6.3733444905458847e-04 
134.200000 -6.3733445896137220e-04 
134.400000 -6.3733446850378073e-04 
134.600000 -6.3733447771955470e-04 
134.800000 -6.3733448658305492e-04 
135.000000 -6.3733449515242929e-04 
135.200000 -6.3733450340128922e-04 
135.400000 -6.3733451134125735e-04 
135.600000 -6.3733451900353094e-04 
135.800000 -6.3733452639092719e-04 
136.000000 -6.3733453349695129e-04 
136.200000 -6.3733454034418935e-04 
136.400000 -6.3733454695327069e-04 
136.600000 -6.3733455330614724e-04 
136.800000 -6.3733455942929784e-04 
137.000000 -6.3733456532697602e-04 
137.200000 -6.3733457100448310e-04 
137.400000 -6.3733457646963226e-04 
137.600000 -6.3733458172850199e-04 
137.800000 -6.3733458679886973e-04 
138.000000 -6.3733459167710643e-04 
138.200000 -6.3733459636826362e-04 
138.400000 -6.3733460088227778e-04 
138.600000 -6.3733460522594210e-04 
138.800000 -6.3733460941066411e-04 
139.000000 -6.3733461342981024e-04 
139.200000 -6.3733461729698765e-04 
139.400000 -6.3733462101039223e-04 
139.600000 -6.3733462459091700e-04 
139.800000 -6.3733462804094893e-04 
140.000000 -6.3733463134328650e-04 
140.200000 -6.3733463452889799e-04 
140.400000 -6.3733463758149089e-04 
140.600000 -6.3733464051731609e-04 
140.800000 -6.3733464334243817e-04 
141.000000 -6.3733464605980616e-04 
141.200000 -6.3733464866292527e-04 
141.400000 -6.3733465117062071e-04 
141.600000 -6.3733465357171393e-04 
141.800000 -6.3733465587714061e-04 
142.000000 -6.3733465810046630e-04 
142.200000 -6.3733466023049162e-04 
142.400000 -6.3733466226838925e-04 
142.600000 -6.3733466422861984e-04 
142.800000 -6.3733466610162853e-04 
143.000000 -6.3733466791354720e-04 
143.200000 -6.3733466964248364e-04 
143.400000 -6.3733467130173277e-04 
143.600000 -6.3733467289180806e-04 
143.800000 -6.3733467441638020e-04 
144.000000 -6.3733467588043130e-04 
144.200000 -6.3733467727323384e-04 
144.400000 -6.3733467861500775e-04 
144.600000 -6.3733467989592063e-04 
144.800000 -6.3733468111650676e-04 
145.000000 -6.3733468229471707e-04 
145.200000 -6.3733468341150429e-04 
145.400000 -6.3733468448173847e-04 
145.600000 -6.3733468550537103e-04 
145.800000 -6.3733468647752395e-04 
146.000000 -6.3733468740900800e-04 
146.200000 -6.3733468830194651e-04 
146.400000 -6.3733468914728419e-04 
146.600000 -6.3733468995512410e-04 
146.800000 -6.3733469072727728e-04 
147.000000 -6.3733469145123983e-04 
147.200000 -6.3733469213772542e-04 
147.400000 -6.3733469278872551e-04 
147.600000 -6.3733469340208904e-04 
147.800000 -6.3733469396495129e-04 
148.000000 -6.3733469451586477e-04 
148.200000 -6.3733469503839818e-04 
148.400000 -6.3733469555176531e-04 
148.600000 -6.3733469604489862e-04 
148.800000 -6.3733469647582475e-04 
149.000000 -6.3733469686867716e-04 
149.200000 -6.3733469722315056e-04 
149.400000 -6.3733469754777283e-04 
149.600000 -6.3733469783892188e-04 
149.800000 -6.3733469810980242e-04 
