0.000000 1.2559041844732788e-01 
0.200000 1.2556904220523279e-01 
0.400000 1.2555151871691617e-01 
0.600000 1.2553798137831085e-01 
0.800000 1.2552868751140811e-01 
1.000000 1.2552347882472037e-01 
1.200000 1.2552229185576091e-01 
1.400000 1.2552497429735165e-01 
1.600000 1.2553127446391132e-01 
1.800000 1.2554014542235470e-01 
2.000000 1.2555005808529252e-01 
2.200000 1.2555679140304343e-01 
2.400000 1.2555964849546386e-01 
2.600000 1.2555852664025935e-01 
2.800000 1.2555360369711133e-01 
3.000000 1.2554531158509730e-01 
3.200000 1.2553414855353362e-01 
3.400000 1.2552044261737993e-01 
3.600000 1.2549347328428118e-01 
3.800000 1.2546731737616756e-01 
4.000000 1.2544190161205759e-01 
4.200000 1.2541721643511161e-01 
4.400000 1.2539282333616875e-01 
4.600000 1.2536818421052109e-01 
4.800000 1.2534272381602374e-01 
5.000000 1.2531580442614798e-01 
5.200000 1.2528681261279728e-01 
5.400000 1.2525508614262670e-01 
5.600000 1.2522033907479291e-01 
5.800000 1.2518253647456712e-01 
6.000000 1.2514174122006405e-01 
6.200000 1.2509806239080201e-01 
6.400000 1.2505163571017064e-01 
6.600000 1.2500259187063600e-01 
6.800000 1.2495103750110470e-01 
7.000000 1.2489705637633186e-01 
7.200000 1.2484058743422510e-01 
7.400000 1.2478149197308308e-01 
7.600000 1.2471961794990183e-01 
7.800000 1.2465480799822448e-01 
8.000000 1.2458690706314035e-01 
8.200000 1.2451576848851553e-01 
8.400000 1.2444125833917374e-01 
8.600000 1.2436325700239947e-01 
8.800000 1.2428166199143920e-01 
9.000000 1.2419637986366405e-01 
9.200000 1.2410731502077932e-01 
9.400000 1.2401436320561987e-01 
9.600000 1.2391740828788944e-01 
9.800000 1.2381631593740594e-01 
10.000000 1.2371092475785506e-01 
10.200000 1.2360106200174370e-01 
10.400000 1.2348654791251157e-01 
10.600000 1.2336720150536384e-01 
10.800000 1.2324282651376950e-01 
11.000000 1.2311320968879802e-01 
11.200000 1.2297812248780560e-01 
11.400000 1.2283732181364893e-01 
11.600000 1.2269054956216030e-01 
11.800000 1.2253753136090162e-01 
12.000000 1.2237797530800976e-01 
12.200000 1.2221157048414921e-01 
12.400000 1.2203798526187992e-01 
12.600000 1.2185686515868632e-01 
12.800000 1.2166783056158370e-01 
13.000000 1.2147047460821292e-01 
13.200000 1.2126436124612383e-01 
13.400000 1.2104902338084711e-01 
13.600000 1.2082396081586289e-01 
13.800000 1.2058863815042864e-01 
14.000000 1.2034248280612880e-01 
14.200000 1.2008488285897212e-01 
14.400000 1.1981518477532671e-01 
14.600000 1.1953269090515484e-01 
14.800000 1.1923665673090655e-01 
15.000000 1.1892628790740623e-01 
15.200000 1.1860073710652064e-01 
15.400000 1.1825910069787648e-01 
15.600000 1.1790041526531825e-01 
15.800000 1.1752365398842901e-01 
16.000000 1.1712772292620988e-01 
16.200000 1.1671145724492060e-01 
16.400000 1.1627361744186238e-01 
16.600000 1.1581288559626313e-01 
16.800000 1.1532786171490794e-01 
17.000000 1.1481706025027227e-01 
17.200000 1.1427890688872566e-01 
17.400000 1.1371173571986959e-01 
17.600000 1.1311378692505092e-01 
17.800000 1.1248320513934529e-01 
18.000000 1.1181803866109130e-01 
18.200000 1.1111623969795303e-01 
18.400000 1.1037566585204750e-01 
18.600000 1.0959408305553264e-01 
18.800000 1.0876917016935583e-01 
19.000000 1.0789852545691492e-01 
19.200000 1.0697967513627116e-01 
19.400000 1.0601008420115110e-01 
19.600000 1.0498716968121502e-01 
19.800000 1.0390831648779264e-01 
20.000000 1.0277089596041522e-01 
20.200000 1.0157228719580691e-01 
20.400000 1.0030990120330063e-01 
20.600000 9.8981207886776112e-02 
20.800000 9.7583765806664169e-02 
21.000000 9.6115254622438417e-02 
21.200000 9.4573510056459198e-02 
21.400000 9.2956561153042516e-02 
21.600000 9.1262669529044049e-02 
21.800000 8.9490370224524218e-02 
22.000000 8.7638513664980988e-02 
22.200000 8.5706308140008569e-02 
22.400000 8.3693362091279866e-02 
22.600000 8.1599725389983835e-02 
22.800000 7.9425928677046120e-02 
23.000000 7.7173019746781368e-02 
23.200000 7.4842595883230278e-02 
23.400000 7.2436831020017411e-02 
23.600000 6.9958496596823738e-02 
23.800000 6.7410975030759546e-02 
24.000000 6.4798264817515383e-02 
24.200000 6.2124976427224032e-02 
24.400000 5.9396318357387567e-02 
24.600000 5.6618072946954312e-02 
24.800000 5.3796561833138634e-02 
25.000000 5.0938601233087355e-02 
25.200000 4.8051447547409309e-02 
25.400000 4.5142734089794967e-02 
25.600000 4.2220400038515793e-02 
25.800000 3.9292612965045381e-02 
26.000000 3.6367686508690045e-02 
26.200000 3.3453994925823904e-02 
26.400000 3.0559886336400721e-02 
26.600000 2.7693596521349839e-02 
26.800000 2.4863165087926964e-02 
27.000000 2.2076355716849405e-02 
27.200000 1.9340582046985744e-02 
27.400000 1.6662840547877811e-02 
27.600000 1.4049651487850312e-02 
27.800000 1.1507008839746424e-02 
28.000000 9.0403396895983867e-03 
28.200000 6.6544734387211646e-03 
28.400000 4.3536208272590970e-03 
28.600000 2.1413625656381274e-03 
28.800000 2.0647147234598151e-05 
29.000000 -2.0062027650971093e-03 
29.200000 -3.9374761313836215e-03 
29.400000 -5.7720523683795211e-03 
29.600000 -7.5093741628823318e-03 
29.800000 -9.1494152444778765e-03 
30.000000 -1.0692644110411820e-02 
30.200000 -1.2139984680736737e-02 
30.400000 -1.3492774825448528e-02 
30.600000 -1.4752723648272181e-02 
30.800000 -1.5921868340755929e-02 
31.000000 -1.7002531336760995e-02 
31.200000 -1.7997278406475914e-02 
31.400000 -1.8908878233730553e-02 
31.600000 -1.9740263923569534e-02 
31.800000 -2.0494496792695549e-02 
32.000000 -2.1174732704579147e-02 
32.200000 -2.1784191127360963e-02 
32.400000 -2.2326127016170760e-02 
32.600000 -2.2803805554424184e-02 
32.800000 -2.3220479731020927e-02 
33.000000 -2.3579370681670153e-02 
33.200000 -2.3883650684334179e-02 
33.400000 -2.4136428668313892e-02 
33.600000 -2.4340738074606239e-02 
33.800000 -2.4499526890739309e-02 
34.000000 -2.4615649674454509e-02 
34.200000 -2.4691861378135449e-02 
34.400000 -2.4730812786823819e-02 
34.600000 -2.4735047388176334e-02 
34.800000 -2.4706999500344773e-02 
35.000000 -2.4648993493395333e-02 
35.200000 -2.4563243951833291e-02 
35.400000 -2.4451856637122349e-02 
35.600000 -2.4316830122121269e-02 
35.800000 -2.4160057981440997e-02 
36.000000 -2.3983331434200339e-02 
36.200000 -2.3788342346778901e-02 
36.400000 -2.3576686514643619e-02 
36.600000 -2.3349867151783110e-02 
36.800000 -2.3109298526136246e-02 
37.000000 -2.2856309687690868e-02 
37.200000 -2.2592148243310961e-02 
37.400000 -2.2317984139669844e-02 
37.600000 -2.2034913421644042e-02 
37.800000 -2.1743961938707090e-02 
38.000000 -2.1446088977405020e-02 
38.200000 -2.1142190801452798e-02 
38.400000 -2.0833104085458853e-02 
38.600000 -2.0519609231209324e-02 
38.800000 -2.0202433558277666e-02 
39.000000 -1.9882254363539631e-02 
39.200000 -1.9559701845885569e-02 
39.400000 -1.9235361894598291e-02 
39.600000 -1.8909778741173611e-02 
39.800000 -1.8583457475840282e-02 
40.000000 -1.8256866430896135e-02 
40.200000 -1.7930439434125200e-02 
40.400000 -1.7604577936060573e-02 
40.600000 -1.7279653015306429e-02 
40.800000 -1.6956007266968970e-02 
41.000000 -1.6633956578952225e-02 
41.200000 -1.6313791801600058e-02 
41.400000 -1.5995780315681551e-02 
41.600000 -1.5680167504424386e-02 
41.800000 -1.5367178134546494e-02 
42.000000 -1.5057017651692012e-02 
42.200000 -1.4749873395138391e-02 
42.400000 -1.4445915736789550e-02 
42.600000 -1.4145299149119994e-02 
42.800000 -1.3848163206406888e-02 
43.000000 -1.3554633523737175e-02 
43.200000 -1.3264822637581941e-02 
43.400000 -1.2978830831963911e-02 
43.600000 -1.2696746913684609e-02 
43.800000 -1.2418648939896360e-02 
44.000000 -1.2144604901473677e-02 
44.200000 -1.1874673364726751e-02 
44.400000 -1.1608904074496773e-02 
44.600000 -1.1347338521170786e-02 
44.800000 -1.1090010473766093e-02 
45.000000 -1.0836946481635745e-02 
45.200000 -1.0588166346557321e-02 
45.400000 -1.0343683567311107e-02 
45.600000 -1.0103505758402798e-02 
45.800000 -9.8676350446792738e-03 
46.000000 -9.6360684331927293e-03 
46.200000 -9.4087981639667251e-03 
46.400000 -9.1858120407751487e-03 
46.600000 -8.9670937431942654e-03 
46.800000 -8.7526231211287886e-03 
47.000000 -8.5423764728198293e-03 
47.200000 -8.3363268072570301e-03 
47.400000 -8.1344440919991767e-03 
47.600000 -7.9366954871009504e-03 
47.800000 -7.7430455661612746e-03 
48.000000 -7.5534565249694430e-03 
48.200000 -7.3678883785731758e-03 
48.400000 -7.1862991474072324e-03 
48.600000 -7.0086450330621025e-03 
48.800000 -6.8348805841840221e-03 
49.000000 -6.6649588531385862e-03 
49.200000 -6.4988315438837679e-03 
49.400000 -6.3364491514572296e-03 
49.600000 -6.1777610936400995e-03 
49.800000 -6.0227158350817378e-03 
50.000000 -5.8712610043225033e-03 
50.200000 -5.7233435041223052e-03 
50.400000 -5.5789096153437412e-03 
50.600000 -5.4379050947865742e-03 
50.800000 -5.3002752672936110e-03 
51.000000 -5.1659651123381750e-03 
51.200000 -5.0349193454139879e-03 
51.400000 -4.9070824946125940e-03 
51.600000 -4.7823989722922955e-03 
51.800000 -4.6608131425258104e-03 
52.000000 -4.5422693842150363e-03 
52.200000 -4.4267121501959383e-03 
52.400000 -4.3140860225159144e-03 
52.600000 -4.2043357642151530e-03 
52.800000 -4.0974063674826255e-03 
53.000000 -3.9932430987188461e-03 
53.200000 -3.8917915404065306e-03 
53.400000 -3.7929976300889873e-03 
53.600000 -3.6968076964995628e-03 
53.800000 -3.6031684931570745e-03 
54.000000 -3.5120272292960691e-03 
54.200000 -3.4233315985709306e-03 
54.400000 -3.3370298053752856e-03 
54.600000 -3.2530705890927297e-03 
54.800000 -3.1714032462778416e-03 
55.000000 -3.0919776509523850e-03 
55.200000 -3.0147442730330473e-03 
55.400000 -2.9396541950378746e-03 
55.600000 -2.8666591271902866e-03 
55.800000 -2.7957114209522307e-03 
56.000000 -2.7267640810590826e-03 
56.200000 -2.6597707762293643e-03 
56.400000 -2.5946858484978061e-03 
56.600000 -2.5314643213440319e-03 
56.800000 -2.4700619066637536e-03 
57.000000 -2.4104350105694367e-03 
57.200000 -2.3525407382044491e-03 
57.400000 -2.2963368975241205e-03 
57.600000 -2.2417820021756393e-03 
57.800000 -2.1888352734870734e-03 
58.000000 -2.1374566416046750e-03 
58.200000 -2.0876067458940328e-03 
58.400000 -2.0392469345500430e-03 
58.600000 -1.9923392635826306e-03 
58.800000 -1.9468464950544370e-03 
59.000000 -1.9027320948039189e-03 
59.200000 -1.8599602295723272e-03 
59.400000 -1.8184957634721360e-03 
59.600000 -1.7783042542022787e-03 
59.800000 -1.7393519485046846e-03 
60.000000 -1.7016057774079940e-03 
60.200000 -1.6650333509148491e-03 
60.400000 -1.6296029523804531e-03 
60.600000 -1.5952835325195730e-03 
60.800000 -1.5620447030473480e-03 
61.000000 -1.5298567300793403e-03 
61.200000 -1.4986905271611520e-03 
61.400000 -1.4685176481400927e-03 
61.600000 -1.4393102797039328e-03 
61.800000 -1.4110412337555930e-03 
62.000000 -1.3836839395534387e-03 
62.200000 -1.3572124357146970e-03 
62.400000 -1.3316013619819392e-03 
62.600000 -1.3068259509307067e-03 
62.800000 -1.2828620194466206e-03 
63.000000 -1.2596859602069382e-03 
63.200000 -1.2372747329084596e-03 
63.400000 -1.2156058555500490e-03 
63.600000 -1.1946573955660886e-03 
63.800000 -1.1744079608984673e-03 
64.000000 -1.1548366910180685e-03 
64.200000 -1.1359232479696557e-03 
64.400000 -1.1176478072613544e-03 
64.600000 -1.0999910489084205e-03 
64.800000 -1.0829341482638741e-03 
65.000000 -1.0664587670766029e-03 
65.200000 -1.0505470443129480e-03 
65.400000 -1.0351815872706518e-03 
65.600000 -1.0203454624580013e-03 
65.800000 -1.0060221866779739e-03 
66.000000 -9.9219571808141505e-04 
66.200000 -9.7885044732908683e-04 
66.400000 -9.6597118871698945e-04 
66.600000 -9.5354317140385753e-04 
66.800000 -9.4155203078961913e-04 
67.000000 -9.2998379979427476e-04 
67.200000 -9.1882490035704451e-04 
67.400000 -9.0806213495329968e-04 
67.600000 -8.9768267821307979e-04 
67.800000 -8.8767406861877535e-04 
68.000000 -8.7802420029570172e-04 
68.200000 -8.6872131490747795e-04 
68.400000 -8.5975399364688482e-04 
68.600000 -8.5111114931622073e-04 
68.800000 -8.4278201854651180e-04 
69.000000 -8.3475615408271087e-04 
69.200000 -8.2702341718830091e-04 
69.400000 -8.1957397017713707e-04 
69.600000 -8.1239826906701756e-04 
69.800000 -8.0548705629462924e-04 
70.000000 -7.9883135359406360e-04 
70.200000 -7.9242245498981068e-04 
70.400000 -7.8625191987999332e-04 
70.600000 -7.8031156624706194e-04 
70.800000 -7.7459346401385909e-04 
71.000000 -7.6908992846520113e-04 
71.200000 -7.6379351386413746e-04 
71.400000 -7.5869700708340593e-04 
71.600000 -7.5379342148736150e-04 
71.800000 -7.4907599081149023e-04 
72.000000 -7.4453816319100530e-04 
72.200000 -7.4017359543515626e-04 
72.400000 -7.3597614716826298e-04 
72.600000 -7.3193987534633104e-04 
72.800000 -7.2805902873018108e-04 
73.000000 -7.2432804252101080e-04 
73.200000 -7.2074153311772055e-04 
73.400000 -7.1729429296680386e-04 
73.600000 -7.1398128558936708e-04 
73.800000 -7.1079764061121598e-04 
74.000000 -7.0773864899624506e-04 
74.200000 -7.0479975834630837e-04 
74.400000 -7.0197656833952127e-04 
74.600000 -6.9926482623369063e-04 
74.800000 -6.9666042251609328e-04 
75.000000 -6.9415938660707943e-04 
75.200000 -6.9175788277695688e-04 
75.400000 -6.8945220599620632e-04 
75.600000 -6.8723877804376110e-04 
75.800000 -6.8511414359883477e-04 
76.000000 -6.8307496651883598e-04 
76.200000 -6.8111802615428846e-04 
76.400000 -6.7924021379735244e-04 
76.600000 -6.7743852914026875e-04 
76.800000 -6.7571007695176738e-04 
77.000000 -6.7405206375382304e-04 
77.200000 -6.7246179461437350e-04 
77.400000 -6.7093666999539642e-04 
77.600000 -6.6947418272066822e-04 
77.800000 -6.6807191505641184e-04 
78.000000 -6.6672753576607624e-04 
78.200000 -6.6543879734255740e-04 
78.400000 -6.6420353331252124e-04 
78.600000 -6.6301965552373332e-04 
78.800000 -6.6188515164856271e-04 
79.000000 -6.6079808263905943e-04 
79.200000 -6.5975658030480167e-04 
79.400000 -6.5875884495449066e-04 
79.600000 -6.5780314313228921e-04 
79.800000 -6.5688780538309538e-04 
80.000000 -6.5601122406900442e-04 
80.200000 -6.5517185131701294e-04 
80.400000 -6.5436819694436599e-04 
80.600000 -6.5359882654440760e-04 
80.800000 -6.5286235952333876e-04 
81.000000 -6.5215746728387175e-04 
81.200000 -6.5148287139574212e-04 
81.400000 -6.5083734187440512e-04 
81.600000 -6.5021969550628500e-04 
81.800000 -6.4962879418276054e-04 
82.000000 -6.4906354333101046e-04 
82.200000 -6.4852289037575089e-04 
82.400000 -6.4800582326688533e-04 
82.600000 -6.4751136901879114e-04 
82.800000 -6.4703859230288985e-04 
83.000000 -6.4658659418147940e-04 
83.200000 -6.4615451067269458e-04 
83.400000 -6.4574151158969945e-04 
83.600000 -6.4534679929303257e-04 
83.800000 -6.4496960748344767e-04 
84.000000 -6.4460920007884670e-04 
84.200000 -6.4426487008891614e-04 
84.400000 -6.4393593858768500e-04 
84.600000 -6.4362175364003626e-04 
84.800000 -6.4332168930266581e-04 
85.000000 -6.4303514469730982e-04 
85.200000 -6.4276154302284061e-04 
85.400000 -6.4250033070734069e-04 
85.600000 -6.4225097650634499e-04 
85.800000 -6.4201297064994667e-04 
86.000000 -6.4178582407820040e-04 
86.200000 -6.4156906760512444e-04 
86.400000 -6.4136225120021984e-04 
86.600000 -6.4116494325468926e-04 
86.800000 -6.4097672983477044e-04 
87.000000 -6.4079721405421730e-04 
87.200000 -6.4062601540637587e-04 
87.400000 -6.4046276910140892e-04 
87.600000 -6.4030712548798774e-04 
87.800000 -6.4015874944386986e-04 
88.000000 -6.4001731984623250e-04 
88.200000 -6.3988252895952336e-04 
88.400000 -6.3975408197299716e-04 
88.600000 -6.3963169645887830e-04 
88.800000 -6.3951510189833027e-04 
89.000000 -6.3940403917921163e-04 
89.200000 -6.3929826019578501e-04 
89.400000 -6.3919752734886010e-04 
89.600000 -6.3910161317590197e-04 
89.800000 -6.3901029991944580e-04 
90.000000 -6.3892337914266129e-04 
90.200000 -6.3884065135186990e-04 
90.400000 -6.3876192562650064e-04 
90.600000 -6.3868701930110128e-04 
90.800000 -6.3861575760155304e-04 
91.000000 -6.3854797331731189e-04 
91.200000 -6.3848350650560354e-04 
91.400000 -6.3842220421187618e-04 
91.600000 -6.3836392014674642e-04 
91.800000 -6.3830851443860692e-04 
92.000000 -6.3825585334213730e-04 
92.200000 -6.3820580900163237e-04 
92.400000 -6.3815825921983982e-04 
92.600000 -6.3811308718685067e-04 
92.800000 -6.3807018126372378e-04 
93.000000 -6.3802943480561342e-04 
93.200000 -6.3799074589161037e-04 
93.400000 -6.3795401716876254e-04 
93.600000 -6.3791915562762258e-04 
93.800000 -6.3788607245603146e-04 
94.000000 -6.3785468284495439e-04 
94.200000 -6.3782490576811540e-04 
94.400000 -6.3779666390932632e-04 
94.600000 -6.3776988344426550e-04 
94.800000 -6.3774449390535670e-04 
95.000000 -6.3772042802329870e-04 
95.200000 -6.3769762161993565e-04 
95.400000 -6.3767601344352776e-04 
95.600000 -6.3765554506967081e-04 
95.800000 -6.3763616074236779e-04 
96.000000 -6.3761780730111489e-04 
96.200000 -6.3760043402738553e-04 
96.400000 -6.3758399256567261e-04 
96.600000 -6.3756843679413366e-04 
96.800000 -6.3755372277033567e-04 
97.000000 -6.3753980857380460e-04 
97.200000 -6.3752665425071547e-04 
97.400000 -6.3751422175167133e-04 
97.600000 -6.3750247478155941e-04 
97.800000 -6.3749137880150797e-04 
98.000000 -6.3748090086571813e-04 
98.200000 -6.3747100961251968e-04 
98.400000 -6.3746167517778757e-04 
98.600000 -6.3745286910866367e-04 
98.800000 -6.3744456431594904e-04 
99.000000 -6.3743673502213855e-04 
99.200000 -6.3742935667311651e-04 
99.400000 -6.3742240590717453e-04 
99.600000 -6.3741586049390064e-04 
99.800000 -6.3740969926340263e-04 
100.000000 -6.3740390211123460e-04 
100.200000 -6.3739844987027727e-04 
100.400000 -6.3739332433727924e-04 
100.600000 -6.3738850819331644e-04 
100.800000 -6.3738398498033172e-04 
101.000000 -6.3737973903095491e-04 
101.200000 -6.3737575547632985e-04 
101.400000 -6.3737202016424938e-04 
101.600000 -6.3736851966273572e-04 
101.800000 -6.3736524119038795e-04 
102.000000 -6.3736217263885009e-04 
102.200000 -6.3735930246406475e-04 
102.400000 -6.3735661974086838e-04 
102.600000 -6.3735411407975923e-04 
102.800000 -6.3735177560855089e-04 
103.000000 -6.3734959498333577e-04 
103.200000 -6.3734756330752901e-04 
103.400000 -6.3734567214616261e-04 
103.600000 -6.3734391352142372e-04 
103.800000 -6.3734227983661823e-04 
104.000000 -6.3734076390127570e-04 
104.200000 -6.3733935889077886e-04 
104.400000 -6.3733805835231028e-04 
104.600000 -6.3733685614661417e-04 
104.800000 -6.3733574649020575e-04 
105.000000 -6.3733472385195389e-04 
105.200000 -6.3733378305596416e-04 
105.400000 -6.3733291913765922e-04 
105.600000 -6.3733212744999240e-04 
105.800000 -6.3733140356234119e-04 
106.000000 -6.3733074328749251e-04 
106.200000 -6.3733014267818022e-04 
106.400000 -6.3732959798395994e-04 
106.600000 -6.3732910567211587e-04 
106.800000 -6.3732866239345209e-04 
107.000000 -6.3732826497082257e-04 
107.200000 -6.3732791043501213e-04 
107.400000 -6.3732759596503430e-04 
107.600000 -6.3732731887981148e-04 
107.800000 -6.3732707667080168e-04 
108.000000 -6.3732686696547913e-04 
108.200000 -6.3732668751172866e-04 
108.400000 -6.3732653620203472e-04 
108.600000 -6.3732641106509919e-04 
108.800000 -6.3732631019235153e-04 
109.000000 -6.3732623183328924e-04 
109.200000 -6.3732617431396660e-04 
109.400000 -6.3732613607422189e-04 
109.600000 -6.3732611563196290e-04 
109.800000 -6.3732611158601876e-04 
110.000000 -6.3732612265177818e-04 
110.200000 -6.3732614759600542e-04 
110.400000 -6.3732618526232687e-04 
110.600000 -6.3732623456937143e-04 
110.800000 -6.3732629449538003e-04 
111.000000 -6.3732636410164523e-04 
111.200000 -6.3732644249602649e-04 
111.400000 -6.3732652883218693e-04 
111.600000 -6.3732662232703768e-04 
111.800000 -6.3732672225404879e-04 
112.000000 -6.3732682792330686e-04 
112.200000 -6.3732693869225643e-04 
112.400000 -6.3732705397428341e-04 
112.600000 -6.3732717319169019e-04 
112.800000 -6.3732729583861059e-04 
113.000000 -6.3732742143592785e-04 
113.200000 -6.3732754951898590e-04 
113.400000 -6.3732767969047754e-04 
113.600000 -6.3732781153838514e-04 
113.800000 -6.3732794471482029e-04 
114.000000 -6.3732807887829923e-04 
114.200000 -6.3732821371732806e-04 
114.400000 -6.3732834895983276e-04 
114.600000 -6.3732848433586953e-04 
114.800000 -6.3732861959492348e-04 
115.000000 -6.3732875453420545e-04 
115.200000 -6.3732888892668177e-04 
115.400000 -6.3732902260493079e-04 
115.600000 -6.3732915537731416e-04 
115.800000 -6.3732928710090453e-04 
116.000000 -6.3732941762664058e-04 
116.200000 -6.3732954682713117e-04 
116.400000 -6.3732967459406709e-04 
116.600000 -6.3732980082554375e-04 
116.800000 -6.3732992541606220e-04 
117.000000 -6.3733004828589457e-04 
117.200000 -6.3733016936799725e-04 
117.400000 -6.3733028858967145e-04 
117.600000 -6.3733040590732704e-04 
117.800000 -6.3733052125641149e-04 
118.000000 -6.3733063460682388e-04 
118.200000 -6.3733074592057376e-04 
118.400000 -6.3733085516839288e-04 
118.600000 -6.3733096233350300e-04 
118.800000 -6.3733106738850936e-04 
119.000000 -6.3733117032935965e-04 
119.200000 -6.3733127114291160e-04 
119.400000 -6.3733136983656208e-04 
119.600000 -6.3733146639897292e-04 
119.800000 -6.3733156083904674e-04 
120.000000 -6.3733165316367385e-04 
120.200000 -6.3733174338165971e-04 
120.400000 -6.3733183151265527e-04 
120.600000 -6.3733191756374513e-04 
120.800000 -6.3733200155699499e-04 
121.000000 -6.3733208350966880e-04 
121.200000 -6.3733216344836335e-04 
121.400000 -6.3733224139825989e-04 
121.600000 -6.3733231737377050e-04 
121.800000 -6.3733239142433479e-04 
122.000000 -6.3733246354809314e-04 
122.200000 -6.3733253379861382e-04 
122.400000 -6.3733260218841459e-04 
122.600000 -6.3733266874509142e-04 
122.800000 -6.3733273352167830e-04 
123.000000 -6.3733279653652858e-04 
123.200000 -6.3733285781835541e-04 
123.400000 -6.3733291740078468e-04 
123.600000 -6.3733297532426320e-04 
123.800000 -6.3733303162635813e-04 
124.000000 -6.3733308632132890e-04 
124.200000 -6.3733313946211234e-04 
124.400000 -6.3733319106715897e-04 
124.600000 -6.3733324117972584e-04 
124.800000 -6.3733328981811777e-04 
125.000000 -6.3733333704005940e-04 
125.200000 -6.3733338285111574e-04 
125.400000 -6.3733342730687426e-04 
125.600000 -6.3733347043178068e-04 
125.800000 -6.3733351224926071e-04 
126.000000 -6.3733355280644333e-04 
126.200000 -6.3733359211756019e-04 
126.400000 -6.3733363023343176e-04 
126.600000 -6.3733366716992729e-04 
126.800000 -6.3733370295877140e-04 
127.000000 -6.3733373763570633e-04 
127.200000 -6.3733377122177776e-04 
127.400000 -6.3733380374882825e-04 
127.600000 -6.3733383525358539e-04 
127.800000 -6.3733386575132861e-04 
128.000000 -6.3733389528280310e-04 
128.200000 -6.3733392386419729e-04 
128.400000 -6.3733395151804179e-04 
128.600000 -6.3733397828751037e-04 
128.800000 -6.3733400417844560e-04 
129.000000 -6.3733402923262655e-04 
129.200000 -6.3733405346046851e-04 
129.400000 -6.3733407689541000e-04 
129.600000 -6.3733409955542275e-04 
129.800000 -6.3733412145805524e-04 
130.000000 -6.3733414263799498e-04 
130.200000 -6.3733416311219371e-04 
130.400000 -6.3733418288893645e-04 
130.600000 -6.3733420200929453e-04 
130.800000 -6.3733422049204458e-04 
131.000000 -6.3733423833631231e-04 
131.200000 -6.3733425557005452e-04 
131.400000 -6.3733427222323336e-04 
131.600000 -6.3733428830967109e-04 
131.800000 -6.3733430383735440e-04 
132.000000 -6.3733431882521951e-04 
132.200000 -6.3733433330981359e-04 
132.400000 -6.3733434728604349e-04 
132.600000 -6.3733436077578060e-04 
132.800000 -6.3733437378920427e-04 
133.000000 -6.3733438634974715e-04 
133.200000 -6.3733439846978823e-04 
133.400000 -6.3733441016542575e-04 
133.600000 -6.3733442144774111e-04 
133.800000 -6.3733443232856513e-04 
134.000000 -6.3733444282859653e-04 
134.200000 -6.3733445294032048e-04 
134.400000 -6.3733446270633487e-04 
134.600000 -6.3733447211805627e-04 
134.800000 -6.3733448119262376e-04 
135.000000 -6.3733448993587988e-04 
135.200000 -6.3733449836227835e-04 
135.400000 -6.3733450648929130e-04 
135.600000 -6.3733451432339272e-04 
135.800000 -6.3733452186698347e-04 
136.000000 -6.3733452912927147e-04 
136.200000 -6.3733453613785268e-04 
136.400000 -6.3733454288823765e-04 
136.600000 -6.3733454938455503e-04 
136.800000 -6.3733455564082830e-04 
137.000000 -6.3733456166667479e-04 
137.200000 -6.3733456746683376e-04 
137.400000 -6.3733457306008878e-04 
137.600000 -6.3733457844055569e-04 
137.800000 -6.3733458361921874e-04 
138.000000 -6.3733458860640996e-04 
138.200000 -6.3733459340307996e-04 
138.400000 -6.3733459801436354e-04 
138.600000 -6.3733460245499890e-04 
138.800000 -6.3733460672738690e-04 
139.000000 -6.3733461084426735e-04 
139.200000 -6.3733461479884707e-04 
139.400000 -6.3733461860344953e-04 
139.600000 -6.3733462226149562e-04 
139.800000 -6.3733462578097894e-04 
140.000000 -6.3733462916509137e-04 
140.200000 -6.3733463241768401e-04 
140.400000 -6.3733463553725112e-04 
140.600000 -6.3733463854223626e-04 
140.800000 -6.3733464142836510e-04 
141.000000 -6.3733464419991892e-04 
141.200000 -6.3733464686983876e-04 
141.400000 -6.3733464942841017e-04 
141.600000 -6.3733465189685229e-04 
141.800000 -6.3733465425369618e-04 
142.000000 -6.3733465652145854e-04 
142.200000 -6.3733465869703076e-04 
142.400000 -6.3733466079125140e-04 
142.600000 -6.3733466279169287e-04 
142.800000 -6.3733466471663919e-04 
143.000000 -6.3733466656029636e-04 
143.200000 -6.3733466833049146e-04 
143.400000 -6.3733467003426747e-04 
143.600000 -6.3733467165784374e-04 
143.800000 -6.3733467321818588e-04 
144.000000 -6.3733467470649535e-04 
144.200000 -6.3733467614447703e-04 
144.400000 -6.3733467751268119e-04 
144.600000 -6.3733467882401418e-04 
144.800000 -6.3733468008386057e-04 
145.000000 -6.3733468129040932e-04 
145.200000 -6.3733468243611091e-04 
145.400000 -6.3733468353233819e-04 
145.600000 -6.3733468458151282e-04 
145.800000 -6.3733468558152540e-04 
146.000000 -6.3733468653568576e-04 
146.200000 -6.3733468744123223e-04 
146.400000 -6.3733468832279094e-04 
146.600000 -6.3733468915126018e-04 
146.800000 -6.3733468994007364e-04 
147.000000 -6.3733469068655291e-04 
147.200000 -6.3733469140080101e-04 
147.400000 -6.3733469207216675e-04 
147.600000 -6.3733469270618043e-04 
147.800000 -6.3733469330280040e-04 
148.000000 -6.3733469386176300e-04 
148.200000 -6.3733469439870849e-04 
148.400000 -6.3733469492991551e-04 
148.600000 -6.3733469542938403e-04 
148.800000 -6.3733469587457653e-04 
149.000000 -6.3733469628306921e-04 
149.200000 -6.3733469665357839e-04 
149.400000 -6.3733469698715878e-04 
149.600000 -6.3733469729641834e-04 
149.800000 -6.3733469758196770e-04 
