0.000000 4.6609449730034003e-03 
0.200000 4.6610001396665901e-03 
0.400000 4.6613546793685609e-03 
0.600000 4.6623764684953772e-03 
0.800000 4.6643896637026429e-03 
1.000000 4.6676745188509051e-03 
1.200000 4.6724780676161010e-03 
1.400000 4.6790209599482536e-03 
1.600000 4.6874980756872534e-03 
1.800000 4.6980819868814496e-03 
2.000000 4.7109357949934099e-03 
2.200000 4.7262117466758923e-03 
2.400000 4.7440513660099463e-03 
2.600000 4.7645857828996531e-03 
2.800000 4.7879397113340166e-03 
3.000000 4.8142333189040744e-03 
3.200000 4.8435842241657100e-03 
3.400000 4.8761102263980621e-03 
3.600000 4.9119310442870502e-03 
3.800000 4.9511594579701194e-03 
4.000000 4.9939086202335408e-03 
4.200000 5.0402940011530688e-03 
4.400000 5.0904333808956519e-03 
4.600000 5.1444487462628079e-03 
4.800000 5.2024670877962899e-03 
5.000000 5.2646216374801630e-03 
5.200000 5.3310517222936431e-03 
5.400000 5.4019041583830739e-03 
5.600000 5.4773336980680635e-03 
5.800000 5.5575043121256227e-03 
6.000000 5.6425894544339028e-03 
6.200000 5.7327726017983279e-03 
6.400000 5.8282482350283460e-03 
6.600000 5.9292222745476525e-03 
6.800000 6.0359132502786688e-03 
7.000000 6.1485529117680134e-03 
7.200000 6.2673874198351043e-03 
7.400000 6.3926782938741565e-03 
7.600000 6.5247036544898501e-03 
7.800000 6.6637591983275592e-03 
8.000000 6.8101593199160482e-03 
8.200000 6.9642383780433486e-03 
8.400000 7.1263521113193000e-03 
8.600000 7.2968789450719579e-03 
8.800000 7.4762214284986167e-03 
9.000000 7.6648078605009414e-03 
9.200000 7.8630939510352851e-03 
9.400000 8.0715646611547662e-03 
9.600000 8.2907360705453091e-03 
9.800000 8.5211574694614330e-03 
10.000000 8.7634135266127424e-03 
10.200000 9.0181266471937842e-03 
10.400000 9.2859594449750133e-03 
10.600000 9.5676173968272209e-03 
10.800000 9.8638517024563464e-03 
11.000000 1.0175462297159698e-02 
11.200000 1.0503301081306033e-02 
11.400000 1.0848275309499238e-02 
11.600000 1.1211351227965960e-02 
11.800000 1.1593557916367242e-02 
12.000000 1.1995991371499971e-02 
12.200000 1.2419818812321074e-02 
12.400000 1.2866283254241242e-02 
12.600000 1.3336708330120165e-02 
12.800000 1.3832503382552151e-02 
13.000000 1.4355168814387427e-02 
13.200000 1.4906301713421319e-02 
13.400000 1.5487601754485816e-02 
13.600000 1.6100877364710966e-02 
13.800000 1.6748052155847102e-02 
14.000000 1.7431171602723224e-02 
14.200000 1.8152409965100980e-02 
14.400000 1.8914077423664639e-02 
14.600000 1.9718627408253895e-02 
14.800000 2.0568664078409779e-02 
15.000000 2.1466949916237082e-02 
15.200000 2.2416413378829530e-02 
15.400000 2.3420156544973231e-02 
15.600000 2.4481462676099873e-02 
15.800000 2.5603803601932335e-02 
16.000000 2.6790846824089710e-02 
16.200000 2.8046462210644520e-02 
16.400000 2.9374728139788031e-02 
16.600000 3.0779936927018255e-02 
16.800000 3.2266599353170659e-02 
17.000000 3.3839448084133576e-02 
17.200000 3.5503439752849246e-02 
17.400000 3.7263755448972188e-02 
17.600000 3.9125799340364247e-02 
17.800000 4.1095195128479957e-02 
18.000000 4.3177780018873492e-02 
18.200000 4.5379595872668502e-02 
18.400000 4.7706877190725541e-02 
18.600000 5.0166035576791924e-02 
18.800000 5.2763640324283767e-02 
19.000000 5.5506394781174334e-02 
19.200000 5.8401108165501522e-02 
19.400000 6.1454662535819451e-02 
19.600000 6.4673974665505007e-02 
19.800000 6.8065952629851989e-02 
20.000000 7.1637446991435233e-02 
20.200000 7.5395196563373151e-02 
20.400000 7.9345768841865866e-02 
20.600000 8.3495495328297684e-02 
20.800000 8.7850402107050932e-02 
21.000000 9.2416136204916358e-02 
21.200000 9.7197888429685797e-02 
21.400000 1.0220031356412562e-01 
21.600000 1.0742744897279188e-01 
21.800000 1.1288263285623928e-01 
22.000000 1.1856842355327277e-01 
22.200000 1.2448652143883139e-01 
22.400000 1.3063769508431883e-01 
22.600000 1.3702171343032862e-01 
22.800000 1.4363728575999818e-01 
23.000000 1.5048201124748703e-01 
23.200000 1.5755233978376773e-01 
23.400000 1.6484354564726614e-01 
23.600000 1.7234971538802632e-01 
23.800000 1.8006375103265446e-01 
24.000000 1.8797738939798342e-01 
24.200000 1.9608123793270391e-01 
24.400000 2.0436482709963424e-01 
24.600000 2.1281667888163194e-01 
24.800000 2.2142439055820373e-01 
25.000000 2.3017473247591866e-01 
25.200000 2.3905375814236315e-01 
25.400000 2.4804692462804467e-01 
25.600000 2.5713922097906072e-01 
25.800000 2.6631530213765342e-01 
26.000000 2.7555962574662124e-01 
26.200000 2.8485658918079776e-01 
26.400000 2.9419066420394946e-01 
26.600000 3.0354652678734584e-01 
26.800000 3.1290917983798561e-01 
27.000000 3.2226406685789427e-01 
27.200000 3.3159717487662582e-01 
27.400000 3.4089512535153005e-01 
27.600000 3.5014525209861069e-01 
27.800000 3.5933566568581154e-01 
28.000000 3.6845530407655608e-01 
28.200000 3.7749396964272619e-01 
28.400000 3.8644235296352325e-01 
28.600000 3.9529204408325253e-01 
28.800000 4.0403553211258064e-01 
29.000000 4.1266619422244649e-01 
29.200000 4.2117827519791257e-01 
29.400000 4.2956685879275175e-01 
29.600000 4.3782783215805859e-01 
29.800000 4.4595784461412125e-01 
30.000000 4.5395426199951078e-01 
30.200000 4.6181511777015594e-01 
30.400000 4.6953906193997103e-01 
30.600000 4.7712530885852783e-01 
30.800000 4.8457358471546574e-01 
31.000000 4.9188407555033470e-01 
31.200000 4.9905737643415882e-01 
31.400000 5.0609444237858037e-01 
31.600000 5.1299654142248885e-01 
31.800000 5.1976521024665634e-01 
32.000000 5.2640221257546549e-01 
32.200000 5.3290950054219222e-01 
32.400000 5.3928917912120067e-01 
32.600000 5.4554347366657563e-01 
32.800000 5.5167470054250767e-01 
33.000000 5.5768524078515802e-01 
33.200000 5.6357751669885592e-01 
33.400000 5.6935397126015719e-01 
33.600000 5.7501705018097637e-01 
33.800000 5.8056918646602085e-01 
34.000000 5.8601278728908679e-01 
34.200000 5.9135022300697770e-01 
34.400000 5.9658381812769745e-01 
34.600000 6.0171584405112488e-01 
34.800000 6.0674851340426950e-01 
35.000000 6.1168397579939138e-01 
35.200000 6.1652431485113635e-01 
35.400000 6.2127154629772119e-01 
35.600000 6.2592761708109945e-01 
35.800000 6.3049440525134537e-01 
36.000000 6.3497372057108437e-01 
36.200000 6.3936730570645484e-01 
36.400000 6.4367683790148400e-01 
36.600000 6.4790393104307142e-01 
36.800000 6.5205013803347145e-01 
37.000000 6.5611695339649290e-01 
37.200000 6.6010581605244745e-01 
37.400000 6.6401811220505202e-01 
37.600000 6.6785517829104579e-01 
37.800000 6.7161830395033340e-01 
38.000000 6.7530873498074473e-01 
38.200000 6.7892767624741879e-01 
38.400000 6.8247629452186975e-01 
38.600000 6.8595572123061921e-01 
38.800000 6.8936705509729990e-01 
39.000000 6.9271136466589611e-01 
39.200000 6.9598969069594929e-01 
39.400000 6.9920304842338166e-01 
39.600000 7.0235242968301947e-01 
39.800000 7.0543880489097077e-01 
40.000000 7.0846312488676666e-01 
40.200000 7.1142632263666850e-01 
40.400000 7.1432931480077955e-01 
40.600000 7.1717300316761823e-01 
40.800000 7.1995827596053164e-01 
41.000000 7.2268600902112545e-01 
41.200000 7.2535706687520074e-01 
41.400000 7.2797230368715016e-01 
41.600000 7.3053256410892997e-01 
41.800000 7.3303868402992278e-01 
42.000000 7.3549149123401913e-01 
42.200000 7.3789180597020609e-01 
42.400000 7.4024044144295320e-01 
42.600000 7.4253820422847439e-01 
42.800000 7.4478589462282885e-01 
43.000000 7.4698430692761508e-01 
43.200000 7.4913422967877208e-01 
43.400000 7.5123644582380877e-01 
43.600000 7.5329173285245177e-01 
43.800000 7.5530086288551557e-01 
44.000000 7.5726460272649376e-01 
44.200000 7.5918371388008665e-01 
44.400000 7.6105895254165334e-01 
44.600000 7.6289106956126174e-01 
44.800000 7.6468081038580071e-01 
45.000000 7.6642891498233012e-01 
45.200000 7.6813611774560420e-01 
45.400000 7.6980314739247391e-01 
45.600000 7.7143072684568748e-01 
45.800000 7.7301957310927749e-01 
46.000000 7.7457039713768372e-01 
46.200000 7.7608390370041458e-01 
46.400000 7.7756079124394650e-01 
46.600000 7.7900175175242314e-01 
46.800000 7.8040747060841320e-01 
47.000000 7.8177862645502760e-01 
47.200000 7.8311589106038904e-01 
47.400000 7.8441992918542736e-01 
47.600000 7.8569139845577729e-01 
47.800000 7.8693094923852436e-01 
48.000000 7.8813922452433582e-01 
48.200000 7.8931685981556299e-01 
48.400000 7.9046448302063899e-01 
48.600000 7.9158271435518857e-01 
48.800000 7.9267216625007619e-01 
49.000000 7.9373344326659745e-01 
49.200000 7.9476714201900001e-01 
49.400000 7.9577385110434196e-01 
49.600000 7.9675415103981528e-01 
49.800000 7.9770861420750494e-01 
50.000000 7.9863780480651592e-01 
50.200000 7.9954227881245710e-01 
50.400000 8.0042258394413923e-01 
50.600000 8.0127925963737701e-01 
50.800000 8.0211283702577052e-01 
51.000000 8.0292383892824237e-01 
51.200000 8.0371277984324052e-01 
51.400000 8.0448016594931449e-01 
51.600000 8.0522649511193756e-01 
51.800000 8.0595225689632022e-01 
52.000000 8.0665793258599883e-01 
52.200000 8.0734399520698852e-01 
52.400000 8.0801090955726440e-01 
52.600000 8.0865913224130725e-01 
52.800000 8.0928911170956108e-01 
53.000000 8.0990128830247332e-01 
53.200000 8.1049609429895597e-01 
53.400000 8.1107395396900661e-01 
53.600000 8.1163528363028115e-01 
53.800000 8.1218049170837459e-01 
54.000000 8.1270997880061813e-01 
54.200000 8.1322413774314883e-01 
54.400000 8.1372335368106763e-01 
54.600000 8.1420800414146866e-01 
54.800000 8.1467845910913905e-01 
55.000000 8.1513508110475319e-01 
55.200000 8.1557822526536672e-01 
55.400000 8.1600823942700240e-01 
55.600000 8.1642546420920914e-01 
55.800000 8.1683023310137659e-01 
56.000000 8.1722287255066617e-01 
56.200000 8.1760370205140831e-01 
56.400000 8.1797303423577117e-01 
56.600000 8.1833117496564811e-01 
56.800000 8.1867842342551223e-01 
57.000000 8.1901507221620573e-01 
57.200000 8.1934140744947603e-01 
57.400000 8.1965770884315758e-01 
57.600000 8.1996424981689409e-01 
57.800000 8.2026129758827715e-01 
58.000000 8.2054911326929914e-01 
58.200000 8.2082795196302927e-01 
58.400000 8.2109806286041287e-01 
58.600000 8.2135968933709724e-01 
58.800000 8.2161306905021980e-01 
59.000000 8.2185843403505376e-01 
59.200000 8.2209601080145200e-01 
59.400000 8.2232602043000447e-01 
59.600000 8.2254867866785875e-01 
59.800000 8.2276419602412321e-01 
60.000000 8.2297277786479661e-01 
60.200000 8.2317462450717660e-01 
60.400000 8.2336993131367253e-01 
60.600000 8.2355888878501149e-01 
60.800000 8.2374168265272996e-01 
61.000000 8.2391849397097738e-01 
61.200000 8.2408949920753860e-01 
61.400000 8.2425487033405875e-01 
61.600000 8.2441477491542781e-01 
61.800000 8.2456937619830140e-01 
62.000000 8.2471883319871842e-01 
62.200000 8.2486330078879200e-01 
62.400000 8.2500292978244749e-01 
62.600000 8.2513786702017466e-01 
62.800000 8.2526825545279436e-01 
63.000000 8.2539423422419655e-01 
63.200000 8.2551593875304619e-01 
63.400000 8.2563350081343512e-01 
63.600000 8.2574704861445558e-01 
63.800000 8.2585670687873314e-01 
64.000000 8.2596259691980400e-01 
64.200000 8.2606483671846187e-01 
64.400000 8.2616354099794087e-01 
64.600000 8.2625882129801698e-01 
64.800000 8.2635078604797174e-01 
65.000000 8.2643954063843439e-01 
65.200000 8.2652518749209880e-01 
65.400000 8.2660782613329908e-01 
65.600000 8.2668755325646648e-01 
65.800000 8.2676446279343430e-01 
66.000000 8.2683864597964107e-01 
66.200000 8.2691019141916422e-01 
66.400000 8.2697918514866753e-01 
66.600000 8.2704571070018396e-01 
66.800000 8.2710984916280939e-01 
67.000000 8.2717167924327295e-01 
67.200000 8.2723127732537771e-01 
67.400000 8.2728871752836297e-01 
67.600000 8.2734407176415925e-01 
67.800000 8.2739740979355159e-01 
68.000000 8.2744879928125747e-01 
68.200000 8.2749830584993633e-01 
68.400000 8.2754599313313504e-01 
68.600000 8.2759192282717142e-01 
68.800000 8.2763615474197205e-01 
69.000000 8.2767874685087983e-01 
69.200000 8.2771975533942965e-01 
69.400000 8.2775923465310597e-01 
69.600000 8.2779723754410695e-01 
69.800000 8.2783381511710030e-01 
70.000000 8.2786901687401337e-01 
70.200000 8.2790289075783796e-01 
70.400000 8.2793548319549415e-01 
70.600000 8.2796683913972813e-01 
70.800000 8.2799700211010230e-01 
71.000000 8.2802601423303612e-01 
71.200000 8.2805391628096381e-01 
71.400000 8.2808074771058426e-01 
71.600000 8.2810654670022898e-01 
71.800000 8.2813135018636941e-01 
72.000000 8.2815519389926040e-01 
72.200000 8.2817811239774208e-01 
72.400000 8.2820013910321544e-01 
72.600000 8.2822130633280022e-01 
72.800000 8.2824164533169053e-01 
73.000000 8.2826118630471968e-01 
73.200000 8.2827995844715818e-01 
73.400000 8.2829798997472970e-01 
73.600000 8.2831530815289856e-01 
73.800000 8.2833193932540772e-01 
74.000000 8.2834790894210530e-01 
74.200000 8.2836324158604779e-01 
74.400000 8.2837796099992023e-01 
74.600000 8.2839209011176629e-01 
74.800000 8.2840565106004826e-01 
75.000000 8.2841866521805885e-01 
75.200000 8.2843115321767069e-01 
75.400000 8.2844313497247668e-01 
75.600000 8.2845462970029859e-01 
75.800000 8.2846565594508093e-01 
76.000000 8.2847623159822448e-01 
76.200000 8.2848637391929403e-01 
76.400000 8.2849609955619385e-01 
76.600000 8.2850542456476728e-01 
76.800000 8.2851436442786353e-01 
77.000000 8.2852293407385469e-01 
77.200000 8.2853114789465521e-01 
77.400000 8.2853901976320077e-01 
77.600000 8.2854656305047159e-01 
77.800000 8.2855379064198387e-01 
78.000000 8.2856071495383987e-01 
78.200000 8.2856734794829323e-01 
78.400000 8.2857370114886986e-01 
78.600000 8.2857978565504986e-01 
78.800000 8.2858561215650106e-01 
79.000000 8.2859119094690825e-01 
79.200000 8.2859653193738669e-01 
79.400000 8.2860164466947328e-01 
79.600000 8.2860653832776954e-01 
79.800000 8.2861122175215896e-01 
80.000000 8.2861570344966762e-01 
80.200000 8.2861999160597788e-01 
80.400000 8.2862409409656257e-01 
80.600000 8.2862801849749290e-01 
80.800000 8.2863177209589711e-01 
81.000000 8.2863536190011455e-01 
81.200000 8.2863879464949763e-01 
81.400000 8.2864207682393087e-01 
81.600000 8.2864521465305185e-01 
81.800000 8.2864821412514023e-01 
82.000000 8.2865108099577878e-01 
82.200000 8.2865382079618399e-01 
82.400000 8.2865643884130147e-01 
82.600000 8.2865894023761866e-01 
82.800000 8.2866132989073515e-01 
83.000000 8.2866361251267795e-01 
83.200000 8.2866579262897577e-01 
83.400000 8.2866787458550484e-01 
83.600000 8.2866986255510000e-01 
83.800000 8.2867176054394942e-01 
84.000000 8.2867357239777550e-01 
84.200000 8.2867530180780458e-01 
84.400000 8.2867695231653238e-01 
84.600000 8.2867852732330449e-01 
84.800000 8.2868003008968893e-01 
85.000000 8.2868146374468243e-01 
85.200000 8.2868283128972786e-01 
85.400000 8.2868413560355247e-01 
85.600000 8.2868537944685217e-01 
85.800000 8.2868656546680619e-01 
86.000000 8.2868769620143057e-01 
86.200000 8.2868877408377395e-01 
86.400000 8.2868980144598081e-01 
86.600000 8.2869078052320089e-01 
86.800000 8.2869171345735970e-01 
87.000000 8.2869260230078234e-01 
87.200000 8.2869344901972553e-01 
87.400000 8.2869425549773068e-01 
87.600000 8.2869502353889835e-01 
87.800000 8.2869575487101443e-01 
88.000000 8.2869645114858981e-01 
88.200000 8.2869711395575774e-01 
88.400000 8.2869774480909364e-01 
88.600000 8.2869834516030849e-01 
88.800000 8.2869891639885518e-01 
89.000000 8.2869945985444426e-01 
89.200000 8.2869997679943896e-01 
89.400000 8.2870046845119227e-01 
89.600000 8.2870093597427408e-01 
89.800000 8.2870138048262609e-01 
90.000000 8.2870180304163243e-01 
90.200000 8.2870220467010458e-01 
90.400000 8.2870258634220184e-01 
90.600000 8.2870294898927255e-01 
90.800000 8.2870329350162153e-01 
91.000000 8.2870362073021964e-01 
91.200000 8.2870393148833010e-01 
91.400000 8.2870422655308984e-01 
91.600000 8.2870450666702489e-01 
91.800000 8.2870477253949248e-01 
92.000000 8.2870502484808628e-01 
92.200000 8.2870526423997282e-01 
92.400000 8.2870549133318239e-01 
92.600000 8.2870570671784294e-01 
92.800000 8.2870591095737456e-01 
93.000000 8.2870610458962157e-01 
93.200000 8.2870628812795688e-01 
93.400000 8.2870646206232479e-01 
93.600000 8.2870662686025509e-01 
93.800000 8.2870678296782918e-01 
94.000000 8.2870693081060876e-01 
94.200000 8.2870707079452965e-01 
94.400000 8.2870720330675263e-01 
94.600000 8.2870732871648378e-01 
94.800000 8.2870744737576540e-01 
95.000000 8.2870755962022324e-01 
95.200000 8.2870766576979882e-01 
95.400000 8.2870776612942632e-01 
95.600000 8.2870786098971549e-01 
95.800000 8.2870795062757241e-01 
96.000000 8.2870803530681980e-01 
96.200000 8.2870811527876997e-01 
96.400000 8.2870819078280333e-01 
96.600000 8.2870826204688186e-01 
96.800000 8.2870832928807880e-01 
97.000000 8.2870839271305963e-01 
97.200000 8.2870845251856518e-01 
97.400000 8.2870850889184866e-01 
97.600000 8.2870856201111576e-01 
97.800000 8.2870861204593382e-01 
98.000000 8.2870865915762859e-01 
98.200000 8.2870870349966563e-01 
98.400000 8.2870874521799343e-01 
98.600000 8.2870878445142382e-01 
98.800000 8.2870882133192703e-01 
99.000000 8.2870885598497324e-01 
99.200000 8.2870888852981683e-01 
99.400000 8.2870891907980115e-01 
99.600000 8.2870894774262693e-01 
99.800000 8.2870897462062099e-01 
100.000000 8.2870899981097712e-01 
100.200000 8.2870902340601504e-01 
100.400000 8.2870904549339885e-01 
100.600000 8.2870906615636097e-01 
100.800000 8.2870908547391386e-01 
101.000000 8.2870910352104821e-01 
101.200000 8.2870912036892730e-01 
101.400000 8.2870913608506813e-01 
101.600000 8.2870915073351914e-01 
101.800000 8.2870916437502862e-01 
102.000000 8.2870917706719849e-01 
102.200000 8.2870918886463396e-01 
102.400000 8.2870919981910973e-01 
102.600000 8.2870920997967723e-01 
102.800000 8.2870921939282283e-01 
103.000000 8.2870922810258030e-01 
103.200000 8.2870923615065795e-01 
103.400000 8.2870924357654385e-01 
103.600000 8.2870925041763011e-01 
103.800000 8.2870925670930040e-01 
104.000000 8.2870926248504329e-01 
104.200000 8.2870926777653853e-01 
104.400000 8.2870927261375260e-01 
104.600000 8.2870927702501718e-01 
104.800000 8.2870928103712338e-01 
105.000000 8.2870928467538596e-01 
105.200000 8.2870928796372778e-01 
105.400000 8.2870929092474832e-01 
105.600000 8.2870929357978607e-01 
105.800000 8.2870929594899279e-01 
106.000000 8.2870929805138138e-01 
106.200000 8.2870929990489495e-01 
106.400000 8.2870930152645839e-01 
106.600000 8.2870930293203482e-01 
106.800000 8.2870930413666510e-01 
107.000000 8.2870930515452712e-01 
107.200000 8.2870930599897497e-01 
107.400000 8.2870930668258658e-01 
107.600000 8.2870930721719593e-01 
107.800000 8.2870930761394557e-01 
108.000000 8.2870930788330988e-01 
108.200000 8.2870930803514287e-01 
108.400000 8.2870930807869780e-01 
108.600000 8.2870930802267495e-01 
108.800000 8.2870930787523622e-01 
109.000000 8.2870930764404660e-01 
109.200000 8.2870930733629244e-01 
109.400000 8.2870930695871603e-01 
109.600000 8.2870930651762742e-01 
109.800000 8.2870930601894321e-01 
110.000000 8.2870930546819832e-01 
110.200000 8.2870930487056949e-01 
110.400000 8.2870930423089195e-01 
110.600000 8.2870930355368522e-01 
110.800000 8.2870930284317690e-01 
111.000000 8.2870930210329008e-01 
111.200000 8.2870930133770038e-01 
111.400000 8.2870930054981695e-01 
111.600000 8.2870929974281982e-01 
111.800000 8.2870929891966127e-01 
112.000000 8.2870929808307914e-01 
112.200000 8.2870929723561659e-01 
112.400000 8.2870929637963264e-01 
112.600000 8.2870929551730088e-01 
112.800000 8.2870929465063625e-01 
113.000000 8.2870929378149816e-01 
113.200000 8.2870929291159645e-01 
113.400000 8.2870929204250521e-01 
113.600000 8.2870929117566949e-01 
113.800000 8.2870929031241347e-01 
114.000000 8.2870928945394606e-01 
114.200000 8.2870928860137361e-01 
114.400000 8.2870928775569852e-01 
114.600000 8.2870928691782986e-01 
114.800000 8.2870928608859717e-01 
115.000000 8.2870928526873289e-01 
115.200000 8.2870928445891301e-01 
115.400000 8.2870928365972196e-01 
115.600000 8.2870928287169154e-01 
115.800000 8.2870928209528616e-01 
116.000000 8.2870928133091237e-01 
116.200000 8.2870928057892668e-01 
116.400000 8.2870927983962694e-01 
116.600000 8.2870927911327474e-01 
116.800000 8.2870927840007869e-01 
117.000000 8.2870927770021996e-01 
117.200000 8.2870927701382557e-01 
117.400000 8.2870927634100422e-01 
117.600000 8.2870927568181973e-01 
117.800000 8.2870927503631608e-01 
118.000000 8.2870927440450781e-01 
118.200000 8.2870927378638259e-01 
118.400000 8.2870927318190579e-01 
118.600000 8.2870927259102323e-01 
118.800000 8.2870927201365974e-01 
119.000000 8.2870927144972384e-01 
119.200000 8.2870927089911106e-01 
119.400000 8.2870927036169573e-01 
119.600000 8.2870926983734527e-01 
119.800000 8.2870926932591127e-01 
120.000000 8.2870926882724016e-01 
120.200000 8.2870926834116410e-01 
120.400000 8.2870926786750421e-01 
120.600000 8.2870926740608297e-01 
120.800000 8.2870926695671332e-01 
121.000000 8.2870926651919652e-01 
121.200000 8.2870926609333573e-01 
121.400000 8.2870926567892711e-01 
121.600000 8.2870926527576727e-01 
121.800000 8.2870926488364183e-01 
122.000000 8.2870926450234317e-01 
122.200000 8.2870926413165669e-01 
122.400000 8.2870926377137066e-01 
122.600000 8.2870926342126494e-01 
122.800000 8.2870926308113146e-01 
123.000000 8.2870926275075074e-01 
123.200000 8.2870926242990828e-01 
123.400000 8.2870926211839047e-01 
123.600000 8.2870926181598858e-01 
123.800000 8.2870926152248847e-01 
124.000000 8.2870926123767996e-01 
124.200000 8.2870926096135633e-01 
124.400000 8.2870926069331263e-01 
124.600000 8.2870926043334792e-01 
124.800000 8.2870926018125857e-01 
125.000000 8.2870925993684497e-01 
125.200000 8.2870925969991605e-01 
125.400000 8.2870925947027729e-01 
125.600000 8.2870925924774075e-01 
125.800000 8.2870925903211423e-01 
126.000000 8.2870925882322333e-01 
126.200000 8.2870925862087941e-01 
126.400000 8.2870925842491094e-01 
126.600000 8.2870925823514019e-01 
126.800000 8.2870925805140094e-01 
127.000000 8.2870925787352334e-01 
127.200000 8.2870925770134218e-01 
127.400000 8.2870925753470204e-01 
127.600000 8.2870925737344170e-01 
127.800000 8.2870925721740885e-01 
128.000000 8.2870925706645437e-01 
128.200000 8.2870925692043018e-01 
128.400000 8.2870925677919105e-01 
128.600000 8.2870925664259854e-01 
128.800000 8.2870925651051608e-01 
129.000000 8.2870925638281168e-01 
129.200000 8.2870925625934999e-01 
129.400000 8.2870925614000446e-01 
129.600000 8.2870925602465528e-01 
129.800000 8.2870925591317768e-01 
130.000000 8.2870925580545685e-01 
130.200000 8.2870925570137299e-01 
130.400000 8.2870925560081776e-01 
130.600000 8.2870925550368235e-01 
130.800000 8.2870925540985663e-01 
131.000000 8.2870925531924089e-01 
131.200000 8.2870925523173367e-01 
131.400000 8.2870925514723726e-01 
131.600000 8.2870925506565685e-01 
131.800000 8.2870925498689885e-01 
132.000000 8.2870925491087299e-01 
132.200000 8.2870925483749280e-01 
132.400000 8.2870925476667312e-01 
132.600000 8.2870925469833123e-01 
132.800000 8.2870925463238809e-01 
133.000000 8.2870925456876321e-01 
133.200000 8.2870925450738175e-01 
133.400000 8.2870925444817167e-01 
133.600000 8.2870925439106047e-01 
133.800000 8.2870925433598430e-01 
134.000000 8.2870925428286535e-01 
134.200000 8.2870925423164687e-01 
134.400000 8.2870925418226304e-01 
134.600000 8.2870925413465268e-01 
134.800000 8.2870925408875740e-01 
135.000000 8.2870925404451756e-01 
135.200000 8.2870925400187834e-01 
135.400000 8.2870925396078965e-01 
135.600000 8.2870925392119310e-01 
135.800000 8.2870925388303829e-01 
136.000000 8.2870925384628058e-01 
136.200000 8.2870925381087024e-01 
136.400000 8.2870925377675897e-01 
136.600000 8.2870925374390381e-01 
136.800000 8.2870925371226301e-01 
137.000000 8.2870925368179271e-01 
137.200000 8.2870925365245240e-01 
137.400000 8.2870925362420467e-01 
137.600000 8.2870925359701053e-01 
137.800000 8.2870925357083158e-01 
138.000000 8.2870925354563441e-01 
138.200000 8.2870925352138558e-01 
138.400000 8.2870925349804792e-01 
138.600000 8.2870925347559377e-01 
138.800000 8.2870925345398971e-01 
139.000000 8.2870925343320578e-01 
139.200000 8.2870925341321444e-01 
139.400000 8.2870925339398549e-01 
139.600000 8.2870925337549339e-01 
139.800000 8.2870925335771051e-01 
140.000000 8.2870925334061385e-01 
140.200000 8.2870925332417789e-01 
140.400000 8.2870925330837908e-01 
140.600000 8.2870925329319545e-01 
140.800000 8.2870925327860268e-01 
141.000000 8.2870925326458111e-01 
141.200000 8.2870925325111078e-01 
141.400000 8.2870925323816991e-01 
141.600000 8.2870925322574085e-01 
141.800000 8.2870925321380706e-01 
142.000000 8.2870925320234812e-01 
142.200000 8.2870925319134725e-01 
142.400000 8.2870925318079036e-01 
142.600000 8.2870925317065924e-01 
142.800000 8.2870925316093702e-01 
143.000000 8.2870925315161170e-01 
143.200000 8.2870925314266908e-01 
143.400000 8.2870925313409627e-01 
143.600000 8.2870925312587618e-01 
143.800000 8.2870925311799970e-01 
144.000000 8.2870925311045374e-01 
144.200000 8.2870925310322652e-01 
144.400000 8.2870925309630494e-01 
144.600000 8.2870925308968113e-01 
144.800000 8.2870925308334220e-01 
145.000000 8.2870925307727961e-01 
145.200000 8.2870925307148469e-01 
145.400000 8.2870925306594689e-01 
145.600000 8.2870925306065590e-01 
145.800000 8.2870925305560839e-01 
146.000000 8.2870925305078980e-01 
146.200000 8.2870925304619592e-01 
146.400000 8.2870925304181597e-01 
146.600000 8.2870925303764653e-01 
146.800000 8.2870925303367715e-01 
147.000000 8.2870925302990150e-01 
147.200000 8.2870925302631770e-01 
147.400000 8.2870925302291798e-01 
147.600000 8.2870925301969989e-01 
147.800000 8.2870925301665632e-01 
148.000000 8.2870925301378140e-01 
148.200000 8.2870925301107046e-01 
148.400000 8.2870925300851572e-01 
148.600000 8.2870925300611387e-01 
148.800000 8.2870925300385767e-01 
149.000000 8.2870925300174192e-01 
149.200000 8.2870925299976195e-01 
149.400000 8.2870925299791154e-01 
149.600000 8.2870925299618670e-01 
149.800000 8.2870925299458353e-01 
