0.000000 4.6605297027084627e-03 
0.200000 4.6605969477505269e-03 
0.400000 4.6609873368113515e-03 
0.600000 4.6620657405235938e-03 
0.800000 4.6641536678707881e-03 
1.000000 4.6675291046351462e-03 
1.200000 4.6724370782910557e-03 
1.400000 4.6790937177845510e-03 
1.600000 4.6876922227942026e-03 
1.800000 4.6984077563693803e-03 
2.000000 4.7114025004186683e-03 
2.200000 4.7268262936500782e-03 
2.400000 4.7448199652859076e-03 
2.600000 4.7655160366794217e-03 
2.800000 4.7890388540476744e-03 
3.000000 4.8155081347758073e-03 
3.200000 4.8450414005319813e-03 
3.400000 4.8777568514854312e-03 
3.600000 4.9137736016605874e-03 
3.800000 4.9532042406033724e-03 
4.000000 4.9961615481034886e-03 
4.200000 5.0427610345502574e-03 
4.400000 5.0931212843557880e-03 
4.600000 5.1473644187764135e-03 
4.800000 5.2056177979650344e-03 
5.000000 5.2680145674792239e-03 
5.200000 5.3346949382674013e-03 
5.400000 5.4058060946776450e-03 
5.600000 5.4815034583316560e-03 
5.800000 5.5619512931299239e-03 
6.000000 5.6473236957971336e-03 
6.200000 5.7378047430409612e-03 
6.400000 5.8335895248954640e-03 
6.600000 5.9348845738075133e-03 
6.800000 6.0419091234818305e-03 
7.000000 6.1548958363832939e-03 
7.200000 6.2740917030989201e-03 
7.400000 6.3997592248816208e-03 
7.600000 6.5321774110060592e-03 
7.800000 6.6716430142149848e-03 
8.000000 6.8184715230023216e-03 
8.200000 6.9729985061281275e-03 
8.400000 7.1355808867373041e-03 
8.600000 7.3065984273973320e-03 
8.800000 7.4864551405927487e-03 
9.000000 7.6755808368872448e-03 
9.200000 7.8744328263278974e-03 
9.400000 8.0834977824467413e-03 
9.600000 8.3032936422704519e-03 
9.800000 8.5343716462997505e-03 
10.000000 8.7773185570527504e-03 
10.200000 9.0327589844492132e-03 
10.400000 9.3013579130963846e-03 
10.600000 9.5838233435320778e-03 
10.800000 9.8809091637074332e-03 
11.000000 1.0193418174571919e-02 
11.200000 1.0522205330705133e-02 
11.400000 1.0868181151784197e-02 
11.600000 1.1232315352376785e-02 
11.800000 1.1615640710017004e-02 
12.000000 1.2019257150133075e-02 
12.200000 1.2444336086240248e-02 
12.400000 1.2892124988912755e-02 
12.600000 1.3363952231251371e-02 
12.800000 1.3861232187449911e-02 
13.000000 1.4385470609223181e-02 
13.200000 1.4938270264278105e-02 
13.400000 1.5521336848300317e-02 
13.600000 1.6136485168156384e-02 
13.800000 1.6785645589266752e-02 
14.000000 1.7470870729525328e-02 
14.200000 1.8194342390763327e-02 
14.400000 1.8958378708939148e-02 
14.600000 1.9765441489823531e-02 
14.800000 2.0618143699529780e-02 
15.000000 2.1519257060923534e-02 
15.200000 2.2471719708268868e-02 
15.400000 2.3478643829892690e-02 
15.600000 2.4543323223375314e-02 
15.800000 2.5669240667868524e-02 
16.000000 2.6860075006784757e-02 
16.200000 2.8119707815803658e-02 
16.400000 2.9452229509489204e-02 
16.600000 3.0861944723538825e-02 
16.800000 3.2353376784222704e-02 
17.000000 3.3931271058758095e-02 
17.200000 3.5600596953072793e-02 
17.400000 3.7366548302997689e-02 
17.600000 3.9234541880139827e-02 
17.800000 4.1210213714262180e-02 
18.000000 4.3299412912173020e-02 
18.200000 4.5508192637966273e-02 
18.400000 4.7842797906068116e-02 
18.600000 5.0309649832584902e-02 
18.800000 5.2915325990716529e-02 
19.000000 5.5666536524610566e-02 
19.200000 5.8570095696386548e-02 
19.400000 6.1632888572241570e-02 
19.600000 6.4861832599873340e-02 
19.800000 6.8263833889924852e-02 
20.000000 7.1845738092003217e-02 
20.200000 7.5614275850631754e-02 
20.400000 7.9576002939383134e-02 
20.600000 8.3737235301588636e-02 
20.800000 8.8103979372358587e-02 
21.000000 9.2681858217393442e-02 
21.200000 9.7476034196106218e-02 
21.400000 1.0249112903573818e-01 
21.600000 1.0773114238405858e-01 
21.800000 1.1319937008515003e-01 
22.000000 1.1889832358781294e-01 
22.200000 1.2482965204183469e-01 
22.400000 1.3099406875472749e-01 
22.600000 1.3739128376230894e-01 
22.800000 1.4401994430204390e-01 
23.000000 1.5087758496108380e-01 
23.200000 1.5796058919523728e-01 
23.400000 1.6526416377672049e-01 
23.600000 1.7278232752610570e-01 
23.800000 1.8050791541893019e-01 
24.000000 1.8843259883513094e-01 
24.200000 1.9654692234816096e-01 
24.400000 2.0484035704245671e-01 
24.600000 2.1330136991731471e-01 
24.800000 2.2191750849956648e-01 
25.000000 2.3067549936470705e-01 
25.200000 2.3956135887505461e-01 
25.400000 2.4856051410145200e-01 
25.600000 2.5765793161746159e-01 
25.800000 2.6683825165395036e-01 
26.000000 2.7608592498579621e-01 
26.200000 2.8538534989479231e-01 
26.400000 2.9472100661282136e-01 
26.600000 3.0407758679181157e-01 
26.800000 3.1344011576255393e-01 
27.000000 3.2279406562102941e-01 
27.200000 3.3212545750381622e-01 
27.400000 3.4142095176791359e-01 
27.600000 3.5066792515902168e-01 
27.800000 3.5985453442092152e-01 
28.000000 3.6896976615349963e-01 
28.200000 3.7800347305654636e-01 
28.400000 3.8694639699159700e-01 
28.600000 3.9579017954818224e-01 
28.800000 4.0452736100966552e-01 
29.000000 4.1315136877586595e-01 
29.200000 4.2165649641509539e-01 
29.400000 4.3003787458929887e-01 
29.600000 4.3829143512629054e-01 
29.800000 4.4641386950708184e-01 
30.000000 4.5440258299936459e-01 
30.200000 4.6225564560576987e-01 
30.400000 4.6997174091331106e-01 
30.600000 4.7755011383363188e-01 
30.800000 4.8499051811753496e-01 
31.000000 4.9229316441602139e-01 
31.200000 4.9945866954774815e-01 
31.400000 5.0648800752253909e-01 
31.600000 5.1338246276498123e-01 
31.800000 5.2014358588318554e-01 
32.000000 5.2677315223677823e-01 
32.200000 5.3327312347623068e-01 
32.400000 5.3964561215287787e-01 
32.600000 5.4589284943590544e-01 
32.800000 5.5201715591866429e-01 
33.000000 5.5802091545183974e-01 
33.200000 5.6390655190434746e-01 
33.400000 5.6967650872406350e-01 
33.600000 5.7533323114855706e-01 
33.800000 5.8087915090025577e-01 
34.000000 5.8631667319020597e-01 
34.200000 5.9164816584891500e-01 
34.400000 5.9687595040099728e-01 
34.600000 6.0200229490194357e-01 
34.800000 6.0702940835942132e-01 
35.000000 6.1195943656783847e-01 
35.200000 6.1679445919276055e-01 
35.400000 6.2153648795078520e-01 
35.600000 6.2618746574039286e-01 
35.800000 6.3074926658958586e-01 
36.000000 6.3522369629680930e-01 
36.200000 6.3961249365215356e-01 
36.400000 6.4391733213645252e-01 
36.600000 6.4813982200588938e-01 
36.800000 6.5228151267966672e-01 
37.000000 6.5634389535742244e-01 
37.200000 6.6032840580193009e-01 
37.400000 6.6423642723072951e-01 
37.600000 6.6806929326786013e-01 
37.800000 6.7182829091391838e-01 
38.000000 6.7551466349884948e-01 
38.200000 6.7912961358778567e-01 
38.400000 6.8267430581533795e-01 
38.600000 6.8614986962837254e-01 
38.800000 6.8955740192150217e-01 
39.000000 6.9289796955307970e-01 
39.200000 6.9617261173274991e-01 
39.400000 6.9938234227430196e-01 
39.600000 7.0252815171010430e-01 
39.800000 7.0561100926531517e-01 
40.000000 7.0863186469191519e-01 
40.200000 7.1159164996403812e-01 
40.400000 7.1449128083727598e-01 
40.600000 7.1733165827569090e-01 
40.800000 7.2011366975094848e-01 
41.000000 7.2283819041877151e-01 
41.200000 7.2550608417825213e-01 
41.400000 7.2811820461993892e-01 
41.600000 7.3067539586889785e-01 
41.800000 7.3317849332901341e-01 
42.000000 7.3562832433485359e-01 
42.200000 7.3802570871744744e-01 
42.400000 7.4037145929018955e-01 
42.600000 7.4266638226096393e-01 
42.800000 7.4491127757647069e-01 
43.000000 7.4710693920444859e-01 
43.200000 7.4925415535931950e-01 
43.400000 7.5135370867657014e-01 
43.600000 7.5340637634082530e-01 
43.800000 7.5541293017242639e-01 
44.000000 7.5737413667694908e-01 
44.200000 7.5929075706193916e-01 
44.400000 7.6116354722474644e-01 
44.600000 7.6299325771520876e-01 
44.800000 7.6478063367655891e-01 
45.000000 7.6652641476774885e-01 
45.200000 7.6823133507011943e-01 
45.400000 7.6989612298110854e-01 
45.600000 7.7152150109745543e-01 
45.800000 7.7310818609016985e-01 
46.000000 7.7465688857330595e-01 
46.200000 7.7616831296839184e-01 
46.400000 7.7764315736621670e-01 
46.600000 7.7908211338744737e-01 
46.800000 7.8048586604342951e-01 
47.000000 7.8185509359837568e-01 
47.200000 7.8319046743399168e-01 
47.400000 7.8449265191745299e-01 
47.600000 7.8576230427356053e-01 
47.800000 7.8700007446174514e-01 
48.000000 7.8820660505852447e-01 
48.200000 7.8938253114592105e-01 
48.400000 7.9052848020624733e-01 
48.600000 7.9164507202356527e-01 
48.800000 7.9273291859213701e-01 
49.000000 7.9379262403203033e-01 
49.200000 7.9482478451202199e-01 
49.400000 7.9582998817988726e-01 
49.600000 7.9680881510013846e-01 
49.800000 7.9776183719919214e-01 
50.000000 7.9868961821790796e-01 
50.200000 7.9959271367149276e-01 
50.400000 8.0047167081658077e-01 
50.600000 8.0132702862545069e-01 
50.800000 8.0215931776717109e-01 
51.000000 8.0296906059554662e-01 
51.200000 8.0375677114364941e-01 
51.400000 8.0452295512478023e-01 
51.600000 8.0526810993962150e-01 
51.800000 8.0599272468938521e-01 
52.000000 8.0669728019471931e-01 
52.200000 8.0738224902017475e-01 
52.400000 8.0804809550396461e-01 
52.600000 8.0869527579281530e-01 
52.800000 8.0932423788166785e-01 
53.000000 8.0993542165798882e-01 
53.200000 8.1052925895046168e-01 
53.400000 8.1110617358185388e-01 
53.600000 8.1166658142578729e-01 
53.800000 8.1221089046724337e-01 
54.000000 8.1273950086653024e-01 
54.200000 8.1325280502655251e-01 
54.400000 8.1375118766313026e-01 
54.600000 8.1423502587818397e-01 
54.800000 8.1470468923558337e-01 
55.000000 8.1516053983948000e-01 
55.200000 8.1560293241492188e-01 
55.400000 8.1603221439056040e-01 
55.600000 8.1644872598331852e-01 
55.800000 8.1685280028478446e-01 
56.000000 8.1724476334925400e-01 
56.200000 8.1762493428318650e-01 
56.400000 8.1799362533596831e-01 
56.600000 8.1835114199183145e-01 
56.800000 8.1869778306279894e-01 
57.000000 8.1903384078249974e-01 
57.200000 8.1935960090074456e-01 
57.400000 8.1967534277875853e-01 
57.600000 8.1998133948491958e-01 
57.800000 8.2027785789092333e-01 
58.000000 8.2056515876824887e-01 
58.200000 8.2084349688485614e-01 
58.400000 8.2111312110197721e-01 
58.600000 8.2137427447096156e-01 
58.800000 8.2162719433003484e-01 
59.000000 8.2187211240096225e-01 
59.200000 8.2210925488546194e-01 
59.400000 8.2233884256135792e-01 
59.600000 8.2256109087837714e-01 
59.800000 8.2277621005352619e-01 
60.000000 8.2298440516599847e-01 
60.200000 8.2318587625154582e-01 
60.400000 8.2338081839627020e-01 
60.600000 8.2356942182978188e-01 
60.800000 8.2375187201766642e-01 
61.000000 8.2392834975323292e-01 
61.200000 8.2409903124850392e-01 
61.400000 8.2426408822438946e-01 
61.600000 8.2442368800003185e-01 
61.800000 8.2457799358127415e-01 
62.000000 8.2472716374822352e-01 
62.200000 8.2487135314190063e-01 
62.400000 8.2501071234990697e-01 
62.600000 8.2514538799114567e-01 
62.800000 8.2527552279951499e-01 
63.000000 8.2540125570659262e-01 
63.200000 8.2552272192329157e-01 
63.400000 8.2564005302043797e-01 
63.600000 8.2575337700831319e-01 
63.800000 8.2586281841508791e-01 
64.000000 8.2596849836417474e-01 
64.200000 8.2607053465048785e-01 
64.400000 8.2616904181558171e-01 
64.600000 8.2626413122168230e-01 
64.800000 8.2635591112458573e-01 
65.000000 8.2644448674544491e-01 
65.200000 8.2652996034141979e-01 
65.400000 8.2661243127518680e-01 
65.600000 8.2669199608333843e-01 
65.800000 8.2676874854362803e-01 
66.000000 8.2684277974109310e-01 
66.200000 8.2691417813305079e-01 
66.400000 8.2698302961295578e-01 
66.600000 8.2704941757314554e-01 
66.800000 8.2711342296645651e-01 
67.000000 8.2717512436673279e-01 
67.200000 8.2723459802821164e-01 
67.400000 8.2729191794382007e-01 
67.600000 8.2734715590236807e-01 
67.800000 8.2740038154465656e-01 
68.000000 8.2745166241848422e-01 
68.200000 8.2750106403261015e-01 
68.400000 8.2754864990962884e-01 
68.600000 8.2759448163780569e-01 
68.800000 8.2763861892184687e-01 
69.000000 8.2768111963264968e-01 
69.200000 8.2772203985603354e-01 
69.400000 8.2776143394042268e-01 
69.600000 8.2779935454356868e-01 
69.800000 8.2783585267823734e-01 
70.000000 8.2787097775696239e-01 
70.200000 8.2790477763578263e-01 
70.400000 8.2793729865705190e-01 
70.600000 8.2796858569129417e-01 
70.800000 8.2799868217813200e-01 
71.000000 8.2802763016627723e-01 
71.200000 8.2805547035264460e-01 
71.400000 8.2808224212054671e-01 
71.600000 8.2810798357701509e-01 
71.800000 8.2813273158925516e-01 
72.000000 8.2815652182024313e-01 
72.200000 8.2817938876348451e-01 
72.400000 8.2820136577693815e-01 
72.600000 8.2822248511613916e-01 
72.800000 8.2824277796649337e-01 
73.000000 8.2826227447481293e-01 
73.200000 8.2828100378006375e-01 
73.400000 8.2829899404333474e-01 
73.600000 8.2831627247709672e-01 
73.800000 8.2833286537368911e-01 
74.000000 8.2834879813310547e-01 
74.200000 8.2836409529005950e-01 
74.400000 8.2837878054037695e-01 
74.600000 8.2839287676667028e-01 
74.800000 8.2840640606336502e-01 
75.000000 8.2841938976108520e-01 
75.200000 8.2843184845036222e-01 
75.400000 8.2844380200472989e-01 
75.600000 8.2845526960321036e-01 
75.800000 8.2846626975217785e-01 
76.000000 8.2847682030663894e-01 
76.200000 8.2848693849092925e-01 
76.400000 8.2849664091884967e-01 
76.600000 8.2850594361322838e-01 
76.800000 8.2851486202496383e-01 
77.000000 8.2852341105151395e-01 
77.200000 8.2853160505487944e-01 
77.400000 8.2853945787906669e-01 
77.600000 8.2854698286706330e-01 
77.800000 8.2855419287732346e-01 
78.000000 8.2856110029977392e-01 
78.200000 8.2856771707137011e-01 
78.400000 8.2857405469117773e-01 
78.600000 8.2858012423503158e-01 
78.800000 8.2858593636976086e-01 
79.000000 8.2859150136696980e-01 
79.200000 8.2859682911644472e-01 
79.400000 8.2860192913913189e-01 
79.600000 8.2860681059972752e-01 
79.800000 8.2861148231889525e-01 
80.000000 8.2861595278511513e-01 
80.200000 8.2862023016615149e-01 
80.400000 8.2862432232019290e-01 
80.600000 8.2862823680661379e-01 
80.800000 8.2863198089644929e-01 
81.000000 8.2863556158248597e-01 
81.200000 8.2863898558909166e-01 
81.400000 8.2864225938169334e-01 
81.600000 8.2864538917596975e-01 
81.800000 8.2864838094676363e-01 
82.000000 8.2865124043667981e-01 
82.200000 8.2865397316443357e-01 
82.400000 8.2865658443291901e-01 
82.600000 8.2865907933700622e-01 
82.800000 8.2866146277109909e-01 
83.000000 8.2866373943643712e-01 
83.200000 8.2866591384815858e-01 
83.400000 8.2866799034212812e-01 
83.600000 8.2866997308153922e-01 
83.800000 8.2867186606329424e-01 
84.000000 8.2867367312417506e-01 
84.200000 8.2867539794679879e-01 
84.400000 8.2867704406537546e-01 
84.600000 8.2867861487127303e-01 
84.800000 8.2868011361838412e-01 
85.000000 8.2868154342832057e-01 
85.200000 8.2868290729541838e-01 
85.400000 8.2868420809156851e-01 
85.600000 8.2868544857089443e-01 
85.800000 8.2868663137424614e-01 
86.000000 8.2868775903355896e-01 
86.200000 8.2868883397603832e-01 
86.400000 8.2868985852820709e-01 
86.600000 8.2869083491980833e-01 
86.800000 8.2869176528757738e-01 
87.000000 8.2869265167884942e-01 
87.200000 8.2869349605508802e-01 
87.400000 8.2869430029522317e-01 
87.600000 8.2869506619893407e-01 
87.800000 8.2869579548975758e-01 
88.000000 8.2869648981812061e-01 
88.200000 8.2869715076423978e-01 
88.400000 8.2869777984092408e-01 
88.600000 8.2869837849627515e-01 
88.800000 8.2869894811627987e-01 
89.000000 8.2869949002731835e-01 
89.200000 8.2870000549856360e-01 
89.400000 8.2870049574430327e-01 
89.600000 8.2870096192616838e-01 
89.800000 8.2870140515528479e-01 
90.000000 8.2870182649432744e-01 
90.200000 8.2870222695951956e-01 
90.400000 8.2870260752253222e-01 
90.600000 8.2870296911232988e-01 
90.800000 8.2870331261693309e-01 
91.000000 8.2870363888512288e-01 
91.200000 8.2870394872806274e-01 
91.400000 8.2870424292088141e-01 
91.600000 8.2870452220417135e-01 
91.800000 8.2870478728545027e-01 
92.000000 8.2870503884053770e-01 
92.200000 8.2870527751491230e-01 
92.400000 8.2870550392497877e-01 
92.600000 8.2870571865931386e-01 
92.800000 8.2870592227985218e-01 
93.000000 8.2870611532301308e-01 
93.200000 8.2870629830080544e-01 
93.400000 8.2870647170187395e-01 
93.600000 8.2870663599249550e-01 
93.800000 8.2870679161756433e-01 
94.000000 8.2870693900149561e-01 
94.200000 8.2870707854913295e-01 
94.400000 8.2870721064659392e-01 
94.600000 8.2870733566208843e-01 
94.800000 8.2870745394670109e-01 
95.000000 8.2870756583514460e-01 
95.200000 8.2870767164648185e-01 
95.400000 8.2870777168482224e-01 
95.600000 8.2870786623997394e-01 
95.800000 8.2870795558808008e-01 
96.000000 8.2870803999223352e-01 
96.200000 8.2870811970305780e-01 
96.400000 8.2870819495926329e-01 
96.600000 8.2870826598817704e-01 
96.800000 8.2870833300626856e-01 
97.000000 8.2870839621962533e-01 
97.200000 8.2870845582443686e-01 
97.400000 8.2870851200742446e-01 
97.600000 8.2870856494629319e-01 
97.800000 8.2870861481013369e-01 
98.000000 8.2870866175980784e-01 
98.200000 8.2870870594834278e-01 
98.400000 8.2870874752127821e-01 
98.600000 8.2870878661701874e-01 
98.800000 8.2870882336716345e-01 
99.000000 8.2870885789680870e-01 
99.200000 8.2870889032487682e-01 
99.400000 8.2870892076437730e-01 
99.600000 8.2870894932269668e-01 
99.800000 8.2870897610186167e-01 
100.000000 8.2870900119878388e-01 
100.200000 8.2870902470550989e-01 
100.400000 8.2870904670944689e-01 
100.600000 8.2870906729358029e-01 
100.800000 8.2870908653668607e-01 
101.000000 8.2870910451353219e-01 
101.200000 8.2870912129507412e-01 
101.400000 8.2870913694861936e-01 
101.600000 8.2870915153802904e-01 
101.800000 8.2870916512386283e-01 
102.000000 8.2870917776354913e-01 
102.200000 8.2870918951153683e-01 
102.400000 8.2870920041942742e-01 
102.600000 8.2870921053613167e-01 
102.800000 8.2870921990799262e-01 
103.000000 8.2870922857890217e-01 
103.200000 8.2870923659044438e-01 
103.400000 8.2870924398198387e-01 
103.600000 8.2870925079079383e-01 
103.800000 8.2870925705214848e-01 
104.000000 8.2870926279943014e-01 
104.200000 8.2870926806421974e-01 
104.400000 8.2870927287638674e-01 
104.600000 8.2870927726417343e-01 
104.800000 8.2870928125428522e-01 
105.000000 8.2870928487195328e-01 
105.200000 8.2870928814102707e-01 
105.400000 8.2870929108402946e-01 
105.600000 8.2870929372222890e-01 
105.800000 8.2870929607570976e-01 
106.000000 8.2870929816342775e-01 
106.200000 8.2870930000326304e-01 
106.400000 8.2870930161208578e-01 
106.600000 8.2870930300580048e-01 
106.800000 8.2870930419940048e-01 
107.000000 8.2870930520701680e-01 
107.200000 8.2870930604195936e-01 
107.400000 8.2870930671675525e-01 
107.600000 8.2870930724320790e-01 
107.800000 8.2870930763241346e-01 
108.000000 8.2870930789481401e-01 
108.200000 8.2870930804022558e-01 
108.400000 8.2870930807787047e-01 
108.600000 8.2870930801641884e-01 
108.800000 8.2870930786400077e-01 
109.000000 8.2870930762825246e-01 
109.200000 8.2870930731633841e-01 
109.400000 8.2870930693497202e-01 
109.600000 8.2870930649044361e-01 
109.800000 8.2870930598864523e-01 
110.000000 8.2870930543508903e-01 
110.200000 8.2870930483493366e-01 
110.400000 8.2870930419299549e-01 
110.600000 8.2870930351378225e-01 
110.800000 8.2870930280149269e-01 
111.000000 8.2870930206004589e-01 
111.200000 8.2870930129309506e-01 
111.400000 8.2870930050403935e-01 
111.600000 8.2870929969604357e-01 
111.800000 8.2870929887204903e-01 
112.000000 8.2870929803477944e-01 
112.200000 8.2870929718677355e-01 
112.400000 8.2870929633036805e-01 
112.600000 8.2870929546773897e-01 
112.800000 8.2870929460088683e-01 
113.000000 8.2870929373166247e-01 
113.200000 8.2870929286176609e-01 
113.400000 8.2870929199276788e-01 
113.600000 8.2870929112610403e-01 
113.800000 8.2870929026309081e-01 
114.000000 8.2870928940493493e-01 
114.200000 8.2870928855273052e-01 
114.400000 8.2870928770748009e-01 
114.600000 8.2870928687008594e-01 
114.800000 8.2870928604136829e-01 
115.000000 8.2870928522206400e-01 
115.200000 8.2870928441283576e-01 
115.400000 8.2870928361427043e-01 
115.600000 8.2870928282689471e-01 
115.800000 8.2870928205116801e-01 
116.000000 8.2870928128749388e-01 
116.200000 8.2870928053622706e-01 
116.400000 8.2870927979766296e-01 
116.600000 8.2870927907205694e-01 
116.800000 8.2870927835962260e-01 
117.000000 8.2870927766052860e-01 
117.200000 8.2870927697491070e-01 
117.400000 8.2870927630286495e-01 
117.600000 8.2870927564446439e-01 
117.800000 8.2870927499974645e-01 
118.000000 8.2870927436872188e-01 
118.200000 8.2870927375137959e-01 
118.400000 8.2870927314767961e-01 
118.600000 8.2870927255757665e-01 
118.800000 8.2870927198098310e-01 
119.000000 8.2870927141781614e-01 
119.200000 8.2870927086795843e-01 
119.400000 8.2870927033129671e-01 
119.600000 8.2870926980768911e-01 
119.800000 8.2870926929699329e-01 
120.000000 8.2870926879904716e-01 
120.200000 8.2870926831368497e-01 
120.400000 8.2870926784073262e-01 
120.600000 8.2870926738000716e-01 
120.800000 8.2870926693132119e-01 
121.000000 8.2870926649447685e-01 
121.200000 8.2870926606927808e-01 
121.400000 8.2870926565552161e-01 
121.600000 8.2870926525299704e-01 
121.800000 8.2870926486149732e-01 
122.000000 8.2870926448081528e-01 
122.200000 8.2870926411072854e-01 
122.400000 8.2870926375103227e-01 
122.600000 8.2870926340150475e-01 
122.800000 8.2870926306193415e-01 
123.000000 8.2870926273210455e-01 
123.200000 8.2870926241180320e-01 
123.400000 8.2870926210081497e-01 
123.600000 8.2870926179892734e-01 
123.800000 8.2870926150593138e-01 
124.000000 8.2870926122161448e-01 
124.200000 8.2870926094577302e-01 
124.400000 8.2870926067819584e-01 
124.600000 8.2870926041868997e-01 
124.800000 8.2870926016704416e-01 
125.000000 8.2870925992306677e-01 
125.200000 8.2870925968655984e-01 
125.400000 8.2870925945733431e-01 
125.600000 8.2870925923519656e-01 
125.800000 8.2870925901996373e-01 
126.000000 8.2870925881145152e-01 
126.200000 8.2870925860947775e-01 
126.400000 8.2870925841386955e-01 
126.600000 8.2870925822444985e-01 
126.800000 8.2870925804105133e-01 
127.000000 8.2870925786350325e-01 
127.200000 8.2870925769164661e-01 
127.400000 8.2870925752531699e-01 
127.600000 8.2870925736436030e-01 
127.800000 8.2870925720862443e-01 
128.000000 8.2870925705795617e-01 
128.200000 8.2870925691220909e-01 
128.400000 8.2870925677124085e-01 
128.600000 8.2870925663491202e-01 
128.800000 8.2870925650308325e-01 
129.000000 8.2870925637562287e-01 
129.200000 8.2870925625240177e-01 
129.400000 8.2870925613329105e-01 
129.600000 8.2870925601816581e-01 
129.800000 8.2870925590690714e-01 
130.000000 8.2870925579939703e-01 
130.200000 8.2870925569551979e-01 
130.400000 8.2870925559516362e-01 
130.600000 8.2870925549821972e-01 
130.800000 8.2870925540458151e-01 
131.000000 8.2870925531414719e-01 
131.200000 8.2870925522681549e-01 
131.400000 8.2870925514248894e-01 
131.600000 8.2870925506107085e-01 
131.800000 8.2870925498247205e-01 
132.000000 8.2870925490660119e-01 
132.200000 8.2870925483336944e-01 
132.400000 8.2870925476269452e-01 
132.600000 8.2870925469449297e-01 
132.800000 8.2870925462868206e-01 
133.000000 8.2870925456519040e-01 
133.200000 8.2870925450393462e-01 
133.400000 8.2870925444484722e-01 
133.600000 8.2870925438785548e-01 
133.800000 8.2870925433289022e-01 
134.000000 8.2870925427988329e-01 
134.200000 8.2870925422877162e-01 
134.400000 8.2870925417949137e-01 
134.600000 8.2870925413198115e-01 
134.800000 8.2870925408618057e-01 
135.000000 8.2870925404203599e-01 
135.200000 8.2870925399948769e-01 
135.400000 8.2870925395848427e-01 
135.600000 8.2870925391896888e-01 
135.800000 8.2870925388089989e-01 
136.000000 8.2870925384422089e-01 
136.200000 8.2870925380888338e-01 
136.400000 8.2870925377484583e-01 
136.600000 8.2870925374206261e-01 
136.800000 8.2870925371048965e-01 
137.000000 8.2870925368008386e-01 
137.200000 8.2870925365080839e-01 
137.400000 8.2870925362262104e-01 
137.600000 8.2870925359548542e-01 
137.800000 8.2870925356936609e-01 
138.000000 8.2870925354422376e-01 
138.200000 8.2870925352002578e-01 
138.400000 8.2870925349674018e-01 
138.600000 8.2870925347433610e-01 
138.800000 8.2870925345277913e-01 
139.000000 8.2870925343204205e-01 
139.200000 8.2870925341209489e-01 
139.400000 8.2870925339290791e-01 
139.600000 8.2870925337445733e-01 
139.800000 8.2870925335671530e-01 
140.000000 8.2870925333965884e-01 
140.200000 8.2870925332325851e-01 
140.400000 8.2870925330749556e-01 
140.600000 8.2870925329234368e-01 
140.800000 8.2870925327778533e-01 
141.000000 8.2870925326379574e-01 
141.200000 8.2870925325035605e-01 
141.400000 8.2870925323744715e-01 
141.600000 8.2870925322504574e-01 
141.800000 8.2870925321314015e-01 
142.000000 8.2870925320170885e-01 
142.200000 8.2870925319073296e-01 
142.400000 8.2870925318020028e-01 
142.600000 8.2870925317009159e-01 
142.800000 8.2870925316039479e-01 
143.000000 8.2870925315109145e-01 
143.200000 8.2870925314216981e-01 
143.400000 8.2870925313361621e-01 
143.600000 8.2870925312541865e-01 
143.800000 8.2870925311756005e-01 
144.000000 8.2870925311003274e-01 
144.200000 8.2870925310282262e-01 
144.400000 8.2870925309592003e-01 
144.600000 8.2870925308931198e-01 
144.800000 8.2870925308298971e-01 
145.000000 8.2870925307694276e-01 
145.200000 8.2870925307116294e-01 
145.400000 8.2870925306563969e-01 
145.600000 8.2870925306036280e-01 
145.800000 8.2870925305532739e-01 
146.000000 8.2870925305052179e-01 
146.200000 8.2870925304594079e-01 
146.400000 8.2870925304157417e-01 
146.600000 8.2870925303741561e-01 
146.800000 8.2870925303345888e-01 
147.000000 8.2870925302969500e-01 
147.200000 8.2870925302611997e-01 
147.400000 8.2870925302273180e-01 
147.600000 8.2870925301952492e-01 
147.800000 8.2870925301649012e-01 
148.000000 8.2870925301362486e-01 
148.200000 8.2870925301092269e-01 
148.400000 8.2870925300837772e-01 
148.600000 8.2870925300598552e-01 
148.800000 8.2870925300373688e-01 
149.000000 8.2870925300162912e-01 
149.200000 8.2870925299965692e-01 
149.400000 8.2870925299781373e-01 
149.600000 8.2870925299609810e-01 
149.800000 8.2870925299449860e-01 
