0.000000 4.6611059615337602e-03 
0.200000 4.6612618846071270e-03 
0.400000 4.6619160058921109e-03 
0.600000 4.6634075446298044e-03 
0.800000 4.6660390921390467e-03 
1.000000 4.6700774500502296e-03 
1.200000 4.6757534964294691e-03 
1.400000 4.6832709388524574e-03 
1.600000 4.6928096776611078e-03 
1.800000 4.7045408904729542e-03 
2.000000 4.7186230046953048e-03 
2.200000 4.7352003909817662e-03 
2.400000 4.7544084110957624e-03 
2.600000 4.7763761354023123e-03 
2.800000 4.8012269912405319e-03 
3.000000 4.8290789611198023e-03 
3.200000 4.8600473294175099e-03 
3.400000 4.8942530399691733e-03 
3.600000 4.9318115642703591e-03 
3.800000 4.9728360339481633e-03 
4.000000 5.0174403118176426e-03 
4.200000 5.0657404028706561e-03 
4.400000 5.1178565899052614e-03 
4.600000 5.1739136905413433e-03 
4.800000 5.2340414831245734e-03 
5.000000 5.2983760977571058e-03 
5.200000 5.3670606667460038e-03 
5.400000 5.4402464269772592e-03 
5.600000 5.5180926893924932e-03 
5.800000 5.6007680269226211e-03 
6.000000 5.6884507543439782e-03 
6.200000 5.7813301361262356e-03 
6.400000 5.8796065521831871e-03 
6.600000 5.9834921890660371e-03 
6.800000 6.0932122242215690e-03 
7.000000 6.2090056808140606e-03 
7.200000 6.3311266361347337e-03 
7.400000 6.4598449876392110e-03 
7.600000 6.5954476951773965e-03 
7.800000 6.7382398885042849e-03 
8.000000 6.8885461585452981e-03 
8.200000 7.0467116773958944e-03 
8.400000 7.2131036362618100e-03 
8.600000 7.3881126437113894e-03 
8.800000 7.5721543243136725e-03 
9.000000 7.7656708863267010e-03 
9.200000 7.9691328316373895e-03 
9.400000 8.1830408726512819e-03 
9.600000 8.4079279063033006e-03 
9.800000 8.6443611664429078e-03 
10.000000 8.8929444262135730e-03 
10.200000 9.1543204381281575e-03 
10.400000 9.4291735083780713e-03 
10.600000 9.7182322750132277e-03 
10.800000 1.0022272624917698e-02 
11.000000 1.0342120804601238e-02 
11.200000 1.0678656738905393e-02 
11.400000 1.1032817564943410e-02 
11.600000 1.1405601357598357e-02 
11.800000 1.1798071087128817e-02 
12.000000 1.2211358826325030e-02 
12.200000 1.2646670193023518e-02 
12.400000 1.3105289053099094e-02 
12.600000 1.3588582469373956e-02 
12.800000 1.4098005930937416e-02 
13.000000 1.4635108846212809e-02 
13.200000 1.5201540313817822e-02 
13.400000 1.5799055156057951e-02 
13.600000 1.6429520220264084e-02 
13.800000 1.7094920942623895e-02 
14.000000 1.7797368153369696e-02 
14.200000 1.8539105113175778e-02 
14.400000 1.9322514747902465e-02 
14.600000 2.0150127061621365e-02 
14.800000 2.1024626681219117e-02 
15.000000 2.1948860488246066e-02 
15.200000 2.2925845274636768e-02 
15.400000 2.3958775356584090e-02 
15.600000 2.5051030057816542e-02 
15.800000 2.6206180965023224e-02 
16.000000 2.7427998836797758e-02 
16.200000 2.8720460033340566e-02 
16.400000 3.0087752313844369e-02 
16.600000 3.1534279825302325e-02 
16.800000 3.3064667087830471e-02 
17.000000 3.4683761755752905e-02 
17.200000 3.6396635913771326e-02 
17.400000 3.8208585641587162e-02 
17.600000 4.0125128559806288e-02 
17.800000 4.2151999047799427e-02 
18.000000 4.4295140806771577e-02 
18.200000 4.6560696426235615e-02 
18.400000 4.8954993601863846e-02 
18.600000 5.1484527648853431e-02 
18.800000 5.4155939959643622e-02 
19.000000 5.6975992068505933e-02 
19.200000 5.9951535010010007e-02 
19.400000 6.3089473696965437e-02 
19.600000 6.6396726095372657e-02 
19.800000 6.9880177042959735e-02 
20.000000 7.3546626642796292e-02 
20.200000 7.7402733266904375e-02 
20.400000 8.1454951325357156e-02 
20.600000 8.5709464094294766e-02 
20.800000 9.0172112049570874e-02 
21.000000 9.4848317318869835e-02 
21.200000 9.9743005041180985e-02 
21.400000 1.0486052260302975e-01 
21.600000 1.1020455790100998e-01 
21.800000 1.1577805795232456e-01 
22.000000 1.2158314933247889e-01 
22.200000 1.2762106205291693e-01 
22.400000 1.3389205859321698e-01 
22.600000 1.4039536986351811e-01 
22.800000 1.4712913988519996e-01 
23.000000 1.5409038093466687e-01 
23.200000 1.6127494079110041e-01 
23.400000 1.6867748356139853e-01 
23.600000 1.7629148532405703e-01 
23.800000 1.8410924554180272e-01 
24.000000 1.9212191484679864e-01 
24.200000 2.0031953941243949e-01 
24.400000 2.0869112170534518e-01 
24.600000 2.1722469697601299e-01 
24.800000 2.2590742441456618e-01 
25.000000 2.3472569148749045e-01 
25.200000 2.4366522960056120e-01 
25.400000 2.5271123891881281e-01 
25.600000 2.6184851993055364e-01 
25.800000 2.7106160917944061e-01 
26.000000 2.8033491651270137e-01 
26.200000 2.8965286120642514e-01 
26.400000 2.9900000442738150e-01 
26.600000 3.0836117566806936e-01 
26.800000 3.1772159103679642e-01 
27.000000 3.2706696158424997e-01 
27.200000 3.3638359018696168e-01 
27.400000 3.4565845587064714e-01 
27.600000 3.5487928482679959e-01 
27.800000 3.6403460773984558e-01 
28.000000 3.7311380338678185e-01 
28.200000 3.8210712878604675e-01 
28.400000 3.9100573644940084e-01 
28.600000 3.9980167952435752e-01 
28.800000 4.0848790580223299e-01 
29.000000 4.1705824170739703e-01 
29.200000 4.2550736747813800e-01 
29.400000 4.3383078480147053e-01 
29.600000 4.4202477817729813e-01 
29.800000 4.5008637126655099e-01 
30.000000 4.5801327942863673e-01 
30.200000 4.6580385958134307e-01 
30.400000 4.7345705842687619e-01 
30.600000 4.8097235998600696e-01 
30.800000 4.8834973327333864e-01 
31.000000 4.9558958083452431e-01 
31.200000 5.0269268875450002e-01 
31.400000 5.0966017863742741e-01 
31.600000 5.1649346195621137e-01 
31.800000 5.2319419707403658e-01 
32.000000 5.2976424915338427e-01 
32.200000 5.3620565309022550e-01 
32.400000 5.4252057954273070e-01 
32.600000 5.4871130406500779e-01 
32.800000 5.5478017930667933e-01 
33.000000 5.6072961019806045e-01 
33.200000 5.6656203200775013e-01 
33.400000 5.7227989113393563e-01 
33.600000 5.7788562847163072e-01 
33.800000 5.8338166518498991e-01 
34.000000 5.8877039070571524e-01 
34.200000 5.9405415277481266e-01 
34.400000 5.9923524934476824e-01 
34.600000 6.0431592216203289e-01 
34.800000 6.0929835185491765e-01 
35.000000 6.1418465435900627e-01 
35.200000 6.1897687852070737e-01 
35.400000 6.2367700472898324e-01 
35.600000 6.2828694443542077e-01 
35.800000 6.3280854043336210e-01 
36.000000 6.3724356777734081e-01 
36.200000 6.4159373523475816e-01 
36.400000 6.4586068717198353e-01 
36.600000 6.5004600578710292e-01 
36.800000 6.5415121361113981e-01 
37.000000 6.5817777620846629e-01 
37.200000 6.6212710501582106e-01 
37.400000 6.6600056026703336e-01 
37.600000 6.6979945395789098e-01 
37.800000 6.7352505281239461e-01 
38.000000 6.7717858121744923e-01 
38.200000 6.8076122409876993e-01 
38.400000 6.8427412971558177e-01 
38.600000 6.8771841235611175e-01 
38.800000 6.9109515491979989e-01 
39.000000 6.9440541137553680e-01 
39.200000 6.9765020908831710e-01 
39.400000 7.0083055100918012e-01 
39.600000 7.0394741772569935e-01 
39.800000 7.0700176937206527e-01 
40.000000 7.0999454739949086e-01 
40.200000 7.1292667620902339e-01 
40.400000 7.1579906464990561e-01 
40.600000 7.1861260738758570e-01 
40.800000 7.2136818614616660e-01 
41.000000 7.2406667083063248e-01 
41.200000 7.2670892053462588e-01 
41.400000 7.2929578443980581e-01 
41.600000 7.3182810261302900e-01 
41.800000 7.3430670670766363e-01 
42.000000 7.3673242057537425e-01 
42.200000 7.3910606079467911e-01 
42.400000 7.4142843712242434e-01 
42.600000 7.4370035287424674e-01 
42.800000 7.4592260523985365e-01 
43.000000 7.4809598553878132e-01 
43.200000 7.5022127942200179e-01 
43.400000 7.5229926702457472e-01 
43.600000 7.5433072307423366e-01 
43.800000 7.5631641696052898e-01 
44.000000 7.5825711276889085e-01 
44.200000 7.6015356928373301e-01 
44.400000 7.6200653996437984e-01 
44.600000 7.6381677289743510e-01 
44.800000 7.6558501072885521e-01 
45.000000 7.6731199057880028e-01 
45.200000 7.6899844394210404e-01 
45.400000 7.7064509657692193e-01 
45.600000 7.7225266838392836e-01 
45.800000 7.7382187327826180e-01 
46.000000 7.7535341905610677e-01 
46.200000 7.7684800725777048e-01 
46.400000 7.7830633302876617e-01 
46.600000 7.7972908498039462e-01 
46.800000 7.8111694505106766e-01 
47.000000 7.8247058836951833e-01 
47.200000 7.8379068312086186e-01 
47.400000 7.8507789041643028e-01 
47.600000 7.8633286416806847e-01 
47.800000 7.8755625096760051e-01 
48.000000 7.8874868997197112e-01 
48.200000 7.8991081279454212e-01 
48.400000 7.9104324340291476e-01 
48.600000 7.9214659802357335e-01 
48.800000 7.9322148505360546e-01 
49.000000 7.9426850497962687e-01 
49.200000 7.9528825030409545e-01 
49.400000 7.9628130547900322e-01 
49.600000 7.9724824684702245e-01 
49.800000 7.9818964259006830e-01 
50.000000 7.9910605268522661e-01 
50.200000 7.9999802886796190e-01 
50.400000 8.0086611460249246e-01 
50.600000 8.0171084505919676e-01 
50.800000 8.0253274709889677e-01 
51.000000 8.0333233926386038e-01 
51.200000 8.0411013177529223e-01 
51.400000 8.0486662653716290e-01 
51.600000 8.0560231714613817e-01 
51.800000 8.0631768890739408e-01 
52.000000 8.0701321885609756e-01 
52.200000 8.0768937578432798e-01 
52.400000 8.0834662027319781e-01 
52.600000 8.0898540472996583e-01 
52.800000 8.0960617342985375e-01 
53.000000 8.1020936256241760e-01 
53.200000 8.1079540028216990e-01 
53.400000 8.1136470676326411e-01 
53.600000 8.1191769425800120e-01 
53.800000 8.1245476715895448e-01 
54.000000 8.1297632206446180e-01 
54.200000 8.1348274784733476e-01 
54.400000 8.1397442572649159e-01 
54.600000 8.1445172934141918e-01 
54.800000 8.1491502482915656e-01 
55.000000 8.1536467090370257e-01 
55.200000 8.1580101893760981e-01 
55.400000 8.1622441304561744e-01 
55.600000 8.1663519017011887e-01 
55.800000 8.1703368016833855e-01 
56.000000 8.1742020590103615e-01 
56.200000 8.1779508332257944e-01 
56.400000 8.1815862157225583e-01 
56.600000 8.1851112306667739e-01 
56.800000 8.1885288359312891e-01 
57.000000 8.1918419240377016e-01 
57.200000 8.1950533231050093e-01 
57.400000 8.1981657978045741e-01 
57.600000 8.2011820503194144e-01 
57.800000 8.2041047213075469e-01 
58.000000 8.2069363908676762e-01 
58.200000 8.2096795795067101e-01 
58.400000 8.2123367491081312e-01 
58.600000 8.2149103039000448e-01 
58.800000 8.2174025914224547e-01 
59.000000 8.2198159034928076e-01 
59.200000 8.2221524771691412e-01 
59.400000 8.2244144957098098e-01 
59.600000 8.2266040895298842e-01 
59.800000 8.2287233371526580e-01 
60.000000 8.2307742661563410e-01 
60.200000 8.2327588541152508e-01 
60.400000 8.2346790295348316e-01 
60.600000 8.2365366727800804e-01 
60.800000 8.2383336169970556e-01 
61.000000 8.2400716490269088e-01 
61.200000 8.2417525103120870e-01 
61.400000 8.2433778977941730e-01 
61.600000 8.2449494648036237e-01 
61.800000 8.2464688219400895e-01 
62.000000 8.2479375379439890e-01 
62.200000 8.2493571405586108e-01 
62.400000 8.2507291173823005e-01 
62.600000 8.2520549167111301e-01 
62.800000 8.2533359483711566e-01 
63.000000 8.2545735845405743e-01 
63.200000 8.2557691605613825e-01 
63.400000 8.2569239757403745e-01 
63.600000 8.2580392941395853e-01 
63.800000 8.2591163453556149e-01 
64.000000 8.2601563252881172e-01 
64.200000 8.2611603968973879e-01 
64.400000 8.2621296909506214e-01 
64.600000 8.2630653067569282e-01 
64.800000 8.2639683128914709e-01 
65.000000 8.2648397479078983e-01 
65.200000 8.2656806210396938e-01 
65.400000 8.2664919128903136e-01 
65.600000 8.2672745761116162e-01 
65.800000 8.2680295360714418e-01 
66.000000 8.2687576915095296e-01 
66.200000 8.2694599151822590e-01 
66.400000 8.2701370544961839e-01 
66.600000 8.2707899321302358e-01 
66.800000 8.2714193466468455e-01 
67.000000 8.2720260730918838e-01 
67.200000 8.2726108635835049e-01 
67.400000 8.2731744478900460e-01 
67.600000 8.2737175339969538e-01 
67.800000 8.2742408086628105e-01 
68.000000 8.2747449379647087e-01 
68.200000 8.2752305678327387e-01 
68.400000 8.2756983245740534e-01 
68.600000 8.2761488153862595e-01 
68.800000 8.2765826288605115e-01 
69.000000 8.2770003354743082e-01 
69.200000 8.2774024880739405e-01 
69.400000 8.2777896223468916e-01 
69.600000 8.2781622572844415e-01 
69.800000 8.2785208956341605e-01 
70.000000 8.2788660243426460e-01 
70.200000 8.2791981149888505e-01 
70.400000 8.2795176242076618e-01 
70.600000 8.2798249941042357e-01 
70.800000 8.2801206526589277e-01 
71.000000 8.2804050141232322e-01 
71.200000 8.2806784794066557e-01 
71.400000 8.2809414364546152e-01 
71.600000 8.2811942606177202e-01 
71.800000 8.2814373150123721e-01 
72.000000 8.2816709508728270e-01 
72.200000 8.2818955078949796e-01 
72.400000 8.2821113145719172e-01 
72.600000 8.2823186885213795e-01 
72.800000 8.2825179368050927e-01 
73.000000 8.2827093562405540e-01 
73.200000 8.2828932337050132e-01 
73.400000 8.2830698464318131e-01 
73.600000 8.2832394622993799e-01 
73.800000 8.2834023401129653e-01 
74.000000 8.2835587298791458e-01 
74.200000 8.2837088730733643e-01 
74.400000 8.2838530029004831e-01 
74.600000 8.2839913445487656e-01 
74.800000 8.2841241154369472e-01 
75.000000 8.2842515254550853e-01 
75.200000 8.2843737771988468e-01 
75.400000 8.2844910661975968e-01 
75.600000 8.2846035811363805e-01 
75.800000 8.2847115040719121e-01 
76.000000 8.2848150106427521e-01 
76.200000 8.2849142702735501e-01 
76.400000 8.2850094463738222e-01 
76.600000 8.2851006965312479e-01 
76.800000 8.2851881726995402e-01 
77.000000 8.2852720213807984e-01 
77.200000 8.2853523838032861e-01 
77.400000 8.2854293960934622e-01 
77.600000 8.2855031894438280e-01 
77.800000 8.2855738902752607e-01 
78.000000 8.2856416203952443e-01 
78.200000 8.2857064971509975e-01 
78.400000 8.2857686335785619e-01 
78.600000 8.2858281385473875e-01 
78.800000 8.2858851169002989e-01 
79.000000 8.2859396695898535e-01 
79.200000 8.2859918938102550e-01 
79.400000 8.2860418831254079e-01 
79.600000 8.2860897275931877e-01 
79.800000 8.2861355138857284e-01 
80.000000 8.2861793254062965e-01 
80.200000 8.2862212424024495e-01 
80.400000 8.2862613420755915e-01 
80.600000 8.2862996986873860e-01 
80.800000 8.2863363836626858e-01 
81.000000 8.2863714656892340e-01 
81.200000 8.2864050108142795e-01 
81.400000 8.2864370825381817e-01 
81.600000 8.2864677419049182e-01 
81.800000 8.2864970475898148e-01 
82.000000 8.2865250559843462e-01 
82.200000 8.2865518212784017e-01 
82.400000 8.2865773955395783e-01 
82.600000 8.2866018287902066e-01 
82.800000 8.2866251690816017e-01 
83.000000 8.2866474625661335e-01 
83.200000 8.2866687535665950e-01 
83.400000 8.2866890846436392e-01 
83.600000 8.2867084966605564e-01 
83.800000 8.2867270288463390e-01 
84.000000 8.2867447188562193e-01 
84.200000 8.2867616028303315e-01 
84.400000 8.2867777154505307e-01 
84.600000 8.2867930899950337e-01 
84.800000 8.2868077583912425e-01 
85.000000 8.2868217512669107e-01 
85.200000 8.2868350979993088e-01 
85.400000 8.2868478267629109e-01 
85.600000 8.2868599645752872e-01 
85.800000 8.2868715373413648e-01 
86.000000 8.2868825698962723e-01 
86.200000 8.2868930860465462e-01 
86.400000 8.2869031086099354e-01 
86.600000 8.2869126594538023e-01 
86.800000 8.2869217595321565e-01 
87.000000 8.2869304289212231e-01 
87.200000 8.2869386868539963e-01 
87.400000 8.2869465517533036e-01 
87.600000 8.2869540412637699e-01 
87.800000 8.2869611722827330e-01 
88.000000 8.2869679609896496e-01 
88.200000 8.2869744228750242e-01 
88.400000 8.2869805727676304e-01 
88.600000 8.2869864248612335e-01 
88.800000 8.2869919927399516e-01 
89.000000 8.2869972894030164e-01 
89.200000 8.2870023272882609e-01 
89.400000 8.2870071182950267e-01 
89.600000 8.2870116738059696e-01 
89.800000 8.2870160047082320e-01 
90.000000 8.2870201214136718e-01 
90.200000 8.2870240338784118e-01 
90.400000 8.2870277516216040e-01 
90.600000 8.2870312837434712e-01 
90.800000 8.2870346389426597e-01 
91.000000 8.2870378255329269e-01 
91.200000 8.2870408514592253e-01 
91.400000 8.2870437243130435e-01 
91.600000 8.2870464513472286e-01 
91.800000 8.2870490394903251e-01 
92.000000 8.2870514953601293e-01 
92.200000 8.2870538252768555e-01 
92.400000 8.2870560352758327e-01 
92.600000 8.2870581311194746e-01 
92.800000 8.2870601183091164e-01 
93.000000 8.2870620020959518e-01 
93.200000 8.2870637874919362e-01 
93.400000 8.2870654792799936e-01 
93.600000 8.2870670820239523e-01 
93.800000 8.2870686000779603e-01 
94.000000 8.2870700375955664e-01 
94.200000 8.2870713985385713e-01 
94.400000 8.2870726866852118e-01 
94.600000 8.2870739056383269e-01 
94.800000 8.2870750588330100e-01 
95.000000 8.2870761495439527e-01 
95.200000 8.2870771808925381e-01 
95.400000 8.2870781558536200e-01 
95.600000 8.2870790772620440e-01 
95.800000 8.2870799478188684e-01 
96.000000 8.2870807700972138e-01 
96.200000 8.2870815465482273e-01 
96.400000 8.2870822795062826e-01 
96.600000 8.2870829711943916e-01 
96.800000 8.2870836237291789e-01 
97.000000 8.2870842391256427e-01 
97.200000 8.2870848193018798e-01 
97.400000 8.2870853660833632e-01 
97.600000 8.2870858812072257e-01 
97.800000 8.2870863663262595e-01 
98.000000 8.2870868230128492e-01 
98.200000 8.2870872527625294e-01 
98.400000 8.2870876569977003e-01 
98.600000 8.2870880370708555e-01 
98.800000 8.2870883942678997e-01 
99.000000 8.2870887298111928e-01 
99.200000 8.2870890448625634e-01 
99.400000 8.2870893405260504e-01 
99.600000 8.2870896178507292e-01 
99.800000 8.2870898778331248e-01 
100.000000 8.2870901214198500e-01 
100.200000 8.2870903495098647e-01 
100.400000 8.2870905629567670e-01 
100.600000 8.2870907625709067e-01 
100.800000 8.2870909491214817e-01 
101.000000 8.2870911233384836e-01 
101.200000 8.2870912859145862e-01 
101.400000 8.2870914375069116e-01 
101.600000 8.2870915787387245e-01 
101.800000 8.2870917102011754e-01 
102.000000 8.2870918324546783e-01 
102.200000 8.2870919460305448e-01 
102.400000 8.2870920514323798e-01 
102.600000 8.2870921491373062e-01 
102.800000 8.2870922395974667e-01 
103.000000 8.2870923232410232e-01 
103.200000 8.2870924004735791e-01 
103.400000 8.2870924716790384e-01 
103.600000 8.2870925372209270e-01 
103.800000 8.2870925974431886e-01 
104.000000 8.2870926526712696e-01 
104.200000 8.2870927032130581e-01 
104.400000 8.2870927493597446e-01 
104.600000 8.2870927913865877e-01 
104.800000 8.2870928295538049e-01 
105.000000 8.2870928641073638e-01 
105.200000 8.2870928952794964e-01 
105.400000 8.2870929232897106e-01 
105.600000 8.2870929483451961e-01 
105.800000 8.2870929706414731e-01 
106.000000 8.2870929903631996e-01 
106.200000 8.2870930076844718e-01 
106.400000 8.2870930227694717e-01 
106.600000 8.2870930357730799e-01 
106.800000 8.2870930468412196e-01 
107.000000 8.2870930561113376e-01 
107.200000 8.2870930637129625e-01 
107.400000 8.2870930697679834e-01 
107.600000 8.2870930743911631e-01 
107.800000 8.2870930776903928e-01 
108.000000 8.2870930797672160e-01 
108.200000 8.2870930807170562e-01 
108.400000 8.2870930806295418e-01 
108.600000 8.2870930795888742e-01 
108.800000 8.2870930776740959e-01 
109.000000 8.2870930749593386e-01 
109.200000 8.2870930715141755e-01 
109.400000 8.2870930674037480e-01 
109.600000 8.2870930626891315e-01 
109.800000 8.2870930574275026e-01 
110.000000 8.2870930516723074e-01 
110.200000 8.2870930454735847e-01 
110.400000 8.2870930388779973e-01 
110.600000 8.2870930319292380e-01 
110.800000 8.2870930246679930e-01 
111.000000 8.2870930171321888e-01 
111.200000 8.2870930093572326e-01 
111.400000 8.2870930013759758e-01 
111.600000 8.2870929932190274e-01 
111.800000 8.2870929849148189e-01 
112.000000 8.2870929764897161e-01 
112.200000 8.2870929679681671e-01 
112.400000 8.2870929593728038e-01 
112.600000 8.2870929507245261e-01 
112.800000 8.2870929420426931e-01 
113.000000 8.2870929333451004e-01 
113.200000 8.2870929246481395e-01 
113.400000 8.2870929159668749e-01 
113.600000 8.2870929073151345e-01 
113.800000 8.2870928987055592e-01 
114.000000 8.2870928901496954e-01 
114.200000 8.2870928816580558e-01 
114.400000 8.2870928732401916e-01 
114.600000 8.2870928649047571e-01 
114.800000 8.2870928566595703e-01 
115.000000 8.2870928485116391e-01 
115.200000 8.2870928404672495e-01 
115.400000 8.2870928325319604e-01 
115.600000 8.2870928247107478e-01 
115.800000 8.2870928170079838e-01 
116.000000 8.2870928094273943e-01 
116.200000 8.2870928019723333e-01 
116.400000 8.2870927946455064e-01 
116.600000 8.2870927874493105e-01 
116.800000 8.2870927803856298e-01 
117.000000 8.2870927734560318e-01 
117.200000 8.2870927666616756e-01 
117.400000 8.2870927600034361e-01 
117.600000 8.2870927534818406e-01 
117.800000 8.2870927470971578e-01 
118.000000 8.2870927408493955e-01 
118.200000 8.2870927347383205e-01 
118.400000 8.2870927287634732e-01 
118.600000 8.2870927229242197e-01 
118.800000 8.2870927172196951e-01 
119.000000 8.2870927116489568e-01 
119.200000 8.2870927062108046e-01 
119.400000 8.2870927009039685e-01 
119.600000 8.2870926957270330e-01 
119.800000 8.2870926906784981e-01 
120.000000 8.2870926857567040e-01 
120.200000 8.2870926809600043e-01 
120.400000 8.2870926762865649e-01 
120.600000 8.2870926717345283e-01 
120.800000 8.2870926673020051e-01 
121.000000 8.2870926629870045e-01 
121.200000 8.2870926587875415e-01 
121.400000 8.2870926547015256e-01 
121.600000 8.2870926507269160e-01 
121.800000 8.2870926468615946e-01 
122.000000 8.2870926431034442e-01 
122.200000 8.2870926394503197e-01 
122.400000 8.2870926359000763e-01 
122.600000 8.2870926324505600e-01 
122.800000 8.2870926290996372e-01 
123.000000 8.2870926258451416e-01 
123.200000 8.2870926226849240e-01 
123.400000 8.2870926196169004e-01 
123.600000 8.2870926166389203e-01 
123.800000 8.2870926137488676e-01 
124.000000 8.2870926109446919e-01 
124.200000 8.2870926082242857e-01 
124.400000 8.2870926055856564e-01 
124.600000 8.2870926030267622e-01 
124.800000 8.2870926005455892e-01 
125.000000 8.2870925981402055e-01 
125.200000 8.2870925958086494e-01 
125.400000 8.2870925935490170e-01 
125.600000 8.2870925913594295e-01 
125.800000 8.2870925892380276e-01 
126.000000 8.2870925871830270e-01 
126.200000 8.2870925851926047e-01 
126.400000 8.2870925832650144e-01 
126.600000 8.2870925813985574e-01 
126.800000 8.2870925795915062e-01 
127.000000 8.2870925778422422e-01 
127.200000 8.2870925761491221e-01 
127.400000 8.2870925745106061e-01 
127.600000 8.2870925729250844e-01 
127.800000 8.2870925713910670e-01 
128.000000 8.2870925699070619e-01 
128.200000 8.2870925684716179e-01 
128.400000 8.2870925670833218e-01 
128.600000 8.2870925657407646e-01 
128.800000 8.2870925644426041e-01 
129.000000 8.2870925631875503e-01 
129.200000 8.2870925619742986e-01 
129.400000 8.2870925608015600e-01 
129.600000 8.2870925596681388e-01 
129.800000 8.2870925585728383e-01 
130.000000 8.2870925575144749e-01 
130.200000 8.2870925564919218e-01 
130.400000 8.2870925555041230e-01 
130.600000 8.2870925545499052e-01 
130.800000 8.2870925536283147e-01 
131.000000 8.2870925527382822e-01 
131.200000 8.2870925518788252e-01 
131.400000 8.2870925510489835e-01 
131.600000 8.2870925502477955e-01 
131.800000 8.2870925494743819e-01 
132.000000 8.2870925487278624e-01 
132.200000 8.2870925480073332e-01 
132.400000 8.2870925473119850e-01 
132.600000 8.2870925466410217e-01 
132.800000 8.2870925459936040e-01 
133.000000 8.2870925453690047e-01 
133.200000 8.2870925447664623e-01 
133.400000 8.2870925441852561e-01 
133.600000 8.2870925436246901e-01 
133.800000 8.2870925430840559e-01 
134.000000 8.2870925425627473e-01 
134.200000 8.2870925420600849e-01 
134.400000 8.2870925415754471e-01 
134.600000 8.2870925411082441e-01 
134.800000 8.2870925406578810e-01 
135.000000 8.2870925402238083e-01 
135.200000 8.2870925398054451e-01 
135.400000 8.2870925394022854e-01 
135.600000 8.2870925390138350e-01 
135.800000 8.2870925386395422e-01 
136.000000 8.2870925382789273e-01 
136.200000 8.2870925379315596e-01 
136.400000 8.2870925375969962e-01 
136.600000 8.2870925372747328e-01 
136.800000 8.2870925369643944e-01 
137.000000 8.2870925366655790e-01 
137.200000 8.2870925363778392e-01 
137.400000 8.2870925361008285e-01 
137.600000 8.2870925358341452e-01 
137.800000 8.2870925355774649e-01 
138.000000 8.2870925353304126e-01 
138.200000 8.2870925350926383e-01 
138.400000 8.2870925348638713e-01 
138.600000 8.2870925346437163e-01 
138.800000 8.2870925344319546e-01 
139.000000 8.2870925342282242e-01 
139.200000 8.2870925340322621e-01 
139.400000 8.2870925338438106e-01 
139.600000 8.2870925336625656e-01 
139.800000 8.2870925334883094e-01 
140.000000 8.2870925333207568e-01 
140.200000 8.2870925331597145e-01 
140.400000 8.2870925330049205e-01 
140.600000 8.2870925328561373e-01 
140.800000 8.2870925327131850e-01 
141.000000 8.2870925325758216e-01 
141.200000 8.2870925324438649e-01 
141.400000 8.2870925323171440e-01 
141.600000 8.2870925321954103e-01 
141.800000 8.2870925320785382e-01 
142.000000 8.2870925319663213e-01 
142.200000 8.2870925318586175e-01 
142.400000 8.2870925317552502e-01 
142.600000 8.2870925316560606e-01 
142.800000 8.2870925315609045e-01 
143.000000 8.2870925314696453e-01 
143.200000 8.2870925313821386e-01 
143.400000 8.2870925312982369e-01 
143.600000 8.2870925312178167e-01 
143.800000 8.2870925311407795e-01 
144.000000 8.2870925310669530e-01 
144.200000 8.2870925309962762e-01 
144.400000 8.2870925309285981e-01 
144.600000 8.2870925308638554e-01 
144.800000 8.2870925308019017e-01 
145.000000 8.2870925307426635e-01 
145.200000 8.2870925306860277e-01 
145.400000 8.2870925306319521e-01 
145.600000 8.2870925305802912e-01 
145.800000 8.2870925305309973e-01 
146.000000 8.2870925304839904e-01 
146.200000 8.2870925304391574e-01 
146.400000 8.2870925303964516e-01 
146.600000 8.2870925303557852e-01 
146.800000 8.2870925303171061e-01 
147.000000 8.2870925302803489e-01 
147.200000 8.2870925302454568e-01 
147.400000 8.2870925302124021e-01 
147.600000 8.2870925301811282e-01 
147.800000 8.2870925301515674e-01 
148.000000 8.2870925301236786e-01 
148.200000 8.2870925300973719e-01 
148.400000 8.2870925300726139e-01 
148.600000 8.2870925300493703e-01 
148.800000 8.2870925300275300e-01 
149.000000 8.2870925300070730e-01 
149.200000 8.2870925299879450e-01 
149.400000 8.2870925299701037e-01 
149.600000 8.2870925299534848e-01 
149.800000 8.2870925299380449e-01 
