0.000000 4.6599277442124724e-03 
0.200000 4.6600248864245896e-03 
0.400000 4.6605040245178879e-03 
0.600000 4.6617180822585685e-03 
0.800000 4.6639778807205162e-03 
1.000000 4.6675607603322185e-03 
1.200000 4.6727113491114363e-03 
1.400000 4.6796414424249751e-03 
1.600000 4.6885380194655532e-03 
1.800000 4.6995747031151882e-03 
2.000000 4.7129141261054754e-03 
2.200000 4.7287039876106112e-03 
2.400000 4.7470820782147989e-03 
2.600000 4.7681785215560584e-03 
2.800000 4.7921182886610930e-03 
3.000000 4.8190218378241830e-03 
3.200000 4.8490051620253515e-03 
3.400000 4.8821867799960315e-03 
3.600000 4.9186851634822693e-03 
3.800000 4.9586133897263412e-03 
4.000000 5.0020845987599812e-03 
4.200000 5.0492142427134221e-03 
4.400000 5.1001206813058603e-03 
4.600000 5.1549272089672273e-03 
4.800000 5.2137622534545831e-03 
5.000000 5.2767598810846087e-03 
5.200000 5.3440607125109481e-03 
5.400000 5.4158133815393047e-03 
5.600000 5.4921747327988397e-03 
5.800000 5.5733103058933538e-03 
6.000000 5.6593953583655024e-03 
6.200000 5.7506155260215863e-03 
6.400000 5.8471676740291609e-03 
6.600000 5.9492600978505233e-03 
6.800000 6.0571137654067738e-03 
7.000000 6.1709631514941000e-03 
7.200000 6.2910574782834607e-03 
7.400000 6.4176615742359642e-03 
7.600000 6.5510568683546022e-03 
7.800000 6.6915426329684979e-03 
8.000000 6.8394371102842725e-03 
8.200000 6.9950788721260667e-03 
8.400000 7.1588279875409982e-03 
8.600000 7.3310675164186684e-03 
8.800000 7.5122049620049338e-03 
9.000000 7.7026739400349615e-03 
9.200000 7.9029358259366505e-03 
9.400000 8.1134815618412043e-03 
9.600000 8.3348336259239653e-03 
9.800000 8.5675481518505472e-03 
10.000000 8.8122171064020007e-03 
10.200000 9.0694706332366450e-03 
10.400000 9.3399796053842809e-03 
10.600000 9.6244583180588733e-03 
10.800000 9.9236673804440848e-03 
11.000000 1.0238416748964880e-02 
11.200000 1.0569568993626030e-02 
11.400000 1.0918042746375652e-02 
11.600000 1.1284816380116941e-02 
11.800000 1.1670931889781246e-02 
12.000000 1.2077499010661340e-02 
12.200000 1.2505699592532818e-02 
12.400000 1.2956792212517464e-02 
12.600000 1.3432117056849923e-02 
12.800000 1.3933101050861815e-02 
13.000000 1.4461263273332661e-02 
13.200000 1.5018220636034516e-02 
13.400000 1.5605693838160616e-02 
13.600000 1.6225513580891346e-02 
13.800000 1.6879627050912900e-02 
14.000000 1.7570104650067135e-02 
14.200000 1.8299146962007840e-02 
14.400000 1.9069091926940507e-02 
14.600000 1.9882422200811638e-02 
14.800000 2.0741772664293119e-02 
15.000000 2.1649938031721827e-02 
15.200000 2.2609880508191068e-02 
15.400000 2.3624737423478741e-02 
15.600000 2.4697828767311133e-02 
15.800000 2.5832664527928928e-02 
16.000000 2.7032951725014839e-02 
16.200000 2.8302601006510216e-02 
16.400000 2.9645732663170183e-02 
16.600000 3.1066681893315750e-02 
16.800000 3.2570003128195649e-02 
17.000000 3.4160473205096228e-02 
17.200000 3.5843093153979058e-02 
17.400000 3.7623088339808319e-02 
17.600000 3.9505906678774107e-02 
17.800000 4.1497214626831182e-02 
18.000000 4.3602890618144652e-02 
18.200000 4.5829015616669737e-02 
18.400000 4.8181860430789106e-02 
18.600000 5.0667869436202377e-02 
18.800000 5.3293640353038144e-02 
19.000000 5.6065899734298701e-02 
19.200000 5.8991473843902950e-02 
19.400000 6.2077254635829159e-02 
19.600000 6.5330160594220490e-02 
19.800000 6.8757092256981497e-02 
20.000000 7.2364882326049193e-02 
20.200000 7.6160240364359783e-02 
20.400000 8.0149692195272446e-02 
20.600000 8.4339514252331091e-02 
20.800000 8.8735663276148957e-02 
21.000000 9.3343701917628974e-02 
21.200000 9.8168720979943502e-02 
21.400000 1.0321525921144638e-01 
21.600000 1.0848722174257552e-01 
21.800000 1.1398779843538780e-01 
22.000000 1.1971938357714018e-01 
22.200000 1.2568349849161128e-01 
22.400000 1.3188071875451329e-01 
22.600000 1.3831060777425408e-01 
22.800000 1.4497165852786370e-01 
23.000000 1.5186124521688951e-01 
23.200000 1.5897558652372798e-01 
23.400000 1.6630972200146604e-01 
23.600000 1.7385750291884808e-01 
23.800000 1.8161159860857168e-01 
24.000000 1.8956351903727836e-01 
24.200000 1.9770365393835973e-01 
24.400000 2.0602132843634000e-01 
24.600000 2.1450487465929541e-01 
24.800000 2.2314171840076444e-01 
25.000000 2.3191847947328761e-01 
25.200000 2.4082108401053079e-01 
25.400000 2.4983488664119563e-01 
25.600000 2.5894480019045585e-01 
25.800000 2.6813543037529614e-01 
26.000000 2.7739121285629420e-01 
26.200000 2.8669654999330385e-01 
26.400000 2.9603594472456490e-01 
26.600000 3.0539412914212044e-01 
26.800000 3.1475618556147950e-01 
27.000000 3.2410765816739218e-01 
27.200000 3.3343465364590280e-01 
27.400000 3.4272392956959802e-01 
27.600000 3.5196296967255503e-01 
27.800000 3.6114004551891055e-01 
28.000000 3.7024426442091274e-01 
28.200000 3.7926560378753837e-01 
28.400000 3.8819493237440927e-01 
28.600000 3.9702401915361335e-01 
28.800000 4.0574553072428682e-01 
29.000000 4.1435301834019983e-01 
29.200000 4.2284089573950756e-01 
29.400000 4.3120440902699342e-01 
29.600000 4.3943959988389192e-01 
29.800000 4.4754326336979794e-01 
30.000000 4.5551290154020196e-01 
30.200000 4.6334667403771146e-01 
30.400000 4.7104334673034870e-01 
30.600000 4.7860223937201485e-01 
30.800000 4.8602317315299876e-01 
31.000000 4.9330641889688615e-01 
31.200000 5.0045264654795985e-01 
31.400000 5.0746287648345645e-01 
31.600000 5.1433843308029636e-01 
31.800000 5.2108090086796133e-01 
32.000000 5.2769208350949959e-01 
32.200000 5.3417396577185350e-01 
32.400000 5.4052867857543196e-01 
32.600000 5.4675846715103493e-01 
32.800000 5.5286566227959189e-01 
33.000000 5.5885265454665312e-01 
33.200000 5.6472187150795161e-01 
33.400000 5.7047575763466840e-01 
33.600000 5.7611675688599095e-01 
33.800000 5.8164729774171497e-01 
34.000000 5.8706978051785885e-01 
34.200000 5.9238656678348012e-01 
34.400000 5.9759997069534199e-01 
34.600000 6.0271225206926249e-01 
34.800000 6.0772561101130484e-01 
35.000000 6.1264218393860237e-01 
35.200000 6.1746404082760531e-01 
35.400000 6.2219318353671715e-01 
35.600000 6.2683154506028971e-01 
35.800000 6.3138098958130184e-01 
36.000000 6.3584331320066845e-01 
36.200000 6.4022024523173915e-01 
36.400000 6.4451344995901938e-01 
36.600000 6.4872452877016018e-01 
36.800000 6.5285502258008488e-01 
37.000000 6.5690641447524767e-01 
37.200000 6.6088013251473610e-01 
37.400000 6.6477755263294236e-01 
37.600000 6.6860000159604915e-01 
37.800000 6.7234875997142285e-01 
38.000000 6.7602506507522930e-01 
38.200000 6.7963011386933292e-01 
38.400000 6.8316506578352909e-01 
38.600000 6.8663104544383846e-01 
38.800000 6.9002914529156423e-01 
39.000000 6.9336042808142029e-01 
39.200000 6.9662592925015965e-01 
39.400000 6.9982665914988595e-01 
39.600000 7.0296360514253864e-01 
39.800000 7.0603773355408961e-01 
40.000000 7.0904999148869585e-01 
40.200000 7.1200130850445431e-01 
40.400000 7.1489259815362272e-01 
40.600000 7.1772475939109937e-01 
40.800000 7.2049867785579713e-01 
41.000000 7.2321522703002472e-01 
41.200000 7.2587526928258861e-01 
41.400000 7.2847965680154791e-01 
41.600000 7.3102923242280105e-01 
41.800000 7.3352483036082639e-01 
42.000000 7.3596727684788987e-01 
42.200000 7.3835739068804929e-01 
42.400000 7.4069598373216006e-01 
42.600000 7.4298386127996818e-01 
42.800000 7.4522182241521151e-01 
43.000000 7.4741066027942649e-01 
43.200000 7.4955116228996554e-01 
43.400000 7.5164411030742095e-01 
43.600000 7.5369028075749378e-01 
43.800000 7.5569044471197178e-01 
44.000000 7.5764536793330328e-01 
44.200000 7.5955581088694302e-01 
44.400000 7.6142252872533778e-01 
44.600000 7.6324627124726252e-01 
44.800000 7.6502778283586370e-01 
45.000000 7.6676780237851816e-01 
45.200000 7.6846706317147773e-01 
45.400000 7.7012629281187372e-01 
45.600000 7.7174621307957869e-01 
45.800000 7.7332753981112656e-01 
46.000000 7.7487098276772048e-01 
46.200000 7.7637724549913700e-01 
46.400000 7.7784702520521898e-01 
46.600000 7.7928101259639460e-01 
46.800000 7.8067989175456654e-01 
47.000000 7.8204433999554324e-01 
47.200000 7.8337502773405054e-01 
47.400000 7.8467261835221103e-01 
47.600000 7.8593776807231774e-01 
47.800000 7.8717112583453397e-01 
48.000000 7.8837333318014247e-01 
48.200000 7.8954502414081484e-01 
48.400000 7.9068682513427013e-01 
48.600000 7.9179935486670772e-01 
48.800000 7.9288322424222335e-01 
49.000000 7.9393903627941287e-01 
49.200000 7.9496738603528438e-01 
49.400000 7.9596886053660065e-01 
49.600000 7.9694403871862973e-01 
49.800000 7.9789349137134424e-01 
50.000000 7.9881778109299040e-01 
50.200000 7.9971746225098583e-01 
50.400000 8.0059308095001536e-01 
50.600000 8.0144517500721268e-01 
50.800000 8.0227427393427164e-01 
51.000000 8.0308089892630663e-01 
51.200000 8.0386556285731225e-01 
51.400000 8.0462877028198398e-01 
51.600000 8.0537101744373474e-01 
51.800000 8.0609279228865405e-01 
52.000000 8.0679457448520575e-01 
52.200000 8.0747683544944870e-01 
52.400000 8.0814003837552839e-01 
52.600000 8.0878463827121416e-01 
52.800000 8.0941108199826428e-01 
53.000000 8.1001980831735998e-01 
53.200000 8.1061124793740147e-01 
53.400000 8.1118582356893632e-01 
53.600000 8.1174394998146582e-01 
53.800000 8.1228603406444300e-01 
54.000000 8.1281247489172781e-01 
54.200000 8.1332366378929954e-01 
54.400000 8.1381998440596959e-01 
54.600000 8.1430181278697966e-01 
54.800000 8.1476951745020409e-01 
55.000000 8.1522345946481123e-01 
55.200000 8.1566399253218047e-01 
55.400000 8.1609146306890690e-01 
55.600000 8.1650621029172210e-01 
55.800000 8.1690856630412423e-01 
56.000000 8.1729885618464060e-01 
56.200000 8.1767739807646644e-01 
56.400000 8.1804450327841305e-01 
56.600000 8.1840047633697566e-01 
56.800000 8.1874561513941013e-01 
57.000000 8.1908021100766648e-01 
57.200000 8.1940454879307079e-01 
57.400000 8.1971890697163252e-01 
57.600000 8.2002355773985536e-01 
57.800000 8.2031876711095242e-01 
58.000000 8.2060479501135408e-01 
58.200000 8.2088189537743084e-01 
58.400000 8.2115031625228840e-01 
58.600000 8.2141029988261793e-01 
58.800000 8.2166208281545672e-01 
59.000000 8.2190589599480268e-01 
59.200000 8.2214196485802238e-01 
59.400000 8.2237050943194268e-01 
59.600000 8.2259174442860306e-01 
59.800000 8.2280587934056992e-01 
60.000000 8.2301311853578352e-01 
60.200000 8.2321366135184038e-01 
60.400000 8.2340770218971504e-01 
60.600000 8.2359543060681717e-01 
60.800000 8.2377703140936087e-01 
61.000000 8.2395268474402561e-01 
61.200000 8.2412256618883017e-01 
61.400000 8.2428684684318276e-01 
61.600000 8.2444569341712337e-01 
61.800000 8.2459926831965946e-01 
62.000000 8.2474772974621202e-01 
62.200000 8.2489123176513079e-01 
62.400000 8.2502992440322243e-01 
62.600000 8.2516395373034190e-01 
62.800000 8.2529346194294584e-01 
63.000000 8.2541858744662733e-01 
63.200000 8.2553946493763553e-01 
63.400000 8.2565622548330497e-01 
63.600000 8.2576899660144132e-01 
63.800000 8.2587790233860947e-01 
64.000000 8.2598306334734550e-01 
64.200000 8.2608459696224057e-01 
64.400000 8.2618261727494580e-01 
64.600000 8.2627723520803331e-01 
64.800000 8.2636855858774583e-01 
65.000000 8.2645669221563056e-01 
65.200000 8.2654173793902552e-01 
65.400000 8.2662379472041136e-01 
65.600000 8.2670295870565802e-01 
65.800000 8.2677932329110781e-01 
66.000000 8.2685297918955070e-01 
66.200000 8.2692401449504616e-01 
66.400000 8.2699251474664115e-01 
66.600000 8.2705856299095326e-01 
66.800000 8.2712223984362154e-01 
67.000000 8.2718362354967501e-01 
67.200000 8.2724279004275858e-01 
67.400000 8.2729981300327426e-01 
67.600000 8.2735476391543006e-01 
67.800000 8.2740771212317354e-01 
68.000000 8.2745872488508398e-01 
68.200000 8.2750786742815985e-01 
68.400000 8.2755520300055141e-01 
68.600000 8.2760079292325761e-01 
68.800000 8.2764469664073437e-01 
69.000000 8.2768697177053108e-01 
69.200000 8.2772767415183945e-01 
69.400000 8.2776685789306881e-01 
69.600000 8.2780457541841113e-01 
69.800000 8.2784087751340796e-01 
70.000000 8.2787581336954130e-01 
70.200000 8.2790943062786004e-01 
70.400000 8.2794177542164593e-01 
70.600000 8.2797289241813699e-01 
70.800000 8.2800282485933796e-01 
71.000000 8.2803161460187391e-01 
71.200000 8.2805930215597445e-01 
71.400000 8.2808592672355241e-01 
71.600000 8.2811152623540463e-01 
71.800000 8.2813613738754033e-01 
72.000000 8.2815979567665921e-01 
72.200000 8.2818253543480080e-01 
72.400000 8.2820438986314449e-01 
72.600000 8.2822539106502446e-01 
72.800000 8.2824557007811483e-01 
73.000000 8.2826495690585633e-01 
73.200000 8.2828358054808304e-01 
73.400000 8.2830146903090807e-01 
73.600000 8.2831864943586331e-01 
73.800000 8.2833514792828811e-01 
74.000000 8.2835098978501576e-01 
74.200000 8.2836619942134859e-01 
74.400000 8.2838080041732942e-01 
74.600000 8.2839481554334637e-01 
74.800000 8.2840826678507185e-01 
75.000000 8.2842117536772242e-01 
75.200000 8.2843356177971350e-01 
75.400000 8.2844544579564927e-01 
75.600000 8.2845684649872897e-01 
75.800000 8.2846778230252616e-01 
76.000000 8.2847827097218463e-01 
76.200000 8.2848832964503405e-01 
76.400000 8.2849797485065413e-01 
76.600000 8.2850722253035558e-01 
76.800000 8.2851608805614629e-01 
77.000000 8.2852458624915037e-01 
77.200000 8.2853273139751082e-01 
77.400000 8.2854053727379617e-01 
77.600000 8.2854801715189852e-01 
77.800000 8.2855518382344984e-01 
78.000000 8.2856204961377145e-01 
78.200000 8.2856862639734830e-01 
78.400000 8.2857492561287138e-01 
78.600000 8.2858095827782408e-01 
78.800000 8.2858673500263402e-01 
79.000000 8.2859226600442359e-01 
79.200000 8.2859756112033978e-01 
79.400000 8.2860262982047328e-01 
79.600000 8.2860748122041483e-01 
79.800000 8.2861212409340923e-01 
80.000000 8.2861656688214547e-01 
80.200000 8.2862081771018248e-01 
80.400000 8.2862488439303661e-01 
80.600000 8.2862877444890959e-01 
80.800000 8.2863249510908632e-01 
81.000000 8.2863605332801982e-01 
81.200000 8.2863945579307974e-01 
81.400000 8.2864270893401415e-01 
81.600000 8.2864581893209777e-01 
81.800000 8.2864879172897665e-01 
82.000000 8.2865163303526557e-01 
82.200000 8.2865434833883567e-01 
82.400000 8.2865694291284664e-01 
82.600000 8.2865942182350460e-01 
82.800000 8.2866178993760786e-01 
83.000000 8.2866405192978410e-01 
83.200000 8.2866621228954040e-01 
83.400000 8.2866827532804599e-01 
83.600000 8.2867024518471610e-01 
83.800000 8.2867212583354755e-01 
84.000000 8.2867392108927440e-01 
84.200000 8.2867563461328086e-01 
84.400000 8.2867726991934532e-01 
84.600000 8.2867883037916290e-01 
84.800000 8.2868031922770180e-01 
85.000000 8.2868173956835511e-01 
85.200000 8.2868309437793886e-01 
85.400000 8.2868438651148746e-01 
85.600000 8.2868561870691160e-01 
85.800000 8.2868679358947139e-01 
86.000000 8.2868791367610450e-01 
86.200000 8.2868898137960356e-01 
86.400000 8.2868999901263440e-01 
86.600000 8.2869096879162008e-01 
86.800000 8.2869189284049294e-01 
87.000000 8.2869277319429413e-01 
87.200000 8.2869361180265622e-01 
87.400000 8.2869441053316484e-01 
87.600000 8.2869517117458646e-01 
87.800000 8.2869589543998501e-01 
88.000000 8.2869658496972720e-01 
88.200000 8.2869724133437117e-01 
88.400000 8.2869786603745299e-01 
88.600000 8.2869846051817275e-01 
88.800000 8.2869902615397451e-01 
89.000000 8.2869956426303448e-01 
89.200000 8.2870007610665997e-01 
89.400000 8.2870056289159044e-01 
89.600000 8.2870102577221549e-01 
89.800000 8.2870146585271298e-01 
90.000000 8.2870188418909918e-01 
90.200000 8.2870228179120509e-01 
90.400000 8.2870265962457801e-01 
90.600000 8.2870301861231077e-01 
90.800000 8.2870335963679498e-01 
91.000000 8.2870368354141388e-01 
91.200000 8.2870399113216175e-01 
91.400000 8.2870428317921374e-01 
91.600000 8.2870456041841500e-01 
91.800000 8.2870482355273722e-01 
92.000000 8.2870507325364440e-01 
92.200000 8.2870531016243942e-01 
92.400000 8.2870553489153731e-01 
92.600000 8.2870574802568808e-01 
92.800000 8.2870595012316706e-01 
93.000000 8.2870614171688251e-01 
93.200000 8.2870632331549787e-01 
93.400000 8.2870649540443664e-01 
93.600000 8.2870665844691394e-01 
93.800000 8.2870681288487602e-01 
94.000000 8.2870695913993353e-01 
94.200000 8.2870709761423678e-01 
94.400000 8.2870722869133284e-01 
94.600000 8.2870735273696894e-01 
94.800000 8.2870747009987988e-01 
95.000000 8.2870758111253151e-01 
95.200000 8.2870768609183787e-01 
95.400000 8.2870778533984979e-01 
95.600000 8.2870787914441491e-01 
95.800000 8.2870796777979983e-01 
96.000000 8.2870805150730753e-01 
96.200000 8.2870813057584658e-01 
96.400000 8.2870820522249133e-01 
96.600000 8.2870827567301242e-01 
96.800000 8.2870834214238043e-01 
97.000000 8.2870840483526320e-01 
97.200000 8.2870846394648878e-01 
97.400000 8.2870851966148151e-01 
97.600000 8.2870857215670990e-01 
97.800000 8.2870862160007763e-01 
98.000000 8.2870866815132127e-01 
98.200000 8.2870871196239093e-01 
98.400000 8.2870875317780401e-01 
98.600000 8.2870879193497837e-01 
98.800000 8.2870882836458193e-01 
99.000000 8.2870886259082455e-01 
99.200000 8.2870889473177467e-01 
99.400000 8.2870892489963555e-01 
99.600000 8.2870895320101878e-01 
99.800000 8.2870897973721547e-01 
100.000000 8.2870900460444130e-01 
100.200000 8.2870902789407175e-01 
100.400000 8.2870904969287740e-01 
100.600000 8.2870907008323724e-01 
100.800000 8.2870908914335417e-01 
101.000000 8.2870910694744548e-01 
101.200000 8.2870912356593374e-01 
101.400000 8.2870913906564170e-01 
101.600000 8.2870915350994834e-01 
101.800000 8.2870916695896590e-01 
102.000000 8.2870917946969147e-01 
102.200000 8.2870919109616226e-01 
102.400000 8.2870920188959807e-01 
102.600000 8.2870921189853164e-01 
102.800000 8.2870922116895696e-01 
103.000000 8.2870922974443906e-01 
103.200000 8.2870923766623183e-01 
103.400000 8.2870924497340348e-01 
103.600000 8.2870925170293841e-01 
103.800000 8.2870925788984029e-01 
104.000000 8.2870926356722963e-01 
104.200000 8.2870926876644313e-01 
104.400000 8.2870927351711021e-01 
104.600000 8.2870927784725679e-01 
104.800000 8.2870928178337555e-01 
105.000000 8.2870928535049693e-01 
105.200000 8.2870928857227588e-01 
105.400000 8.2870929147105710e-01 
105.600000 8.2870929406794269e-01 
105.800000 8.2870929638284896e-01 
106.000000 8.2870929843457619e-01 
106.200000 8.2870930024086054e-01 
106.400000 8.2870930181843194e-01 
106.600000 8.2870930318306568e-01 
106.800000 8.2870930434962986e-01 
107.000000 8.2870930533213472e-01 
107.200000 8.2870930614377825e-01 
107.400000 8.2870930679698618e-01 
107.600000 8.2870930730345482e-01 
107.800000 8.2870930767418860e-01 
108.000000 8.2870930791953890e-01 
108.200000 8.2870930804923415e-01 
108.400000 8.2870930807242127e-01 
108.600000 8.2870930799768638e-01 
108.800000 8.2870930783309416e-01 
109.000000 8.2870930758621253e-01 
109.200000 8.2870930726413450e-01 
109.400000 8.2870930687351840e-01 
109.600000 8.2870930642059604e-01 
109.800000 8.2870930591119762e-01 
110.000000 8.2870930535079435e-01 
110.200000 8.2870930474449056e-01 
110.400000 8.2870930409705823e-01 
110.600000 8.2870930341296067e-01 
110.800000 8.2870930269635523e-01 
111.000000 8.2870930195112391e-01 
111.200000 8.2870930118088315e-01 
111.400000 8.2870930038899726e-01 
111.600000 8.2870929957859962e-01 
111.800000 8.2870929875259780e-01 
112.000000 8.2870929791369319e-01 
112.200000 8.2870929706438967e-01 
112.400000 8.2870929620700529e-01 
112.600000 8.2870929534368920e-01 
112.800000 8.2870929447641839e-01 
113.000000 8.2870929360702417e-01 
113.200000 8.2870929273718918e-01 
113.400000 8.2870929186845987e-01 
113.600000 8.2870929100225699e-01 
113.800000 8.2870929013988281e-01 
114.000000 8.2870928928252630e-01 
114.200000 8.2870928843126734e-01 
114.400000 8.2870928758709406e-01 
114.600000 8.2870928675089828e-01 
114.800000 8.2870928592348847e-01 
115.000000 8.2870928510558994e-01 
115.200000 8.2870928429785118e-01 
115.400000 8.2870928350085560e-01 
115.600000 8.2870928271511590e-01 
115.800000 8.2870928194108839e-01 
116.000000 8.2870928117916376e-01 
116.200000 8.2870928042968972e-01 
116.400000 8.2870927969295938e-01 
116.600000 8.2870927896922042e-01 
116.800000 8.2870927825867480e-01 
117.000000 8.2870927756149393e-01 
117.200000 8.2870927687780238e-01 
117.400000 8.2870927620769741e-01 
117.600000 8.2870927555124130e-01 
117.800000 8.2870927490846980e-01 
118.000000 8.2870927427939323e-01 
118.200000 8.2870927366399472e-01 
118.400000 8.2870927306223519e-01 
118.600000 8.2870927247405690e-01 
118.800000 8.2870927189937793e-01 
119.000000 8.2870927133810934e-01 
119.200000 8.2870927079013812e-01 
119.400000 8.2870927025533803e-01 
119.600000 8.2870926973357695e-01 
119.800000 8.2870926922469867e-01 
120.000000 8.2870926872855433e-01 
120.200000 8.2870926824496793e-01 
120.400000 8.2870926777376386e-01 
120.600000 8.2870926731476113e-01 
120.800000 8.2870926686777024e-01 
121.000000 8.2870926643259302e-01 
121.200000 8.2870926600903094e-01 
121.400000 8.2870926559688263e-01 
121.600000 8.2870926519593913e-01 
121.800000 8.2870926480598817e-01 
122.000000 8.2870926442682269e-01 
122.200000 8.2870926405822865e-01 
122.400000 8.2870926369998743e-01 
122.600000 8.2870926335188855e-01 
122.800000 8.2870926301371517e-01 
123.000000 8.2870926268525302e-01 
123.200000 8.2870926236628695e-01 
123.400000 8.2870926205660445e-01 
123.600000 8.2870926175599402e-01 
123.800000 8.2870926146424062e-01 
124.000000 8.2870926118114074e-01 
124.200000 8.2870926090648600e-01 
124.400000 8.2870926064007111e-01 
124.600000 8.2870926038169013e-01 
124.800000 8.2870926013114610e-01 
125.000000 8.2870925988824151e-01 
125.200000 8.2870925965278119e-01 
125.400000 8.2870925942457252e-01 
125.600000 8.2870925920342975e-01 
125.800000 8.2870925898916281e-01 
126.000000 8.2870925878158874e-01 
126.200000 8.2870925858053157e-01 
126.400000 8.2870925838581178e-01 
126.600000 8.2870925819725838e-01 
126.800000 8.2870925801469952e-01 
127.000000 8.2870925783797023e-01 
127.200000 8.2870925766690828e-01 
127.400000 8.2870925750135227e-01 
127.600000 8.2870925734114853e-01 
127.800000 8.2870925718614041e-01 
128.000000 8.2870925703617926e-01 
128.200000 8.2870925689112196e-01 
128.400000 8.2870925675082019e-01 
128.600000 8.2870925661513950e-01 
128.800000 8.2870925648393812e-01 
129.000000 8.2870925635708936e-01 
129.200000 8.2870925623445990e-01 
129.400000 8.2870925611592383e-01 
129.600000 8.2870925600135448e-01 
129.800000 8.2870925589063660e-01 
130.000000 8.2870925578364762e-01 
130.200000 8.2870925568027876e-01 
130.400000 8.2870925558041386e-01 
130.600000 8.2870925548394547e-01 
130.800000 8.2870925539076790e-01 
131.000000 8.2870925530078210e-01 
131.200000 8.2870925521388505e-01 
131.400000 8.2870925512997473e-01 
131.600000 8.2870925504896475e-01 
131.800000 8.2870925497075965e-01 
132.000000 8.2870925489526925e-01 
132.200000 8.2870925482240454e-01 
132.400000 8.2870925475208890e-01 
132.600000 8.2870925468423007e-01 
132.800000 8.2870925461875389e-01 
133.000000 8.2870925455558375e-01 
133.200000 8.2870925449464217e-01 
133.400000 8.2870925443585608e-01 
133.600000 8.2870925437915754e-01 
133.800000 8.2870925432447373e-01 
134.000000 8.2870925427174114e-01 
134.200000 8.2870925422089370e-01 
134.400000 8.2870925417186814e-01 
134.600000 8.2870925412460628e-01 
134.800000 8.2870925407904572e-01 
135.000000 8.2870925403513052e-01 
135.200000 8.2870925399280415e-01 
135.400000 8.2870925395201578e-01 
135.600000 8.2870925391271055e-01 
135.800000 8.2870925387483896e-01 
136.000000 8.2870925383835370e-01 
136.200000 8.2870925380320859e-01 
136.400000 8.2870925376934990e-01 
136.600000 8.2870925373674142e-01 
136.800000 8.2870925370533821e-01 
137.000000 8.2870925367509518e-01 
137.200000 8.2870925364597570e-01 
137.400000 8.2870925361794134e-01 
137.600000 8.2870925359095204e-01 
137.800000 8.2870925356497327e-01 
138.000000 8.2870925353996727e-01 
138.200000 8.2870925351590230e-01 
138.400000 8.2870925349274538e-01 
138.600000 8.2870925347046254e-01 
138.800000 8.2870925344902324e-01 
139.000000 8.2870925342839996e-01 
139.200000 8.2870925340856350e-01 
139.400000 8.2870925338948509e-01 
139.600000 8.2870925337113621e-01 
139.800000 8.2870925335349155e-01 
140.000000 8.2870925333653089e-01 
140.200000 8.2870925332022316e-01 
140.400000 8.2870925330454848e-01 
140.600000 8.2870925328948464e-01 
140.800000 8.2870925327500522e-01 
141.000000 8.2870925326109690e-01 
141.200000 8.2870925324773403e-01 
141.400000 8.2870925323489808e-01 
141.600000 8.2870925322256928e-01 
141.800000 8.2870925321073063e-01 
142.000000 8.2870925319936461e-01 
142.200000 8.2870925318845423e-01 
142.400000 8.2870925317798338e-01 
142.600000 8.2870925316793542e-01 
142.800000 8.2870925315829347e-01 
143.000000 8.2870925314904675e-01 
143.200000 8.2870925314017907e-01 
143.400000 8.2870925313167643e-01 
143.600000 8.2870925312352772e-01 
143.800000 8.2870925311571775e-01 
144.000000 8.2870925310823573e-01 
144.200000 8.2870925310106980e-01 
144.400000 8.2870925309421062e-01 
144.600000 8.2870925308764365e-01 
144.800000 8.2870925308136045e-01 
145.000000 8.2870925307535481e-01 
145.200000 8.2870925306961096e-01 
145.400000 8.2870925306412302e-01 
145.600000 8.2870925305888288e-01 
145.800000 8.2870925305387988e-01 
146.000000 8.2870925304910714e-01 
146.200000 8.2870925304455656e-01 
146.400000 8.2870925304022047e-01 
146.600000 8.2870925303609155e-01 
146.800000 8.2870925303216258e-01 
147.000000 8.2870925302842646e-01 
147.200000 8.2870925302487963e-01 
147.400000 8.2870925302151743e-01 
147.600000 8.2870925301833420e-01 
147.800000 8.2870925301532428e-01 
148.000000 8.2870925301248233e-01 
148.200000 8.2870925300980425e-01 
148.400000 8.2870925300728093e-01 
148.600000 8.2870925300490972e-01 
148.800000 8.2870925300268239e-01 
149.000000 8.2870925300059395e-01 
149.200000 8.2870925299864118e-01 
149.400000 8.2870925299681775e-01 
149.600000 8.2870925299511689e-01 
149.800000 8.2870925299353648e-01 
