0.000000 4.1704236656999695e-03 
0.200000 4.1704250963853409e-03 
0.400000 4.1704172975743714e-03 
0.600000 4.1703877290717858e-03 
0.800000 4.1703254120935146e-03 
1.000000 4.1702203298772077e-03 
1.200000 4.1700639816050515e-03 
1.400000 4.1698488991153857e-03 
1.600000 4.1695685416594710e-03 
1.800000 4.1692178906767479e-03 
2.000000 4.1687932440921619e-03 
2.200000 4.1682916161603217e-03 
2.400000 4.1677106123630368e-03 
2.600000 4.1670483228068520e-03 
2.800000 4.1663031721683877e-03 
3.000000 4.1654741183980073e-03 
3.200000 4.1645657352159865e-03 
3.400000 4.1635795017520016e-03 
3.600000 4.1625148842724868e-03 
3.800000 4.1613704496324642e-03 
4.000000 4.1601443925148350e-03 
4.200000 4.1588350128695340e-03 
4.400000 4.1574408514141103e-03 
4.600000 4.1559606750972084e-03 
4.800000 4.1543933361551169e-03 
5.000000 4.1527379567340731e-03 
5.200000 4.1509940494255061e-03 
5.400000 4.1491613337568426e-03 
5.600000 4.1472397795391473e-03 
5.800000 4.1452294662919550e-03 
6.000000 4.1431305138979026e-03 
6.200000 4.1409431724804538e-03 
6.400000 4.1386676734919683e-03 
6.600000 4.1363042117727516e-03 
6.800000 4.1338529694563125e-03 
7.000000 4.1313141714041258e-03 
7.200000 4.1286880305367686e-03 
7.400000 4.1259747860846714e-03 
7.600000 4.1231746740198324e-03 
7.800000 4.1202879448889087e-03 
8.000000 4.1173149063558250e-03 
8.200000 4.1142558687411266e-03 
8.400000 4.1111111332246403e-03 
8.600000 4.1078809941677650e-03 
8.800000 4.1045657679532350e-03 
9.000000 4.1011657472288772e-03 
9.200000 4.0976811890735673e-03 
9.400000 4.0941123084272677e-03 
9.600000 4.0904592834565094e-03 
9.800000 4.0867222385020125e-03 
10.000000 4.0829012492372800e-03 
10.200000 4.0789963363757889e-03 
10.400000 4.0750074682270303e-03 
10.600000 4.0709345713578812e-03 
10.800000 4.0667775198798039e-03 
11.000000 4.0625361345331661e-03 
11.200000 4.0582101837597952e-03 
11.400000 4.0537993852419376e-03 
11.600000 4.0493033985538763e-03 
11.800000 4.0447218208413595e-03 
12.000000 4.0400541857518379e-03 
12.200000 4.0352999631496547e-03 
12.400000 4.0304585540451568e-03 
12.600000 4.0255292900305785e-03 
12.800000 4.0205114308881568e-03 
13.000000 4.0154041640827007e-03 
13.200000 4.0102066058941011e-03 
13.400000 4.0049177985620890e-03 
13.600000 3.9995367100075221e-03 
13.800000 3.9940622339608789e-03 
14.000000 3.9884931902350266e-03 
14.200000 3.9828283231924137e-03 
14.400000 3.9770663012039147e-03 
14.600000 3.9712057150755823e-03 
14.800000 3.9652450763299450e-03 
15.000000 3.9591828150011311e-03 
15.200000 3.9530172753983045e-03 
15.400000 3.9467467110775841e-03 
15.600000 3.9403692783222940e-03 
15.800000 3.9338830277467407e-03 
16.000000 3.9272858929725240e-03 
16.200000 3.9205756767083638e-03 
16.400000 3.9137500336994466e-03 
16.600000 3.9068064499910848e-03 
16.800000 3.8997422177279206e-03 
17.000000 3.8925544056579308e-03 
17.200000 3.8852398246217589e-03 
17.400000 3.8777949879829059e-03 
17.600000 3.8702160668688712e-03 
17.800000 3.8624988399021138e-03 
18.000000 3.8546386380104800e-03 
18.200000 3.8466302845904300e-03 
18.400000 3.8384680316977441e-03 
18.600000 3.8301454931085632e-03 
18.800000 3.8216555756895587e-03 
19.000000 3.8129904105694873e-03 
19.200000 3.8041412861320053e-03 
19.400000 3.7950985851336254e-03 
19.600000 3.7858517285164687e-03 
19.800000 3.7763891289612928e-03 
20.000000 3.7666981573753751e-03 
20.200000 3.7567651257384518e-03 
20.400000 3.7465752897590534e-03 
20.600000 3.7361128749298033e-03 
20.800000 3.7253611293358458e-03 
21.000000 3.7143024063254122e-03 
21.200000 3.7029182797004836e-03 
21.400000 3.6911896935445622e-03 
21.600000 3.6790971479948942e-03 
21.800000 3.6666209213860532e-03 
22.000000 3.6537413281254347e-03 
22.200000 3.6404390104648426e-03 
22.400000 3.6266952611119611e-03 
22.600000 3.6124923722921243e-03 
22.800000 3.5978140055764819e-03 
23.000000 3.5826455755481289e-03 
23.200000 3.5669746392763390e-03 
23.400000 3.5507912826288571e-03 
23.600000 3.5340884937658974e-03 
23.800000 3.5168625137663983e-03 
24.000000 3.4991131543001745e-03 
24.200000 3.4808440725702617e-03 
24.400000 3.4620629944606060e-03 
24.600000 3.4427818778998507e-03 
24.800000 3.4230170098716851e-03 
25.000000 3.4027890322310098e-03 
25.200000 3.3821228934298279e-03 
25.400000 3.3610477253594321e-03 
25.600000 3.3395966466728553e-03 
25.800000 3.3178064960788984e-03 
26.000000 3.2957175010905316e-03 
26.200000 3.2733728894947687e-03 
26.400000 3.2508184523078313e-03 
26.600000 3.2281020681355151e-03 
26.800000 3.2052731996433906e-03 
27.000000 3.1823823732321432e-03 
27.200000 3.1594806530216785e-03 
27.400000 3.1366191198933017e-03 
27.600000 3.1138483656653099e-03 
27.800000 3.0912180115287148e-03 
28.000000 3.0687762587095447e-03 
28.200000 3.0465694780119554e-03 
28.400000 3.0246418434953077e-03 
28.600000 3.0030350141060876e-03 
28.800000 2.9817878656769555e-03 
29.000000 2.9609362743640644e-03 
29.200000 2.9405129513596744e-03 
29.400000 2.9205473276157005e-03 
29.600000 2.9010654863668574e-03 
29.800000 2.8820901404578115e-03 
30.000000 2.8636406508629670e-03 
30.200000 2.8457330823353682e-03 
30.400000 2.8283802918247104e-03 
30.600000 2.8115920451513053e-03 
30.800000 2.7953751573964428e-03 
31.000000 2.7797336525541595e-03 
31.200000 2.7646689381645123e-03 
31.400000 2.7501799908975781e-03 
31.600000 2.7362635493616274e-03 
31.800000 2.7229143107515420e-03 
32.000000 2.7101251283210329e-03 
32.200000 2.6978872070391436e-03 
32.400000 2.6861902951684051e-03 
32.600000 2.6750228698688111e-03 
32.800000 2.6643723152812273e-03 
33.000000 2.6542250918706899e-03 
33.200000 2.6445668961095712e-03 
33.400000 2.6353828098520716e-03 
33.600000 2.6266574389914319e-03 
33.800000 2.6183750412016333e-03 
34.000000 2.6105196427457637e-03 
34.200000 2.6030751444846498e-03 
34.400000 2.5960254173454751e-03 
34.600000 2.5893543876099189e-03 
34.800000 2.5830461124610642e-03 
35.000000 2.5770848462865832e-03 
35.200000 2.5714550982778315e-03 
35.400000 2.5661416818913182e-03 
35.600000 2.5611297567527018e-03 
35.800000 2.5564048635874047e-03 
36.000000 2.5519529527561614e-03 
36.200000 2.5477604069615439e-03 
36.400000 2.5438140586736152e-03 
36.600000 2.5401012028001832e-03 
36.800000 2.5366096051019521e-03 
37.000000 2.5333275068249225e-03 
37.200000 2.5302436259934434e-03 
37.400000 2.5273471557771656e-03 
37.600000 2.5246277603154922e-03 
37.800000 2.5220755683528157e-03 
38.000000 2.5196811650091402e-03 
38.200000 2.5174355819818760e-03 
38.400000 2.5153302864479045e-03 
38.600000 2.5133571689085841e-03 
38.800000 2.5115085301962671e-03 
39.000000 2.5097770678374994e-03 
39.200000 2.5081558619463621e-03 
39.400000 2.5066383608017481e-03 
39.600000 2.5052183662433243e-03 
39.800000 2.5038900190036528e-03 
40.000000 2.5026477840789951e-03 
40.200000 2.5014864362258226e-03 
40.400000 2.5004010456579993e-03 
40.600000 2.4993869640071022e-03 
40.800000 2.4984398105982902e-03 
41.000000 2.4975554590839582e-03 
41.200000 2.4967300244696537e-03 
41.400000 2.4959598505584352e-03 
41.600000 2.4952414978338003e-03 
41.800000 2.4945717317951237e-03 
42.000000 2.4939475117544763e-03 
42.200000 2.4933659800993086e-03 
42.400000 2.4928244520217475e-03 
42.600000 2.4923204057116406e-03 
42.800000 2.4918514730081910e-03 
43.000000 2.4914154305021967e-03 
43.200000 2.4910101910794462e-03 
43.400000 2.4906337958938685e-03 
43.600000 2.4902844067579187e-03 
43.800000 2.4899602989368790e-03 
44.000000 2.4896598543326233e-03 
44.200000 2.4893815550422194e-03 
44.400000 2.4891239772763642e-03 
44.600000 2.4888857856220610e-03 
44.800000 2.4886657276346653e-03 
45.000000 2.4884626287436221e-03 
45.200000 2.4882753874572944e-03 
45.400000 2.4881029708515219e-03 
45.600000 2.4879444103280998e-03 
45.800000 2.4877987976284492e-03 
46.000000 2.4876652810892214e-03 
46.200000 2.4875430621264911e-03 
46.400000 2.4874313919358323e-03 
46.600000 2.4873295683959669e-03 
46.800000 2.4872369331644674e-03 
47.000000 2.4871528689540717e-03 
47.200000 2.4870767969791645e-03 
47.400000 2.4870081745621232e-03 
47.600000 2.4869464928898889e-03 
47.800000 2.4868912749116553e-03 
48.000000 2.4868420733689346e-03 
48.200000 2.4867984689498808e-03 
48.400000 2.4867600685600172e-03 
48.600000 2.4867265037021411e-03 
48.800000 2.4866974289584984e-03 
49.000000 2.4866725205686881e-03 
49.200000 2.4866514750973168e-03 
49.400000 2.4866340081854624e-03 
49.600000 2.4866198533809048e-03 
49.800000 2.4866087610416246e-03 
50.000000 2.4866004973083809e-03 
50.200000 2.4865948431412577e-03 
50.400000 2.4865915934167773e-03 
50.600000 2.4865905560810600e-03 
50.800000 2.4865915513557582e-03 
51.000000 2.4865944109932203e-03 
51.200000 2.4865989775777145e-03 
51.400000 2.4866051038698557e-03 
51.600000 2.4866126521911882e-03 
51.800000 2.4866214938466550e-03 
52.000000 2.4866315085823715e-03 
52.200000 2.4866425840763106e-03 
52.400000 2.4866546154600983e-03 
52.600000 2.4866675048695842e-03 
52.800000 2.4866811610227716e-03 
53.000000 2.4866954988229137e-03 
53.200000 2.4867104389855801e-03 
53.400000 2.4867259076879105e-03 
53.600000 2.4867418362388566e-03 
53.800000 2.4867581607689532e-03 
54.000000 2.4867748219385391e-03 
54.200000 2.4867917646631842e-03 
54.400000 2.4868089378552454e-03 
54.600000 2.4868262941807125e-03 
54.800000 2.4868437898302462e-03 
55.000000 2.4868613843035746e-03 
55.200000 2.4868790402065711e-03 
55.400000 2.4868967230600686e-03 
55.600000 2.4869144011197917e-03 
55.800000 2.4869320452068078e-03 
56.000000 2.4869496285477165e-03 
56.200000 2.4869671266241422e-03 
56.400000 2.4869845170309244e-03 
56.600000 2.4870017793424625e-03 
56.800000 2.4870188949868526e-03 
57.000000 2.4870358471271959e-03 
57.200000 2.4870526205498216e-03 
57.400000 2.4870692015589620e-03 
57.600000 2.4870855778774243e-03 
57.800000 2.4871017385531872e-03 
58.000000 2.4871176738711135e-03 
58.200000 2.4871333752700948e-03 
58.400000 2.4871488352647330e-03 
58.600000 2.4871640473717550e-03 
58.800000 2.4871790060406076e-03 
59.000000 2.4871937065880944e-03 
59.200000 2.4872081451369943e-03 
59.400000 2.4872223185579633e-03 
59.600000 2.4872362244152905e-03 
59.800000 2.4872498609153980e-03 
60.000000 2.4872632268587999e-03 
60.200000 2.4872763215946286e-03 
60.400000 2.4872891449780154e-03 
60.600000 2.4873016973300530e-03 
60.800000 2.4873139794000915e-03 
61.000000 2.4873259923304000e-03 
61.200000 2.4873377376229354e-03 
61.400000 2.4873492171082322e-03 
61.600000 2.4873604329161102e-03 
61.800000 2.4873713874483156e-03 
62.000000 2.4873820833527984e-03 
62.200000 2.4873925234997108e-03 
62.400000 2.4874027109588375e-03 
62.600000 2.4874126489785394e-03 
62.800000 2.4874223409661563e-03 
63.000000 2.4874317904694191e-03 
63.200000 2.4874410011595034e-03 
63.400000 2.4874499768148279e-03 
63.600000 2.4874587213062241e-03 
63.800000 2.4874672385829977e-03 
64.000000 2.4874755326600080e-03 
64.200000 2.4874836076056702e-03 
64.400000 2.4874914675307629e-03 
64.600000 2.4874991165781345e-03 
64.800000 2.4875065589130656e-03 
65.000000 2.4875137987144689e-03 
65.200000 2.4875208401667153e-03 
65.400000 2.4875276874520712e-03 
65.600000 2.4875343447437579e-03 
65.800000 2.4875408161996269e-03 
66.000000 2.4875471059562881e-03 
66.200000 2.4875532181238245e-03 
66.400000 2.4875591567808312e-03 
66.600000 2.4875649259701329e-03 
66.800000 2.4875705296946004e-03 
67.000000 2.4875759719136924e-03 
67.200000 2.4875812565401030e-03 
67.400000 2.4875863874368326e-03 
67.600000 2.4875913684146485e-03 
67.800000 2.4875962032297650e-03 
68.000000 2.4876008955817255e-03 
68.200000 2.4876054491117894e-03 
68.400000 2.4876098674012988e-03 
68.600000 2.4876141539703816e-03 
68.800000 2.4876183122769218e-03 
69.000000 2.4876223457156411e-03 
69.200000 2.4876262576173508e-03 
69.400000 2.4876300512484367e-03 
69.600000 2.4876337298104802e-03 
69.800000 2.4876372964399911e-03 
70.000000 2.4876407542082802e-03 
70.200000 2.4876441061215458e-03 
70.400000 2.4876473551208884e-03 
70.600000 2.4876505040826069e-03 
70.800000 2.4876535558185191e-03 
71.000000 2.4876565130763331e-03 
71.200000 2.4876593785401568e-03 
71.400000 2.4876621548310623e-03 
71.600000 2.4876648445077191e-03 
71.800000 2.4876674500670004e-03 
72.000000 2.4876699739448363e-03 
72.200000 2.4876724185169240e-03 
72.400000 2.4876747860995661e-03 
72.600000 2.4876770789505134e-03 
72.800000 2.4876792992699231e-03 
73.000000 2.4876814492012099e-03 
73.200000 2.4876835308320243e-03 
73.400000 2.4876855461952530e-03 
73.600000 2.4876874972699459e-03 
73.800000 2.4876893859823632e-03 
74.000000 2.4876912142069792e-03 
74.200000 2.4876929837674431e-03 
74.400000 2.4876946964377507e-03 
74.600000 2.4876963539430938e-03 
74.800000 2.4876979579610404e-03 
75.000000 2.4876995101224880e-03 
75.200000 2.4877010120127022e-03 
75.400000 2.4877024651723742e-03 
75.600000 2.4877038710985899e-03 
75.800000 2.4877052312458946e-03 
76.000000 2.4877065470272708e-03 
76.200000 2.4877078198151390e-03 
76.400000 2.4877090509423370e-03 
76.600000 2.4877102417030944e-03 
76.800000 2.4877113933540057e-03 
77.000000 2.4877125071149529e-03 
77.200000 2.4877135841701015e-03 
77.400000 2.4877146256687354e-03 
77.600000 2.4877156327262023e-03 
77.800000 2.4877166064248583e-03 
78.000000 2.4877175478148278e-03 
78.200000 2.4877184579149684e-03 
78.400000 2.4877193377136602e-03 
78.600000 2.4877201881696467e-03 
78.800000 2.4877210102128558e-03 
79.000000 2.4877218047451460e-03 
79.200000 2.4877225726411636e-03 
79.400000 2.4877233147490266e-03 
79.600000 2.4877240318911423e-03 
79.800000 2.4877247248648237e-03 
80.000000 2.4877253944431306e-03 
80.200000 2.4877260413754708e-03 
80.400000 2.4877266663883174e-03 
80.600000 2.4877272701858489e-03 
80.800000 2.4877278534506365e-03 
81.000000 2.4877284168442009e-03 
81.200000 2.4877289610076847e-03 
81.400000 2.4877294865624372e-03 
81.600000 2.4877299941105640e-03 
81.800000 2.4877304842355684e-03 
82.000000 2.4877309575028041e-03 
82.200000 2.4877314144600834e-03 
82.400000 2.4877318556381831e-03 
82.600000 2.4877322815513481e-03 
82.800000 2.4877326926977836e-03 
83.000000 2.4877330895601516e-03 
83.200000 2.4877334726060027e-03 
83.400000 2.4877338422882849e-03 
83.600000 2.4877341990457301e-03 
83.800000 2.4877345433033048e-03 
84.000000 2.4877348754726771e-03 
84.200000 2.4877351959525398e-03 
84.400000 2.4877355051290476e-03 
84.600000 2.4877358033761720e-03 
84.800000 2.4877360910561296e-03 
85.000000 2.4877363685196856e-03 
85.200000 2.4877366361065107e-03 
85.400000 2.4877368941455731e-03 
85.600000 2.4877371429553809e-03 
85.800000 2.4877373828443555e-03 
86.000000 2.4877376141111715e-03 
86.200000 2.4877378370449805e-03 
86.400000 2.4877380519257525e-03 
86.600000 2.4877382590245503e-03 
86.800000 2.4877384586038049e-03 
87.000000 2.4877386509175835e-03 
87.200000 2.4877388362118144e-03 
87.400000 2.4877390147245836e-03 
87.600000 2.4877391866863887e-03 
87.800000 2.4877393523202954e-03 
88.000000 2.4877395118422380e-03 
88.200000 2.4877396654612118e-03 
88.400000 2.4877398133795210e-03 
88.600000 2.4877399557929158e-03 
88.800000 2.4877400928908556e-03 
89.000000 2.4877402248566875e-03 
89.200000 2.4877403518678357e-03 
89.400000 2.4877404740959838e-03 
89.600000 2.4877405917072457e-03 
89.800000 2.4877407048623460e-03 
90.000000 2.4877408137167988e-03 
90.200000 2.4877409184210376e-03 
90.400000 2.4877410191206000e-03 
90.600000 2.4877411159562766e-03 
90.800000 2.4877412090642498e-03 
91.000000 2.4877412985762418e-03 
91.200000 2.4877413846196533e-03 
91.400000 2.4877414673176923e-03 
91.600000 2.4877415467895216e-03 
91.800000 2.4877416231503598e-03 
92.000000 2.4877416965116265e-03 
92.200000 2.4877417669810485e-03 
92.400000 2.4877418346627819e-03 
92.600000 2.4877418996575125e-03 
92.800000 2.4877419620625706e-03 
93.000000 2.4877420219720512e-03 
93.200000 2.4877420794769158e-03 
93.400000 2.4877421346650172e-03 
93.600000 2.4877421876213159e-03 
93.800000 2.4877422384278866e-03 
94.000000 2.4877422871640250e-03 
94.200000 2.4877423339063828e-03 
94.400000 2.4877423787289534e-03 
94.600000 2.4877424217032598e-03 
94.800000 2.4877424628983774e-03 
95.000000 2.4877425023810164e-03 
95.200000 2.4877425402156021e-03 
95.400000 2.4877425764643349e-03 
95.600000 2.4877426111873159e-03 
95.800000 2.4877426444425126e-03 
96.000000 2.4877426762859381e-03 
96.200000 2.4877427067716324e-03 
96.400000 2.4877427359517295e-03 
96.600000 2.4877427638766107e-03 
96.800000 2.4877427905948407e-03 
97.000000 2.4877428161532689e-03 
97.200000 2.4877428405971551e-03 
97.400000 2.4877428639700984e-03 
97.600000 2.4877428863141694e-03 
97.800000 2.4877429076699716e-03 
98.000000 2.4877429280766041e-03 
98.200000 2.4877429475718212e-03 
98.400000 2.4877429661919882e-03 
98.600000 2.4877429839721757e-03 
98.800000 2.4877430009461821e-03 
99.000000 2.4877430171465812e-03 
99.200000 2.4877430326047524e-03 
99.400000 2.4877430473509558e-03 
99.600000 2.4877430614143000e-03 
99.800000 2.4877430748228547e-03 
100.000000 2.4877430876036454e-03 
100.200000 2.4877430997826870e-03 
100.400000 2.4877431113850524e-03 
100.600000 2.4877431224348597e-03 
100.800000 2.4877431329553118e-03 
101.000000 2.4877431429687646e-03 
101.200000 2.4877431524967099e-03 
101.400000 2.4877431615598438e-03 
101.600000 2.4877431701780467e-03 
101.800000 2.4877431783704804e-03 
102.000000 2.4877431861555334e-03 
102.200000 2.4877431935509120e-03 
102.400000 2.4877432005736117e-03 
102.600000 2.4877432072399996e-03 
102.800000 2.4877432135657759e-03 
103.000000 2.4877432195660595e-03 
103.200000 2.4877432252553310e-03 
103.400000 2.4877432306475412e-03 
103.600000 2.4877432357560416e-03 
103.800000 2.4877432405937213e-03 
104.000000 2.4877432451728748e-03 
104.200000 2.4877432495053601e-03 
104.400000 2.4877432536025124e-03 
104.600000 2.4877432574752570e-03 
104.800000 2.4877432611340386e-03 
105.000000 2.4877432645888822e-03 
105.200000 2.4877432678493908e-03 
105.400000 2.4877432709247962e-03 
105.600000 2.4877432738239212e-03 
105.800000 2.4877432765552398e-03 
106.000000 2.4877432791268377e-03 
106.200000 2.4877432815465245e-03 
106.400000 2.4877432838217007e-03 
106.600000 2.4877432859595080e-03 
106.800000 2.4877432879667665e-03 
107.000000 2.4877432898499983e-03 
107.200000 2.4877432916154225e-03 
107.400000 2.4877432932690320e-03 
107.600000 2.4877432948165416e-03 
107.800000 2.4877432962633959e-03 
108.000000 2.4877432976148205e-03 
108.200000 2.4877432988757932e-03 
108.400000 2.4877433000510861e-03 
108.600000 2.4877433011452547e-03 
108.800000 2.4877433021626145e-03 
109.000000 2.4877433031073280e-03 
109.200000 2.4877433039833538e-03 
109.400000 2.4877433047944637e-03 
109.600000 2.4877433055442706e-03 
109.800000 2.4877433062361828e-03 
110.000000 2.4877433068734743e-03 
110.200000 2.4877433074592609e-03 
110.400000 2.4877433079965455e-03 
110.600000 2.4877433084881020e-03 
110.800000 2.4877433089366442e-03 
111.000000 2.4877433093447561e-03 
111.200000 2.4877433097148295e-03 
111.400000 2.4877433100492009e-03 
111.600000 2.4877433103500661e-03 
111.800000 2.4877433106195368e-03 
112.000000 2.4877433108595765e-03 
112.200000 2.4877433110720684e-03 
112.400000 2.4877433112588158e-03 
112.600000 2.4877433114215116e-03 
112.800000 2.4877433115617661e-03 
113.000000 2.4877433116810913e-03 
113.200000 2.4877433117809593e-03 
113.400000 2.4877433118627164e-03 
113.600000 2.4877433119276648e-03 
113.800000 2.4877433119770329e-03 
114.000000 2.4877433120119802e-03 
114.200000 2.4877433120335875e-03 
114.400000 2.4877433120428930e-03 
114.600000 2.4877433120408790e-03 
114.800000 2.4877433120284618e-03 
115.000000 2.4877433120065176e-03 
115.200000 2.4877433119758481e-03 
115.400000 2.4877433119372336e-03 
115.600000 2.4877433118913983e-03 
115.800000 2.4877433118390066e-03 
116.000000 2.4877433117807208e-03 
116.200000 2.4877433117171249e-03 
116.400000 2.4877433116487885e-03 
116.600000 2.4877433115762350e-03 
116.800000 2.4877433114999540e-03 
117.000000 2.4877433114204174e-03 
117.200000 2.4877433113380540e-03 
117.400000 2.4877433112532664e-03 
117.600000 2.4877433111664261e-03 
117.800000 2.4877433110778698e-03 
118.000000 2.4877433109879252e-03 
118.200000 2.4877433108969221e-03 
118.400000 2.4877433108051110e-03 
118.600000 2.4877433107127734e-03 
118.800000 2.4877433106201348e-03 
119.000000 2.4877433105274130e-03 
119.200000 2.4877433104348004e-03 
119.400000 2.4877433103425053e-03 
119.600000 2.4877433102506912e-03 
119.800000 2.4877433101595106e-03 
120.000000 2.4877433100691207e-03 
120.200000 2.4877433099796237e-03 
120.400000 2.4877433098911585e-03 
120.600000 2.4877433098038308e-03 
120.800000 2.4877433097177104e-03 
121.000000 2.4877433096328933e-03 
121.200000 2.4877433095494557e-03 
121.400000 2.4877433094674748e-03 
121.600000 2.4877433093869997e-03 
121.800000 2.4877433093080919e-03 
122.000000 2.4877433092307948e-03 
122.200000 2.4877433091551144e-03 
122.400000 2.4877433090810881e-03 
122.600000 2.4877433090087567e-03 
122.800000 2.4877433089381291e-03 
123.000000 2.4877433088692303e-03 
123.200000 2.4877433088020544e-03 
123.400000 2.4877433087366154e-03 
123.600000 2.4877433086729081e-03 
123.800000 2.4877433086109217e-03 
124.000000 2.4877433085506635e-03 
124.200000 2.4877433084921109e-03 
124.400000 2.4877433084352575e-03 
124.600000 2.4877433083800851e-03 
124.800000 2.4877433083265853e-03 
125.000000 2.4877433082747310e-03 
125.200000 2.4877433082244986e-03 
125.400000 2.4877433081758622e-03 
125.600000 2.4877433081288082e-03 
125.800000 2.4877433080832938e-03 
126.000000 2.4877433080393160e-03 
126.200000 2.4877433079968179e-03 
126.400000 2.4877433079557964e-03 
126.600000 2.4877433079161905e-03 
126.800000 2.4877433078780019e-03 
127.000000 2.4877433078411750e-03 
127.200000 2.4877433078056943e-03 
127.400000 2.4877433077715220e-03 
127.600000 2.4877433077386281e-03 
127.800000 2.4877433077069642e-03 
128.000000 2.4877433076765220e-03 
128.200000 2.4877433076472455e-03 
128.400000 2.4877433076191287e-03 
128.600000 2.4877433075921164e-03 
128.800000 2.4877433075661927e-03 
129.000000 2.4877433075413198e-03 
129.200000 2.4877433075174578e-03 
129.400000 2.4877433074945755e-03 
129.600000 2.4877433074726525e-03 
129.800000 2.4877433074516645e-03 
130.000000 2.4877433074315669e-03 
130.200000 2.4877433074123301e-03 
130.400000 2.4877433073939364e-03 
130.600000 2.4877433073763554e-03 
130.800000 2.4877433073595512e-03 
131.000000 2.4877433073434976e-03 
131.200000 2.4877433073281726e-03 
131.400000 2.4877433073135450e-03 
131.600000 2.4877433072995987e-03 
131.800000 2.4877433072862986e-03 
132.000000 2.4877433072736247e-03 
132.200000 2.4877433072615454e-03 
132.400000 2.4877433072500550e-03 
132.600000 2.4877433072391141e-03 
132.800000 2.4877433072287149e-03 
133.000000 2.4877433072188248e-03 
133.200000 2.4877433072094234e-03 
133.400000 2.4877433072004948e-03 
133.600000 2.4877433071920189e-03 
133.800000 2.4877433071839768e-03 
134.000000 2.4877433071763505e-03 
134.200000 2.4877433071691171e-03 
134.400000 2.4877433071622715e-03 
134.600000 2.4877433071557858e-03 
134.800000 2.4877433071496466e-03 
135.000000 2.4877433071438379e-03 
135.200000 2.4877433071383501e-03 
135.400000 2.4877433071331611e-03 
135.600000 2.4877433071282657e-03 
135.800000 2.4877433071236379e-03 
136.000000 2.4877433071192772e-03 
136.200000 2.4877433071151698e-03 
136.400000 2.4877433071112884e-03 
136.600000 2.4877433071076320e-03 
136.800000 2.4877433071042020e-03 
137.000000 2.4877433071009889e-03 
137.200000 2.4877433070979501e-03 
137.400000 2.4877433070950947e-03 
137.600000 2.4877433070924037e-03 
137.800000 2.4877433070898784e-03 
138.000000 2.4877433070875274e-03 
138.200000 2.4877433070853308e-03 
138.400000 2.4877433070832687e-03 
138.600000 2.4877433070813223e-03 
138.800000 2.4877433070795026e-03 
139.000000 2.4877433070778034e-03 
139.200000 2.4877433070762396e-03 
139.400000 2.4877433070747547e-03 
139.600000 2.4877433070733678e-03 
139.800000 2.4877433070720810e-03 
140.000000 2.4877433070708871e-03 
140.200000 2.4877433070697725e-03 
140.400000 2.4877433070687282e-03 
140.600000 2.4877433070677564e-03 
140.800000 2.4877433070668777e-03 
141.000000 2.4877433070660542e-03 
141.200000 2.4877433070652991e-03 
141.400000 2.4877433070645931e-03 
141.600000 2.4877433070639200e-03 
141.800000 2.4877433070633259e-03 
142.000000 2.4877433070627768e-03 
142.200000 2.4877433070622590e-03 
142.400000 2.4877433070617716e-03 
142.600000 2.4877433070613396e-03 
142.800000 2.4877433070609359e-03 
143.000000 2.4877433070605555e-03 
143.200000 2.4877433070602025e-03 
143.400000 2.4877433070599141e-03 
143.600000 2.4877433070596066e-03 
143.800000 2.4877433070593269e-03 
144.000000 2.4877433070590702e-03 
144.200000 2.4877433070588538e-03 
144.400000 2.4877433070586378e-03 
144.600000 2.4877433070584752e-03 
144.800000 2.4877433070582900e-03 
145.000000 2.4877433070580879e-03 
145.200000 2.4877433070579396e-03 
145.400000 2.4877433070577999e-03 
145.600000 2.4877433070576642e-03 
145.800000 2.4877433070575237e-03 
146.000000 2.4877433070574408e-03 
146.200000 2.4877433070573701e-03 
146.400000 2.4877433070572955e-03 
146.600000 2.4877433070572210e-03 
146.800000 2.4877433070571156e-03 
147.000000 2.4877433070569824e-03 
147.200000 2.4877433070569109e-03 
147.400000 2.4877433070568476e-03 
147.600000 2.4877433070567847e-03 
147.800000 2.4877433070567166e-03 
148.000000 2.4877433070566537e-03 
148.200000 2.4877433070565865e-03 
148.400000 2.4877433070565149e-03 
148.600000 2.4877433070564434e-03 
148.800000 2.4877433070564143e-03 
149.000000 2.4877433070564035e-03 
149.200000 2.4877433070563918e-03 
149.400000 2.4877433070563809e-03 
149.600000 2.4877433070563653e-03 
149.800000 2.4877433070563532e-03 
