0.000000 4.1704186700351076e-03 
0.200000 4.1704192852022558e-03 
0.400000 4.1704171369414287e-03 
0.600000 4.1703989731422088e-03 
0.800000 4.1703527005803381e-03 
1.000000 4.1702680609423384e-03 
1.200000 4.1701360254908547e-03 
1.400000 4.1699486939244679e-03 
1.600000 4.1696988599407023e-03 
1.800000 4.1693807967729223e-03 
2.000000 4.1689903974195704e-03 
2.200000 4.1685243883400665e-03 
2.400000 4.1679801240506430e-03 
2.600000 4.1673553381260074e-03 
2.800000 4.1666483587468129e-03 
3.000000 4.1658579628820538e-03 
3.200000 4.1649854011628360e-03 
3.400000 4.1640349029161720e-03 
3.600000 4.1630065996680872e-03 
3.800000 4.1618991249752499e-03 
4.000000 4.1607107384082154e-03 
4.200000 4.1594398151920771e-03 
4.400000 4.1580848808307766e-03 
4.600000 4.1566444342370093e-03 
4.800000 4.1551172147895289e-03 
5.000000 4.1535023465607912e-03 
5.200000 4.1517991740469872e-03 
5.400000 4.1500073497088797e-03 
5.600000 4.1481266572085847e-03 
5.800000 4.1461570582936470e-03 
6.000000 4.1440987844271349e-03 
6.200000 4.1419520561490194e-03 
6.400000 4.1397170398612343e-03 
6.600000 4.1373939167205064e-03 
6.800000 4.1349829348184429e-03 
7.000000 4.1324843185293926e-03 
7.200000 4.1298982515090132e-03 
7.400000 4.1272249309417201e-03 
7.600000 4.1244646153154856e-03 
7.800000 4.1216175687712976e-03 
8.000000 4.1186840815467408e-03 
8.200000 4.1156644415568204e-03 
8.400000 4.1125589403096250e-03 
8.600000 4.1093679031635934e-03 
8.800000 4.1060916400589235e-03 
9.000000 4.1027304412173645e-03 
9.200000 4.0992845757400007e-03 
9.400000 4.0957542917803413e-03 
9.600000 4.0921397856743076e-03 
9.800000 4.0884412058525225e-03 
10.000000 4.0846586461352500e-03 
10.200000 4.0807921484962489e-03 
10.400000 4.0768417131042782e-03 
10.600000 4.0728072871164924e-03 
10.800000 4.0686887645719882e-03 
11.000000 4.0644859882943427e-03 
11.200000 4.0601987560725033e-03 
11.400000 4.0558268099344565e-03 
11.600000 4.0513698339500540e-03 
11.800000 4.0468274530685543e-03 
12.000000 4.0421992327421613e-03 
12.200000 4.0374846724810483e-03 
12.400000 4.0326832049559069e-03 
12.600000 4.0277941930149438e-03 
12.800000 4.0228169286961003e-03 
13.000000 4.0177506343087822e-03 
13.200000 4.0125944590288145e-03 
13.400000 4.0073474782459494e-03 
13.600000 4.0020086936838912e-03 
13.800000 3.9965770338708673e-03 
14.000000 3.9910513527660904e-03 
14.200000 3.9854304290228761e-03 
14.400000 3.9797129656863129e-03 
14.600000 3.9738975896053347e-03 
14.800000 3.9679828491377862e-03 
15.000000 3.9619672121276560e-03 
15.200000 3.9558490624921521e-03 
15.400000 3.9496266959617018e-03 
15.600000 3.9432983146576398e-03 
15.800000 3.9368620188927192e-03 
16.000000 3.9303157973211251e-03 
16.200000 3.9236575145137004e-03 
16.400000 3.9168848955131331e-03 
16.600000 3.9099955065076937e-03 
16.800000 3.9029867318412991e-03 
17.000000 3.8958557465087248e-03 
17.200000 3.8885994840069881e-03 
17.400000 3.8812145992188100e-03 
17.600000 3.8736974258417362e-03 
17.800000 3.8660439286408339e-03 
18.000000 3.8582496505412066e-03 
18.200000 3.8503096549091088e-03 
18.400000 3.8422184633260313e-03 
18.600000 3.8339699899633071e-03 
18.800000 3.8255574735737846e-03 
19.000000 3.8169734085585134e-03 
19.200000 3.8082094768198730e-03 
19.400000 3.7992564826801693e-03 
19.600000 3.7901042932734098e-03 
19.800000 3.7807417872766729e-03 
20.000000 3.7711568150928282e-03 
20.200000 3.7613361737425409e-03 
20.400000 3.7512656000298194e-03 
20.600000 3.7409297854846708e-03 
20.800000 3.7303124165413847e-03 
21.000000 3.7193962431797995e-03 
21.200000 3.7081631789530780e-03 
21.400000 3.6965944347757064e-03 
21.600000 3.6846706881625128e-03 
21.800000 3.6723722887551679e-03 
22.000000 3.6596795000190764e-03 
22.200000 3.6465727758281056e-03 
22.400000 3.6330330694525808e-03 
22.600000 3.6190421711676146e-03 
22.800000 3.6045830693735284e-03 
23.000000 3.5896403288776693e-03 
23.200000 3.5742004787846530e-03 
23.400000 3.5582524014249935e-03 
23.600000 3.5417877129415099e-03 
23.800000 3.5248011256336824e-03 
24.000000 3.5072907819390987e-03 
24.200000 3.4892585500889916e-03 
24.400000 3.4707102720012740e-03 
24.600000 3.4516559548803290e-03 
24.800000 3.4321098992706493e-03 
25.000000 3.4120907578983318e-03 
25.200000 3.3916215214910245e-03 
25.400000 3.3707294298074581e-03 
25.600000 3.3494458082561568e-03 
25.800000 3.3278058326315484e-03 
26.000000 3.3058482265617842e-03 
26.200000 3.2836148981502393e-03 
26.400000 3.2611505239313744e-03 
26.600000 3.2385020895766667e-03 
26.800000 3.2157183977453382e-03 
27.000000 3.1928495540450340e-03 
27.200000 3.1699464422480588e-03 
27.400000 3.1470601997189277e-03 
27.600000 3.1242417034728527e-03 
27.800000 3.1015410764557846e-03 
28.000000 3.0790072225650553e-03 
28.200000 3.0566873976804708e-03 
28.400000 3.0346268226055873e-03 
28.600000 3.0128683423956562e-03 
28.800000 2.9914521351221586e-03 
29.000000 2.9704154717465846e-03 
29.200000 2.9497925274900960e-03 
29.400000 2.9296142439194589e-03 
29.600000 2.9099082399509759e-03 
29.800000 2.8906987691144879e-03 
30.000000 2.8720067197266774e-03 
30.200000 2.8538496540970490e-03 
30.400000 2.8362418825231416e-03 
30.600000 2.8191945676152184e-03 
30.800000 2.8027158544079514e-03 
31.000000 2.7868110217531736e-03 
31.200000 2.7714826506233820e-03 
31.400000 2.7567308051734876e-03 
31.600000 2.7425532226893617e-03 
31.800000 2.7289455088788410e-03 
32.000000 2.7159013353187100e-03 
32.200000 2.7034126362454084e-03 
32.400000 2.6914698022550538e-03 
32.600000 2.6800618688512276e-03 
32.800000 2.6691766981371203e-03 
33.000000 2.6588011522857206e-03 
33.200000 2.6489212577351889e-03 
33.400000 2.6395223593400781e-03 
33.600000 2.6305892639642645e-03 
33.800000 2.6221063732246256e-03 
34.000000 2.6140578052891096e-03 
34.200000 2.6064275057967709e-03 
34.400000 2.5991993481051848e-03 
34.600000 2.5923572231819386e-03 
34.800000 2.5858851195456052e-03 
35.000000 2.5797671937294849e-03 
35.200000 2.5739878317902567e-03 
35.400000 2.5685317024178593e-03 
35.600000 2.5633838022213404e-03 
35.800000 2.5585294937747328e-03 
36.000000 2.5539545370045851e-03 
36.200000 2.5496451144916173e-03 
36.400000 2.5455878512435485e-03 
36.600000 2.5417698294752222e-03 
36.800000 2.5381785989083217e-03 
37.000000 2.5348021830759382e-03 
37.200000 2.5316290820888202e-03 
37.400000 2.5286482722902564e-03 
37.600000 2.5258492031968553e-03 
37.800000 2.5232217920924493e-03 
38.000000 2.5207564166123061e-03 
38.200000 2.5184439056269580e-03 
38.400000 2.5162755287064837e-03 
38.600000 2.5142429844200033e-03 
38.800000 2.5123383876997723e-03 
39.000000 2.5105542564753339e-03 
39.200000 2.5088834977613234e-03 
39.400000 2.5073193933612581e-03 
39.600000 2.5058555853305635e-03 
39.800000 2.5044860613241669e-03 
40.000000 2.5032051399378492e-03 
40.200000 2.5020074561370857e-03 
40.400000 2.5008879468539419e-03 
40.600000 2.4998418368199307e-03 
40.800000 2.4988646246916790e-03 
41.000000 2.4979520695162854e-03 
41.200000 2.4971001775740331e-03 
41.400000 2.4963051896286460e-03 
41.600000 2.4955635686075449e-03 
41.800000 2.4948719877289833e-03 
42.000000 2.4942273190871295e-03 
42.200000 2.4936266227015003e-03 
42.400000 2.4930671360329413e-03 
42.600000 2.4925462639653127e-03 
42.800000 2.4920615692481940e-03 
43.000000 2.4916107633942866e-03 
43.200000 2.4911916980224383e-03 
43.400000 2.4908023566357477e-03 
43.600000 2.4904408468229304e-03 
43.800000 2.4901053928696624e-03 
44.000000 2.4897943287660877e-03 
44.200000 2.4895060915959958e-03 
44.400000 2.4892392152926447e-03 
44.600000 2.4889923247459283e-03 
44.800000 2.4887641302458563e-03 
45.000000 2.4885534222467299e-03 
45.200000 2.4883590664371148e-03 
45.400000 2.4881799991005732e-03 
45.600000 2.4880152227525097e-03 
45.800000 2.4878638020389096e-03 
46.000000 2.4877248598830690e-03 
46.200000 2.4875975738669139e-03 
46.400000 2.4874811728339500e-03 
46.600000 2.4873749337013260e-03 
46.800000 2.4872781784692011e-03 
47.000000 2.4871902714159199e-03 
47.200000 2.4871106164679130e-03 
47.400000 2.4870386547342972e-03 
47.600000 2.4869738621958936e-03 
47.800000 2.4869157475395898e-03 
48.000000 2.4868638501289128e-03 
48.200000 2.4868177381025510e-03 
48.400000 2.4867770065928295e-03 
48.600000 2.4867412760566456e-03 
48.800000 2.4867101907116280e-03 
49.000000 2.4866834170711822e-03 
49.200000 2.4866606425717739e-03 
49.400000 2.4866415742868654e-03 
49.600000 2.4866259377217519e-03 
49.800000 2.4866134756841725e-03 
50.000000 2.4866039472258884e-03 
50.200000 2.4865971266505868e-03 
50.400000 2.4865928025837101e-03 
50.600000 2.4865907771006238e-03 
50.800000 2.4865908649086624e-03 
51.000000 2.4865928925804437e-03 
51.200000 2.4865966978342155e-03 
51.400000 2.4866021288589930e-03 
51.600000 2.4866090436811337e-03 
51.800000 2.4866173095698055e-03 
52.000000 2.4866268024788573e-03 
52.200000 2.4866374065227854e-03 
52.400000 2.4866490134845703e-03 
52.600000 2.4866615223532872e-03 
52.800000 2.4866748388898590e-03 
53.000000 2.4866888752186986e-03 
53.200000 2.4867035494441376e-03 
53.400000 2.4867187852897037e-03 
53.600000 2.4867345117588762e-03 
53.800000 2.4867506628161568e-03 
54.000000 2.4867671770869956e-03 
54.200000 2.4867839975754517e-03 
54.400000 2.4868010713985289e-03 
54.600000 2.4868183495361826e-03 
54.800000 2.4868357865959236e-03 
55.000000 2.4868533405912516e-03 
55.200000 2.4868709727330707e-03 
55.400000 2.4868886472331521e-03 
55.600000 2.4869063311191114e-03 
55.800000 2.4869239940601383e-03 
56.000000 2.4869416082027944e-03 
56.200000 2.4869591480163504e-03 
56.400000 2.4869765901470464e-03 
56.600000 2.4869939132807343e-03 
56.800000 2.4870110980136149e-03 
57.000000 2.4870281267301950e-03 
57.200000 2.4870449834885106e-03 
57.400000 2.4870616539118193e-03 
57.600000 2.4870781250866730e-03 
57.800000 2.4870943854666929e-03 
58.000000 2.4871104247821472e-03 
58.200000 2.4871262339545663e-03 
58.400000 2.4871418050164042e-03 
58.600000 2.4871571310353027e-03 
58.800000 2.4871722060428049e-03 
59.000000 2.4871870249672462e-03 
59.200000 2.4872015835704915e-03 
59.400000 2.4872158783883821e-03 
59.600000 2.4872299066748035e-03 
59.800000 2.4872436663489071e-03 
60.000000 2.4872571559455105e-03 
60.200000 2.4872703745685023e-03 
60.400000 2.4872833218468858e-03 
60.600000 2.4872959978936623e-03 
60.800000 2.4873084032669716e-03 
61.000000 2.4873205389337742e-03 
61.200000 2.4873324062356628e-03 
61.400000 2.4873440068567476e-03 
61.600000 2.4873553427935706e-03 
61.800000 2.4873664163268736e-03 
62.000000 2.4873772299952054e-03 
62.200000 2.4873877865700155e-03 
62.400000 2.4873980890325804e-03 
62.600000 2.4874081405521537e-03 
62.800000 2.4874179444657669e-03 
63.000000 2.4874275042591912e-03 
63.200000 2.4874368235492227e-03 
63.400000 2.4874459060671697e-03 
63.600000 2.4874547556434090e-03 
63.800000 2.4874633761930260e-03 
64.000000 2.4874717717024552e-03 
64.200000 2.4874799462170430e-03 
64.400000 2.4874879038295442e-03 
64.600000 2.4874956486693220e-03 
64.800000 2.4875031848925447e-03 
65.000000 2.4875105166729502e-03 
65.200000 2.4875176481933461e-03 
65.400000 2.4875245836378265e-03 
65.600000 2.4875313271845501e-03 
65.800000 2.4875378829991353e-03 
66.000000 2.4875442552285553e-03 
66.200000 2.4875504479956461e-03 
66.400000 2.4875564653939006e-03 
66.600000 2.4875623114830026e-03 
66.800000 2.4875679902845536e-03 
67.000000 2.4875735057782269e-03 
67.200000 2.4875788618984344e-03 
67.400000 2.4875840625312408e-03 
67.600000 2.4875891115115371e-03 
67.800000 2.4875940126206906e-03 
68.000000 2.4875987695843955e-03 
68.200000 2.4876033860706881e-03 
68.400000 2.4876078656884491e-03 
68.600000 2.4876122119859025e-03 
68.800000 2.4876164284494914e-03 
69.000000 2.4876205185028499e-03 
69.200000 2.4876244855060537e-03 
69.400000 2.4876283327549807e-03 
69.600000 2.4876320634808205e-03 
69.800000 2.4876356808498238e-03 
70.000000 2.4876391879630915e-03 
70.200000 2.4876425878565295e-03 
70.400000 2.4876458835009370e-03 
70.600000 2.4876490778021863e-03 
70.800000 2.4876521736014773e-03 
71.000000 2.4876551736757358e-03 
71.200000 2.4876580807380666e-03 
71.400000 2.4876608974382279e-03 
71.600000 2.4876636263633195e-03 
71.800000 2.4876662700383384e-03 
72.000000 2.4876688309269563e-03 
72.200000 2.4876713114322627e-03 
72.400000 2.4876737138975822e-03 
72.600000 2.4876760406073156e-03 
72.800000 2.4876782937877651e-03 
73.000000 2.4876804756081604e-03 
73.200000 2.4876825881815197e-03 
73.400000 2.4876846335655915e-03 
73.600000 2.4876866137638785e-03 
73.800000 2.4876885307266576e-03 
74.000000 2.4876903863518779e-03 
74.200000 2.4876921824862970e-03 
74.400000 2.4876939209264783e-03 
74.600000 2.4876956034197363e-03 
74.800000 2.4876972316652873e-03 
75.000000 2.4876988073151761e-03 
75.200000 2.4877003319754036e-03 
75.400000 2.4877018072069017e-03 
75.600000 2.4877032345265271e-03 
75.800000 2.4877046154081275e-03 
76.000000 2.4877059512835313e-03 
76.200000 2.4877072435435898e-03 
76.400000 2.4877084935390537e-03 
76.600000 2.4877097025816954e-03 
76.800000 2.4877108719451690e-03 
77.000000 2.4877120028660091e-03 
77.200000 2.4877130965445726e-03 
77.400000 2.4877141541459523e-03 
77.600000 2.4877151768008966e-03 
77.800000 2.4877161656066912e-03 
78.000000 2.4877171216280938e-03 
78.200000 2.4877180458981454e-03 
78.400000 2.4877189394190194e-03 
78.600000 2.4877198031629140e-03 
78.800000 2.4877206380727857e-03 
79.000000 2.4877214450632515e-03 
79.200000 2.4877222250212628e-03 
79.400000 2.4877229788069712e-03 
79.600000 2.4877237072544285e-03 
79.800000 2.4877244111723082e-03 
80.000000 2.4877250913446858e-03 
80.200000 2.4877257485316630e-03 
80.400000 2.4877263834701211e-03 
80.600000 2.4877269968743318e-03 
80.800000 2.4877275894366483e-03 
81.000000 2.4877281618281423e-03 
81.200000 2.4877287146991673e-03 
81.400000 2.4877292486800637e-03 
81.600000 2.4877297643816419e-03 
81.800000 2.4877302623958382e-03 
82.000000 2.4877307432962046e-03 
82.200000 2.4877312076385322e-03 
82.400000 2.4877316559612844e-03 
82.600000 2.4877320887862287e-03 
82.800000 2.4877325066188036e-03 
83.000000 2.4877329099487217e-03 
83.200000 2.4877332992503730e-03 
83.400000 2.4877336749833190e-03 
83.600000 2.4877340375927550e-03 
83.800000 2.4877343875098616e-03 
84.000000 2.4877347251523441e-03 
84.200000 2.4877350509247501e-03 
84.400000 2.4877353652189168e-03 
84.600000 2.4877356684143226e-03 
84.800000 2.4877359608785508e-03 
85.000000 2.4877362429675184e-03 
85.200000 2.4877365150259424e-03 
85.400000 2.4877367773876095e-03 
85.600000 2.4877370303757760e-03 
85.800000 2.4877372743034457e-03 
86.000000 2.4877375094736914e-03 
86.200000 2.4877377361799792e-03 
86.400000 2.4877379547064578e-03 
86.600000 2.4877381653281975e-03 
86.800000 2.4877383683115529e-03 
87.000000 2.4877385639143681e-03 
87.200000 2.4877387523862672e-03 
87.400000 2.4877389339688864e-03 
87.600000 2.4877391088961678e-03 
87.800000 2.4877392773945267e-03 
88.000000 2.4877394396831329e-03 
88.200000 2.4877395959741304e-03 
88.400000 2.4877397464728506e-03 
88.600000 2.4877398913780101e-03 
88.800000 2.4877400308819116e-03 
89.000000 2.4877401651706823e-03 
89.200000 2.4877402944244241e-03 
89.400000 2.4877404188174274e-03 
89.600000 2.4877405385183280e-03 
89.800000 2.4877406536902725e-03 
90.000000 2.4877407644911431e-03 
90.200000 2.4877408710736910e-03 
90.400000 2.4877409735856448e-03 
90.600000 2.4877410721699678e-03 
90.800000 2.4877411669649192e-03 
91.000000 2.4877412581042445e-03 
91.200000 2.4877413457173158e-03 
91.400000 2.4877414299292011e-03 
91.600000 2.4877415108609342e-03 
91.800000 2.4877415886294992e-03 
92.000000 2.4877416633480409e-03 
92.200000 2.4877417351259717e-03 
92.400000 2.4877418040690443e-03 
92.600000 2.4877418702795293e-03 
92.800000 2.4877419338562683e-03 
93.000000 2.4877419948948409e-03 
93.200000 2.4877420534876083e-03 
93.400000 2.4877421097238210e-03 
93.600000 2.4877421636897777e-03 
93.800000 2.4877422154688431e-03 
94.000000 2.4877422651416025e-03 
94.200000 2.4877423127858357e-03 
94.400000 2.4877423584768019e-03 
94.600000 2.4877424022871296e-03 
94.800000 2.4877424442870002e-03 
95.000000 2.4877424845441845e-03 
95.200000 2.4877425231241614e-03 
95.400000 2.4877425600901152e-03 
95.600000 2.4877425955031293e-03 
95.800000 2.4877426294221141e-03 
96.000000 2.4877426619039624e-03 
96.200000 2.4877426930036209e-03 
96.400000 2.4877427227741030e-03 
96.600000 2.4877427512665566e-03 
96.800000 2.4877427785303706e-03 
97.000000 2.4877428046131741e-03 
97.200000 2.4877428295609723e-03 
97.400000 2.4877428534180626e-03 
97.600000 2.4877428762272646e-03 
97.800000 2.4877428980298218e-03 
98.000000 2.4877429188655143e-03 
98.200000 2.4877429387727126e-03 
98.400000 2.4877429577884001e-03 
98.600000 2.4877429759482426e-03 
98.800000 2.4877429932866194e-03 
99.000000 2.4877430098366334e-03 
99.200000 2.4877430256302268e-03 
99.400000 2.4877430406981486e-03 
99.600000 2.4877430550700563e-03 
99.800000 2.4877430687744802e-03 
100.000000 2.4877430818389017e-03 
100.200000 2.4877430942898166e-03 
100.400000 2.4877431061527170e-03 
100.600000 2.4877431174521302e-03 
100.800000 2.4877431282116988e-03 
101.000000 2.4877431384541632e-03 
101.200000 2.4877431482013984e-03 
101.400000 2.4877431574744642e-03 
101.600000 2.4877431662936093e-03 
101.800000 2.4877431746783171e-03 
102.000000 2.4877431826473232e-03 
102.200000 2.4877431902186539e-03 
102.400000 2.4877431974096118e-03 
102.600000 2.4877432042368663e-03 
102.800000 2.4877432107164119e-03 
103.000000 2.4877432168636253e-03 
103.200000 2.4877432226932824e-03 
103.400000 2.4877432282195567e-03 
103.600000 2.4877432334561044e-03 
103.800000 2.4877432384160111e-03 
104.000000 2.4877432431118143e-03 
104.200000 2.4877432475555951e-03 
104.400000 2.4877432517589203e-03 
104.600000 2.4877432557329111e-03 
104.800000 2.4877432594882067e-03 
105.000000 2.4877432630350405e-03 
105.200000 2.4877432663831874e-03 
105.400000 2.4877432695420724e-03 
105.600000 2.4877432725206911e-03 
105.800000 2.4877432753276701e-03 
106.000000 2.4877432779712751e-03 
106.200000 2.4877432804594466e-03 
106.400000 2.4877432827997521e-03 
106.600000 2.4877432849994786e-03 
106.800000 2.4877432870655781e-03 
107.000000 2.4877432890046906e-03 
107.200000 2.4877432908231916e-03 
107.400000 2.4877432925271823e-03 
107.600000 2.4877432941224861e-03 
107.800000 2.4877432956146792e-03 
108.000000 2.4877432970090724e-03 
108.200000 2.4877432983107703e-03 
108.400000 2.4877432995246444e-03 
108.600000 2.4877433006553124e-03 
108.800000 2.4877433017072522e-03 
109.000000 2.4877433026846622e-03 
109.200000 2.4877433035916077e-03 
109.400000 2.4877433044319182e-03 
109.600000 2.4877433052092855e-03 
109.800000 2.4877433059272308e-03 
110.000000 2.4877433065890967e-03 
110.200000 2.4877433071980341e-03 
110.400000 2.4877433077571233e-03 
110.600000 2.4877433082692172e-03 
110.800000 2.4877433087370951e-03 
111.000000 2.4877433091633639e-03 
111.200000 2.4877433095505178e-03 
111.400000 2.4877433099009245e-03 
111.600000 2.4877433102168294e-03 
111.800000 2.4877433105003907e-03 
112.000000 2.4877433107536318e-03 
112.200000 2.4877433109784818e-03 
112.400000 2.4877433111767659e-03 
112.600000 2.4877433113502387e-03 
112.800000 2.4877433115005486e-03 
113.000000 2.4877433116292590e-03 
113.200000 2.4877433117378362e-03 
113.400000 2.4877433118277014e-03 
113.600000 2.4877433119001769e-03 
113.800000 2.4877433119565124e-03 
114.000000 2.4877433119978878e-03 
114.200000 2.4877433120254551e-03 
114.400000 2.4877433120402584e-03 
114.600000 2.4877433120432920e-03 
114.800000 2.4877433120355161e-03 
115.000000 2.4877433120178058e-03 
115.200000 2.4877433119910222e-03 
115.400000 2.4877433119559456e-03 
115.600000 2.4877433119133174e-03 
115.800000 2.4877433118638348e-03 
116.000000 2.4877433118081628e-03 
116.200000 2.4877433117469205e-03 
116.400000 2.4877433116806749e-03 
116.600000 2.4877433116099858e-03 
116.800000 2.4877433115353389e-03 
117.000000 2.4877433114572334e-03 
117.200000 2.4877433113761091e-03 
117.400000 2.4877433112923692e-03 
117.600000 2.4877433112064041e-03 
117.800000 2.4877433111185859e-03 
118.000000 2.4877433110292464e-03 
118.200000 2.4877433109387033e-03 
118.400000 2.4877433108472275e-03 
118.600000 2.4877433107550946e-03 
118.800000 2.4877433106625514e-03 
119.000000 2.4877433105698261e-03 
119.200000 2.4877433104771416e-03 
119.400000 2.4877433103846851e-03 
119.600000 2.4877433102926359e-03 
119.800000 2.4877433102011427e-03 
120.000000 2.4877433101103659e-03 
120.200000 2.4877433100204396e-03 
120.400000 2.4877433099314799e-03 
120.600000 2.4877433098436036e-03 
120.800000 2.4877433097569147e-03 
121.000000 2.4877433096714878e-03 
121.200000 2.4877433095874218e-03 
121.400000 2.4877433095047956e-03 
121.600000 2.4877433094236331e-03 
121.800000 2.4877433093439942e-03 
122.000000 2.4877433092659281e-03 
122.200000 2.4877433091894923e-03 
122.400000 2.4877433091147132e-03 
122.600000 2.4877433090416128e-03 
122.800000 2.4877433089702133e-03 
123.000000 2.4877433089005216e-03 
123.200000 2.4877433088325582e-03 
123.400000 2.4877433087663148e-03 
123.600000 2.4877433087018091e-03 
123.800000 2.4877433086390355e-03 
124.000000 2.4877433085779940e-03 
124.200000 2.4877433085186600e-03 
124.400000 2.4877433084610342e-03 
124.600000 2.4877433084050916e-03 
124.800000 2.4877433083508333e-03 
125.000000 2.4877433082982322e-03 
125.200000 2.4877433082472486e-03 
125.400000 2.4877433081978957e-03 
125.600000 2.4877433081501150e-03 
125.800000 2.4877433081039058e-03 
126.000000 2.4877433080592259e-03 
126.200000 2.4877433080160516e-03 
126.400000 2.4877433079743528e-03 
126.600000 2.4877433079341098e-03 
126.800000 2.4877433078952715e-03 
127.000000 2.4877433078578396e-03 
127.200000 2.4877433078217426e-03 
127.400000 2.4877433077869801e-03 
127.600000 2.4877433077534999e-03 
127.800000 2.4877433077212787e-03 
128.000000 2.4877433076902840e-03 
128.200000 2.4877433076604788e-03 
128.400000 2.4877433076318377e-03 
128.600000 2.4877433076043263e-03 
128.800000 2.4877433075779021e-03 
129.000000 2.4877433075525470e-03 
129.200000 2.4877433075282222e-03 
129.400000 2.4877433075048989e-03 
129.600000 2.4877433074825530e-03 
129.800000 2.4877433074611361e-03 
130.000000 2.4877433074406382e-03 
130.200000 2.4877433074210111e-03 
130.400000 2.4877433074022375e-03 
130.600000 2.4877433073842822e-03 
130.800000 2.4877433073671258e-03 
131.000000 2.4877433073507392e-03 
131.200000 2.4877433073350829e-03 
131.400000 2.4877433073201400e-03 
131.600000 2.4877433073058897e-03 
131.800000 2.4877433072922890e-03 
132.000000 2.4877433072793254e-03 
132.200000 2.4877433072669815e-03 
132.400000 2.4877433072552301e-03 
132.600000 2.4877433072440407e-03 
132.800000 2.4877433072333995e-03 
133.000000 2.4877433072232739e-03 
133.200000 2.4877433072136501e-03 
133.400000 2.4877433072045124e-03 
133.600000 2.4877433071958345e-03 
133.800000 2.4877433071875937e-03 
134.000000 2.4877433071797770e-03 
134.200000 2.4877433071723732e-03 
134.400000 2.4877433071653497e-03 
134.600000 2.4877433071586971e-03 
134.800000 2.4877433071524031e-03 
135.000000 2.4877433071464482e-03 
135.200000 2.4877433071408151e-03 
135.400000 2.4877433071354947e-03 
135.600000 2.4877433071304684e-03 
135.800000 2.4877433071257156e-03 
136.000000 2.4877433071212366e-03 
136.200000 2.4877433071170117e-03 
136.400000 2.4877433071130300e-03 
136.600000 2.4877433071092813e-03 
136.800000 2.4877433071057381e-03 
137.000000 2.4877433071024231e-03 
137.200000 2.4877433070992997e-03 
137.400000 2.4877433070963724e-03 
137.600000 2.4877433070936168e-03 
137.800000 2.4877433070910082e-03 
138.000000 2.4877433070885791e-03 
138.200000 2.4877433070863092e-03 
138.400000 2.4877433070841890e-03 
138.600000 2.4877433070821984e-03 
138.800000 2.4877433070803214e-03 
139.000000 2.4877433070785533e-03 
139.200000 2.4877433070769226e-03 
139.400000 2.4877433070754152e-03 
139.600000 2.4877433070739836e-03 
139.800000 2.4877433070726483e-03 
140.000000 2.4877433070714188e-03 
140.200000 2.4877433070702687e-03 
140.400000 2.4877433070691975e-03 
140.600000 2.4877433070681922e-03 
140.800000 2.4877433070672689e-03 
141.000000 2.4877433070664315e-03 
141.200000 2.4877433070656253e-03 
141.400000 2.4877433070649175e-03 
141.600000 2.4877433070642366e-03 
141.800000 2.4877433070635978e-03 
142.000000 2.4877433070630193e-03 
142.200000 2.4877433070624910e-03 
142.400000 2.4877433070619910e-03 
142.600000 2.4877433070615317e-03 
142.800000 2.4877433070611249e-03 
143.000000 2.4877433070607147e-03 
143.200000 2.4877433070603573e-03 
143.400000 2.4877433070600394e-03 
143.600000 2.4877433070597471e-03 
143.800000 2.4877433070594544e-03 
144.000000 2.4877433070591704e-03 
144.200000 2.4877433070589487e-03 
144.400000 2.4877433070587367e-03 
144.600000 2.4877433070585385e-03 
144.800000 2.4877433070583850e-03 
145.000000 2.4877433070581846e-03 
145.200000 2.4877433070580037e-03 
145.400000 2.4877433070578654e-03 
145.600000 2.4877433070577279e-03 
145.800000 2.4877433070575891e-03 
146.000000 2.4877433070574729e-03 
146.200000 2.4877433070574005e-03 
146.400000 2.4877433070573276e-03 
146.600000 2.4877433070572522e-03 
146.800000 2.4877433070571598e-03 
147.000000 2.4877433070570427e-03 
147.200000 2.4877433070569447e-03 
147.400000 2.4877433070568831e-03 
147.600000 2.4877433070568150e-03 
147.800000 2.4877433070567513e-03 
148.000000 2.4877433070566867e-03 
148.200000 2.4877433070566181e-03 
148.400000 2.4877433070565440e-03 
148.600000 2.4877433070564707e-03 
148.800000 2.4877433070564143e-03 
149.000000 2.4877433070564048e-03 
149.200000 2.4877433070563926e-03 
149.400000 2.4877433070563796e-03 
149.600000 2.4877433070563631e-03 
149.800000 2.4877433070563549e-03 
