0.000000 4.1704542253227462e-03 
0.200000 4.1704552552256869e-03 
0.400000 4.1704504686017000e-03 
0.600000 4.1704269152953643e-03 
0.800000 4.1703732130895406e-03 
1.000000 4.1702793875039411e-03 
1.200000 4.1701363399176709e-03 
1.400000 4.1699363499283831e-03 
1.600000 4.1696726343003407e-03 
1.800000 4.1693398762780252e-03 
2.000000 4.1689341637286270e-03 
2.200000 4.1684521787185057e-03 
2.400000 4.1678913768375368e-03 
2.600000 4.1672497353178748e-03 
2.800000 4.1665256851945043e-03 
3.000000 4.1657179866399574e-03 
3.200000 4.1648294230754003e-03 
3.400000 4.1638629836353936e-03 
3.600000 4.1628184651902175e-03 
3.800000 4.1616944414152113e-03 
4.000000 4.1604893371944875e-03 
4.200000 4.1592013851443179e-03 
4.400000 4.1578289670984375e-03 
4.600000 4.1563707651766793e-03 
4.800000 4.1548256474782065e-03 
5.000000 4.1531928043273512e-03 
5.200000 4.1514715638230294e-03 
5.400000 4.1496614941397281e-03 
5.600000 4.1477625465752071e-03 
5.800000 4.1457748294693487e-03 
6.000000 4.1436984817382989e-03 
6.200000 4.1415336523304078e-03 
6.400000 4.1392805781824615e-03 
6.600000 4.1369394857758909e-03 
6.800000 4.1345106103457202e-03 
7.000000 4.1319941321442859e-03 
7.200000 4.1293902254121830e-03 
7.400000 4.1266991408361884e-03 
7.600000 4.1239211342056301e-03 
7.800000 4.1210564592955154e-03 
8.000000 4.1181053817284617e-03 
8.200000 4.1150682220433424e-03 
8.400000 4.1119452944602770e-03 
8.600000 4.1087368999060854e-03 
8.800000 4.1054433343550153e-03 
9.000000 4.1020648996360808e-03 
9.200000 4.0986018672520465e-03 
9.400000 4.0950544729665478e-03 
9.600000 4.0914228985532257e-03 
9.800000 4.0877072737961649e-03 
10.000000 4.0839076914612488e-03 
10.200000 4.0800241898079374e-03 
10.400000 4.0760567520313970e-03 
10.600000 4.0720053107939809e-03 
10.800000 4.0678697546337938e-03 
11.000000 4.0636499207660328e-03 
11.200000 4.0593455917482509e-03 
11.400000 4.0549564961415967e-03 
11.600000 4.0504823091405181e-03 
11.800000 4.0459226448928270e-03 
12.000000 4.0412770551625813e-03 
12.200000 4.0365450251536985e-03 
12.400000 4.0317259721815374e-03 
12.600000 4.0268192468372469e-03 
12.800000 4.0218241280337869e-03 
13.000000 4.0167398220980494e-03 
13.200000 4.0115654627016833e-03 
13.400000 4.0063001112754749e-03 
13.600000 4.0009427550818134e-03 
13.800000 3.9954923073438446e-03 
14.000000 3.9899476064510957e-03 
14.200000 3.9843074157073543e-03 
14.400000 3.9785704232614344e-03 
14.600000 3.9727352401043589e-03 
14.800000 3.9668003983221707e-03 
15.000000 3.9607643488391471e-03 
15.200000 3.9546254583866340e-03 
15.400000 3.9483820044426800e-03 
15.600000 3.9420321689723481e-03 
15.800000 3.9355740304877641e-03 
16.000000 3.9290055538599017e-03 
16.200000 3.9223245769401029e-03 
16.400000 3.9155287944109603e-03 
16.600000 3.9086157378385288e-03 
16.800000 3.9015827518055178e-03 
17.000000 3.8944269657244963e-03 
17.200000 3.8871452604712186e-03 
17.400000 3.8797342301583296e-03 
17.600000 3.8721901386688266e-03 
17.800000 3.8645088709303331e-03 
18.000000 3.8566858789072945e-03 
18.200000 3.8487161229233111e-03 
18.400000 3.8405940087386380e-03 
18.600000 3.8323133213550172e-03 
18.800000 3.8238671567251280e-03 
19.000000 3.8152478527637250e-03 
19.200000 3.8064469216611864e-03 
19.400000 3.7974549856811222e-03 
19.600000 3.7882617190222044e-03 
19.800000 3.7788557985285313e-03 
20.000000 3.7692248665205010e-03 
20.200000 3.7593555090734902e-03 
20.400000 3.7492332532462853e-03 
20.600000 3.7388425867528850e-03 
20.800000 3.7281670035554729e-03 
21.000000 3.7171890785379540e-03 
21.200000 3.7058905740819303e-03 
21.400000 3.6942525808011340e-03 
21.600000 3.6822556939445387e-03 
21.800000 3.6698802261658356e-03 
22.000000 3.6571064562948806e-03 
22.200000 3.6439149126069712e-03 
22.400000 3.6302866878347067e-03 
22.600000 3.6162037818893234e-03 
22.800000 3.6016494669388098e-03 
23.000000 3.5866086682294195e-03 
23.200000 3.5710683528801172e-03 
23.400000 3.5550179179096343e-03 
23.600000 3.5384495679849498e-03 
23.800000 3.5213586729189120e-03 
24.000000 3.5037440948021388e-03 
24.200000 3.4856084748729746e-03 
24.400000 3.4669584708467128e-03 
24.600000 3.4478049363996211e-03 
24.800000 3.4281630358439052e-03 
25.000000 3.4080522886774374e-03 
25.200000 3.3874965405955165e-03 
25.400000 3.3665238596173323e-03 
25.600000 3.3451663581358306e-03 
25.800000 3.3234599438407117e-03 
26.000000 3.3014440044993737e-03 
26.200000 3.2791610334286518e-03 
26.400000 3.2566562040644642e-03 
26.600000 3.2339769032867162e-03 
26.800000 3.2111722340372574e-03 
27.000000 3.1882924982634519e-03 
27.200000 3.1653886713243584e-03 
27.400000 3.1425118787334490e-03 
27.600000 3.1197128855144519e-03 
27.800000 3.0970416075653011e-03 
28.000000 3.0745466533129103e-03 
28.200000 3.0522749026627863e-03 
28.400000 3.0302711288635914e-03 
28.600000 3.0085776674766917e-03 
28.800000 2.9872341352217570e-03 
29.000000 2.9662772001072969e-03 
29.200000 2.9457404029894717e-03 
29.400000 2.9256540295650585e-03 
29.600000 2.9060450308164803e-03 
29.800000 2.8869369890995207e-03 
30.000000 2.8683501264054156e-03 
30.200000 2.8503013508351664e-03 
30.400000 2.8328043369884523e-03 
30.600000 2.8158696357803181e-03 
30.800000 2.7995048091421699e-03 
31.000000 2.7837145851202297e-03 
31.200000 2.7685010290389770e-03 
31.400000 2.7538637266284289e-03 
31.600000 2.7397999753056104e-03 
31.800000 2.7263049801353775e-03 
32.000000 2.7133720513575145e-03 
32.200000 2.7009928007431616e-03 
32.400000 2.6891573344209885e-03 
32.600000 2.6778544401844274e-03 
32.800000 2.6670717676450600e-03 
33.000000 2.6567959999308577e-03 
33.200000 2.6470130159345585e-03 
33.400000 2.6377080423965566e-03 
33.600000 2.6288657953545884e-03 
33.800000 2.6204706107108224e-03 
34.000000 2.6125065638542715e-03 
34.200000 2.6049575784363303e-03 
34.400000 2.5978075245284555e-03 
34.600000 2.5910403064982584e-03 
34.800000 2.5846399410247166e-03 
35.000000 2.5785906257365029e-03 
35.200000 2.5728767990040296e-03 
35.400000 2.5674831914456889e-03 
35.600000 2.5623948697262788e-03 
35.800000 2.5575972732315064e-03 
36.000000 2.5530762441990829e-03 
36.200000 2.5488180518763687e-03 
36.400000 2.5448094112574650e-03 
36.600000 2.5410374969318428e-03 
36.800000 2.5374899525512111e-03 
37.000000 2.5341548963945608e-03 
37.200000 2.5310209234821789e-03 
37.400000 2.5280771046599206e-03 
37.600000 2.5253129830446956e-03 
37.800000 2.5227185681925921e-03 
38.000000 2.5202843283211101e-03 
38.200000 2.5180011808891810e-03 
38.400000 2.5158604818102353e-03 
38.600000 2.5138540135482097e-03 
38.800000 2.5119739723209315e-03 
39.000000 2.5102129546116826e-03 
39.200000 2.5085639431684736e-03 
39.400000 2.5070202926491991e-03 
39.600000 2.5055757150523631e-03 
39.800000 2.5042242650554253e-03 
40.000000 2.5029603253665777e-03 
40.200000 2.5017785921811375e-03 
40.400000 2.5006740608204780e-03 
40.600000 2.4996420116191356e-03 
40.800000 2.4986779961145237e-03 
41.000000 2.4977778235849108e-03 
41.200000 2.4969375479710933e-03 
41.400000 2.4961534552106024e-03 
41.600000 2.4954220510059453e-03 
41.800000 2.4947400490420730e-03 
42.000000 2.4941043596636010e-03 
42.200000 2.4935120790170111e-03 
42.400000 2.4929604786596000e-03 
42.600000 2.4924469956333246e-03 
42.800000 2.4919692229986305e-03 
43.000000 2.4915249008212689e-03 
43.200000 2.4911119076028838e-03 
43.400000 2.4907282521443226e-03 
43.600000 2.4903720658296258e-03 
43.800000 2.4900415953174153e-03 
44.000000 2.4897351956254922e-03 
44.200000 2.4894513235941712e-03 
44.400000 2.4891885317132735e-03 
44.600000 2.4889454622973998e-03 
44.800000 2.4887208419944662e-03 
45.000000 2.4885134766119222e-03 
45.200000 2.4883222462457658e-03 
45.400000 2.4881461006973681e-03 
45.600000 2.4879840551635191e-03 
45.800000 2.4878351861856805e-03 
46.000000 2.4876986278443806e-03 
46.200000 2.4875735681856646e-03 
46.400000 2.4874592458665671e-03 
46.600000 2.4873549470075290e-03 
46.800000 2.4872600022394485e-03 
47.000000 2.4871737839345276e-03 
47.200000 2.4870957036098127e-03 
47.400000 2.4870252094932139e-03 
47.600000 2.4869617842422226e-03 
47.800000 2.4869049428059729e-03 
48.000000 2.4868542304220627e-03 
48.200000 2.4868092207394185e-03 
48.400000 2.4867695140598808e-03 
48.600000 2.4867347356904304e-03 
48.800000 2.4867045343997191e-03 
49.000000 2.4866785809718548e-03 
49.200000 2.4866565668513847e-03 
49.400000 2.4866382028738069e-03 
49.600000 2.4866232180757999e-03 
49.800000 2.4866113585804168e-03 
50.000000 2.4866023865521671e-03 
50.200000 2.4865960792175754e-03 
50.400000 2.4865922279469774e-03 
50.600000 2.4865906373935597e-03 
50.800000 2.4865911246860621e-03 
51.000000 2.4865935186715485e-03 
51.200000 2.4865976592049828e-03 
51.400000 2.4866033964828158e-03 
51.600000 2.4866105904175258e-03 
51.800000 2.4866191100504443e-03 
52.000000 2.4866288330006930e-03 
52.200000 2.4866396449476015e-03 
52.400000 2.4866514391446233e-03 
52.600000 2.4866641159627385e-03 
52.800000 2.4866775824614012e-03 
53.000000 2.4866917519853629e-03 
53.200000 2.4867065437857209e-03 
53.400000 2.4867218826634964e-03 
53.600000 2.4867376986346936e-03 
53.800000 2.4867539266150798e-03 
54.000000 2.4867705061237858e-03 
54.200000 2.4867873810044136e-03 
54.400000 2.4868044991624809e-03 
54.600000 2.4868218123184965e-03 
54.800000 2.4868392757753260e-03 
55.000000 2.4868568481992977e-03 
55.200000 2.4868744914140341e-03 
55.400000 2.4868921702063747e-03 
55.600000 2.4869098521433756e-03 
55.800000 2.4869275074002792e-03 
56.000000 2.4869451085981261e-03 
56.200000 2.4869626306509357e-03 
56.400000 2.4869800506217006e-03 
56.600000 2.4869973475867245e-03 
56.800000 2.4870145025076892e-03 
57.000000 2.4870314981112508e-03 
57.200000 2.4870483187755059e-03 
57.400000 2.4870649504229489e-03 
57.600000 2.4870813804197607e-03 
57.800000 2.4870975974808115e-03 
58.000000 2.4871135915801499e-03 
58.200000 2.4871293538667040e-03 
58.400000 2.4871448765849016e-03 
58.600000 2.4871601529998224e-03 
58.800000 2.4871751773267760e-03 
59.000000 2.4871899446649061e-03 
59.200000 2.4872044509347971e-03 
59.400000 2.4872186928195641e-03 
59.600000 2.4872326677096166e-03 
59.800000 2.4872463736505066e-03 
60.000000 2.4872598092939438e-03 
60.200000 2.4872729738517189e-03 
60.400000 2.4872858670523979e-03 
60.600000 2.4872984891005411e-03 
60.800000 2.4873108406385106e-03 
61.000000 2.4873229227104399e-03 
61.200000 2.4873347367285921e-03 
61.400000 2.4873462844415299e-03 
61.600000 2.4873575679045835e-03 
61.800000 2.4873685894517945e-03 
62.000000 2.4873793516699901e-03 
62.200000 2.4873898573741370e-03 
62.400000 2.4874001095845774e-03 
62.600000 2.4874101115055017e-03 
62.800000 2.4874198665049778e-03 
63.000000 2.4874293780961956e-03 
63.200000 2.4874386499199935e-03 
63.400000 2.4874476857285506e-03 
63.600000 2.4874564893701779e-03 
63.800000 2.4874650647751348e-03 
64.000000 2.4874734159425274e-03 
64.200000 2.4874815469279896e-03 
64.400000 2.4874894618323188e-03 
64.600000 2.4874971647909781e-03 
64.800000 2.4875046599642792e-03 
65.000000 2.4875119515283756e-03 
65.200000 2.4875190436668857e-03 
65.400000 2.4875259405632453e-03 
65.600000 2.4875326463935791e-03 
65.800000 2.4875391653202306e-03 
66.000000 2.4875455014857447e-03 
66.200000 2.4875516590074412e-03 
66.400000 2.4875576419724440e-03 
66.600000 2.4875634544331022e-03 
66.800000 2.4875691004029254e-03 
67.000000 2.4875745838528144e-03 
67.200000 2.4875799087077338e-03 
67.400000 2.4875850788437289e-03 
67.600000 2.4875900980851993e-03 
67.800000 2.4875949702025430e-03 
68.000000 2.4875996989100813e-03 
68.200000 2.4876042878641705e-03 
68.400000 2.4876087406616757e-03 
68.600000 2.4876130608385812e-03 
68.800000 2.4876172518688627e-03 
69.000000 2.4876213171635187e-03 
69.200000 2.4876252600698778e-03 
69.400000 2.4876290838709218e-03 
69.600000 2.4876327917849107e-03 
69.800000 2.4876363869651102e-03 
70.000000 2.4876398724995976e-03 
70.200000 2.4876432514112866e-03 
70.400000 2.4876465266580145e-03 
70.600000 2.4876497011327354e-03 
70.800000 2.4876527776637822e-03 
71.000000 2.4876557590153129e-03 
71.200000 2.4876586478877580e-03 
71.400000 2.4876614469183374e-03 
71.600000 2.4876641586816838e-03 
71.800000 2.4876667856905412e-03 
72.000000 2.4876693303964130e-03 
72.200000 2.4876717951904316e-03 
72.400000 2.4876741824040819e-03 
72.600000 2.4876764943101001e-03 
72.800000 2.4876787331233829e-03 
73.000000 2.4876809010018282e-03 
73.200000 2.4876830000473780e-03 
73.400000 2.4876850323068780e-03 
73.600000 2.4876869997731677e-03 
73.800000 2.4876889043859507e-03 
74.000000 2.4876907480329636e-03 
74.200000 2.4876925325508499e-03 
74.400000 2.4876942597262543e-03 
74.600000 2.4876959312968394e-03 
74.800000 2.4876975489523273e-03 
75.000000 2.4876991143355284e-03 
75.200000 2.4877006290433606e-03 
75.400000 2.4877020946278547e-03 
75.600000 2.4877035125972706e-03 
75.800000 2.4877048844169822e-03 
76.000000 2.4877062115105874e-03 
76.200000 2.4877074952608220e-03 
76.400000 2.4877087370106426e-03 
76.600000 2.4877099380641219e-03 
76.800000 2.4877110996874463e-03 
77.000000 2.4877122231098726e-03 
77.200000 2.4877133095246493e-03 
77.400000 2.4877143600899468e-03 
77.600000 2.4877153759297983e-03 
77.800000 2.4877163581349410e-03 
78.000000 2.4877173077637147e-03 
78.200000 2.4877182258429462e-03 
78.400000 2.4877191133688146e-03 
78.600000 2.4877199713075784e-03 
78.800000 2.4877208005965120e-03 
79.000000 2.4877216021446571e-03 
79.200000 2.4877223768335587e-03 
79.400000 2.4877231255181066e-03 
79.600000 2.4877238490272598e-03 
79.800000 2.4877245481647312e-03 
80.000000 2.4877252237097405e-03 
80.200000 2.4877258764177384e-03 
80.400000 2.4877265070210549e-03 
80.600000 2.4877271162295242e-03 
80.800000 2.4877277047312199e-03 
81.000000 2.4877282731930292e-03 
81.200000 2.4877288222613010e-03 
81.400000 2.4877293525624187e-03 
81.600000 2.4877298647033967e-03 
81.800000 2.4877303592724625e-03 
82.000000 2.4877308368396038e-03 
82.200000 2.4877312979570969e-03 
82.400000 2.4877317431600660e-03 
82.600000 2.4877321729669653e-03 
82.800000 2.4877325878800900e-03 
83.000000 2.4877329883860482e-03 
83.200000 2.4877333749562455e-03 
83.400000 2.4877337480473660e-03 
83.600000 2.4877341081017434e-03 
83.800000 2.4877344555478756e-03 
84.000000 2.4877347908008060e-03 
84.200000 2.4877351142625196e-03 
84.400000 2.4877354263223837e-03 
84.600000 2.4877357273574920e-03 
84.800000 2.4877360177330155e-03 
85.000000 2.4877362978026601e-03 
85.200000 2.4877365679089347e-03 
85.400000 2.4877368283835106e-03 
85.600000 2.4877370795475875e-03 
85.800000 2.4877373217121446e-03 
86.000000 2.4877375551783385e-03 
86.200000 2.4877377802377601e-03 
86.400000 2.4877379971727049e-03 
86.600000 2.4877382062565030e-03 
86.800000 2.4877384077538222e-03 
87.000000 2.4877386019208146e-03 
87.200000 2.4877387890055130e-03 
87.400000 2.4877389692480206e-03 
87.600000 2.4877391428807290e-03 
87.800000 2.4877393101286017e-03 
88.000000 2.4877394712094301e-03 
88.200000 2.4877396263339627e-03 
88.400000 2.4877397757061791e-03 
88.600000 2.4877399195235420e-03 
88.800000 2.4877400579770927e-03 
89.000000 2.4877401912517514e-03 
89.200000 2.4877403195264487e-03 
89.400000 2.4877404429743148e-03 
89.600000 2.4877405617629274e-03 
89.800000 2.4877406760543497e-03 
90.000000 2.4877407860054239e-03 
90.200000 2.4877408917678948e-03 
90.400000 2.4877409934885436e-03 
90.600000 2.4877410913093888e-03 
90.800000 2.4877411853677566e-03 
91.000000 2.4877412757965422e-03 
91.200000 2.4877413627242208e-03 
91.400000 2.4877414462750888e-03 
91.600000 2.4877415265693297e-03 
91.800000 2.4877416037231859e-03 
92.000000 2.4877416778490359e-03 
92.200000 2.4877417490555367e-03 
92.400000 2.4877418174477752e-03 
92.600000 2.4877418831272986e-03 
92.800000 2.4877419461923327e-03 
93.000000 2.4877420067377747e-03 
93.200000 2.4877420648553796e-03 
93.400000 2.4877421206337936e-03 
93.600000 2.4877421741587398e-03 
93.800000 2.4877422255130091e-03 
94.000000 2.4877422747766158e-03 
94.200000 2.4877423220268746e-03 
94.400000 2.4877423673384715e-03 
94.600000 2.4877424107835637e-03 
94.800000 2.4877424524318292e-03 
95.000000 2.4877424923506028e-03 
95.200000 2.4877425306048780e-03 
95.400000 2.4877425672574578e-03 
95.600000 2.4877426023689323e-03 
95.800000 2.4877426359978432e-03 
96.000000 2.4877426682006877e-03 
96.200000 2.4877426990320222e-03 
96.400000 2.4877427285444529e-03 
96.600000 2.4877427567888367e-03 
96.800000 2.4877427838141644e-03 
97.000000 2.4877428096677684e-03 
97.200000 2.4877428343952593e-03 
97.400000 2.4877428580406947e-03 
97.600000 2.4877428806465368e-03 
97.800000 2.4877429022537394e-03 
98.000000 2.4877429229018273e-03 
98.200000 2.4877429426288559e-03 
98.400000 2.4877429614715727e-03 
98.600000 2.4877429794653710e-03 
98.800000 2.4877429966443827e-03 
99.000000 2.4877430130414791e-03 
99.200000 2.4877430286883453e-03 
99.400000 2.4877430436155159e-03 
99.600000 2.4877430578524309e-03 
99.800000 2.4877430714273937e-03 
100.000000 2.4877430843677109e-03 
100.200000 2.4877430966996537e-03 
100.400000 2.4877431084485346e-03 
100.600000 2.4877431196387049e-03 
100.800000 2.4877431302936181e-03 
101.000000 2.4877431404358311e-03 
101.200000 2.4877431500870575e-03 
101.400000 2.4877431592682212e-03 
101.600000 2.4877431679993815e-03 
101.800000 2.4877431762998898e-03 
102.000000 2.4877431841883371e-03 
102.200000 2.4877431916826100e-03 
102.400000 2.4877431987998665e-03 
102.600000 2.4877432055566439e-03 
102.800000 2.4877432119688333e-03 
103.000000 2.4877432180516702e-03 
103.200000 2.4877432238197988e-03 
103.400000 2.4877432292873254e-03 
103.600000 2.4877432344677596e-03 
103.800000 2.4877432393740758e-03 
104.000000 2.4877432440187450e-03 
104.200000 2.4877432484137268e-03 
104.400000 2.4877432525705128e-03 
104.600000 2.4877432565000943e-03 
104.800000 2.4877432602130687e-03 
105.000000 2.4877432637195403e-03 
105.200000 2.4877432670292513e-03 
105.400000 2.4877432701515016e-03 
105.600000 2.4877432730952297e-03 
105.800000 2.4877432758690057e-03 
106.000000 2.4877432784810097e-03 
106.200000 2.4877432809391154e-03 
106.400000 2.4877432832508327e-03 
106.600000 2.4877432854233765e-03 
106.800000 2.4877432874636229e-03 
107.000000 2.4877432893781852e-03 
107.200000 2.4877432911733707e-03 
107.400000 2.4877432928552298e-03 
107.600000 2.4877432944295222e-03 
107.800000 2.4877432959017945e-03 
108.000000 2.4877432972773036e-03 
108.200000 2.4877432985610901e-03 
108.400000 2.4877432997579990e-03 
108.600000 2.4877433008726134e-03 
108.800000 2.4877433019093315e-03 
109.000000 2.4877433028723602e-03 
109.200000 2.4877433037656985e-03 
109.400000 2.4877433045931529e-03 
109.600000 2.4877433053583902e-03 
109.800000 2.4877433060648568e-03 
110.000000 2.4877433067158976e-03 
110.200000 2.4877433073146379e-03 
110.400000 2.4877433078641150e-03 
110.600000 2.4877433083671566e-03 
110.800000 2.4877433088264993e-03 
111.000000 2.4877433092447619e-03 
111.200000 2.4877433096243797e-03 
111.400000 2.4877433099676997e-03 
111.600000 2.4877433102769727e-03 
111.800000 2.4877433105542994e-03 
112.000000 2.4877433108017061e-03 
112.200000 2.4877433110210979e-03 
112.400000 2.4877433112142867e-03 
112.600000 2.4877433113829808e-03 
112.800000 2.4877433115288428e-03 
113.000000 2.4877433116534007e-03 
113.200000 2.4877433117581169e-03 
113.400000 2.4877433118444020e-03 
113.600000 2.4877433119135269e-03 
113.800000 2.4877433119667651e-03 
114.000000 2.4877433120052894e-03 
114.200000 2.4877433120302052e-03 
114.400000 2.4877433120425599e-03 
114.600000 2.4877433120433549e-03 
114.800000 2.4877433120335073e-03 
115.000000 2.4877433120139131e-03 
115.200000 2.4877433119854038e-03 
115.400000 2.4877433119487365e-03 
115.600000 2.4877433119046763e-03 
115.800000 2.4877433118538853e-03 
116.000000 2.4877433117970319e-03 
116.200000 2.4877433117347341e-03 
116.400000 2.4877433116675483e-03 
116.600000 2.4877433115960156e-03 
116.800000 2.4877433115206315e-03 
117.000000 2.4877433114418694e-03 
117.200000 2.4877433113601735e-03 
117.400000 2.4877433112759522e-03 
117.600000 2.4877433111895769e-03 
117.800000 2.4877433111014217e-03 
118.000000 2.4877433110118085e-03 
118.200000 2.4877433109210356e-03 
118.400000 2.4877433108293954e-03 
118.600000 2.4877433107371567e-03 
118.800000 2.4877433106445562e-03 
119.000000 2.4877433105518162e-03 
119.200000 2.4877433104591464e-03 
119.400000 2.4877433103667403e-03 
119.600000 2.4877433102747761e-03 
119.800000 2.4877433101834078e-03 
120.000000 2.4877433100927854e-03 
120.200000 2.4877433100030395e-03 
120.400000 2.4877433099142845e-03 
120.600000 2.4877433098266055e-03 
120.800000 2.4877433097401603e-03 
121.000000 2.4877433096550205e-03 
121.200000 2.4877433095712286e-03 
121.400000 2.4877433094888700e-03 
121.600000 2.4877433094079968e-03 
121.800000 2.4877433093286692e-03 
122.000000 2.4877433092509219e-03 
122.200000 2.4877433091748083e-03 
122.400000 2.4877433091003592e-03 
122.600000 2.4877433090275810e-03 
122.800000 2.4877433089565068e-03 
123.000000 2.4877433088871660e-03 
123.200000 2.4877433088195404e-03 
123.400000 2.4877433087536478e-03 
123.600000 2.4877433086894774e-03 
123.800000 2.4877433086270442e-03 
124.000000 2.4877433085663350e-03 
124.200000 2.4877433085073435e-03 
124.400000 2.4877433084500534e-03 
124.600000 2.4877433083944503e-03 
124.800000 2.4877433083405100e-03 
125.000000 2.4877433082882323e-03 
125.200000 2.4877433082375784e-03 
125.400000 2.4877433081885365e-03 
125.600000 2.4877433081410692e-03 
125.800000 2.4877433080951646e-03 
126.000000 2.4877433080507825e-03 
126.200000 2.4877433080079097e-03 
126.400000 2.4877433079664984e-03 
126.600000 2.4877433079265360e-03 
126.800000 2.4877433078879874e-03 
127.000000 2.4877433078508110e-03 
127.200000 2.4877433078149863e-03 
127.400000 2.4877433077804723e-03 
127.600000 2.4877433077472415e-03 
127.800000 2.4877433077152679e-03 
128.000000 2.4877433076845182e-03 
128.200000 2.4877433076549390e-03 
128.400000 2.4877433076265268e-03 
128.600000 2.4877433075992383e-03 
128.800000 2.4877433075730323e-03 
129.000000 2.4877433075478832e-03 
129.200000 2.4877433075237657e-03 
129.400000 2.4877433075006310e-03 
129.600000 2.4877433074784673e-03 
129.800000 2.4877433074572417e-03 
130.000000 2.4877433074369164e-03 
130.200000 2.4877433074174679e-03 
130.400000 2.4877433073988557e-03 
130.600000 2.4877433073810626e-03 
130.800000 2.4877433073640601e-03 
131.000000 2.4877433073478158e-03 
131.200000 2.4877433073323082e-03 
131.400000 2.4877433073175054e-03 
131.600000 2.4877433073033830e-03 
131.800000 2.4877433072899111e-03 
132.000000 2.4877433072770794e-03 
132.200000 2.4877433072648556e-03 
132.400000 2.4877433072532130e-03 
132.600000 2.4877433072421364e-03 
132.800000 2.4877433072315958e-03 
133.000000 2.4877433072215760e-03 
133.200000 2.4877433072120541e-03 
133.400000 2.4877433072030080e-03 
133.600000 2.4877433071944142e-03 
133.800000 2.4877433071862627e-03 
134.000000 2.4877433071785319e-03 
134.200000 2.4877433071711971e-03 
134.400000 2.4877433071642551e-03 
134.600000 2.4877433071576797e-03 
134.800000 2.4877433071514477e-03 
135.000000 2.4877433071455591e-03 
135.200000 2.4877433071399859e-03 
135.400000 2.4877433071347306e-03 
135.600000 2.4877433071297584e-03 
135.800000 2.4877433071250703e-03 
136.000000 2.4877433071206329e-03 
136.200000 2.4877433071164540e-03 
136.400000 2.4877433071125213e-03 
136.600000 2.4877433071088190e-03 
136.800000 2.4877433071053218e-03 
137.000000 2.4877433071020501e-03 
137.200000 2.4877433070989710e-03 
137.400000 2.4877433070960705e-03 
137.600000 2.4877433070933422e-03 
137.800000 2.4877433070907714e-03 
138.000000 2.4877433070883723e-03 
138.200000 2.4877433070861362e-03 
138.400000 2.4877433070840341e-03 
138.600000 2.4877433070820613e-03 
138.800000 2.4877433070802208e-03 
139.000000 2.4877433070784887e-03 
139.200000 2.4877433070768923e-03 
139.400000 2.4877433070753913e-03 
139.600000 2.4877433070739749e-03 
139.800000 2.4877433070726648e-03 
140.000000 2.4877433070714440e-03 
140.200000 2.4877433070703077e-03 
140.400000 2.4877433070692452e-03 
140.600000 2.4877433070682529e-03 
140.800000 2.4877433070673700e-03 
141.000000 2.4877433070665312e-03 
141.200000 2.4877433070657467e-03 
141.400000 2.4877433070650324e-03 
141.600000 2.4877433070643680e-03 
141.800000 2.4877433070637587e-03 
142.000000 2.4877433070631780e-03 
142.200000 2.4877433070626498e-03 
142.400000 2.4877433070621601e-03 
142.600000 2.4877433070617169e-03 
142.800000 2.4877433070612971e-03 
143.000000 2.4877433070609033e-03 
143.200000 2.4877433070605521e-03 
143.400000 2.4877433070602233e-03 
143.600000 2.4877433070599427e-03 
143.800000 2.4877433070596366e-03 
144.000000 2.4877433070593872e-03 
144.200000 2.4877433070591378e-03 
144.400000 2.4877433070589470e-03 
144.600000 2.4877433070587627e-03 
144.800000 2.4877433070585667e-03 
145.000000 2.4877433070584032e-03 
145.200000 2.4877433070582332e-03 
145.400000 2.4877433070580662e-03 
145.600000 2.4877433070579456e-03 
145.800000 2.4877433070578407e-03 
146.000000 2.4877433070577379e-03 
146.200000 2.4877433070576369e-03 
146.400000 2.4877433070575306e-03 
146.600000 2.4877433070574651e-03 
146.800000 2.4877433070574083e-03 
147.000000 2.4877433070573073e-03 
147.200000 2.4877433070572084e-03 
147.400000 2.4877433070571143e-03 
147.600000 2.4877433070570128e-03 
147.800000 2.4877433070569469e-03 
148.000000 2.4877433070569035e-03 
148.200000 2.4877433070568606e-03 
148.400000 2.4877433070568146e-03 
148.600000 2.4877433070567717e-03 
148.800000 2.4877433070567274e-03 
149.000000 2.4877433070566828e-03 
149.200000 2.4877433070566390e-03 
149.400000 2.4877433070565912e-03 
149.600000 2.4877433070565540e-03 
149.800000 2.4877433070565132e-03 
