0.000000 5.0789139616196233e-01 
0.200000 5.0789227051961350e-01 
0.400000 5.0789583859461340e-01 
0.600000 5.0790079054357751e-01 
0.800000 5.0790576697695666e-01 
1.000000 5.0790965601447102e-01 
1.200000 5.0791144591780124e-01 
1.400000 5.0791025271909751e-01 
1.600000 5.0790513363375178e-01 
1.800000 5.0789526463158319e-01 
2.000000 5.0787985373458633e-01 
2.200000 5.0785827520564564e-01 
2.400000 5.0783013840969682e-01 
2.600000 5.0779515965866151e-01 
2.800000 5.0775308426963961e-01 
3.000000 5.0770368508353481e-01 
3.200000 5.0764677442420136e-01 
3.400000 5.0758215600255985e-01 
3.600000 5.0751009754981014e-01 
3.800000 5.0743152218454790e-01 
4.000000 5.0734622627359693e-01 
4.200000 5.0725389024300815e-01 
4.400000 5.0715420175787362e-01 
4.600000 5.0704683520289662e-01 
4.800000 5.0693147618336054e-01 
5.000000 5.0680779013324129e-01 
5.200000 5.0667547235443433e-01 
5.400000 5.0653423432876499e-01 
5.600000 5.0638380762216995e-01 
5.800000 5.0622392765434554e-01 
6.000000 5.0605433704805280e-01 
6.200000 5.0587477988099239e-01 
6.400000 5.0568499515983711e-01 
6.600000 5.0548471253285587e-01 
6.800000 5.0527364592299651e-01 
7.000000 5.0505148867091032e-01 
7.200000 5.0481788424603191e-01 
7.400000 5.0457244508037835e-01 
7.600000 5.0431476355486982e-01 
7.800000 5.0404441279087608e-01 
8.000000 5.0376094650780812e-01 
8.200000 5.0346389824339288e-01 
8.400000 5.0315277979994755e-01 
8.600000 5.0282707988796072e-01 
8.800000 5.0248626216296299e-01 
9.000000 5.0212976250447960e-01 
9.200000 5.0175698656623879e-01 
9.400000 5.0136730679632358e-01 
9.600000 5.0096006020401751e-01 
9.800000 5.0053454580679202e-01 
10.000000 5.0009002303968209e-01 
10.200000 4.9962571010323870e-01 
10.400000 4.9914078113959809e-01 
10.600000 4.9863436324450827e-01 
10.800000 4.9810553326094931e-01 
11.000000 4.9755331548844778e-01 
11.200000 4.9697667916342947e-01 
11.400000 4.9637453571774243e-01 
11.600000 4.9574573552660733e-01 
11.800000 4.9508906442159972e-01 
12.000000 4.9440323989673490e-01 
12.200000 4.9368690717555341e-01 
12.400000 4.9293863500152435e-01 
12.600000 4.9215691129507344e-01 
12.800000 4.9134013862678561e-01 
13.000000 4.9048662957826644e-01 
13.200000 4.8959460195490156e-01 
13.400000 4.8866217381910870e-01 
13.600000 4.8768735837879928e-01 
13.800000 4.8666805873977587e-01 
14.000000 4.8560206261004418e-01 
14.200000 4.8448703694899065e-01 
14.400000 4.8332052259474134e-01 
14.600000 4.8209992886381248e-01 
14.800000 4.8082252819986326e-01 
15.000000 4.7948545093289929e-01 
15.200000 4.7808568023285380e-01 
15.400000 4.7662004734840241e-01 
15.600000 4.7508522724944902e-01 
15.800000 4.7347773478686705e-01 
16.000000 4.7179392150545063e-01 
16.200000 4.7002997327245905e-01 
16.400000 4.6818190888769901e-01 
16.600000 4.6624557987928877e-01 
16.800000 4.6421667168999031e-01 
17.000000 4.6209070649823974e-01 
17.200000 4.5986304792573951e-01 
17.400000 4.5752890791133077e-01 
17.600000 4.5508335604085670e-01 
17.800000 4.5252133163801073e-01 
18.000000 4.4983765893519451e-01 
18.200000 4.4702706564203865e-01 
18.400000 4.4408420523260828e-01 
18.600000 4.4100368325285910e-01 
18.800000 4.3778008793400108e-01 
19.000000 4.3440802535884199e-01 
19.200000 4.3088215938500724e-01 
19.400000 4.2719725646424456e-01 
19.600000 4.2334823542119326e-01 
19.800000 4.1933022216173793e-01 
20.000000 4.1513860917202777e-01 
20.200000 4.1076911954298034e-01 
20.400000 4.0621787511481944e-01 
20.600000 4.0148146818362263e-01 
20.800000 3.9655703604691328e-01 
21.000000 3.9144233749569279e-01 
21.200000 3.8613583018586323e-01 
21.400000 3.8063674765247063e-01 
21.600000 3.7494517456834447e-01 
21.800000 3.6906211870405770e-01 
22.000000 3.6298957792493125e-01 
22.200000 3.5673060047245403e-01 
22.400000 3.5028933673030099e-01 
22.600000 3.4367108067647872e-01 
22.800000 3.3688229928183605e-01 
23.000000 3.2993064823553697e-01 
23.200000 3.2282497256554332e-01 
23.400000 3.1557529097629494e-01 
23.600000 3.0819276304533477e-01 
23.800000 3.0068963879868627e-01 
24.000000 2.9307919061199239e-01 
24.200000 2.8537562784628068e-01 
24.400000 2.7759399510716232e-01 
24.600000 2.6975005549396197e-01 
24.800000 2.6186016066012990e-01 
25.000000 2.5394110991688407e-01 
25.200000 2.4601000095832876e-01 
25.400000 2.3808407505167606e-01 
25.600000 2.3018055970692841e-01 
25.800000 2.2231651190885587e-01 
26.000000 2.1450866495726736e-01 
26.200000 2.0677328182255456e-01 
26.400000 1.9912601769056346e-01 
26.600000 1.9158179405685297e-01 
26.800000 1.8415468635194160e-01 
27.000000 1.7685782665495936e-01 
27.200000 1.6970332260314658e-01 
27.400000 1.6270219314851445e-01 
27.600000 1.5586432136901507e-01 
27.800000 1.4919842412560075e-01 
28.000000 1.4271203798176163e-01 
28.200000 1.3641152047810440e-01 
28.400000 1.3030206558760857e-01 
28.600000 1.2438773197036064e-01 
28.800000 1.1867148249988681e-01 
29.000000 1.1315523344419195e-01 
29.200000 1.0783991164883568e-01 
29.400000 1.0272551808090663e-01 
29.600000 9.7811196144794749e-02 
29.800000 9.3095303265878143e-02 
30.000000 8.8575484349305095e-02 
30.200000 8.4248745850924359e-02 
30.400000 8.0111529339468274e-02 
30.600000 7.6159783577494242e-02 
30.800000 7.2389034298246974e-02 
31.000000 6.8794451002244725e-02 
31.200000 6.5370910237566707e-02 
31.400000 6.2113054958968947e-02 
31.600000 5.9015349681102738e-02 
31.800000 5.6072131249099363e-02 
32.000000 5.3277655144930096e-02 
32.200000 5.0626137330079396e-02 
32.400000 4.8111791694469670e-02 
32.600000 4.5728863238720760e-02 
32.800000 4.3471657162561558e-02 
33.000000 4.1334564067448079e-02 
33.200000 3.9312081507230506e-02 
33.400000 3.7398832138147028e-02 
33.600000 3.5589578729629749e-02 
33.800000 3.3879236301399523e-02 
34.000000 3.2262881651212903e-02 
34.200000 3.0735760532254530e-02 
34.400000 2.9293292730499302e-02 
34.600000 2.7931075281096771e-02 
34.800000 2.6644884049702135e-02 
35.000000 2.5430673890237530e-02 
35.200000 2.4284577575343250e-02 
35.400000 2.3202903680190599e-02 
35.600000 2.2182133584712188e-02 
35.800000 2.1218917743943893e-02 
36.000000 2.0310071361302265e-02 
36.200000 1.9452569585366560e-02 
36.400000 1.8643542337265080e-02 
36.600000 1.7880268863118377e-02 
36.800000 1.7160172094251944e-02 
37.000000 1.6480812887050902e-02 
37.200000 1.5839884204415115e-02 
37.400000 1.5235205291751331e-02 
37.600000 1.4664715892290866e-02 
37.800000 1.4126470539203318e-02 
38.000000 1.3618632955447380e-02 
38.200000 1.3139470586502892e-02 
38.400000 1.2687349286020465e-02 
38.600000 1.2260728169944451e-02 
38.800000 1.1858154650761040e-02 
39.000000 1.1478259660147637e-02 
39.200000 1.1119753065395168e-02 
39.400000 1.0781419282500336e-02 
39.600000 1.0462113086729789e-02 
39.800000 1.0160755619704212e-02 
40.000000 9.8763305905966072e-03 
40.200000 9.6078806678499707e-03 
40.400000 9.3545040568627658e-03 
40.600000 9.1153512583348594e-03 
40.800000 8.8896220013877179e-03 
41.000000 8.6765623451429477e-03 
41.200000 8.4754619421435126e-03 
41.400000 8.2856514568115311e-03 
41.600000 8.1065001320396891e-03 
41.800000 7.9374134969925261e-03 
42.000000 7.7778312092386930e-03 
42.200000 7.6272250244312952e-03 
42.400000 7.4850968868939603e-03 
42.600000 7.3509771346415556e-03 
42.800000 7.2244228125649505e-03 
43.000000 7.1050160877271385e-03 
43.200000 6.9923627609512953e-03 
43.400000 6.8860908691232544e-03 
43.600000 6.7858493728791807e-03 
43.800000 6.6913069245987233e-03 
44.000000 6.6021507118740382e-03 
44.200000 6.5180853718710260e-03 
44.400000 6.4388319722427298e-03 
44.600000 6.3641270544900520e-03 
44.800000 6.2937217358948047e-03 
45.000000 6.2273808663718087e-03 
45.200000 6.1648822367992087e-03 
45.400000 6.1060158355912596e-03 
45.600000 6.0505831504711234e-03 
45.800000 5.9983965125895667e-03 
46.000000 5.9492784803087673e-03 
46.200000 5.9030612601406055e-03 
46.400000 5.8595861624853402e-03 
46.600000 5.8187030899663076e-03 
46.800000 5.7802700562981568e-03 
47.000000 5.7441527337575233e-03 
47.200000 5.7102240274506987e-03 
47.400000 5.6783636746895729e-03 
47.600000 5.6484578678975498e-03 
47.800000 5.6203988995693309e-03 
48.000000 5.5940848279060779e-03 
48.200000 5.5694191618364391e-03 
48.400000 5.5463105642196706e-03 
48.600000 5.5246725721050322e-03 
48.800000 5.5044233329958276e-03 
49.000000 5.4854853561351457e-03 
49.200000 5.4677852778945270e-03 
49.400000 5.4512536404071410e-03 
49.600000 5.4358246826423026e-03 
49.800000 5.4214361431710132e-03 
50.000000 5.4080290739199777e-03 
50.200000 5.3955476642583034e-03 
50.400000 5.3839390748013811e-03 
50.600000 5.3731532803578883e-03 
50.800000 5.3631429214809475e-03 
51.000000 5.3538631641200998e-03 
51.200000 5.3452715669012303e-03 
51.400000 5.3373279555925923e-03 
51.600000 5.3299943043426962e-03 
51.800000 5.3232346233004863e-03 
52.000000 5.3170148522542933e-03 
52.200000 5.3113027599469799e-03 
52.400000 5.3060678487466071e-03 
52.600000 5.3012812643715703e-03 
52.800000 5.2969157103866351e-03 
53.000000 5.2929453672049135e-03 
53.200000 5.2893458153453555e-03 
53.400000 5.2860939627112019e-03 
53.600000 5.2831679756685694e-03 
53.800000 5.2805472137171360e-03 
54.000000 5.2782121675578929e-03 
54.200000 5.2761444003732137e-03 
54.400000 5.2743264921466040e-03 
54.600000 5.2727419868580823e-03 
54.800000 5.2713753424019809e-03 
55.000000 5.2702118830813757e-03 
55.200000 5.2692377545429034e-03 
55.400000 5.2684398810224874e-03 
55.600000 5.2678059247802805e-03 
55.800000 5.2673242476100179e-03 
56.000000 5.2669838743137345e-03 
56.200000 5.2667744580400331e-03 
56.400000 5.2666862473882544e-03 
56.600000 5.2667100551873772e-03 
56.800000 5.2668372288632911e-03 
57.000000 5.2670596223120649e-03 
57.200000 5.2673695692021499e-03 
57.400000 5.2677598576323804e-03 
57.600000 5.2682237060758686e-03 
57.800000 5.2687547405451092e-03 
58.000000 5.2693469729151905e-03 
58.200000 5.2699947803469963e-03 
58.400000 5.2706928857544442e-03 
58.600000 5.2714363392627637e-03 
58.800000 5.2722205006080223e-03 
59.000000 5.2730410224304794e-03 
59.200000 5.2738938344167137e-03 
59.400000 5.2747751282478921e-03 
59.600000 5.2756813433136327e-03 
59.800000 5.2766091531535487e-03 
60.000000 5.2775554525895064e-03 
60.200000 5.2785173455145093e-03 
60.400000 5.2794921333051501e-03 
60.600000 5.2804773038267272e-03 
60.800000 5.2814705210014676e-03 
61.000000 5.2824696149116933e-03 
61.200000 5.2834725724113189e-03 
61.400000 5.2844775282207676e-03 
61.600000 5.2854827564805086e-03 
61.800000 5.2864866627414624e-03 
62.000000 5.2874877763693486e-03 
62.200000 5.2884847433437090e-03 
62.400000 5.2894763194308112e-03 
62.600000 5.2904613637127949e-03 
62.800000 5.2914388324546537e-03 
63.000000 5.2924077732928307e-03 
63.200000 5.2933673197289978e-03 
63.400000 5.2943166859142085e-03 
63.600000 5.2952551617084899e-03 
63.800000 5.2961821080026823e-03 
64.000000 5.2970969522893327e-03 
64.200000 5.2979991844698503e-03 
64.400000 5.2988883528864283e-03 
64.600000 5.2997640605677455e-03 
64.800000 5.3006259616771526e-03 
65.000000 5.3014737581536329e-03 
65.200000 5.3023071965359056e-03 
65.400000 5.3031260649600686e-03 
65.600000 5.3039301903224567e-03 
65.800000 5.3047194355992870e-03 
66.000000 5.3054936973149164e-03 
66.200000 5.3062529031517062e-03 
66.400000 5.3069970096937119e-03 
66.600000 5.3077260002978429e-03 
66.800000 5.3084398830860694e-03 
67.000000 5.3091386890518986e-03 
67.200000 5.3098224702760296e-03 
67.400000 5.3104912982450438e-03 
67.600000 5.3111452622681340e-03 
67.800000 5.3117844679866936e-03 
68.000000 5.3124090359720193e-03 
68.200000 5.3130191004064388e-03 
68.400000 5.3136148078438252e-03 
68.600000 5.3141963160448337e-03 
68.800000 5.3147637928835810e-03 
69.000000 5.3153174153215844e-03 
69.200000 5.3158573684454150e-03 
69.400000 5.3163838445649493e-03 
69.600000 5.3168970423688715e-03 
69.800000 5.3173971661341964e-03 
70.000000 5.3178844249872712e-03 
70.200000 5.3183590322131349e-03 
70.400000 5.3188212046108279e-03 
70.600000 5.3192711618922309e-03 
70.800000 5.3197091261216380e-03 
71.000000 5.3201353211944566e-03 
71.200000 5.3205499723523331e-03 
71.400000 5.3209533057328243e-03 
71.600000 5.3213455479520153e-03 
71.800000 5.3217269257177209e-03 
72.000000 5.3220976654719497e-03 
72.200000 5.3224579930606459e-03 
72.400000 5.3228081334295600e-03 
72.600000 5.3231483103441720e-03 
72.800000 5.3234787461328877e-03 
73.000000 5.3237996614518028e-03 
73.200000 5.3241112750695126e-03 
73.400000 5.3244138036715955e-03 
73.600000 5.3247074616826181e-03 
73.800000 5.3249924611053438e-03 
74.000000 5.3252690113756223e-03 
74.200000 5.3255373192323879e-03 
74.400000 5.3257975886015479e-03 
74.600000 5.3260500204927643e-03 
74.800000 5.3262948129089794e-03 
75.000000 5.3265321607669043e-03 
75.200000 5.3267622558286123e-03 
75.400000 5.3269852866429787e-03 
75.600000 5.3272014384966289e-03 
75.800000 5.3274108933734328e-03 
76.000000 5.3276138299223801e-03 
76.200000 5.3278104234326974e-03 
76.400000 5.3280008458164605e-03 
76.600000 5.3281852655972925e-03 
76.800000 5.3283638479053310e-03 
77.000000 5.3285367544779723e-03 
77.200000 5.3287041436653696e-03 
77.400000 5.3288661704412599e-03 
77.600000 5.3290229864176222e-03 
77.800000 5.3291747398639573e-03 
78.000000 5.3293215757298663e-03 
78.200000 5.3294636356712218e-03 
78.400000 5.3296010580794117e-03 
78.600000 5.3297339781134519e-03 
78.800000 5.3298625277345526e-03 
79.000000 5.3299868357432698e-03 
79.200000 5.3301070278182240e-03 
79.400000 5.3302232265573591e-03 
79.600000 5.3303355515203479e-03 
79.800000 5.3304441192727316e-03 
80.000000 5.3305490434312208e-03 
80.200000 5.3306504347102436e-03 
80.400000 5.3307484009693529e-03 
80.600000 5.3308430472616504e-03 
80.800000 5.3309344758826075e-03 
81.000000 5.3310227864196390e-03 
81.200000 5.3311080758021955e-03 
81.400000 5.3311904383520122e-03 
81.600000 5.3312699658336574e-03 
81.800000 5.3313467475052251e-03 
82.000000 5.3314208701690964e-03 
82.200000 5.3314924182225549e-03 
82.400000 5.3315614737085544e-03 
82.600000 5.3316281163659374e-03 
82.800000 5.3316924236797040e-03 
83.000000 5.3317544709308327e-03 
83.200000 5.3318143312458422e-03 
83.400000 5.3318720756459007e-03 
83.600000 5.3319277730953839e-03 
83.800000 5.3319814905500923e-03 
84.000000 5.3320332930049258e-03 
84.200000 5.3320832435408512e-03 
84.400000 5.3321314033714564e-03 
84.600000 5.3321778318888447e-03 
84.800000 5.3322225867086593e-03 
85.000000 5.3322657237148581e-03 
85.200000 5.3323072971034014e-03 
85.400000 5.3323473594255400e-03 
85.600000 5.3323859616301889e-03 
85.800000 5.3324231531056265e-03 
86.000000 5.3324589817206180e-03 
86.200000 5.3324934938645627e-03 
86.400000 5.3325267344869328e-03 
86.600000 5.3325587471361640e-03 
86.800000 5.3325895739975678e-03 
87.000000 5.3326192559305661e-03 
87.200000 5.3326478325051814e-03 
87.400000 5.3326753420377439e-03 
87.600000 5.3327018216258642e-03 
87.800000 5.3327273071826532e-03 
88.000000 5.3327518334701177e-03 
88.200000 5.3327754341320225e-03 
88.400000 5.3327981417256943e-03 
88.600000 5.3328199877534276e-03 
88.800000 5.3328410026929687e-03 
89.000000 5.3328612160272425e-03 
89.200000 5.3328806562735268e-03 
89.400000 5.3328993510119195e-03 
89.600000 5.3329173269128505e-03 
89.800000 5.3329346097643702e-03 
90.000000 5.3329512244982983e-03 
90.200000 5.3329671952159867e-03 
90.400000 5.3329825452133987e-03 
90.600000 5.3329972970054661e-03 
90.800000 5.3330114723498879e-03 
91.000000 5.3330250922702408e-03 
91.200000 5.3330381770785862e-03 
91.400000 5.3330507463973604e-03 
91.600000 5.3330628191807679e-03 
91.800000 5.3330744137355373e-03 
92.000000 5.3330855477411766e-03 
92.200000 5.3330962382696643e-03 
92.400000 5.3331065018044884e-03 
92.600000 5.3331163542592328e-03 
92.800000 5.3331258109959121e-03 
93.000000 5.3331348868421542e-03 
93.200000 5.3331435961086028e-03 
93.400000 5.3331519526053474e-03 
93.600000 5.3331599696580714e-03 
93.800000 5.3331676601236925e-03 
94.000000 5.3331750364056510e-03 
94.200000 5.3331821104684977e-03 
94.400000 5.3331888938524625e-03 
94.600000 5.3331953976871373e-03 
94.800000 5.3332016327050837e-03 
95.000000 5.3332076092549316e-03 
95.200000 5.3332133373140446e-03 
95.400000 5.3332188265009404e-03 
95.600000 5.3332240860870976e-03 
95.800000 5.3332291250086381e-03 
96.000000 5.3332339518776233e-03 
96.200000 5.3332385749928083e-03 
96.400000 5.3332430023503618e-03 
96.600000 5.3332472416540303e-03 
96.800000 5.3332513003249817e-03 
97.000000 5.3332551855116541e-03 
97.200000 5.3332589040987659e-03 
97.400000 5.3332624627166099e-03 
97.600000 5.3332658677496848e-03 
97.800000 5.3332691253451161e-03 
98.000000 5.3332722414208850e-03 
98.200000 5.3332752216738747e-03 
98.400000 5.3332780715874281e-03 
98.600000 5.3332807964387484e-03 
98.800000 5.3332834013062923e-03 
99.000000 5.3332858910765850e-03 
99.200000 5.3332882704510169e-03 
99.400000 5.3332905439523164e-03 
99.600000 5.3332927159309099e-03 
99.800000 5.3332947905710823e-03 
100.000000 5.3332967718967795e-03 
100.200000 5.3332986637773727e-03 
100.400000 5.3333004699332139e-03 
100.600000 5.3333021939408606e-03 
100.800000 5.3333038392384107e-03 
101.000000 5.3333054091303754e-03 
101.200000 5.3333069067925173e-03 
101.400000 5.3333083352765836e-03 
101.600000 5.3333096975147079e-03 
101.800000 5.3333109963238749e-03 
102.000000 5.3333122344100259e-03 
102.200000 5.3333134143722701e-03 
102.400000 5.3333145387065998e-03 
102.600000 5.3333156098099473e-03 
102.800000 5.3333166299835456e-03 
103.000000 5.3333176014368020e-03 
103.200000 5.3333185262903985e-03 
103.400000 5.3333194065798405e-03 
103.600000 5.3333202442584727e-03 
103.800000 5.3333210412006482e-03 
104.000000 5.3333217992046870e-03 
104.200000 5.3333225199956782e-03 
104.400000 5.3333232052283006e-03 
104.600000 5.3333238564895070e-03 
104.800000 5.3333244753010376e-03 
105.000000 5.3333250631219555e-03 
105.200000 5.3333256213509896e-03 
105.400000 5.3333261513288698e-03 
105.600000 5.3333266543405776e-03 
105.800000 5.3333271316174926e-03 
106.000000 5.3333275843394316e-03 
106.200000 5.3333280136366309e-03 
106.400000 5.3333284205917351e-03 
106.600000 5.3333288062416091e-03 
106.800000 5.3333291715791297e-03 
107.000000 5.3333295175549394e-03 
107.200000 5.3333298450790522e-03 
107.400000 5.3333301550224938e-03 
107.600000 5.3333304482188751e-03 
107.800000 5.3333307254657550e-03 
108.000000 5.3333309875262915e-03 
108.200000 5.3333312351303242e-03 
108.400000 5.3333314689759641e-03 
108.600000 5.3333316897307354e-03 
108.800000 5.3333318980328618e-03 
109.000000 5.3333320944924083e-03 
109.200000 5.3333322796924234e-03 
109.400000 5.3333324541900724e-03 
109.600000 5.3333326185177159e-03 
109.800000 5.3333327731838092e-03 
110.000000 5.3333329186739812e-03 
110.200000 5.3333330554519928e-03 
110.400000 5.3333331839605889e-03 
110.600000 5.3333333046223508e-03 
110.800000 5.3333334178405009e-03 
111.000000 5.3333335239999493e-03 
111.200000 5.3333336234677410e-03 
111.400000 5.3333337165939161e-03 
111.600000 5.3333338037124178e-03 
111.800000 5.3333338851414801e-03 
112.000000 5.3333339611844862e-03 
112.200000 5.3333340321305147e-03 
112.400000 5.3333340982550286e-03 
112.600000 5.3333341598203092e-03 
112.800000 5.3333342170762497e-03 
113.000000 5.3333342702606779e-03 
113.200000 5.3333343196000004e-03 
113.400000 5.3333343653096821e-03 
113.600000 5.3333344075946372e-03 
113.800000 5.3333344466498581e-03 
114.000000 5.3333344826606705e-03 
114.200000 5.3333345158033162e-03 
114.400000 5.3333345462452438e-03 
114.600000 5.3333345741455197e-03 
114.800000 5.3333345996553275e-03 
115.000000 5.3333346229181185e-03 
115.200000 5.3333346440701031e-03 
115.400000 5.3333346632405210e-03 
115.600000 5.3333346805519996e-03 
115.800000 5.3333346961208601e-03 
116.000000 5.3333347100572685e-03 
116.200000 5.3333347224657343e-03 
116.400000 5.3333347334452406e-03 
116.600000 5.3333347430895191e-03 
116.800000 5.3333347514872773e-03 
117.000000 5.3333347587224819e-03 
117.200000 5.3333347648745937e-03 
117.400000 5.3333347700186768e-03 
117.600000 5.3333347742257784e-03 
117.800000 5.3333347775628851e-03 
118.000000 5.3333347800934103e-03 
118.200000 5.3333347818770209e-03 
118.400000 5.3333347829702055e-03 
118.600000 5.3333347834261151e-03 
118.800000 5.3333347832948217e-03 
119.000000 5.3333347826236138e-03 
119.200000 5.3333347814568961e-03 
119.400000 5.3333347798364822e-03 
119.600000 5.3333347778017261e-03 
119.800000 5.3333347753895923e-03 
120.000000 5.3333347726347421e-03 
120.200000 5.3333347695697893e-03 
120.400000 5.3333347662252988e-03 
120.600000 5.3333347626298676e-03 
120.800000 5.3333347588103179e-03 
121.000000 5.3333347547917477e-03 
121.200000 5.3333347505976000e-03 
121.400000 5.3333347462497845e-03 
121.600000 5.3333347417687119e-03 
121.800000 5.3333347371734788e-03 
122.000000 5.3333347324818221e-03 
122.200000 5.3333347277102067e-03 
122.400000 5.3333347228740014e-03 
122.600000 5.3333347179874138e-03 
122.800000 5.3333347130636163e-03 
123.000000 5.3333347081148110e-03 
123.200000 5.3333347031522703e-03 
123.400000 5.3333346981863684e-03 
123.600000 5.3333346932266041e-03 
123.800000 5.3333346882818286e-03 
124.000000 5.3333346833600919e-03 
124.200000 5.3333346784687078e-03 
124.400000 5.3333346736144050e-03 
124.600000 5.3333346688032553e-03 
124.800000 5.3333346640408556e-03 
125.000000 5.3333346593321248e-03 
125.200000 5.3333346546815845e-03 
125.400000 5.3333346500932174e-03 
125.600000 5.3333346455706442e-03 
125.800000 5.3333346411170287e-03 
126.000000 5.3333346367351103e-03 
126.200000 5.3333346324273114e-03 
126.400000 5.3333346281957813e-03 
126.600000 5.3333346240422175e-03 
126.800000 5.3333346199681206e-03 
127.000000 5.3333346159747091e-03 
127.200000 5.3333346120629701e-03 
127.400000 5.3333346082335325e-03 
127.600000 5.3333346044870319e-03 
127.800000 5.3333346008237244e-03 
128.000000 5.3333345972437201e-03 
128.200000 5.3333345937469877e-03 
128.400000 5.3333345903333416e-03 
128.600000 5.3333345870024930e-03 
128.800000 5.3333345837538806e-03 
129.000000 5.3333345805869790e-03 
129.200000 5.3333345775010933e-03 
129.400000 5.3333345744954073e-03 
129.600000 5.3333345715690346e-03 
129.800000 5.3333345687210420e-03 
130.000000 5.3333345659503859e-03 
130.200000 5.3333345632559726e-03 
130.400000 5.3333345606366355e-03 
130.600000 5.3333345580911439e-03 
130.800000 5.3333345556183303e-03 
131.000000 5.3333345532168702e-03 
131.200000 5.3333345508854175e-03 
131.400000 5.3333345486226667e-03 
131.600000 5.3333345464272510e-03 
131.800000 5.3333345442977678e-03 
132.000000 5.3333345422328189e-03 
132.200000 5.3333345402310590e-03 
132.400000 5.3333345382909928e-03 
132.600000 5.3333345364112604e-03 
132.800000 5.3333345345904244e-03 
133.000000 5.3333345328270892e-03 
133.200000 5.3333345311198446e-03 
133.400000 5.3333345294672620e-03 
133.600000 5.3333345278679970e-03 
133.800000 5.3333345263206428e-03 
134.000000 5.3333345248238653e-03 
134.200000 5.3333345233762802e-03 
134.400000 5.3333345219765769e-03 
134.600000 5.3333345206234293e-03 
134.800000 5.3333345193155614e-03 
135.000000 5.3333345180516739e-03 
135.200000 5.3333345168305353e-03 
135.400000 5.3333345156508791e-03 
135.600000 5.3333345145115179e-03 
135.800000 5.3333345134112635e-03 
136.000000 5.3333345123489596e-03 
136.200000 5.3333345113234154e-03 
136.400000 5.3333345103335657e-03 
136.600000 5.3333345093783046e-03 
136.800000 5.3333345084565689e-03 
137.000000 5.3333345075672863e-03 
137.200000 5.3333345067094595e-03 
137.400000 5.3333345058820909e-03 
137.600000 5.3333345050841831e-03 
137.800000 5.3333345043148159e-03 
138.000000 5.3333345035731167e-03 
138.200000 5.3333345028580663e-03 
138.400000 5.3333345021689032e-03 
138.600000 5.3333345015047174e-03 
138.800000 5.3333345008647042e-03 
139.000000 5.3333345002480482e-03 
139.200000 5.3333344996539947e-03 
139.400000 5.3333344990817389e-03 
139.600000 5.3333344985306095e-03 
139.800000 5.3333344979998353e-03 
140.000000 5.3333344974887736e-03 
140.200000 5.3333344969966785e-03 
140.400000 5.3333344965229776e-03 
140.600000 5.3333344960670090e-03 
140.800000 5.3333344956281751e-03 
141.000000 5.3333344952058688e-03 
141.200000 5.3333344947995394e-03 
141.400000 5.3333344944086081e-03 
141.600000 5.3333344940325739e-03 
141.800000 5.3333344936708875e-03 
142.000000 5.3333344933230659e-03 
142.200000 5.3333344929886381e-03 
142.400000 5.3333344926671435e-03 
142.600000 5.3333344923580887e-03 
142.800000 5.3333344920610936e-03 
143.000000 5.3333344917757212e-03 
143.200000 5.3333344915015733e-03 
143.400000 5.3333344912382301e-03 
143.600000 5.3333344909853456e-03 
143.800000 5.3333344907425910e-03 
144.000000 5.3333344905095569e-03 
144.200000 5.3333344902859745e-03 
144.400000 5.3333344900714794e-03 
144.600000 5.3333344898657924e-03 
144.800000 5.3333344896686116e-03 
145.000000 5.3333344894796421e-03 
145.200000 5.3333344892986488e-03 
145.400000 5.3333344891252866e-03 
145.600000 5.3333344889593777e-03 
145.800000 5.3333344888006635e-03 
146.000000 5.3333344886488986e-03 
146.200000 5.3333344885038176e-03 
146.400000 5.3333344883652435e-03 
146.600000 5.3333344882329414e-03 
146.800000 5.3333344881067732e-03 
147.000000 5.3333344879865846e-03 
147.200000 5.3333344878722473e-03 
147.400000 5.3333344877636180e-03 
147.600000 5.3333344876604931e-03 
147.800000 5.3333344875627180e-03 
148.000000 5.3333344874701479e-03 
148.200000 5.3333344873825834e-03 
148.400000 5.3333344872998805e-03 
148.600000 5.3333344872218379e-03 
148.800000 5.3333344871483463e-03 
149.000000 5.3333344870791803e-03 
149.200000 5.3333344870142088e-03 
149.400000 5.3333344869532871e-03 
149.600000 5.3333344868962433e-03 
149.800000 5.3333344868429040e-03 
