0.000000 5.0789904332232927e-01 
0.200000 5.0790069009311845e-01 
0.400000 5.0790466354727726e-01 
0.600000 5.0790961226069964e-01 
0.800000 5.0791432954305427e-01 
1.000000 5.0791778636944684e-01 
1.200000 5.0791890114328264e-01 
1.400000 5.0791675797931279e-01 
1.600000 5.0791049819639511e-01 
1.800000 5.0789930455433896e-01 
2.000000 5.0788242234224890e-01 
2.200000 5.0785925311785240e-01 
2.400000 5.0782946431598741e-01 
2.600000 5.0779277275811130e-01 
2.800000 5.0774894843765628e-01 
3.000000 5.0769774890099484e-01 
3.200000 5.0763897881518771e-01 
3.400000 5.0757246481856388e-01 
3.600000 5.0749885825694641e-01 
3.800000 5.0741868665536238e-01 
4.000000 5.0733169083130181e-01 
4.200000 5.0723758369136163e-01 
4.400000 5.0713606460370364e-01 
4.600000 5.0702679239758308e-01 
4.800000 5.0690943799547372e-01 
5.000000 5.0678368526419204e-01 
5.200000 5.0664923290541586e-01 
5.400000 5.0650580173545412e-01 
5.600000 5.0635311665401783e-01 
5.800000 5.0619091843859587e-01 
6.000000 5.0601895151863752e-01 
6.200000 5.0583696092602914e-01 
6.400000 5.0564468256081274e-01 
6.600000 5.0544184117668178e-01 
6.800000 5.0522815085247497e-01 
7.000000 5.0500329149598411e-01 
7.200000 5.0476689868178137e-01 
7.400000 5.0451858009252559e-01 
7.600000 5.0425792449729456e-01 
7.800000 5.0398450075747259e-01 
8.000000 5.0369785834463332e-01 
8.200000 5.0339752569809870e-01 
8.400000 5.0308300984375476e-01 
8.600000 5.0275379419462674e-01 
8.800000 5.0240933649318353e-01 
9.000000 5.0204906595345433e-01 
9.200000 5.0167238082083243e-01 
9.400000 5.0127864588312954e-01 
9.600000 5.0086718971728883e-01 
9.800000 5.0043730254157082e-01 
10.000000 4.9998823461188480e-01 
10.200000 4.9951919441267323e-01 
10.400000 4.9902934568079033e-01 
10.600000 4.9851780428403125e-01 
10.800000 4.9798363529488238e-01 
11.000000 4.9742585069522904e-01 
11.200000 4.9684340686387418e-01 
11.400000 4.9623520162787027e-01 
11.600000 4.9560007095825487e-01 
11.800000 4.9493678544324710e-01 
12.000000 4.9424404648850079e-01 
12.200000 4.9352048225353046e-01 
12.400000 4.9276464344471399e-01 
12.600000 4.9197499890568253e-01 
12.800000 4.9114993111076538e-01 
13.000000 4.9028773146027782e-01 
13.200000 4.8938659545892987e-01 
13.400000 4.8844461770771963e-01 
13.600000 4.8745978676395929e-01 
13.800000 4.8642997989446723e-01 
14.000000 4.8535295774704718e-01 
14.200000 4.8422635900770444e-01 
14.400000 4.8304769500563910e-01 
14.600000 4.8181434433317771e-01 
14.800000 4.8052354750493226e-01 
15.000000 4.7917240175724674e-01 
15.200000 4.7775785605276255e-01 
15.400000 4.7627670640822278e-01 
15.600000 4.7472559164257189e-01 
15.800000 4.7310098967348735e-01 
16.000000 4.7139921450095684e-01 
16.200000 4.6961641404478865e-01 
16.400000 4.6774856900958656e-01 
16.600000 4.6579149297455452e-01 
16.800000 4.6374083393333182e-01 
17.000000 4.6159207751979414e-01 
17.200000 4.5934055218703262e-01 
17.400000 4.5698143661272222e-01 
17.600000 4.5450976963065581e-01 
17.800000 4.5192046299444499e-01 
18.000000 4.4920831729380772e-01 
18.200000 4.4636804134268543e-01 
18.400000 4.4339427535384052e-01 
18.600000 4.4028161820292017e-01 
18.800000 4.3702465905620941e-01 
19.000000 4.3361801360414254e-01 
19.200000 4.3005636508728995e-01 
19.400000 4.2633451024077373e-01 
19.600000 4.2244741019948051e-01 
19.800000 4.1839024631193167e-01 
20.000000 4.1415848069497990e-01 
20.200000 4.0974792123463621e-01 
20.400000 4.0515479059356901e-01 
20.600000 4.0037579863062112e-01 
20.800000 3.9540821747135857e-01 
21.000000 3.9024995829694131e-01 
21.200000 3.8489964874601307e-01 
21.400000 3.7935670965460305e-01 
21.600000 3.7362142970154716e-01 
21.800000 3.6769503638597495e-01 
22.000000 3.6157976164967071e-01 
22.200000 3.5527890037705939e-01 
22.400000 3.4879685996878584e-01 
22.600000 3.4213919919867236e-01 
22.800000 3.3531265463595966e-01 
23.000000 3.2832515305038823e-01 
23.200000 3.2118580842007971e-01 
23.400000 3.1390490243169827e-01 
23.600000 3.0649384769567589e-01 
23.800000 2.9896513328983321e-01 
24.000000 2.9133225268085783e-01 
24.200000 2.8360961454091455e-01 
24.400000 2.7581243745760603e-01 
24.600000 2.6795663001011671e-01 
24.800000 2.6005865813081508e-01 
25.000000 2.5213540206924012e-01 
25.200000 2.4420400560472316e-01 
25.400000 2.3628172039857284e-01 
25.600000 2.2838574852493604e-01 
25.800000 2.2053308626382698e-01 
26.000000 2.1274037217939221e-01 
26.200000 2.0502374234513232e-01 
26.400000 1.9739869532520113e-01 
26.600000 1.8987996919070474e-01 
26.800000 1.8248143245934806e-01 
27.000000 1.7521599041499319e-01 
27.200000 1.6809550781065088e-01 
27.400000 1.6113074850353798e-01 
27.600000 1.5433133213195122e-01 
27.800000 1.4770570753609233e-01 
28.000000 1.4126114226100897e-01 
28.200000 1.3500372716837469e-01 
28.400000 1.2893839493039908e-01 
28.600000 1.2306895098614300e-01 
28.800000 1.1739811540720706e-01 
29.000000 1.1192757404334187e-01 
29.200000 1.0665803729405780e-01 
29.400000 1.0158930487367372e-01 
29.600000 9.6720334997486002e-02 
29.800000 9.2049316508448636e-02 
30.000000 8.7573742579737379e-02 
30.200000 8.3290484761715369e-02 
30.400000 7.9195866285828781e-02 
30.600000 7.5285733687063552e-02 
30.800000 7.1555525955878621e-02 
31.000000 6.8000340575994508e-02 
31.200000 6.4614995942723463e-02 
31.400000 6.1394089785321397e-02 
31.600000 5.8332053334294753e-02 
31.800000 5.5423201079718168e-02 
32.000000 5.2661776058774847e-02 
32.200000 5.0041990689963026e-02 
32.400000 4.7558063237933837e-02 
32.600000 4.5204250047425669e-02 
32.800000 4.2974873728000539e-02 
33.000000 4.0864347504290806e-02 
33.200000 3.8867195970254786e-02 
33.400000 3.6978072501631501e-02 
33.600000 3.5191773589486962e-02 
33.800000 3.3503250360493751e-02 
34.000000 3.1907617547411157e-02 
34.200000 3.0400160167054494e-02 
34.400000 2.8976338153705115e-02 
34.600000 2.7631789184171165e-02 
34.800000 2.6362329917225424e-02 
35.000000 2.5163955855494455e-02 
35.200000 2.4032840022528788e-02 
35.400000 2.2965330632160448e-02 
35.600000 2.1957947911677038e-02 
35.800000 2.1007380225075215e-02 
36.000000 2.0110479627908032e-02 
36.200000 1.9264256971163383e-02 
36.400000 1.8465876658315866e-02 
36.600000 1.7712651147254791e-02 
36.800000 1.7002035277253080e-02 
37.000000 1.6331620490512583e-02 
37.200000 1.5699129008113280e-02 
37.400000 1.5102408011374257e-02 
37.600000 1.4539423871676317e-02 
37.800000 1.4008256464665365e-02 
38.000000 1.3507093598393074e-02 
38.200000 1.3034225579322257e-02 
38.400000 1.2588039935156167e-02 
38.600000 1.2167016309112620e-02 
38.800000 1.1769721536481974e-02 
39.000000 1.1394804911044443e-02 
39.200000 1.1040993646118753e-02 
39.400000 1.0707088532631125e-02 
39.600000 1.0391959794579537e-02 
39.800000 1.0094543140584552e-02 
40.000000 9.8138360088293099e-03 
40.200000 9.5488940015568610e-03 
40.400000 9.2988275043843684e-03 
40.600000 9.0627984849810540e-03 
40.800000 8.8400174651141871e-03 
41.000000 8.6297406596671251e-03 
41.200000 8.4312672759629757e-03 
41.400000 8.2439369665575617e-03 
41.600000 8.0671274285883613e-03 
41.800000 7.9002521427593356e-03 
42.000000 7.7427582451035301e-03 
42.200000 7.5941245247655720e-03 
42.400000 7.4538595412007025e-03 
42.600000 7.3214998543623764e-03 
42.800000 7.1966083616552051e-03 
43.000000 7.0787727356535525e-03 
43.200000 6.9676039568204937e-03 
43.400000 6.8627349357056836e-03 
43.600000 6.7638192193500372e-03 
43.800000 6.6705297768742192e-03 
44.000000 6.5825578594779083e-03 
44.200000 6.4996119303221767e-03 
44.400000 6.4214166600087934e-03 
44.600000 6.3477119836048814e-03 
44.800000 6.2782522153889530e-03 
45.000000 6.2128052177144932e-03 
45.200000 6.1511516205972122e-03 
45.400000 6.0930840888356657e-03 
45.600000 6.0384066336660819e-03 
45.800000 5.9869339661375595e-03 
46.000000 5.9384908895667235e-03 
46.200000 5.8929117285971893e-03 
46.400000 5.8500397925450396e-03 
46.600000 5.8097268708586650e-03 
46.800000 5.7718327586612234e-03 
47.000000 5.7362248104738233e-03 
47.200000 5.7027775203414687e-03 
47.400000 5.6713721266987115e-03 
47.600000 5.6418962404200133e-03 
47.800000 5.6142434946026042e-03 
48.000000 5.5883132147231084e-03 
48.200000 5.5640101078989141e-03 
48.400000 5.5412439700687714e-03 
48.600000 5.5199294099839286e-03 
48.800000 5.4999855889743109e-03 
49.000000 5.4813359755219665e-03 
49.200000 5.4639081137367266e-03 
49.400000 5.4476334048890506e-03 
49.600000 5.4324469012087947e-03 
49.800000 5.4182871112110646e-03 
50.000000 5.4050958158575841e-03 
50.200000 5.3928178949066846e-03 
50.400000 5.3814011628468376e-03 
50.600000 5.3707962138474083e-03 
50.800000 5.3609562751960414e-03 
51.000000 5.3518370687265235e-03 
51.200000 5.3433966797716177e-03 
51.400000 5.3355954332053182e-03 
51.600000 5.3283957761660027e-03 
51.800000 5.3217621670772789e-03 
52.000000 5.3156609706075135e-03 
52.200000 5.3100603582310188e-03 
52.400000 5.3049302140744268e-03 
52.600000 5.3002420457514427e-03 
52.800000 5.2959688999068399e-03 
53.000000 5.2920852822079404e-03 
53.200000 5.2885670815371174e-03 
53.400000 5.2853914981535960e-03 
53.600000 5.2825369756070717e-03 
53.800000 5.2799831361981468e-03 
54.000000 5.2777107197924007e-03 
54.200000 5.2757015258071563e-03 
54.400000 5.2739383581991766e-03 
54.600000 5.2724049732927594e-03 
54.800000 5.2710860302960056e-03 
55.000000 5.2699670443623918e-03 
55.200000 5.2690343420621379e-03 
55.400000 5.2682750191365849e-03 
55.600000 5.2676769004148475e-03 
55.800000 5.2672285017796132e-03 
56.000000 5.2669189940747147e-03 
56.200000 5.2667381688532092e-03 
56.400000 5.2666764058705946e-03 
56.600000 5.2667246422325575e-03 
56.800000 5.2668743431115500e-03 
57.000000 5.2671174739521960e-03 
57.200000 5.2674464740878691e-03 
57.400000 5.2678542316974084e-03 
57.600000 5.2683340600324464e-03 
57.800000 5.2688796748511704e-03 
58.000000 5.2694851729970559e-03 
58.200000 5.2701450120642094e-03 
58.400000 5.2708539910946116e-03 
58.600000 5.2716072322549152e-03 
58.800000 5.2724001634433994e-03 
59.000000 5.2732285017801726e-03 
59.200000 5.2740882379365460e-03 
59.400000 5.2749756212607550e-03 
59.600000 5.2758871456608410e-03 
59.800000 5.2768195362063825e-03 
60.000000 5.2777697364131066e-03 
60.200000 5.2787348961766132e-03 
60.400000 5.2797123603220688e-03 
60.600000 5.2806996577402466e-03 
60.800000 5.2816944910797714e-03 
61.000000 5.2826947269681334e-03 
61.200000 5.2836983867355835e-03 
61.400000 5.2847036376162011e-03 
61.600000 5.2857087844030495e-03 
61.800000 5.2867122615344077e-03 
62.000000 5.2877126255898672e-03 
62.200000 5.2887085481760467e-03 
62.400000 5.2896988091821759e-03 
62.600000 5.2906822903875063e-03 
62.800000 5.2916579694032139e-03 
63.000000 5.2926249139315582e-03 
63.200000 5.2935822763271407e-03 
63.400000 5.2945292884449295e-03 
63.600000 5.2954652567608748e-03 
63.800000 5.2963895577513454e-03 
64.000000 5.2973016335190297e-03 
64.200000 5.2982009876520637e-03 
64.400000 5.2990871813058419e-03 
64.600000 5.2999598294954531e-03 
64.800000 5.3008185975888288e-03 
65.000000 5.3016631979900860e-03 
65.200000 5.3024933870039802e-03 
65.400000 5.3033089618719012e-03 
65.600000 5.3041097579711611e-03 
65.800000 5.3048956461690371e-03 
66.000000 5.3056665303241211e-03 
66.200000 5.3064223449269645e-03 
66.400000 5.3071630528737021e-03 
66.600000 5.3078886433652016e-03 
66.800000 5.3085991299256030e-03 
67.000000 5.3092945485345364e-03 
67.200000 5.3099749558663829e-03 
67.400000 5.3106404276319682e-03 
67.600000 5.3112910570167595e-03 
67.800000 5.3119269532110455e-03 
68.000000 5.3125482400267808e-03 
68.200000 5.3131550545974706e-03 
68.400000 5.3137475461558425e-03 
68.600000 5.3143258748857896e-03 
68.800000 5.3148902108447506e-03 
69.000000 5.3154407329522113e-03 
69.200000 5.3159776280418082e-03 
69.400000 5.3165010899726252e-03 
69.600000 5.3170113187973348e-03 
69.800000 5.3175085199838081e-03 
70.000000 5.3179929036871847e-03 
70.200000 5.3184646840700733e-03 
70.400000 5.3189240786680461e-03 
70.600000 5.3193713077976873e-03 
70.800000 5.3198065940055616e-03 
71.000000 5.3202301615552731e-03 
71.200000 5.3206422359506518e-03 
71.400000 5.3210430434931493e-03 
71.600000 5.3214328108715323e-03 
71.800000 5.3218117647818620e-03 
72.000000 5.3221801315764487e-03 
72.200000 5.3225381369396219e-03 
72.400000 5.3228860055890698e-03 
72.600000 5.3232239610015277e-03 
72.800000 5.3235522251607022e-03 
73.000000 5.3238710183268183e-03 
73.200000 5.3241805588260388e-03 
73.400000 5.3244810628591110e-03 
73.600000 5.3247727443271756e-03 
73.800000 5.3250558146748965e-03 
74.000000 5.3253304827486784e-03 
74.200000 5.3255969546701365e-03 
74.400000 5.3258554337226698e-03 
74.600000 5.3261061202516443e-03 
74.800000 5.3263492115760694e-03 
75.000000 5.3265849019120395e-03 
75.200000 5.3268133823064319e-03 
75.400000 5.3270348405806281e-03 
75.600000 5.3272494612834620e-03 
75.800000 5.3274574256527117e-03 
76.000000 5.3276589115846366e-03 
76.200000 5.3278540936109470e-03 
76.400000 5.3280431428826755e-03 
76.600000 5.3282262271605466e-03 
76.800000 5.3284035108111822e-03 
77.000000 5.3285751548089429e-03 
77.200000 5.3287413167428972e-03 
77.400000 5.3289021508282543e-03 
77.600000 5.3290578079223556e-03 
77.800000 5.3292084355445876e-03 
78.000000 5.3293541778999080e-03 
78.200000 5.3294951759056816e-03 
78.400000 5.3296315672216868e-03 
78.600000 5.3297634862827523e-03 
78.800000 5.3298910643338991e-03 
79.000000 5.3300144294679379e-03 
79.200000 5.3301337066648732e-03 
79.400000 5.3302490178332501e-03 
79.600000 5.3303604818531374e-03 
79.800000 5.3304682146204348e-03 
80.000000 5.3305723290926034e-03 
80.200000 5.3306729353353099e-03 
80.400000 5.3307701405702112e-03 
80.600000 5.3308640492232759e-03 
80.800000 5.3309547629740326e-03 
81.000000 5.3310423808051637e-03 
81.200000 5.3311269990525866e-03 
81.400000 5.3312087114558747e-03 
81.600000 5.3312876092088722e-03 
81.800000 5.3313637810102890e-03 
82.000000 5.3314373131145721e-03 
82.200000 5.3315082893825505e-03 
82.400000 5.3315767913318579e-03 
82.600000 5.3316428981876060e-03 
82.800000 5.3317066869321868e-03 
83.000000 5.3317682323551652e-03 
83.200000 5.3318276071028072e-03 
83.400000 5.3318848817270129e-03 
83.600000 5.3319401247337037e-03 
83.800000 5.3319934026311551e-03 
84.000000 5.3320447799773182e-03 
84.200000 5.3320943194268208e-03 
84.400000 5.3321420817772124e-03 
84.600000 5.3321881260149067e-03 
84.800000 5.3322325093599372e-03 
85.000000 5.3322752873105877e-03 
85.200000 5.3323165136870115e-03 
85.400000 5.3323562406742773e-03 
85.600000 5.3323945188645527e-03 
85.800000 5.3324313972987984e-03 
86.000000 5.3324669235074937e-03 
86.200000 5.3325011435507710e-03 
86.400000 5.3325341020577458e-03 
86.600000 5.3325658422650624e-03 
86.800000 5.3325964060547499e-03 
87.000000 5.3326258339912455e-03 
87.200000 5.3326541653576712e-03 
87.400000 5.3326814381915808e-03 
87.600000 5.3327076893194400e-03 
87.800000 5.3327329543908777e-03 
88.000000 5.3327572679120151e-03 
88.200000 5.3327806632778542e-03 
88.400000 5.3328031728041795e-03 
88.600000 5.3328248277587165e-03 
88.800000 5.3328456583913702e-03 
89.000000 5.3328656939639219e-03 
89.200000 5.3328849627790166e-03 
89.400000 5.3329034922083964e-03 
89.600000 5.3329213087203470e-03 
89.800000 5.3329384379067627e-03 
90.000000 5.3329549045091308e-03 
90.200000 5.3329707324443519e-03 
90.400000 5.3329859448292931e-03 
90.600000 5.3330005640054405e-03 
90.800000 5.3330146115621868e-03 
91.000000 5.3330281083600458e-03 
91.200000 5.3330410745529595e-03 
91.400000 5.3330535296101976e-03 
91.600000 5.3330654923375012e-03 
91.800000 5.3330769808978004e-03 
92.000000 5.3330880128312523e-03 
92.200000 5.3330986050748961e-03 
92.400000 5.3331087739815312e-03 
92.600000 5.3331185353382299e-03 
92.800000 5.3331279043843946e-03 
93.000000 5.3331368958291284e-03 
93.200000 5.3331455238682110e-03 
93.400000 5.3331538022005302e-03 
93.600000 5.3331617440443100e-03 
93.800000 5.3331693621523745e-03 
94.000000 5.3331766688274182e-03 
94.200000 5.3331836759366999e-03 
94.400000 5.3331903949261046e-03 
94.600000 5.3331968368341602e-03 
94.800000 5.3332030123052461e-03 
95.000000 5.3332089316028407e-03 
95.200000 5.3332146046218892e-03 
95.400000 5.3332200409011927e-03 
95.600000 5.3332252496352747e-03 
95.800000 5.3332302396858593e-03 
96.000000 5.3332350195930403e-03 
96.200000 5.3332395975860683e-03 
96.400000 5.3332439815939924e-03 
96.600000 5.3332481792556343e-03 
96.800000 5.3332521979295167e-03 
97.000000 5.3332560447034725e-03 
97.200000 5.3332597264038450e-03 
97.400000 5.3332632496044261e-03 
97.600000 5.3332666206351142e-03 
97.800000 5.3332698455904335e-03 
98.000000 5.3332729303376212e-03 
98.200000 5.3332758805243862e-03 
98.400000 5.3332787015867422e-03 
98.600000 5.3332813987562507e-03 
98.800000 5.3332839770672052e-03 
99.000000 5.3332864413635833e-03 
99.200000 5.3332887963057117e-03 
99.400000 5.3332910463766581e-03 
99.600000 5.3332931958887586e-03 
99.800000 5.3332952489893622e-03 
100.000000 5.3332972096668775e-03 
100.200000 5.3332990817564398e-03 
100.400000 5.3333008689452994e-03 
100.600000 5.3333025747781919e-03 
100.800000 5.3333042026624889e-03 
101.000000 5.3333057558730525e-03 
101.200000 5.3333072375571734e-03 
101.400000 5.3333086507390357e-03 
101.600000 5.3333099983243005e-03 
101.800000 5.3333112831044204e-03 
102.000000 5.3333125077607438e-03 
102.200000 5.3333136748686246e-03 
102.400000 5.3333147869013258e-03 
102.600000 5.3333158462336759e-03 
102.800000 5.3333168551458303e-03 
103.000000 5.3333178158267228e-03 
103.200000 5.3333187303775094e-03 
103.400000 5.3333196008146979e-03 
103.600000 5.3333204290735058e-03 
103.800000 5.3333212170107568e-03 
104.000000 5.3333219664079079e-03 
104.200000 5.3333226789738231e-03 
104.400000 5.3333233563476407e-03 
104.600000 5.3333240001012432e-03 
104.800000 5.3333246117419075e-03 
105.000000 5.3333251927148708e-03 
105.200000 5.3333257444054677e-03 
105.400000 5.3333262681415708e-03 
105.600000 5.3333267651958427e-03 
105.800000 5.3333272367877558e-03 
106.000000 5.3333276840857253e-03 
106.200000 5.3333281082090147e-03 
106.400000 5.3333285102297092e-03 
106.600000 5.3333288911745214e-03 
106.800000 5.3333292520266447e-03 
107.000000 5.3333295937272882e-03 
107.200000 5.3333299171775322e-03 
107.400000 5.3333302232397356e-03 
107.600000 5.3333305127392198e-03 
107.800000 5.3333307864656399e-03 
108.000000 5.3333310451744069e-03 
108.200000 5.3333312895880707e-03 
108.400000 5.3333315203977034e-03 
108.600000 5.3333317382640664e-03 
108.800000 5.3333319438188410e-03 
109.000000 5.3333321376659278e-03 
109.200000 5.3333323203823687e-03 
109.400000 5.3333324925195795e-03 
109.600000 5.3333326546044363e-03 
109.800000 5.3333328071401348e-03 
110.000000 5.3333329506072662e-03 
110.200000 5.3333330854647160e-03 
110.400000 5.3333332121505402e-03 
110.600000 5.3333333310828833e-03 
110.800000 5.3333334426607613e-03 
111.000000 5.3333335472649391e-03 
111.200000 5.3333336452585063e-03 
111.400000 5.3333337369878484e-03 
111.600000 5.3333338227832252e-03 
111.800000 5.3333339029594676e-03 
112.000000 5.3333339778166193e-03 
112.200000 5.3333340476406721e-03 
112.400000 5.3333341127039776e-03 
112.600000 5.3333341732660104e-03 
112.800000 5.3333342295738195e-03 
113.000000 5.3333342818626551e-03 
113.200000 5.3333343303563225e-03 
113.400000 5.3333343752679048e-03 
113.600000 5.3333344168000011e-03 
113.800000 5.3333344551453601e-03 
114.000000 5.3333344904872154e-03 
114.200000 5.3333345229997810e-03 
114.400000 5.3333345528485485e-03 
114.600000 5.3333345801907872e-03 
114.800000 5.3333346051758551e-03 
115.000000 5.3333346279455492e-03 
115.200000 5.3333346486344442e-03 
115.400000 5.3333346673703321e-03 
115.600000 5.3333346842742713e-03 
115.800000 5.3333346994611898e-03 
116.000000 5.3333347130399885e-03 
116.200000 5.3333347251138634e-03 
116.400000 5.3333347357805557e-03 
116.600000 5.3333347451326608e-03 
116.800000 5.3333347532577846e-03 
117.000000 5.3333347602388661e-03 
117.200000 5.3333347661543478e-03 
117.400000 5.3333347710783378e-03 
117.600000 5.3333347750809442e-03 
117.800000 5.3333347782283267e-03 
118.000000 5.3333347805830126e-03 
118.200000 5.3333347822039990e-03 
118.400000 5.3333347831469227e-03 
118.600000 5.3333347834642712e-03 
118.800000 5.3333347832054644e-03 
119.000000 5.3333347824170490e-03 
119.200000 5.3333347811429389e-03 
119.400000 5.3333347794242885e-03 
119.600000 5.3333347772999600e-03 
119.800000 5.3333347748063080e-03 
120.000000 5.3333347719776419e-03 
120.200000 5.3333347688459412e-03 
120.400000 5.3333347654414484e-03 
120.600000 5.3333347617922806e-03 
120.800000 5.3333347579248664e-03 
121.000000 5.3333347538639221e-03 
121.200000 5.3333347496325595e-03 
121.400000 5.3333347452523003e-03 
121.600000 5.3333347407432665e-03 
121.800000 5.3333347361242522e-03 
122.000000 5.3333347314126478e-03 
122.200000 5.3333347266247477e-03 
122.400000 5.3333347217755598e-03 
122.600000 5.3333347168790903e-03 
122.800000 5.3333347119483097e-03 
123.000000 5.3333347069951702e-03 
123.200000 5.3333347020307039e-03 
123.400000 5.3333346970651551e-03 
123.600000 5.3333346921078783e-03 
123.800000 5.3333346871674500e-03 
124.000000 5.3333346822518057e-03 
124.200000 5.3333346773681003e-03 
124.400000 5.3333346725229335e-03 
124.600000 5.3333346677222641e-03 
124.800000 5.3333346629714758e-03 
125.000000 5.3333346582754588e-03 
125.200000 5.3333346536385846e-03 
125.400000 5.3333346490647901e-03 
125.600000 5.3333346445575197e-03 
125.800000 5.3333346401198550e-03 
126.000000 5.3333346357545110e-03 
126.200000 5.3333346314638338e-03 
126.400000 5.3333346272497759e-03 
126.600000 5.3333346231140902e-03 
126.800000 5.3333346190581887e-03 
127.000000 5.3333346150832095e-03 
127.200000 5.3333346111900720e-03 
127.400000 5.3333346073794379e-03 
127.600000 5.3333346036517756e-03 
127.800000 5.3333346000073393e-03 
128.000000 5.3333345964462504e-03 
128.200000 5.3333345929684221e-03 
128.400000 5.3333345895736359e-03 
128.600000 5.3333345862614746e-03 
128.800000 5.3333345830315192e-03 
129.000000 5.3333345798830733e-03 
129.200000 5.3333345768154907e-03 
129.400000 5.3333345738279057e-03 
129.600000 5.3333345709194666e-03 
129.800000 5.3333345680891238e-03 
130.000000 5.3333345653358974e-03 
130.200000 5.3333345626586605e-03 
130.400000 5.3333345600562361e-03 
130.600000 5.3333345575274013e-03 
130.800000 5.3333345550709418e-03 
131.000000 5.3333345526854828e-03 
131.200000 5.3333345503698108e-03 
131.400000 5.3333345481224982e-03 
131.600000 5.3333345459422015e-03 
131.800000 5.3333345438275458e-03 
132.000000 5.3333345417770897e-03 
132.200000 5.3333345397895094e-03 
132.400000 5.3333345378633028e-03 
132.600000 5.3333345359971047e-03 
132.800000 5.3333345341894768e-03 
133.000000 5.3333345324390298e-03 
133.200000 5.3333345307443394e-03 
133.400000 5.3333345291040595e-03 
133.600000 5.3333345275167225e-03 
133.800000 5.3333345259810212e-03 
134.000000 5.3333345244955628e-03 
134.200000 5.3333345230589871e-03 
134.400000 5.3333345216700226e-03 
134.600000 5.3333345203273111e-03 
134.800000 5.3333345190295645e-03 
135.000000 5.3333345177755303e-03 
135.200000 5.3333345165639473e-03 
135.400000 5.3333345153935745e-03 
135.600000 5.3333345142632478e-03 
135.800000 5.3333345131717337e-03 
136.000000 5.3333345121179022e-03 
136.200000 5.3333345111006110e-03 
136.400000 5.3333345101187323e-03 
136.600000 5.3333345091711986e-03 
136.800000 5.3333345082569542e-03 
137.000000 5.3333345073749375e-03 
137.200000 5.3333345065241546e-03 
137.400000 5.3333345057035636e-03 
137.600000 5.3333345049122642e-03 
137.800000 5.3333345041493025e-03 
138.000000 5.3333345034137303e-03 
138.200000 5.3333345027046768e-03 
138.400000 5.3333345020212782e-03 
138.600000 5.3333345013626809e-03 
138.800000 5.3333345007280592e-03 
139.000000 5.3333345001166316e-03 
139.200000 5.3333344995276253e-03 
139.400000 5.3333344989602493e-03 
139.600000 5.3333344984138097e-03 
139.800000 5.3333344978876065e-03 
140.000000 5.3333344973809111e-03 
140.200000 5.3333344968930878e-03 
140.400000 5.3333344964234955e-03 
140.600000 5.3333344959714890e-03 
140.800000 5.3333344955364698e-03 
141.000000 5.3333344951178672e-03 
141.200000 5.3333344947150974e-03 
141.400000 5.3333344943276078e-03 
141.600000 5.3333344939549051e-03 
141.800000 5.3333344935964453e-03 
142.000000 5.3333344932517245e-03 
142.200000 5.3333344929202683e-03 
142.400000 5.3333344926016569e-03 
142.600000 5.3333344922954010e-03 
142.800000 5.3333344920010999e-03 
143.000000 5.3333344917183391e-03 
143.200000 5.3333344914466832e-03 
143.400000 5.3333344911857530e-03 
143.600000 5.3333344909352477e-03 
143.800000 5.3333344906947369e-03 
144.000000 5.3333344904638912e-03 
144.200000 5.3333344902424078e-03 
144.400000 5.3333344900299605e-03 
144.600000 5.3333344898262311e-03 
144.800000 5.3333344896309672e-03 
145.000000 5.3333344894438547e-03 
145.200000 5.3333344892646352e-03 
145.400000 5.3333344890930190e-03 
145.600000 5.3333344889287771e-03 
145.800000 5.3333344887716728e-03 
146.000000 5.3333344886214397e-03 
146.200000 5.3333344884778861e-03 
146.400000 5.3333344883407553e-03 
146.600000 5.3333344882098887e-03 
146.800000 5.3333344880851022e-03 
147.000000 5.3333344879662710e-03 
147.200000 5.3333344878532772e-03 
147.400000 5.3333344877459204e-03 
147.600000 5.3333344876440435e-03 
147.800000 5.3333344875474776e-03 
148.000000 5.3333344874560793e-03 
148.200000 5.3333344873696632e-03 
148.400000 5.3333344872880557e-03 
148.600000 5.3333344872110852e-03 
148.800000 5.3333344871385763e-03 
149.000000 5.3333344870704234e-03 
149.200000 5.3333344870064052e-03 
149.400000 5.3333344869463725e-03 
149.600000 5.3333344868902273e-03 
149.800000 5.3333344868377302e-03 
