0.000000 5.0789222545465040e-01 
0.200000 5.0789319653628628e-01 
0.400000 5.0789681580058277e-01 
0.600000 5.0790177815586968e-01 
0.800000 5.0790672878522780e-01 
1.000000 5.0791055945992913e-01 
1.200000 5.0791226124407474e-01 
1.400000 5.0791095100617600e-01 
1.600000 5.0790568888543453e-01 
1.800000 5.0789565141665793e-01 
2.000000 5.0788004719997448e-01 
2.200000 5.0785823519623152e-01 
2.400000 5.0782989403440815e-01 
2.600000 5.0779470270114080e-01 
2.800000 5.0775240750869866e-01 
3.000000 5.0770278214606868e-01 
3.200000 5.0764563941861096e-01 
3.400000 5.0758078429456555e-01 
3.600000 5.0750853273798813e-01 
3.800000 5.0742975748328112e-01 
4.000000 5.0734425356507373e-01 
4.200000 5.0725169807892989e-01 
4.400000 5.0715178001168126e-01 
4.600000 5.0704417378932953e-01 
4.800000 5.0692856335727776e-01 
5.000000 5.0680462001443538e-01 
5.200000 5.0667203618079060e-01 
5.400000 5.0653052409331256e-01 
5.600000 5.0637981222565365e-01 
5.800000 5.0621964241713158e-01 
6.000000 5.0604975464200719e-01 
6.200000 5.0586989282328987e-01 
6.400000 5.0567979577239763e-01 
6.600000 5.0547919267798480e-01 
6.800000 5.0526779773731834e-01 
7.000000 5.0504530208381559e-01 
7.200000 5.0481134814884132e-01 
7.400000 5.0456554788060259e-01 
7.600000 5.0430749318316725e-01 
7.800000 5.0403675669333170e-01 
8.000000 5.0375289167106518e-01 
8.200000 5.0345543083472422e-01 
8.400000 5.0314388569007462e-01 
8.600000 5.0281774417212721e-01 
8.800000 5.0247646916668909e-01 
9.000000 5.0211949572975112e-01 
9.200000 5.0174622862042995e-01 
9.400000 5.0135603938896922e-01 
9.600000 5.0094826390474767e-01 
9.800000 5.0052220010106685e-01 
10.000000 5.0007710621571277e-01 
10.200000 4.9961219931774209e-01 
10.400000 4.9912665222802649e-01 
10.600000 4.9861959063835870e-01 
10.800000 4.9809008993184667e-01 
11.000000 4.9753717287168314e-01 
11.200000 4.9695980708822135e-01 
11.400000 4.9635690231565599e-01 
11.600000 4.9572730713665697e-01 
11.800000 4.9506980548722473e-01 
12.000000 4.9438311285800635e-01 
12.200000 4.9366587232888065e-01 
12.400000 4.9291665039773924e-01 
12.600000 4.9213393259869048e-01 
12.800000 4.9131611900487920e-01 
13.000000 4.9046151954849992e-01 
13.200000 4.8956834924766596e-01 
13.400000 4.8863472323719992e-01 
13.600000 4.8765865164692795e-01 
13.800000 4.8663803435570863e-01 
14.000000 4.8557065568552893e-01 
14.200000 4.8445417906133603e-01 
14.400000 4.8328614163341904e-01 
14.600000 4.8206394887665099e-01 
14.800000 4.8078486924226288e-01 
15.000000 4.7944602892177679e-01 
15.200000 4.7804440680373939e-01 
15.400000 4.7657682972945975e-01 
15.600000 4.7503996814186900e-01 
15.800000 4.7343033226613762e-01 
16.000000 4.7174426894284216e-01 
16.200000 4.6997795928205005e-01 
16.400000 4.6812741730505364e-01 
16.600000 4.6618848977539096e-01 
16.800000 4.6415685743084117e-01 
17.000000 4.6202803785293817e-01 
17.200000 4.5979739023494359e-01 
17.400000 4.5746012231953165e-01 
17.600000 4.5501129980466826e-01 
17.800000 4.5244585851791042e-01 
18.000000 4.4975861967986286e-01 
18.200000 4.4694430857472978e-01 
18.400000 4.4399757694825126e-01 
18.600000 4.4091302943446281e-01 
18.800000 4.3768525429569660e-01 
19.000000 4.3430885872247771e-01 
19.200000 4.3077850889481967e-01 
19.400000 4.2708897494268938e-01 
19.600000 4.2323518086610762e-01 
19.800000 4.1921225938309475e-01 
20.000000 4.1501561156159805e-01 
20.200000 4.1064097096790914e-01 
20.400000 4.0608447192112157e-01 
20.600000 4.0134272129110732e-01 
20.800000 3.9641287311248957e-01 
21.000000 3.9129270511677972e-01 
21.200000 3.8598069611110192e-01 
21.400000 3.8047610296174894e-01 
21.600000 3.7477903577998251e-01 
21.800000 3.6889052976311598e-01 
22.000000 3.6281261202363330e-01 
22.200000 3.5654836165174836e-01 
22.400000 3.5010196121091253e-01 
22.600000 3.4347873786870536e-01 
22.800000 3.3668519242588651e-01 
23.000000 3.2972901462865339e-01 
23.200000 3.2261908333849015e-01 
23.400000 3.1536545039007180e-01 
23.600000 3.0797930728897810e-01 
23.800000 3.0047293428069644e-01 
24.000000 2.9285963175057711e-01 
24.200000 2.8515363437732771e-01 
24.400000 2.7737000894246150e-01 
24.600000 2.6952453717573660e-01 
24.800000 2.6163358547030524e-01 
25.000000 2.5371396371038052e-01 
25.200000 2.4578277579846416e-01 
25.400000 2.3785726473194224e-01 
25.600000 2.2995465524682179e-01 
25.800000 2.2209199711181254e-01 
26.000000 2.1428601211613912e-01 
26.200000 2.0655294765267504e-01 
26.400000 1.9890843956247681e-01 
26.600000 1.9136738659078789e-01 
26.800000 1.8394383842451609e-01 
27.000000 1.7665089885599625e-01 
27.200000 1.6950064516743404e-01 
27.400000 1.6250406437442283e-01 
27.600000 1.5567100652351545e-01 
27.800000 1.4901015482391938e-01 
28.000000 1.4252901201989537e-01 
28.200000 1.3623390208800171e-01 
28.400000 1.3012998607805479e-01 
28.600000 1.2422129071161882e-01 
28.800000 1.1851074820680713e-01 
29.000000 1.1300024571079534e-01 
29.200000 1.0769068268705971e-01 
29.400000 1.0258203461720379e-01 
29.600000 9.7673421430261892e-02 
29.800000 9.2963179158460793e-02 
30.000000 8.8448933430117962e-02 
30.200000 8.4127673540641865e-02 
30.400000 7.9995825984921595e-02 
30.600000 7.6049326482909435e-02 
30.800000 7.2283689679796523e-02 
31.000000 6.8694075848705058e-02 
31.200000 6.5275354063755633e-02 
31.400000 6.2022161442230744e-02 
31.600000 5.8928958174372235e-02 
31.800000 5.5990078166967376e-02 
32.000000 5.3199775221662242e-02 
32.200000 5.0552264750702326e-02 
32.400000 4.8041761101826834e-02 
32.600000 4.5662510620870643e-02 
32.800000 4.3408820626030242e-02 
33.000000 4.1275084502712903e-02 
33.200000 3.9255803153416535e-02 
33.400000 3.7345603054311345e-02 
33.600000 3.5539251180189468e-02 
33.800000 3.3831667063308500e-02 
34.000000 3.2217932250379014e-02 
34.200000 3.0693297416494170e-02 
34.400000 2.9253187386025351e-02 
34.600000 2.7893204299192290e-02 
34.800000 2.6609129149831323e-02 
35.000000 2.5396921905414704e-02 
35.200000 2.4252720405146908e-02 
35.400000 2.3172838216354741e-02 
35.600000 2.2153761613785392e-02 
35.800000 2.1192145831076467e-02 
36.000000 2.0284810718801564e-02 
36.200000 1.9428735929265882e-02 
36.400000 1.8621055734778170e-02 
36.600000 1.7859053573504102e-02 
36.800000 1.7140156405289597e-02 
37.000000 1.6461928949031222e-02 
37.200000 1.5822067863282743e-02 
37.400000 1.5218395922787948e-02 
37.600000 1.4648856235509600e-02 
37.800000 1.4111506537425657e-02 
38.000000 1.3604513595859071e-02 
38.200000 1.3126147746330863e-02 
38.400000 1.2674777582834489e-02 
38.600000 1.2248864816968474e-02 
38.800000 1.1846959317476603e-02 
39.000000 1.1467694338380272e-02 
39.200000 1.1109781941000131e-02 
39.400000 1.0772008612697767e-02 
39.600000 1.0453231083085004e-02 
39.800000 1.0152372336703592e-02 
40.000000 9.8684178197310443e-03 
40.200000 9.6004118370888007e-03 
40.400000 9.3474541353751467e-03 
40.600000 9.1086966662981810e-03 
40.800000 8.8833405247071597e-03 
41.000000 8.6706330548969156e-03 
41.200000 8.4698651185618531e-03 
41.400000 8.2803685175903557e-03 
41.600000 8.1015135647947347e-03 
41.800000 7.9327067956525762e-03 
42.000000 7.7733888141841056e-03 
42.200000 7.6230322661853785e-03 
42.400000 7.4811399331786181e-03 
42.600000 7.3472429406159735e-03 
42.800000 7.2208990740701773e-03 
43.000000 7.1016911973669850e-03 
43.200000 6.9892257668464257e-03 
43.400000 6.8831314361825552e-03 
43.600000 6.7830577464394392e-03 
43.800000 6.6886738962909495e-03 
44.000000 6.5996675875816015e-03 
44.200000 6.5157439416525685e-03 
44.400000 6.4366244820983900e-03 
44.600000 6.3620461798575157e-03 
44.800000 6.2917605567670955e-03 
45.000000 6.2255328439357466e-03 
45.200000 6.1631411914991564e-03 
45.400000 6.1043759265277837e-03 
45.600000 6.0490388560512044e-03 
45.800000 5.9969426123484288e-03 
46.000000 5.9479100378297982e-03 
46.200000 5.9017736070032861e-03 
46.400000 5.8583748831763319e-03 
46.600000 5.8175640076928584e-03 
46.800000 5.7791992196463450e-03 
47.000000 5.7431464041422233e-03 
47.200000 5.7092786673072883e-03 
47.400000 5.6774759363606977e-03 
47.600000 5.6476245831712218e-03 
47.800000 5.6196170698277655e-03 
48.000000 5.5933516148467021e-03 
48.200000 5.5687318787300258e-03 
48.400000 5.5456666676719675e-03 
48.600000 5.5240696542906325e-03 
48.800000 5.5038591143356250e-03 
49.000000 5.4849576783898325e-03 
49.200000 5.4672920976489379e-03 
49.400000 5.4507930229216123e-03 
49.600000 5.4353947960488376e-03 
49.800000 5.4210352529935231e-03 
50.000000 5.4076555378992771e-03 
50.200000 5.3951999274634505e-03 
50.400000 5.3836156650106364e-03 
50.600000 5.3728528036931494e-03 
50.800000 5.3628640582811093e-03 
51.000000 5.3536046650387763e-03 
51.200000 5.3450322492164587e-03 
51.400000 5.3371066997159444e-03 
51.600000 5.3297900505160801e-03 
51.800000 5.3230463684705871e-03 
52.000000 5.3168416471136024e-03 
52.200000 5.3111437061328466e-03 
52.400000 5.3059220961888818e-03 
52.600000 5.3011480087804689e-03 
52.800000 5.2967941908734816e-03 
53.000000 5.2928348640277666e-03 
53.200000 5.2892456477730910e-03 
53.400000 5.2860034869991182e-03 
53.600000 5.2830865831398960e-03 
53.800000 5.2804743289440927e-03 
54.000000 5.2781472466373915e-03 
54.200000 5.2760869292918892e-03 
54.400000 5.2742759852300826e-03 
54.600000 5.2726979853006967e-03 
54.800000 5.2713374128716640e-03 
55.000000 5.2701796163966705e-03 
55.200000 5.2692107644176835e-03 
55.400000 5.2684178028748075e-03 
55.600000 5.2677884146024954e-03 
55.800000 5.2673109808962885e-03 
56.000000 5.2669745450424840e-03 
56.200000 5.2667687777080705e-03 
56.400000 5.2666839440941174e-03 
56.600000 5.2667108727614412e-03 
56.800000 5.2668409260418336e-03 
57.000000 5.2670659719534227e-03 
57.200000 5.2673783575427390e-03 
57.400000 5.2677708835801151e-03 
57.600000 5.2682367805399147e-03 
57.800000 5.2687696857992095e-03 
58.000000 5.2693636219934377e-03 
58.200000 5.2700129764702737e-03 
58.400000 5.2707124817857947e-03 
58.600000 5.2714571971904248e-03 
58.800000 5.2722424910548373e-03 
59.000000 5.2730640241881194e-03 
59.200000 5.2739177340033767e-03 
59.400000 5.2747998194886360e-03 
59.600000 5.2757067269421252e-03 
59.800000 5.2766351364338954e-03 
60.000000 5.2775819489574759e-03 
60.200000 5.2785442742368967e-03 
60.400000 5.2795194191567396e-03 
60.600000 5.2805048767836493e-03 
60.800000 5.2814983159501661e-03 
61.000000 5.2824975713730337e-03 
61.200000 5.2835006342786773e-03 
61.400000 5.2845056435115853e-03 
61.600000 5.2855108771009034e-03 
61.800000 5.2865147442625604e-03 
62.000000 5.2875157778155980e-03 
62.200000 5.2885126269919883e-03 
62.400000 5.2895040506199574e-03 
62.600000 5.2904889106631103e-03 
62.800000 5.2914661660968748e-03 
63.000000 5.2924348671059629e-03 
63.200000 5.2933941495867370e-03 
63.400000 5.2943432299394052e-03 
63.600000 5.2952814001353578e-03 
63.800000 5.2962080230463471e-03 
64.000000 5.2971225280222124e-03 
64.200000 5.2980244067046310e-03 
64.400000 5.2989132090655120e-03 
64.600000 5.2997885396583897e-03 
64.800000 5.3006500540724111e-03 
65.000000 5.3014974555787159e-03 
65.200000 5.3023304919595053e-03 
65.400000 5.3031489525105936e-03 
65.600000 5.3039526652089927e-03 
65.800000 5.3047414940366518e-03 
66.000000 5.3055153364531911e-03 
66.200000 5.3062741210094296e-03 
66.400000 5.3070178050949757e-03 
66.600000 5.3077463728130247e-03 
66.800000 5.3084598329756301e-03 
67.000000 5.3091582172136885e-03 
67.200000 5.3098415781953770e-03 
67.400000 5.3105099879480946e-03 
67.600000 5.3111635362774164e-03 
67.800000 5.3118023292797641e-03 
68.000000 5.3124264879421497e-03 
68.200000 5.3130361468260489e-03 
68.400000 5.3136314528296697e-03 
68.600000 5.3142125640256999e-03 
68.800000 5.3147796485697096e-03 
69.000000 5.3153328836760775e-03 
69.200000 5.3158724546573432e-03 
69.400000 5.3163985540242882e-03 
69.600000 5.3169113806429457e-03 
69.800000 5.3174111389455254e-03 
70.000000 5.3178980381930743e-03 
70.200000 5.3183722917860398e-03 
70.400000 5.3188341166208932e-03 
70.600000 5.3192837324901330e-03 
70.800000 5.3197213615231659e-03 
71.000000 5.3201472276658869e-03 
71.200000 5.3205615561968738e-03 
71.400000 5.3209645732781967e-03 
71.600000 5.3213565055387343e-03 
71.800000 5.3217375796882974e-03 
72.000000 5.3221080221609847e-03 
72.200000 5.3224680587855818e-03 
72.400000 5.3228179144822084e-03 
72.600000 5.3231578129829815e-03 
72.800000 5.3234879765756919e-03 
73.000000 5.3238086258692932e-03 
73.200000 5.3241199795793512e-03 
73.400000 5.3244222543328201e-03 
73.600000 5.3247156644907513e-03 
73.800000 5.3250004219879141e-03 
74.000000 5.3252767361881889e-03 
74.200000 5.3255448137548289e-03 
74.400000 5.3258048585348222e-03 
74.600000 5.3260570714562059e-03 
74.800000 5.3263016504375626e-03 
75.000000 5.3265387903091823e-03 
75.200000 5.3267686827447643e-03 
75.400000 5.3269915162032291e-03 
75.600000 5.3272074758798265e-03 
75.800000 5.3274167436659957e-03 
76.000000 5.3276194981173343e-03 
76.200000 5.3278159144290746e-03 
76.400000 5.3280061644187283e-03 
76.600000 5.3281904165151375e-03 
76.800000 5.3283688357535011e-03 
77.000000 5.3285415837762331e-03 
77.200000 5.3287088188388029e-03 
77.400000 5.3288706958204415e-03 
77.600000 5.3290273662391250e-03 
77.800000 5.3291789782708640e-03 
78.000000 5.3293256767723753e-03 
78.200000 5.3294676033074787e-03 
78.400000 5.3296048961762443e-03 
78.600000 5.3297376904472829e-03 
78.800000 5.3298661179924560e-03 
79.000000 5.3299903075238551e-03 
79.200000 5.3301103846328636e-03 
79.400000 5.3302264718312845e-03 
79.600000 5.3303386885939132e-03 
79.800000 5.3304471514025028e-03 
80.000000 5.3305519737913394e-03 
80.200000 5.3306532663937806e-03 
80.400000 5.3307511369895567e-03 
80.600000 5.3308456905533158e-03 
80.800000 5.3309370293034165e-03 
81.000000 5.3310252527516595e-03 
81.200000 5.3311104577532060e-03 
81.400000 5.3311927385568270e-03 
81.600000 5.3312721868557164e-03 
81.800000 5.3313488918378497e-03 
82.000000 5.3314229402370329e-03 
82.200000 5.3314944163833618e-03 
82.400000 5.3315634022539317e-03 
82.600000 5.3316299775232412e-03 
82.800000 5.3316942196132899e-03 
83.000000 5.3317562037434917e-03 
83.200000 5.3318160029801930e-03 
83.400000 5.3318736882856568e-03 
83.600000 5.3319293285668794e-03 
83.800000 5.3319829907234858e-03 
84.000000 5.3320347396955802e-03 
84.200000 5.3320846385107225e-03 
84.400000 5.3321327483303082e-03 
84.600000 5.3321791284954749e-03 
84.800000 5.3322238365723458e-03 
85.000000 5.3322669283964183e-03 
85.200000 5.3323084581165378e-03 
85.400000 5.3323484782380089e-03 
85.600000 5.3323870396649545e-03 
85.800000 5.3324241917421123e-03 
86.000000 5.3324599822957737e-03 
86.200000 5.3324944576739509e-03 
86.400000 5.3325276627859668e-03 
86.600000 5.3325596411411191e-03 
86.800000 5.3325904348866127e-03 
87.000000 5.3326200848448470e-03 
87.200000 5.3326486305498360e-03 
87.400000 5.3326761102828564e-03 
87.600000 5.3327025611075319e-03 
87.800000 5.3327280189038317e-03 
88.000000 5.3327525184016684e-03 
88.200000 5.3327760932135159e-03 
88.400000 5.3327987758664116e-03 
88.600000 5.3328205978331522e-03 
88.800000 5.3328415895628600e-03 
89.000000 5.3328617805106495e-03 
89.200000 5.3328811991668950e-03 
89.400000 5.3328998730854523e-03 
89.600000 5.3329178289114407e-03 
89.800000 5.3329350924081875e-03 
90.000000 5.3329516884835972e-03 
90.200000 5.3329676412158661e-03 
90.400000 5.3329829738784102e-03 
90.600000 5.3329977089644218e-03 
90.800000 5.3330118682103668e-03 
91.000000 5.3330254726194071e-03 
91.200000 5.3330385424836882e-03 
91.400000 5.3330510974063600e-03 
91.600000 5.3330631563229917e-03 
91.800000 5.3330747375222491e-03 
92.000000 5.3330858586661482e-03 
92.200000 5.3330965368095897e-03 
92.400000 5.3331067884196991e-03 
92.600000 5.3331166293941875e-03 
92.800000 5.3331260750795820e-03 
93.000000 5.3331351402886524e-03 
93.200000 5.3331438393175602e-03 
93.400000 5.3331521859624328e-03 
93.600000 5.3331601935354307e-03 
93.800000 5.3331678748803676e-03 
94.000000 5.3331752423880271e-03 
94.200000 5.3331823080107242e-03 
94.400000 5.3331890832768051e-03 
94.600000 5.3331955793044080e-03 
94.800000 5.3332018068149934e-03 
95.000000 5.3332077761464895e-03 
95.200000 5.3332134972659227e-03 
95.400000 5.3332189797816931e-03 
95.600000 5.3332242329556679e-03 
95.800000 5.3332292657146075e-03 
96.000000 5.3332340866614420e-03 
96.200000 5.3332387040862994e-03 
96.400000 5.3332431259768163e-03 
96.600000 5.3332473600285835e-03 
96.800000 5.3332514136549087e-03 
97.000000 5.3332552939965106e-03 
97.200000 5.3332590079309154e-03 
97.400000 5.3332625620812020e-03 
97.600000 5.3332659628249736e-03 
97.800000 5.3332692163027941e-03 
98.000000 5.3332723284262489e-03 
98.200000 5.3332753048860298e-03 
98.400000 5.3332781511594473e-03 
98.600000 5.3332808725180753e-03 
98.800000 5.3332834740347519e-03 
99.000000 5.3332859605906289e-03 
99.200000 5.3332883368819211e-03 
99.400000 5.3332906074263940e-03 
99.600000 5.3332927765696991e-03 
99.800000 5.3332948484914296e-03 
100.000000 5.3332968272110657e-03 
100.200000 5.3332987165936735e-03 
100.400000 5.3333005203554020e-03 
100.600000 5.3333022420688379e-03 
100.800000 5.3333038851682011e-03 
101.000000 5.3333054529542748e-03 
101.200000 5.3333069485992238e-03 
101.400000 5.3333083751513251e-03 
101.600000 5.3333097355393452e-03 
101.800000 5.3333110325771028e-03 
102.000000 5.3333122689674444e-03 
102.200000 5.3333134473064212e-03 
102.400000 5.3333145700872539e-03 
102.600000 5.3333156397040102e-03 
102.800000 5.3333166584552992e-03 
103.000000 5.3333176285479452e-03 
103.200000 5.3333185521001790e-03 
103.400000 5.3333194311450940e-03 
103.600000 5.3333202676337545e-03 
103.800000 5.3333210634383434e-03 
104.000000 5.3333218203549916e-03 
104.200000 5.3333225401067923e-03 
104.400000 5.3333232243464417e-03 
104.600000 5.3333238746589668e-03 
104.800000 5.3333244925643578e-03 
105.000000 5.3333250795198585e-03 
105.200000 5.3333256369225450e-03 
105.400000 5.3333261661115379e-03 
105.600000 5.3333266683702665e-03 
105.800000 5.3333271449285827e-03 
106.000000 5.3333275969648618e-03 
106.200000 5.3333280256079897e-03 
106.400000 5.3333284319392413e-03 
106.600000 5.3333288169942457e-03 
106.800000 5.3333291817646011e-03 
107.000000 5.3333295271998128e-03 
107.200000 5.3333298542087319e-03 
107.400000 5.3333301636613560e-03 
107.600000 5.3333304563901573e-03 
107.800000 5.3333307331917676e-03 
108.000000 5.3333309948283177e-03 
108.200000 5.3333312420287826e-03 
108.400000 5.3333314754903270e-03 
108.600000 5.3333316958796631e-03 
108.800000 5.3333319038342073e-03 
109.000000 5.3333320999631546e-03 
109.200000 5.3333322848488742e-03 
109.400000 5.3333324590478367e-03 
109.600000 5.3333326230916118e-03 
109.800000 5.3333327774880163e-03 
110.000000 5.3333329227221431e-03 
110.200000 5.3333330592570368e-03 
110.400000 5.3333331875348418e-03 
110.600000 5.3333333079776139e-03 
110.800000 5.3333334209881037e-03 
111.000000 5.3333335269505960e-03 
111.200000 5.3333336262316429e-03 
111.400000 5.3333337191809266e-03 
111.600000 5.3333338061318392e-03 
111.800000 5.3333338874021951e-03 
112.000000 5.3333339632949724e-03 
112.200000 5.3333340340988500e-03 
112.400000 5.3333341000888776e-03 
112.600000 5.3333341615270464e-03 
112.800000 5.3333342186628260e-03 
113.000000 5.3333342717337287e-03 
113.200000 5.3333343209658653e-03 
113.400000 5.3333343665743754e-03 
113.600000 5.3333344087638972e-03 
113.800000 5.3333344477290807e-03 
114.000000 5.3333344836550712e-03 
114.200000 5.3333345167178069e-03 
114.400000 5.3333345470844918e-03 
114.600000 5.3333345749139978e-03 
114.800000 5.3333346003572391e-03 
115.000000 5.3333346235574326e-03 
115.200000 5.3333346446506683e-03 
115.400000 5.3333346637659228e-03 
115.600000 5.3333346810256910e-03 
115.800000 5.3333346965460469e-03 
116.000000 5.3333347104370576e-03 
116.200000 5.3333347228030252e-03 
116.400000 5.3333347337427856e-03 
116.600000 5.3333347433499522e-03 
116.800000 5.3333347517130758e-03 
117.000000 5.3333347589160137e-03 
117.200000 5.3333347650380411e-03 
117.400000 5.3333347701541691e-03 
117.600000 5.3333347743352482e-03 
117.800000 5.3333347776482508e-03 
118.000000 5.3333347801563773e-03 
118.200000 5.3333347819193187e-03 
118.400000 5.3333347829933701e-03 
118.600000 5.3333347834316472e-03 
118.800000 5.3333347832841263e-03 
119.000000 5.3333347825979920e-03 
119.200000 5.3333347814176020e-03 
119.400000 5.3333347797846712e-03 
119.600000 5.3333347777385041e-03 
119.800000 5.3333347753159472e-03 
120.000000 5.3333347725517026e-03 
120.200000 5.3333347694782445e-03 
120.400000 5.3333347661260692e-03 
120.600000 5.3333347625237875e-03 
120.800000 5.3333347586981125e-03 
121.000000 5.3333347546740961e-03 
121.200000 5.3333347504751901e-03 
121.400000 5.3333347461232018e-03 
121.600000 5.3333347416385556e-03 
121.800000 5.3333347370402842e-03 
122.000000 5.3333347323460244e-03 
122.200000 5.3333347275723248e-03 
122.400000 5.3333347227344273e-03 
122.600000 5.3333347178465560e-03 
122.800000 5.3333347129218755e-03 
123.000000 5.3333347079724579e-03 
123.200000 5.3333347030096430e-03 
123.400000 5.3333346980437360e-03 
123.600000 5.3333346930842726e-03 
123.800000 5.3333346881400409e-03 
124.000000 5.3333346832190251e-03 
124.200000 5.3333346783285968e-03 
124.400000 5.3333346734754207e-03 
124.600000 5.3333346686655729e-03 
124.800000 5.3333346639046287e-03 
125.000000 5.3333346591975051e-03 
125.200000 5.3333346545486483e-03 
125.400000 5.3333346499621365e-03 
125.600000 5.3333346454414836e-03 
125.800000 5.3333346409898735e-03 
126.000000 5.3333346366100393e-03 
126.200000 5.3333346323044322e-03 
126.400000 5.3333346280750741e-03 
126.600000 5.3333346239237819e-03 
126.800000 5.3333346198519574e-03 
127.000000 5.3333346158608843e-03 
127.200000 5.3333346119514837e-03 
127.400000 5.3333346081244470e-03 
127.600000 5.3333346043803395e-03 
127.800000 5.3333346007193999e-03 
128.000000 5.3333345971417912e-03 
128.200000 5.3333345936474588e-03 
128.400000 5.3333345902362005e-03 
128.600000 5.3333345869077120e-03 
128.800000 5.3333345836614624e-03 
129.000000 5.3333345804969165e-03 
129.200000 5.3333345774133241e-03 
129.400000 5.3333345744099349e-03 
129.600000 5.3333345714858434e-03 
129.800000 5.3333345686400755e-03 
130.000000 5.3333345658716537e-03 
130.200000 5.3333345631793785e-03 
130.400000 5.3333345605621916e-03 
130.600000 5.3333345580188303e-03 
130.800000 5.3333345555480940e-03 
131.000000 5.3333345531486461e-03 
131.200000 5.3333345508192022e-03 
131.400000 5.3333345485584100e-03 
131.600000 5.3333345463649137e-03 
131.800000 5.3333345442372979e-03 
132.000000 5.3333345421741991e-03 
132.200000 5.3333345401742286e-03 
132.400000 5.3333345382359162e-03 
132.600000 5.3333345363579220e-03 
132.800000 5.3333345345387565e-03 
133.000000 5.3333345327770485e-03 
133.200000 5.3333345310714033e-03 
133.400000 5.3333345294203872e-03 
133.600000 5.3333345278226410e-03 
133.800000 5.3333345262767699e-03 
134.000000 5.3333345247814244e-03 
134.200000 5.3333345233352288e-03 
134.400000 5.3333345219369029e-03 
134.600000 5.3333345205850867e-03 
134.800000 5.3333345192784860e-03 
135.000000 5.3333345180158614e-03 
135.200000 5.3333345167959137e-03 
135.400000 5.3333345156174284e-03 
135.600000 5.3333345144792434e-03 
135.800000 5.3333345133800931e-03 
136.000000 5.3333345123188543e-03 
136.200000 5.3333345112943666e-03 
136.400000 5.3333345103055508e-03 
136.600000 5.3333345093512386e-03 
136.800000 5.3333345084304569e-03 
137.000000 5.3333345075421120e-03 
137.200000 5.3333345066851716e-03 
137.400000 5.3333345058586678e-03 
137.600000 5.3333345050616031e-03 
137.800000 5.3333345042930807e-03 
138.000000 5.3333345035521309e-03 
138.200000 5.3333345028378550e-03 
138.400000 5.3333345021494378e-03 
138.600000 5.3333345014859460e-03 
138.800000 5.3333345008466249e-03 
139.000000 5.3333345002306168e-03 
139.200000 5.3333344996372148e-03 
139.400000 5.3333344990656121e-03 
139.600000 5.3333344985150404e-03 
139.800000 5.3333344979848629e-03 
140.000000 5.3333344974743416e-03 
140.200000 5.3333344969827973e-03 
140.400000 5.3333344965096202e-03 
140.600000 5.3333344960541590e-03 
140.800000 5.3333344956157987e-03 
141.000000 5.3333344951939626e-03 
141.200000 5.3333344947880841e-03 
141.400000 5.3333344943976100e-03 
141.600000 5.3333344940219782e-03 
141.800000 5.3333344936607064e-03 
142.000000 5.3333344933133029e-03 
142.200000 5.3333344929792428e-03 
142.400000 5.3333344926581039e-03 
142.600000 5.3333344923494229e-03 
142.800000 5.3333344920527782e-03 
143.000000 5.3333344917677302e-03 
143.200000 5.3333344914938937e-03 
143.400000 5.3333344912308593e-03 
143.600000 5.3333344909782957e-03 
143.800000 5.3333344907358091e-03 
144.000000 5.3333344905030569e-03 
144.200000 5.3333344902797434e-03 
144.400000 5.3333344900655128e-03 
144.600000 5.3333344898600756e-03 
144.800000 5.3333344896631454e-03 
145.000000 5.3333344894744058e-03 
145.200000 5.3333344892936346e-03 
145.400000 5.3333344891205239e-03 
145.600000 5.3333344889548396e-03 
145.800000 5.3333344887963145e-03 
146.000000 5.3333344886446910e-03 
146.200000 5.3333344884998113e-03 
146.400000 5.3333344883614332e-03 
146.600000 5.3333344882293184e-03 
146.800000 5.3333344881033367e-03 
147.000000 5.3333344879833199e-03 
147.200000 5.3333344878691577e-03 
147.400000 5.3333344877606837e-03 
147.600000 5.3333344876577054e-03 
147.800000 5.3333344875601246e-03 
148.000000 5.3333344874676742e-03 
148.200000 5.3333344873802641e-03 
148.400000 5.3333344872976982e-03 
148.600000 5.3333344872198039e-03 
148.800000 5.3333344871464234e-03 
149.000000 5.3333344870773874e-03 
149.200000 5.3333344870125391e-03 
149.400000 5.3333344869517414e-03 
149.600000 5.3333344868948087e-03 
149.800000 5.3333344868415934e-03 
