0.000000 2.4410619271749822e-02 
0.200000 2.4411004494821968e-02 
0.400000 2.4412721336904586e-02 
0.600000 2.4416804510722968e-02 
0.800000 2.4424161856102050e-02 
1.000000 2.4435570942103718e-02 
1.200000 2.4451707851015331e-02 
1.400000 2.4473165158535672e-02 
1.600000 2.4500453229628370e-02 
1.800000 2.4534040486738153e-02 
2.000000 2.4574361056612998e-02 
2.200000 2.4621810910998715e-02 
2.400000 2.4676755409980489e-02 
2.600000 2.4739531405279631e-02 
2.800000 2.4810446653027941e-02 
3.000000 2.4889790342168698e-02 
3.200000 2.4977836879985706e-02 
3.400000 2.5074876506478331e-02 
3.600000 2.5181167721486451e-02 
3.800000 2.5296940379522567e-02 
4.000000 2.5422414086138694e-02 
4.200000 2.5557806256448039e-02 
4.400000 2.5703332217286701e-02 
4.600000 2.5859206596570677e-02 
4.800000 2.6025645083247465e-02 
5.000000 2.6202869652591630e-02 
5.200000 2.6391107519111490e-02 
5.400000 2.6590591382879079e-02 
5.600000 2.6801561789860907e-02 
5.800000 2.7024267135905576e-02 
6.000000 2.7258966066245754e-02 
6.200000 2.7505925927569549e-02 
6.400000 2.7765423768640409e-02 
6.600000 2.8037746196516843e-02 
6.800000 2.8323192031820741e-02 
7.000000 2.8622072516737648e-02 
7.200000 2.8934712268552383e-02 
7.400000 2.9261450872540035e-02 
7.600000 2.9602643417129544e-02 
7.800000 2.9958662216301540e-02 
8.000000 3.0329896907137464e-02 
8.200000 3.0716755821274172e-02 
8.400000 3.1119666741892857e-02 
8.600000 3.1539078220609418e-02 
8.800000 3.1975460092145122e-02 
9.000000 3.2429304729344070e-02 
9.200000 3.2901128010143291e-02 
9.400000 3.3391470747013152e-02 
9.600000 3.3900899776608540e-02 
9.800000 3.4430009162656129e-02 
10.000000 3.4979421589862385e-02 
10.200000 3.5549789660129262e-02 
10.400000 3.6141797503327036e-02 
10.600000 3.6756162174407879e-02 
10.800000 3.7393635309692752e-02 
11.000000 3.8055004726362446e-02 
11.200000 3.8741096166523797e-02 
11.400000 3.9452774967365455e-02 
11.600000 4.0190947799967638e-02 
11.800000 4.0956564468008300e-02 
12.000000 4.1750619782148952e-02 
12.200000 4.2574155392793980e-02 
12.400000 4.3428261660557889e-02 
12.600000 4.4314079565326729e-02 
12.800000 4.5232802580323396e-02 
13.000000 4.6185678560054726e-02 
13.200000 4.7174011540370930e-02 
13.400000 4.8199163512884655e-02 
13.600000 4.9262556085403843e-02 
13.800000 5.0365672035810397e-02 
14.000000 5.1510056681166073e-02 
14.200000 5.2697319046884912e-02 
14.400000 5.3929132793346400e-02 
14.600000 5.5207236823472706e-02 
14.800000 5.6533435537256767e-02 
15.000000 5.7909598632414003e-02 
15.200000 5.9337660408039374e-02 
15.400000 6.0819618463389562e-02 
15.600000 6.2357531713813766e-02 
15.800000 6.3953517605100360e-02 
16.000000 6.5609748423447065e-02 
16.200000 6.7328446577987075e-02 
16.400000 6.9111878726439091e-02 
16.600000 7.0962348598678240e-02 
16.800000 7.2882188376849621e-02 
17.000000 7.4873748481119454e-02 
17.200000 7.6939385601177301e-02 
17.400000 7.9081448820626801e-02 
17.600000 8.1302263674390363e-02 
17.800000 8.3604113995450202e-02 
18.000000 8.5989221409234165e-02 
18.200000 8.8459722355991463e-02 
18.400000 9.1017642539939367e-02 
18.600000 9.3664868737453472e-02 
18.800000 9.6403117933858903e-02 
19.000000 9.9233903803232604e-02 
19.200000 1.0215850060487913e-01 
19.400000 1.0517790463194819e-01 
19.600000 1.0829279342664218e-01 
19.800000 1.1150348305703675e-01 
20.000000 1.1480988384481787e-01 
20.200000 1.1821145503007903e-01 
20.400000 1.2170715896457351e-01 
20.600000 1.2529541552844803e-01 
20.800000 1.2897405757057745e-01 
21.000000 1.3274028827073445e-01 
21.200000 1.3659064141176377e-01 
21.400000 1.4052094562467382e-01 
21.600000 1.4452629372441889e-01 
21.800000 1.4860101828499653e-01 
22.000000 1.5273867460205459e-01 
22.200000 1.5693203215706708e-01 
22.400000 1.6117307562309063e-01 
22.600000 1.6545301633701573e-01 
22.800000 1.6976231500453434e-01 
23.000000 1.7409071620308350e-01 
23.200000 1.7842729500670954e-01 
23.400000 1.8276051578042629e-01 
23.600000 1.8707830288735958e-01 
23.800000 1.9136812272963308e-01 
24.000000 1.9561707621495800e-01 
24.200000 1.9981200041834207e-01 
24.400000 2.0393957790661985e-01 
24.600000 2.0798645192616877e-01 
24.800000 2.1193934543493395e-01 
25.000000 2.1578518179971731e-01 
25.200000 2.1951120488783635e-01 
25.400000 2.2310509626402705e-01 
25.600000 2.2655508726092730e-01 
25.800000 2.2985006382237572e-01 
26.000000 2.3297966221740657e-01 
26.200000 2.3593435397993276e-01 
26.400000 2.3870551873272136e-01 
26.600000 2.4128550389059966e-01 
26.800000 2.4366767059197350e-01 
27.000000 2.4584642556496850e-01 
27.200000 2.4781723898069691e-01 
27.400000 2.4957664866903273e-01 
27.600000 2.5112225136144617e-01 
27.800000 2.5245268187319014e-01 
28.000000 2.5356758133823271e-01 
28.200000 2.5446755576231478e-01 
28.400000 2.5515412626202927e-01 
28.600000 2.5562967241298723e-01 
28.800000 2.5589737014137925e-01 
29.000000 2.5596112556551859e-01 
29.200000 2.5582550613305144e-01 
29.400000 2.5549567031149895e-01 
29.600000 2.5497729698116478e-01 
29.800000 2.5427651555615699e-01 
30.000000 2.5339983772723557e-01 
30.200000 2.5235409158441569e-01 
30.400000 2.5114635874225921e-01 
30.600000 2.4978391496029217e-01 
30.800000 2.4827417462784429e-01 
31.000000 2.4662463936907719e-01 
31.200000 2.4484285092159672e-01 
31.400000 2.4293634835150518e-01 
31.600000 2.4091262958974202e-01 
31.800000 2.3877911720859785e-01 
32.000000 2.3654312830329660e-01 
32.200000 2.3421184830052141e-01 
32.400000 2.3179230848305066e-01 
32.600000 2.2929136699608541e-01 
32.800000 2.2671569308544978e-01 
33.000000 2.2407175430943205e-01 
33.200000 2.2136580646363369e-01 
33.400000 2.1860388596073518e-01 
33.600000 2.1579180441360643e-01 
33.800000 2.1293514517990736e-01 
34.000000 2.1003926163835090e-01 
34.200000 2.0710927698057116e-01 
34.400000 2.0415008531737580e-01 
34.600000 2.0116635391361903e-01 
34.800000 1.9816252638161735e-01 
35.000000 1.9514282667853397e-01 
35.200000 1.9211126376831494e-01 
35.400000 1.8907163682329953e-01 
35.600000 1.8602754085443204e-01 
35.800000 1.8298237267196082e-01 
36.000000 1.7993933709057644e-01 
36.200000 1.7690145330404106e-01 
36.400000 1.7387156136454215e-01 
36.600000 1.7085232871123282e-01 
36.800000 1.6784625670073741e-01 
37.000000 1.6485568709988319e-01 
37.200000 1.6188280850751480e-01 
37.400000 1.5892966267815670e-01 
37.600000 1.5599815072542039e-01 
37.800000 1.5309003918755829e-01 
38.000000 1.5020696594147909e-01 
38.200000 1.4735044595490152e-01 
38.400000 1.4452187686920237e-01 
38.600000 1.4172254440796708e-01 
38.800000 1.3895362760831056e-01 
39.000000 1.3621620387376293e-01 
39.200000 1.3351125384892740e-01 
39.400000 1.3083966611731740e-01 
39.600000 1.2820224172467476e-01 
39.800000 1.2559969853084893e-01 
40.000000 1.2303267539390732e-01 
40.200000 1.2050173619054923e-01 
40.400000 1.1800737367725490e-01 
40.600000 1.1555001319681146e-01 
40.800000 1.1313001623499520e-01 
41.000000 1.1074768383225959e-01 
41.200000 1.0840325985531499e-01 
41.400000 1.0609693413342935e-01 
41.600000 1.0382884546425150e-01 
41.800000 1.0159908449384214e-01 
42.000000 9.9407696475508928e-02 
42.200000 9.7254683911907391e-02 
42.400000 9.5140009084742128e-02 
42.600000 9.3063596476259294e-02 
42.800000 9.1025335086580492e-02 
43.000000 8.9025080650784280e-02 
43.200000 8.7062657759490694e-02 
43.400000 8.5137861886580402e-02 
43.600000 8.3250461327518316e-02 
43.800000 8.1400199051641337e-02 
44.000000 7.9586794471629946e-02 
44.200000 7.7809945133255398e-02 
44.400000 7.6069328328395802e-02 
44.600000 7.4364602634175825e-02 
44.800000 7.2695409381002427e-02 
45.000000 7.1061374052152862e-02 
45.200000 6.9462107617478328e-02 
45.400000 6.7897207803693599e-02 
45.600000 6.6366260303647021e-02 
45.800000 6.4868839926858241e-02 
46.000000 6.3404511693559859e-02 
46.200000 6.1972831874387520e-02 
46.400000 6.0573348977792277e-02 
46.600000 5.9205604687186303e-02 
46.800000 5.7869134749768354e-02 
47.000000 5.6563469818901008e-02 
47.200000 5.5288136251864704e-02 
47.400000 5.4042656864753229e-02 
47.600000 5.2826551646206081e-02 
47.800000 5.1639338431638267e-02 
48.000000 5.0480533539561716e-02 
48.200000 4.9349652371547030e-02 
48.400000 4.8246209977323033e-02 
48.600000 4.7169721586466380e-02 
48.800000 4.6119703108081653e-02 
49.000000 4.5095671599832868e-02 
49.200000 4.4097145707637071e-02 
49.400000 4.3123646077292424e-02 
49.600000 4.2174695739267118e-02 
49.800000 4.1249820467835673e-02 
50.000000 4.0348549115708218e-02 
50.200000 3.9470413925262127e-02 
50.400000 3.8614950817438619e-02 
50.600000 3.7781699659341084e-02 
50.800000 3.6970204511523871e-02 
51.000000 3.6180013855931781e-02 
51.200000 3.5410680805413479e-02 
51.400000 3.4661763295695723e-02 
51.600000 3.3932824260675044e-02 
51.800000 3.3223431791851811e-02 
52.000000 3.2533159282692486e-02 
52.200000 3.1861585558689245e-02 
52.400000 3.1208294993839043e-02 
52.600000 3.0572877614251162e-02 
52.800000 2.9954929189552514e-02 
53.000000 2.9354051312739514e-02 
53.200000 2.8769851469093988e-02 
53.400000 2.8201943094760071e-02 
53.600000 2.7649945625547404e-02 
53.800000 2.7113484536509771e-02 
54.000000 2.6592191372817740e-02 
54.200000 2.6085703772424536e-02 
54.400000 2.5593665481005112e-02 
54.600000 2.5115726359620501e-02 
54.800000 2.4651542385546957e-02 
55.000000 2.4200775646684516e-02 
55.200000 2.3763094329942308e-02 
55.400000 2.3338172703980153e-02 
55.600000 2.2925691096669646e-02 
55.800000 2.2525335867616764e-02 
56.000000 2.2136799376077879e-02 
56.200000 2.1759779944580598e-02 
56.400000 2.1393981818548586e-02 
56.600000 2.1039115122214590e-02 
56.800000 2.0694895811090748e-02 
57.000000 2.0361045621255524e-02 
57.200000 2.0037292015699797e-02 
57.400000 1.9723368127965789e-02 
57.600000 1.9419012703299078e-02 
57.800000 1.9123970037523454e-02 
58.000000 1.8837989913838501e-02 
58.200000 1.8560827537728055e-02 
58.400000 1.8292243470159234e-02 
58.600000 1.8032003559241925e-02 
58.800000 1.7779878870509642e-02 
59.000000 1.7535645615975246e-02 
59.200000 1.7299085082105037e-02 
59.400000 1.7069983556847593e-02 
59.600000 1.6848132255849704e-02 
59.800000 1.6633327247977343e-02 
60.000000 1.6425369380260985e-02 
60.200000 1.6224064202371796e-02 
60.400000 1.6029221890735072e-02 
60.600000 1.5840657172373613e-02 
60.800000 1.5658189248576780e-02 
61.000000 1.5481641718479149e-02 
61.200000 1.5310842502631546e-02 
61.400000 1.5145623766638357e-02 
61.600000 1.4985821844936768e-02 
61.800000 1.4831277164782025e-02 
62.000000 1.4681834170503083e-02 
62.200000 1.4537341248088453e-02 
62.400000 1.4397650650156640e-02 
62.600000 1.4262618421364318e-02 
62.800000 1.4132104324298934e-02 
63.000000 1.4005971765902016e-02 
63.200000 1.3884087724465498e-02 
63.400000 1.3766322677238431e-02 
63.600000 1.3652550528681789e-02 
63.800000 1.3542648539404135e-02 
64.000000 1.3436497255809197e-02 
64.200000 1.3333980440483492e-02 
64.400000 1.3234985003350720e-02 
64.600000 1.3139400933616050e-02 
64.800000 1.3047121232522897e-02 
65.000000 1.2958041846941245e-02 
65.200000 1.2872061603806070e-02 
65.400000 1.2789082145421205e-02 
65.600000 1.2709007865643945e-02 
65.800000 1.2631745846961988e-02 
66.000000 1.2557205798475019e-02 
66.200000 1.2485299994789643e-02 
66.400000 1.2415943215836825e-02 
66.600000 1.2349052687618146e-02 
66.800000 1.2284548023886651e-02 
67.000000 1.2222351168767857e-02 
67.200000 1.2162386340322051e-02 
67.400000 1.2104579975053100e-02 
67.600000 1.2048860673362412e-02 
67.800000 1.1995159145950163e-02 
68.000000 1.1943408161162480e-02 
68.200000 1.1893542493283031e-02 
68.400000 1.1845498871767638e-02 
68.600000 1.1799215931417787e-02 
68.800000 1.1754634163489961e-02 
69.000000 1.1711695867736844e-02 
69.200000 1.1670345105374022e-02 
69.400000 1.1630527652968155e-02 
69.600000 1.1592190957239405e-02 
69.800000 1.1555284090771493e-02 
70.000000 1.1519757708622708e-02 
70.200000 1.1485564005829688e-02 
70.400000 1.1452656675796537e-02 
70.600000 1.1420990869559505e-02 
70.800000 1.1390523155920252e-02 
71.000000 1.1361211482436859e-02 
71.200000 1.1333015137263969e-02 
71.400000 1.1305894711831977e-02 
71.600000 1.1279812064355157e-02 
71.800000 1.1254730284158864e-02 
72.000000 1.1230613656814614e-02 
72.200000 1.1207427630072609e-02 
72.400000 1.1185138780581382e-02 
72.600000 1.1163714781382252e-02 
72.800000 1.1143124370168581e-02 
73.000000 1.1123337318297873e-02 
73.200000 1.1104324400545424e-02 
73.400000 1.1086057365587850e-02 
73.600000 1.1068508907205328e-02 
73.800000 1.1051652636190238e-02 
74.000000 1.1035463052951075e-02 
74.200000 1.1019915520799419e-02 
74.400000 1.1004986239908520e-02 
74.600000 1.0990652221931562e-02 
74.800000 1.0976891265267763e-02 
75.000000 1.0963681930964539e-02 
75.200000 1.0951003519244577e-02 
75.400000 1.0938836046644711e-02 
75.600000 1.0927160223756460e-02 
75.800000 1.0915957433555647e-02 
76.000000 1.0905209710309892e-02 
76.200000 1.0894899719052284e-02 
76.400000 1.0885010735610056e-02 
76.600000 1.0875526627176604e-02 
76.800000 1.0866431833415614e-02 
77.000000 1.0857711348086866e-02 
77.200000 1.0849350701181109e-02 
77.400000 1.0841335941554779e-02 
77.600000 1.0833653620052260e-02 
77.800000 1.0826290773106031e-02 
78.000000 1.0819234906803147e-02 
78.200000 1.0812473981408593e-02 
78.400000 1.0805996396333530e-02 
78.600000 1.0799790975540492e-02 
78.800000 1.0793846953373007e-02 
79.000000 1.0788153960801147e-02 
79.200000 1.0782702012072929e-02 
79.400000 1.0777481491761392e-02 
79.600000 1.0772483142198285e-02 
79.800000 1.0767698051284564e-02 
80.000000 1.0763117640668750e-02 
80.200000 1.0758733654283786e-02 
80.400000 1.0754538147233454e-02 
80.600000 1.0750523475019647e-02 
80.800000 1.0746682283101452e-02 
81.000000 1.0743007496778187e-02 
81.200000 1.0739492311387147e-02 
81.400000 1.0736130182808362e-02 
81.600000 1.0732914818268444e-02 
81.800000 1.0729840167435167e-02 
82.000000 1.0726900413794730e-02 
82.200000 1.0724089966305314e-02 
82.400000 1.0721403451317732e-02 
82.600000 1.0718835704757658e-02 
82.800000 1.0716381764560357e-02 
83.000000 1.0714036863352623e-02 
83.200000 1.0711796421373789e-02 
83.400000 1.0709656039629775e-02 
83.600000 1.0707611493273012e-02 
83.800000 1.0705658725202719e-02 
84.000000 1.0703793839877589e-02 
84.200000 1.0702013097336838e-02 
84.400000 1.0700312907421426e-02 
84.600000 1.0698689824191360e-02 
84.800000 1.0697140540532243e-02 
85.000000 1.0695661882945316e-02 
85.200000 1.0694250806516805e-02 
85.400000 1.0692904390059460e-02 
85.600000 1.0691619831422383e-02 
85.800000 1.0690394442963394e-02 
86.000000 1.0689225647179199e-02 
86.200000 1.0688110972488446e-02 
86.400000 1.0687048049162701e-02 
86.600000 1.0686034605401363e-02 
86.800000 1.0685068463544986e-02 
87.000000 1.0684147536424006e-02 
87.200000 1.0683269823837275e-02 
87.400000 1.0682433409156818e-02 
87.600000 1.0681636456055301e-02 
87.800000 1.0680877205351175e-02 
88.000000 1.0680153971968554e-02 
88.200000 1.0679465142007615e-02 
88.400000 1.0678809169922428e-02 
88.600000 1.0678184575801719e-02 
88.800000 1.0677589942750551e-02 
89.000000 1.0677023914368014e-02 
89.200000 1.0676485192319205e-02 
89.400000 1.0675972533997158e-02 
89.600000 1.0675484750272392e-02 
89.800000 1.0675020703326958e-02 
90.000000 1.0674579304569701e-02 
90.200000 1.0674159512630579e-02 
90.400000 1.0673760331431310e-02 
90.600000 1.0673380808328584e-02 
90.800000 1.0673020032329278e-02 
91.000000 1.0672677132373059e-02 
91.200000 1.0672351275681875e-02 
91.400000 1.0672041666172537e-02 
91.600000 1.0671747542931095e-02 
91.800000 1.0671468178746396e-02 
92.000000 1.0671202878700794e-02 
92.200000 1.0670950978815942e-02 
92.400000 1.0670711844751941e-02 
92.600000 1.0670484870557433e-02 
92.800000 1.0670269477469220e-02 
93.000000 1.0670065112759457e-02 
93.200000 1.0669871248628695e-02 
93.400000 1.0669687381143078e-02 
93.600000 1.0669513029213758e-02 
93.800000 1.0669347733618016e-02 
94.000000 1.0669191056058944e-02 
94.200000 1.0669042578263770e-02 
94.400000 1.0668901901118411e-02 
94.600000 1.0668768643837109e-02 
94.800000 1.0668642443166256e-02 
95.000000 1.0668522952620690e-02 
95.200000 1.0668409841750883e-02 
95.400000 1.0668302795440883e-02 
95.600000 1.0668201513234971e-02 
95.800000 1.0668105708692229e-02 
96.000000 1.0668015108767538e-02 
96.200000 1.0667929453219141e-02 
96.400000 1.0667848494040229e-02 
96.600000 1.0667771994914581e-02 
96.800000 1.0667699730695153e-02 
97.000000 1.0667631486904439e-02 
97.200000 1.0667567059256276e-02 
97.400000 1.0667506253197392e-02 
97.600000 1.0667448883468938e-02 
97.800000 1.0667394773686407e-02 
98.000000 1.0667343755937595e-02 
98.200000 1.0667295670397772e-02 
98.400000 1.0667250364961288e-02 
98.600000 1.0667207694889297e-02 
98.800000 1.0667167522472532e-02 
99.000000 1.0667129716708502e-02 
99.200000 1.0667094152993229e-02 
99.400000 1.0667060712825820e-02 
99.600000 1.0667029283526325e-02 
99.800000 1.0666999757965808e-02 
100.000000 1.0666972034308501e-02 
100.200000 1.0666946015764678e-02 
100.400000 1.0666921610355335e-02 
100.600000 1.0666898730686434e-02 
100.800000 1.0666877293733822e-02 
101.000000 1.0666857220637370e-02 
101.200000 1.0666838436504258e-02 
101.400000 1.0666820870221272e-02 
101.600000 1.0666804454275402e-02 
101.800000 1.0666789124582575e-02 
102.000000 1.0666774820323875e-02 
102.200000 1.0666761483789528e-02 
102.400000 1.0666749060229739e-02 
102.600000 1.0666737497712121e-02 
102.800000 1.0666726746986195e-02 
103.000000 1.0666716761353359e-02 
103.200000 1.0666707496543365e-02 
103.400000 1.0666698910596264e-02 
103.600000 1.0666690963749633e-02 
103.800000 1.0666683618331198e-02 
104.000000 1.0666676838656611e-02 
104.200000 1.0666670590931300e-02 
104.400000 1.0666664843157595e-02 
104.600000 1.0666659565045936e-02 
104.800000 1.0666654727929908e-02 
105.000000 1.0666650304685867e-02 
105.200000 1.0666646269655774e-02 
105.400000 1.0666642598573951e-02 
105.600000 1.0666639268497367e-02 
105.800000 1.0666636257738794e-02 
106.000000 1.0666633545803854e-02 
106.200000 1.0666631113330171e-02 
106.400000 1.0666628942030298e-02 
106.600000 1.0666627014636722e-02 
106.800000 1.0666625314849826e-02 
107.000000 1.0666623827288228e-02 
107.200000 1.0666622537441694e-02 
107.400000 1.0666621431625948e-02 
107.600000 1.0666620496940265e-02 
107.800000 1.0666619721226320e-02 
108.000000 1.0666619093029895e-02 
108.200000 1.0666618601563801e-02 
108.400000 1.0666618236673021e-02 
108.600000 1.0666617988801268e-02 
108.800000 1.0666617848959429e-02 
109.000000 1.0666617808695397e-02 
109.200000 1.0666617860065519e-02 
109.400000 1.0666617995607336e-02 
109.600000 1.0666618208313985e-02 
109.800000 1.0666618491609121e-02 
110.000000 1.0666618839324274e-02 
110.200000 1.0666619245676065e-02 
110.400000 1.0666619705245682e-02 
110.600000 1.0666620212958638e-02 
110.800000 1.0666620764065812e-02 
111.000000 1.0666621354125522e-02 
111.200000 1.0666621978986431e-02 
111.400000 1.0666622634771311e-02 
111.600000 1.0666623317861751e-02 
111.800000 1.0666624024883399e-02 
112.000000 1.0666624752692221e-02 
112.200000 1.0666625498361540e-02 
112.400000 1.0666626259169242e-02 
112.600000 1.0666627032586293e-02 
112.800000 1.0666627816265465e-02 
113.000000 1.0666628608030646e-02 
113.200000 1.0666629405866906e-02 
113.400000 1.0666630207911056e-02 
113.600000 1.0666631012442624e-02 
113.800000 1.0666631817875000e-02 
114.000000 1.0666632622747921e-02 
114.200000 1.0666633425719519e-02 
114.400000 1.0666634225559140e-02 
114.600000 1.0666635021140427e-02 
114.800000 1.0666635811435015e-02 
115.000000 1.0666636595506393e-02 
115.200000 1.0666637372503868e-02 
115.400000 1.0666638141657659e-02 
115.600000 1.0666638902273085e-02 
115.800000 1.0666639653726190e-02 
116.000000 1.0666640395458829e-02 
116.200000 1.0666641126974574e-02 
116.400000 1.0666641847834352e-02 
116.600000 1.0666642557652775e-02 
116.800000 1.0666643256094371e-02 
117.000000 1.0666643942870271e-02 
117.200000 1.0666644617734816e-02 
117.400000 1.0666645280482463e-02 
117.600000 1.0666645930945290e-02 
117.800000 1.0666646568989673e-02 
118.000000 1.0666647194514199e-02 
118.200000 1.0666647807447182e-02 
118.400000 1.0666648407744176e-02 
118.600000 1.0666648995386116e-02 
118.800000 1.0666649570377188e-02 
119.000000 1.0666650132742900e-02 
119.200000 1.0666650682528455e-02 
119.400000 1.0666651219797072e-02 
119.600000 1.0666651744628297e-02 
119.800000 1.0666652257116728e-02 
120.000000 1.0666652757370476e-02 
120.200000 1.0666653245510017e-02 
120.400000 1.0666653721666978e-02 
120.600000 1.0666654185982912e-02 
120.800000 1.0666654638608355e-02 
121.000000 1.0666655079701942e-02 
121.200000 1.0666655509429175e-02 
121.400000 1.0666655927962053e-02 
121.600000 1.0666656335477665e-02 
121.800000 1.0666656732157975e-02 
122.000000 1.0666657118188923e-02 
122.200000 1.0666657493759828e-02 
122.400000 1.0666657859062775e-02 
122.600000 1.0666658214291887e-02 
122.800000 1.0666658559643261e-02 
123.000000 1.0666658895314030e-02 
123.200000 1.0666659221502228e-02 
123.400000 1.0666659538406198e-02 
123.600000 1.0666659846224388e-02 
123.800000 1.0666660145154844e-02 
124.000000 1.0666660435394989e-02 
124.200000 1.0666660717141467e-02 
124.400000 1.0666660990589490e-02 
124.600000 1.0666661255933045e-02 
124.800000 1.0666661513364453e-02 
125.000000 1.0666661763074108e-02 
125.200000 1.0666662005250412e-02 
125.400000 1.0666662240079720e-02 
125.600000 1.0666662467745924e-02 
125.800000 1.0666662688430494e-02 
126.000000 1.0666662902312300e-02 
126.200000 1.0666663109567705e-02 
126.400000 1.0666663310370179e-02 
126.600000 1.0666663504890416e-02 
126.800000 1.0666663693296202e-02 
127.000000 1.0666663875752318e-02 
127.200000 1.0666664052420706e-02 
127.400000 1.0666664223460133e-02 
127.600000 1.0666664389026347e-02 
127.800000 1.0666664549272054e-02 
128.000000 1.0666664704346828e-02 
128.200000 1.0666664854397193e-02 
128.400000 1.0666664999566445e-02 
128.600000 1.0666665139994910e-02 
128.800000 1.0666665275819753e-02 
129.000000 1.0666665407175058e-02 
129.200000 1.0666665534191910e-02 
129.400000 1.0666665656998342e-02 
129.600000 1.0666665775719201e-02 
129.800000 1.0666665890476674e-02 
130.000000 1.0666666001389631e-02 
130.200000 1.0666666108574228e-02 
130.400000 1.0666666212143738e-02 
130.600000 1.0666666312208426e-02 
130.800000 1.0666666408875982e-02 
131.000000 1.0666666502251112e-02 
131.200000 1.0666666592435906e-02 
131.400000 1.0666666679529670e-02 
131.600000 1.0666666763629195e-02 
131.800000 1.0666666844828521e-02 
132.000000 1.0666666923219400e-02 
132.200000 1.0666666998890803e-02 
132.400000 1.0666667071929379e-02 
132.600000 1.0666667142419345e-02 
132.800000 1.0666667210442541e-02 
133.000000 1.0666667276078587e-02 
133.200000 1.0666667339404716e-02 
133.400000 1.0666667400496014e-02 
133.600000 1.0666667459425516e-02 
133.800000 1.0666667516263712e-02 
134.000000 1.0666667571079726e-02 
134.200000 1.0666667623939958e-02 
134.400000 1.0666667674909300e-02 
134.600000 1.0666667724050527e-02 
134.800000 1.0666667771424528e-02 
135.000000 1.0666667817090424e-02 
135.200000 1.0666667861105443e-02 
135.400000 1.0666667903525211e-02 
135.600000 1.0666667944403482e-02 
135.800000 1.0666667983792599e-02 
136.000000 1.0666668021742997e-02 
136.200000 1.0666668058303725e-02 
136.400000 1.0666668093522208e-02 
136.600000 1.0666668127444476e-02 
136.800000 1.0666668160115068e-02 
137.000000 1.0666668191576890e-02 
137.200000 1.0666668221871976e-02 
137.400000 1.0666668251040465e-02 
137.600000 1.0666668279121523e-02 
137.800000 1.0666668306153081e-02 
138.000000 1.0666668332171581e-02 
138.200000 1.0666668357212535e-02 
138.400000 1.0666668381310102e-02 
138.600000 1.0666668404497471e-02 
138.800000 1.0666668426806629e-02 
139.000000 1.0666668448268482e-02 
139.200000 1.0666668468913091e-02 
139.400000 1.0666668488769201e-02 
139.600000 1.0666668507864912e-02 
139.800000 1.0666668526227151e-02 
140.000000 1.0666668543882025e-02 
140.200000 1.0666668560854624e-02 
140.400000 1.0666668577169426e-02 
140.600000 1.0666668592849890e-02 
140.800000 1.0666668607918598e-02 
141.000000 1.0666668622397542e-02 
141.200000 1.0666668636307835e-02 
141.400000 1.0666668649669839e-02 
141.600000 1.0666668662503289e-02 
141.800000 1.0666668674827092e-02 
142.000000 1.0666668686659520e-02 
142.200000 1.0666668698018279e-02 
142.400000 1.0666668708920314e-02 
142.600000 1.0666668719382030e-02 
142.800000 1.0666668729419250e-02 
143.000000 1.0666668739047147e-02 
143.200000 1.0666668748280364e-02 
143.400000 1.0666668757133015e-02 
143.600000 1.0666668765618788e-02 
143.800000 1.0666668773750694e-02 
144.000000 1.0666668781541390e-02 
144.200000 1.0666668789003032e-02 
144.400000 1.0666668796147114e-02 
144.600000 1.0666668802984842e-02 
144.800000 1.0666668809526811e-02 
145.000000 1.0666668815783348e-02 
145.200000 1.0666668821764263e-02 
145.400000 1.0666668827479044e-02 
145.600000 1.0666668832936883e-02 
145.800000 1.0666668838146542e-02 
146.000000 1.0666668843116567e-02 
146.200000 1.0666668847855115e-02 
146.400000 1.0666668852370189e-02 
146.600000 1.0666668856669476e-02 
146.800000 1.0666668860760373e-02 
147.000000 1.0666668864649434e-02 
147.200000 1.0666668868341583e-02 
147.400000 1.0666668871841600e-02 
147.600000 1.0666668875154880e-02 
147.800000 1.0666668878286847e-02 
148.000000 1.0666668881243136e-02 
148.200000 1.0666668884029512e-02 
148.400000 1.0666668886651786e-02 
148.600000 1.0666668889115917e-02 
148.800000 1.0666668891427632e-02 
149.000000 1.0666668893592945e-02 
149.200000 1.0666668895617588e-02 
149.400000 1.0666668897507411e-02 
149.600000 1.0666668899268077e-02 
149.800000 1.0666668900905181e-02 
