0.000000 2.4409880929929833e-02 
0.200000 2.4410077123525255e-02 
0.400000 2.4411221670289990e-02 
0.600000 2.4414396876190916e-02 
0.800000 2.4420553200396277e-02 
1.000000 2.4430505687855340e-02 
1.200000 2.4444964044106589e-02 
1.400000 2.4464543413241523e-02 
1.600000 2.4489780858387093e-02 
1.800000 2.4521158083004417e-02 
2.000000 2.4559124383783965e-02 
2.200000 2.4604088690643788e-02 
2.400000 2.4656427563403742e-02 
2.600000 2.4716487336935822e-02 
2.800000 2.4784583459019096e-02 
3.000000 2.4861010546405923e-02 
3.200000 2.4946049140277871e-02 
3.400000 2.5039979072812760e-02 
3.600000 2.5143078546264862e-02 
3.800000 2.5255582135431644e-02 
4.000000 2.5377711880803507e-02 
4.200000 2.5509686539271388e-02 
4.400000 2.5651721896064801e-02 
4.600000 2.5804031557018839e-02 
4.800000 2.5966831843364260e-02 
5.000000 2.6140341522695974e-02 
5.200000 2.6324786333234512e-02 
5.400000 2.6520396574793902e-02 
5.600000 2.6727410111990223e-02 
5.800000 2.6946072377365453e-02 
6.000000 2.7176638910731663e-02 
6.200000 2.7419373568496271e-02 
6.400000 2.7674550251655043e-02 
6.600000 2.7942451938914335e-02 
6.800000 2.8223373416618045e-02 
7.000000 2.8517621510434150e-02 
7.200000 2.8825515997738346e-02 
7.400000 2.9147391276830699e-02 
7.600000 2.9483596939603840e-02 
7.800000 2.9834499441754689e-02 
8.000000 3.0200482259979806e-02 
8.200000 3.0581947220232872e-02 
8.400000 3.0979315238435525e-02 
8.600000 3.1393027675308931e-02 
8.800000 3.1823547024671571e-02 
9.000000 3.2271357833638242e-02 
9.200000 3.2736967771848299e-02 
9.400000 3.3220909024811278e-02 
9.600000 3.3723739373874663e-02 
9.800000 3.4246043388549564e-02 
10.000000 3.4788433809893757e-02 
10.200000 3.5351552821020704e-02 
10.400000 3.5936073619792147e-02 
10.600000 3.6542701787574523e-02 
10.800000 3.7172176941446360e-02 
11.000000 3.7825274315085318e-02 
11.200000 3.8502806493826577e-02 
11.400000 3.9205625062961269e-02 
11.600000 3.9934622329829389e-02 
11.800000 4.0690733142992035e-02 
12.000000 4.1474936682512203e-02 
12.200000 4.2288258361965030e-02 
12.400000 4.3131771651299951e-02 
12.600000 4.4006599992948099e-02 
12.800000 4.4913918674958017e-02 
13.000000 4.5854956731864779e-02 
13.200000 4.6830998772012120e-02 
13.400000 4.7843386758901776e-02 
13.600000 4.8893521714442126e-02 
13.800000 4.9982865320537029e-02 
14.000000 5.1112941348265044e-02 
14.200000 5.2285336902177175e-02 
14.400000 5.3501703439229067e-02 
14.600000 5.4763757489392002e-02 
14.800000 5.6073281041581102e-02 
15.000000 5.7432121502557172e-02 
15.200000 5.8842191184316217e-02 
15.400000 6.0305466218273443e-02 
15.600000 6.1823984818040523e-02 
15.800000 6.3399844778080666e-02 
16.000000 6.5035200106839094e-02 
16.200000 6.6732256677832433e-02 
16.400000 6.8493266763104715e-02 
16.600000 7.0320522321923012e-02 
16.800000 7.2216346889803995e-02 
17.000000 7.4183085928603995e-02 
17.200000 7.6223095475497202e-02 
17.400000 7.8338728938578572e-02 
17.600000 8.0532321877868143e-02 
17.800000 8.2806174625791443e-02 
18.000000 8.5162532600903951e-02 
18.200000 8.7603564189140365e-02 
18.400000 9.0131336082591884e-02 
18.600000 9.2747785997116583e-02 
18.800000 9.5454692724251042e-02 
19.000000 9.8253643514841393e-02 
19.200000 1.0114599884762793e-01 
19.400000 1.0413285469503857e-01 
19.600000 1.0721500247356468e-01 
19.800000 1.1039288694446868e-01 
20.000000 1.1366656242146118e-01 
20.200000 1.1703564773741407e-01 
20.400000 1.2049928052518018e-01 
20.600000 1.2405607147219902e-01 
20.800000 1.2770405931338666e-01 
21.000000 1.3144066742763233e-01 
21.200000 1.3526266299687881e-01 
21.400000 1.3916611976705517e-01 
21.600000 1.4314638551229117e-01 
21.800000 1.4719805534381247e-01 
22.000000 1.5131495201538875e-01 
22.200000 1.5549011435552998e-01 
22.400000 1.5971579489619486e-01 
22.600000 1.6398346766727151e-01 
22.800000 1.6828384698220081e-01 
23.000000 1.7260691785352333e-01 
23.200000 1.7694197844919035e-01 
23.400000 1.8127769473523206e-01 
23.600000 1.8560216715495623e-01 
23.800000 1.8990300887718700e-01 
24.000000 1.9416743481811022e-01 
24.200000 1.9838236031488121e-01 
24.400000 2.0253450801874198e-01 
24.600000 2.0661052129471283e-01 
24.800000 2.1059708217786563e-01 
25.000000 2.1448103175457775e-01 
25.200000 2.1824949072122021e-01 
25.400000 2.2188997782881609e-01 
25.600000 2.2539052395387163e-01 
25.800000 2.2873977964176978e-01 
26.000000 2.3192711414550188e-01 
26.200000 2.3494270422080937e-01 
26.400000 2.3777761122802246e-01 
26.600000 2.4042384541764686e-01 
26.800000 2.4287441662651291e-01 
27.000000 2.4512337096907089e-01 
27.200000 2.4716581345994804e-01 
27.400000 2.4899791683595693e-01 
27.600000 2.5061691714750467e-01 
27.800000 2.5202109695195785e-01 
28.000000 2.5320975715901584e-01 
28.200000 2.5418317874708463e-01 
28.400000 2.5494257568892853e-01 
28.600000 2.5549004049598162e-01 
28.800000 2.5582848381642970e-01 
29.000000 2.5596156950719778e-01 
29.200000 2.5589364654974800e-01 
29.400000 2.5562967910012707e-01 
29.600000 2.5517517586141236e-01 
29.800000 2.5453611984780022e-01 
30.000000 2.5371889947987847e-01 
30.200000 2.5273024181560588e-01 
30.400000 2.5157714858580987e-01 
30.600000 2.5026683557058949e-01 
30.800000 2.4880667572708148e-01 
31.000000 2.4720414636201493e-01 
31.200000 2.4546678053617627e-01 
31.400000 2.4360212279322985e-01 
31.600000 2.4161768922306895e-01 
31.800000 2.3952093179976519e-01 
32.000000 2.3731920687623456e-01 
32.200000 2.3501974767098635e-01 
32.400000 2.3262964054624760e-01 
32.600000 2.3015580485014228e-01 
32.800000 2.2760497607751312e-01 
33.000000 2.2498369209333605e-01 
33.200000 2.2229828215828185e-01 
33.400000 2.1955485849697920e-01 
33.600000 2.1675931015478514e-01 
33.800000 2.1391729889755989e-01 
34.000000 2.1103425692030481e-01 
34.200000 2.0811538614372191e-01 
34.400000 2.0516565889231206e-01 
34.600000 2.0218981976291756e-01 
34.800000 1.9919238850825569e-01 
35.000000 1.9617766377560975e-01 
35.200000 1.9314972755610904e-01 
35.400000 1.9011245021483997e-01 
35.600000 1.8706949598607087e-01 
35.800000 1.8402432883114681e-01 
36.000000 1.8098021856897006e-01 
36.200000 1.7794024720043994e-01 
36.400000 1.7490731535869497e-01 
36.600000 1.7188414882656769e-01 
36.800000 1.6887330507128875e-01 
37.000000 1.6587717975422503e-01 
37.200000 1.6289801318034883e-01 
37.400000 1.5993789665826330e-01 
37.600000 1.5699877874699081e-01 
37.800000 1.5408247137046249e-01 
38.000000 1.5119065578475524e-01 
38.200000 1.4832488838664068e-01 
38.400000 1.4548660635508082e-01 
38.600000 1.4267713311988564e-01 
38.800000 1.3989768365392893e-01 
39.000000 1.3714936958716453e-01 
39.200000 1.3443320414220294e-01 
39.400000 1.3175010689246250e-01 
39.600000 1.2910090834491805e-01 
39.800000 1.2648635435028735e-01 
40.000000 1.2390711034412982e-01 
40.200000 1.2136376542281091e-01 
40.400000 1.1885683625865864e-01 
40.600000 1.1638677085888202e-01 
40.800000 1.1395395217300361e-01 
41.000000 1.1155870155362439e-01 
41.200000 1.0920128207541523e-01 
41.400000 1.0688190171717604e-01 
41.600000 1.0460071641178766e-01 
41.800000 1.0235783296876891e-01 
42.000000 1.0015331187408964e-01 
42.200000 9.7987169971724616e-02 
42.400000 9.5859383031348194e-02 
42.600000 9.3769888206395480e-02 
42.800000 9.1718586386597231e-02 
43.000000 8.9705344448941501e-02 
43.200000 8.7729997410868746e-02 
43.400000 8.5792350489371463e-02 
43.600000 8.3892181069529406e-02 
43.800000 8.2029240585872173e-02 
44.000000 8.0203256319836089e-02 
44.200000 7.8413933116454032e-02 
44.400000 7.6660955023302169e-02 
44.600000 7.4943986854604266e-02 
44.800000 7.3262675683298112e-02 
45.000000 7.1616652263749581e-02 
45.200000 7.0005532387725777e-02 
45.400000 6.8428918176107245e-02 
45.600000 6.6886399308779279e-02 
45.800000 6.5377554195014745e-02 
46.000000 6.3901951086601655e-02 
46.200000 6.2459149135897611e-02 
46.400000 6.1048699400900346e-02 
46.600000 5.9670145799376177e-02 
46.800000 5.8323026014004284e-02 
47.000000 5.7006872350441030e-02 
47.200000 5.5721212550145949e-02 
47.400000 5.4465570559745859e-02 
47.600000 5.3239467258667260e-02 
47.800000 5.2042421146701504e-02 
48.000000 5.0873948993122219e-02 
48.200000 4.9733566448918798e-02 
48.400000 4.8620788623660691e-02 
48.600000 4.7535130628459564e-02 
48.800000 4.6476108086450384e-02 
49.000000 4.5443237612158668e-02 
49.200000 4.4436037261091348e-02 
49.400000 4.3454026950828416e-02 
49.600000 4.2496728854860805e-02 
49.800000 4.1563667770374790e-02 
50.000000 4.0654371461142508e-02 
50.200000 3.9768370976637511e-02 
50.400000 3.8905200948458202e-02 
50.600000 3.8064399865100504e-02 
50.800000 3.7245510326088881e-02 
51.000000 3.6448079276430762e-02 
51.200000 3.5671658222334902e-02 
51.400000 3.4915803429090571e-02 
51.600000 3.4180076101974557e-02 
51.800000 3.3464042551019868e-02 
52.000000 3.2767274340451291e-02 
52.200000 3.2089348423555340e-02 
52.400000 3.1429847263725948e-02 
52.600000 3.0788358942401780e-02 
52.800000 3.0164477254572386e-02 
53.000000 2.9557801792512894e-02 
53.200000 2.8967938018376514e-02 
53.400000 2.8394497326242354e-02 
53.600000 2.7837097094203088e-02 
53.800000 2.7295360727039877e-02 
54.000000 2.6768917690018195e-02 
54.200000 2.6257403534307250e-02 
54.400000 2.5760459914511424e-02 
54.600000 2.5277734598774835e-02 
54.800000 2.4808881471902092e-02 
55.000000 2.4353560531918499e-02 
55.200000 2.3911437880473750e-02 
55.400000 2.3482185707473693e-02 
55.600000 2.3065482270308916e-02 
55.800000 2.2661011868030528e-02 
56.000000 2.2268464810806399e-02 
56.200000 2.1887537384978360e-02 
56.400000 2.1517931814022052e-02 
56.600000 2.1159356215699403e-02 
56.800000 2.0811524555677887e-02 
57.000000 2.0474156597879347e-02 
57.200000 2.0146977851805550e-02 
57.400000 1.9829719517079170e-02 
57.600000 1.9522118425422019e-02 
57.800000 1.9223916980287612e-02 
58.000000 1.8934863094347741e-02 
58.200000 1.8654710125027011e-02 
58.400000 1.8383216808267679e-02 
58.600000 1.8120147190697756e-02 
58.800000 1.7865270560366256e-02 
59.000000 1.7618361376201864e-02 
59.200000 1.7379199196341549e-02 
59.400000 1.7147568605468611e-02 
59.600000 1.6923259141292609e-02 
59.800000 1.6706065220294917e-02 
60.000000 1.6495786062859105e-02 
60.200000 1.6292225617895964e-02 
60.400000 1.6095192487069684e-02 
60.600000 1.5904499848723629e-02 
60.800000 1.5719965381599449e-02 
61.000000 1.5541411188437137e-02 
61.200000 1.5368663719539872e-02 
61.400000 1.5201553696381275e-02 
61.600000 1.5039916035327894e-02 
61.800000 1.4883589771546911e-02 
62.000000 1.4732417983162690e-02 
62.200000 1.4586247715723283e-02 
62.400000 1.4444929907033627e-02 
62.600000 1.4308319312408139e-02 
62.800000 1.4176274430392575e-02 
63.000000 1.4048657429001245e-02 
63.200000 1.3925334072512579e-02 
63.400000 1.3806173648862850e-02 
63.600000 1.3691048897675749e-02 
63.800000 1.3579835938961230e-02 
64.000000 1.3472414202516565e-02 
64.200000 1.3368666358057536e-02 
64.400000 1.3268478246107843e-02 
64.600000 1.3171738809670661e-02 
64.800000 1.3078340026705246e-02 
65.000000 1.2988176843428394e-02 
65.200000 1.2901147108460364e-02 
65.400000 1.2817151507831095e-02 
65.600000 1.2736093500861636e-02 
65.800000 1.2657879256934665e-02 
66.000000 1.2582417593165489e-02 
66.200000 1.2509619912983423e-02 
66.400000 1.2439400145632717e-02 
66.600000 1.2371674686600238e-02 
66.800000 1.2306362338976307e-02 
67.000000 1.2243384255753269e-02 
67.200000 1.2182663883065457e-02 
67.400000 1.2124126904374309e-02 
67.600000 1.2067701185598372e-02 
67.800000 1.2013316721190650e-02 
68.000000 1.1960905581162326e-02 
68.200000 1.1910401859051310e-02 
68.400000 1.1861741620834464e-02 
68.600000 1.1814862854780313e-02 
68.800000 1.1769705422238449e-02 
69.000000 1.1726211009362806e-02 
69.200000 1.1684323079761689e-02 
69.400000 1.1643986828071891e-02 
69.600000 1.1605149134448713e-02 
69.800000 1.1567758519966139e-02 
70.000000 1.1531765102920571e-02 
70.200000 1.1497120556030149e-02 
70.400000 1.1463778064521301e-02 
70.600000 1.1431692285095548e-02 
70.800000 1.1400819305765832e-02 
71.000000 1.1371116606555683e-02 
71.200000 1.1342543021049405e-02 
71.400000 1.1315058698785473e-02 
71.600000 1.1288625068482324e-02 
71.800000 1.1263204802086075e-02 
72.000000 1.1238761779630568e-02 
72.200000 1.1215261054898293e-02 
72.400000 1.1192668821871719e-02 
72.600000 1.1170952381963873e-02 
72.800000 1.1150080112017452e-02 
73.000000 1.1130021433060158e-02 
73.200000 1.1110746779806131e-02 
73.400000 1.1092227570891053e-02 
73.600000 1.1074436179829542e-02 
73.800000 1.1057345906683497e-02 
74.000000 1.1040930950429378e-02 
74.200000 1.1025166382012834e-02 
74.400000 1.1010028118078562e-02 
74.600000 1.0995492895364351e-02 
74.800000 1.0981538245746811e-02 
75.000000 1.0968142471927105e-02 
75.200000 1.0955284623745350e-02 
75.400000 1.0942944475111797e-02 
75.600000 1.0931102501542403e-02 
75.800000 1.0919739858288481e-02 
76.000000 1.0908838359047475e-02 
76.200000 1.0898380455244319e-02 
76.400000 1.0888349215871444e-02 
76.600000 1.0878728307875896e-02 
76.800000 1.0869501977083074e-02 
77.000000 1.0860655029644891e-02 
77.200000 1.0852172814001726e-02 
77.400000 1.0844041203347352e-02 
77.600000 1.0836246578585798e-02 
77.800000 1.0828775811768603e-02 
78.000000 1.0821616250003493e-02 
78.200000 1.0814755699821965e-02 
78.400000 1.0808182411997110e-02 
78.600000 1.0801885066799889e-02 
78.800000 1.0795852759684626e-02 
79.000000 1.0790074987393851e-02 
79.200000 1.0784541634471232e-02 
79.400000 1.0779242960174851e-02 
79.600000 1.0774169585779387e-02 
79.800000 1.0769312482258674e-02 
80.000000 1.0764662958339418e-02 
80.200000 1.0760212648916297e-02 
80.400000 1.0755953503819405e-02 
80.600000 1.0751877776926471e-02 
80.800000 1.0747978015608943e-02 
81.000000 1.0744247050505071e-02 
81.200000 1.0740677985611137e-02 
81.400000 1.0737264188681813e-02 
81.600000 1.0733999281932902e-02 
81.800000 1.0730877133036708e-02 
82.000000 1.0727891846404070e-02 
82.200000 1.0725037754743689e-02 
82.400000 1.0722309410892555e-02 
82.600000 1.0719701579909346e-02 
82.800000 1.0717209231423492e-02 
83.000000 1.0714827532233228e-02 
83.200000 1.0712551839145830e-02 
83.400000 1.0710377692052282e-02 
83.600000 1.0708300807231057e-02 
83.800000 1.0706317070873203e-02 
84.000000 1.0704422532823495e-02 
84.200000 1.0702613400530463e-02 
84.400000 1.0700886033200128e-02 
84.600000 1.0699236936146737e-02 
84.800000 1.0697662755334880e-02 
85.000000 1.0696160272107834e-02 
85.200000 1.0694726398095910e-02 
85.400000 1.0693358170299542e-02 
85.600000 1.0692052746342322e-02 
85.800000 1.0690807399888284e-02 
86.000000 1.0689619516218404e-02 
86.200000 1.0688486587962127e-02 
86.400000 1.0687406210978034e-02 
86.600000 1.0686376080380136e-02 
86.800000 1.0685393986704296e-02 
87.000000 1.0684457812211112e-02 
87.200000 1.0683565527320372e-02 
87.400000 1.0682715187173290e-02 
87.600000 1.0681904928318244e-02 
87.800000 1.0681132965516116e-02 
88.000000 1.0680397588661295e-02 
88.200000 1.0679697159814951e-02 
88.400000 1.0679030110346065e-02 
88.600000 1.0678394938177557e-02 
88.800000 1.0677790205133838e-02 
89.000000 1.0677214534385972e-02 
89.200000 1.0676666607991733e-02 
89.400000 1.0676145164527215e-02 
89.600000 1.0675648996806357e-02 
89.800000 1.0675176949686886e-02 
90.000000 1.0674727917957684e-02 
90.200000 1.0674300844306813e-02 
90.400000 1.0673894717365802e-02 
90.600000 1.0673508569828710e-02 
90.800000 1.0673141476642806e-02 
91.000000 1.0672792553268471e-02 
91.200000 1.0672460954005869e-02 
91.400000 1.0672145870386602e-02 
91.600000 1.0671846529626662e-02 
91.800000 1.0671562193140329e-02 
92.000000 1.0671292155111511e-02 
92.200000 1.0671035741120743e-02 
92.400000 1.0670792306826415e-02 
92.600000 1.0670561236697709e-02 
92.800000 1.0670341942797283e-02 
93.000000 1.0670133863612631e-02 
93.200000 1.0669936462933365e-02 
93.400000 1.0669749228773536e-02 
93.600000 1.0669571672337017e-02 
93.800000 1.0669403327024186e-02 
94.000000 1.0669243747478933e-02 
94.200000 1.0669092508673534e-02 
94.400000 1.0668949205031196e-02 
94.600000 1.0668813449583842e-02 
94.800000 1.0668684873164407e-02 
95.000000 1.0668563123631876e-02 
95.200000 1.0668447865128433e-02 
95.400000 1.0668338777366785e-02 
95.600000 1.0668235554947142e-02 
95.800000 1.0668137906702185e-02 
96.000000 1.0668045555069713e-02 
96.200000 1.0667958235490473e-02 
96.400000 1.0667875695832217e-02 
96.600000 1.0667797695836782e-02 
96.800000 1.0667724006591399e-02 
97.000000 1.0667654410021226e-02 
97.200000 1.0667588698404225e-02 
97.400000 1.0667526673905910e-02 
97.600000 1.0667468148134185e-02 
97.800000 1.0667412941712947e-02 
98.000000 1.0667360883874173e-02 
98.200000 1.0667311812067036e-02 
98.400000 1.0667265571584006e-02 
98.600000 1.0667222015203476e-02 
98.800000 1.0667181002846820e-02 
99.000000 1.0667142401251301e-02 
99.200000 1.0667106083656560e-02 
99.400000 1.0667071929505065e-02 
99.600000 1.0667039824155277e-02 
99.800000 1.0667009658607876e-02 
100.000000 1.0666981329243373e-02 
100.200000 1.0666954737571961e-02 
100.400000 1.0666929789993748e-02 
100.600000 1.0666906397569970e-02 
100.800000 1.0666884475804344e-02 
101.000000 1.0666863944433854e-02 
101.200000 1.0666844727229206e-02 
101.400000 1.0666826751804182e-02 
101.600000 1.0666809949432891e-02 
101.800000 1.0666794254876393e-02 
102.000000 1.0666779606216002e-02 
102.200000 1.0666765944694786e-02 
102.400000 1.0666753214566085e-02 
102.600000 1.0666741362948715e-02 
102.800000 1.0666730339689044e-02 
103.000000 1.0666720097229174e-02 
103.200000 1.0666710590481120e-02 
103.400000 1.0666701776707093e-02 
103.600000 1.0666693615404729e-02 
103.800000 1.0666686068198124e-02 
104.000000 1.0666679098733596e-02 
104.200000 1.0666672672580323e-02 
104.400000 1.0666666757135899e-02 
104.600000 1.0666661321535723e-02 
104.800000 1.0666656336567036e-02 
105.000000 1.0666651774586906e-02 
105.200000 1.0666647609443969e-02 
105.400000 1.0666643816404055e-02 
105.600000 1.0666640372078942e-02 
105.800000 1.0666637254358876e-02 
106.000000 1.0666634442348040e-02 
106.200000 1.0666631916303163e-02 
106.400000 1.0666629657575149e-02 
106.600000 1.0666627648553313e-02 
106.800000 1.0666625872612417e-02 
107.000000 1.0666624314062205e-02 
107.200000 1.0666622958099337e-02 
107.400000 1.0666621790761789e-02 
107.600000 1.0666620798885218e-02 
107.800000 1.0666619970061665e-02 
108.000000 1.0666619292600130e-02 
108.200000 1.0666618755489051e-02 
108.400000 1.0666618348360850e-02 
108.600000 1.0666618061458031e-02 
108.800000 1.0666617885600574e-02 
109.000000 1.0666617812155971e-02 
109.200000 1.0666617833009635e-02 
109.400000 1.0666617940537387e-02 
109.600000 1.0666618127579089e-02 
109.800000 1.0666618387413788e-02 
110.000000 1.0666618713735960e-02 
110.200000 1.0666619100632725e-02 
110.400000 1.0666619542562959e-02 
110.600000 1.0666620034336268e-02 
110.800000 1.0666620571094297e-02 
111.000000 1.0666621148292100e-02 
111.200000 1.0666621761680867e-02 
111.400000 1.0666622407291139e-02 
111.600000 1.0666623081417774e-02 
111.800000 1.0666623780604312e-02 
112.000000 1.0666624501629508e-02 
112.200000 1.0666625241493545e-02 
112.400000 1.0666625997405744e-02 
112.600000 1.0666626766772281e-02 
112.800000 1.0666627547184870e-02 
113.000000 1.0666628336409932e-02 
113.200000 1.0666629132378543e-02 
113.400000 1.0666629933176516e-02 
113.600000 1.0666630737035497e-02 
113.800000 1.0666631542324093e-02 
114.000000 1.0666632347539623e-02 
114.200000 1.0666633151300451e-02 
114.400000 1.0666633952338630e-02 
114.600000 1.0666634749492893e-02 
114.800000 1.0666635541702050e-02 
115.000000 1.0666636327998717e-02 
115.200000 1.0666637107503596e-02 
115.400000 1.0666637879419660e-02 
115.600000 1.0666638643027146e-02 
115.800000 1.0666639397678384e-02 
116.000000 1.0666640142793279e-02 
116.200000 1.0666640877854626e-02 
116.400000 1.0666641602404237e-02 
116.600000 1.0666642316038706e-02 
116.800000 1.0666643018405978e-02 
117.000000 1.0666643709201446e-02 
117.200000 1.0666644388165093e-02 
117.400000 1.0666645055078083e-02 
117.600000 1.0666645709759736e-02 
117.800000 1.0666646352065023e-02 
118.000000 1.0666646981881901e-02 
118.200000 1.0666647599128607e-02 
118.400000 1.0666648203751721e-02 
118.600000 1.0666648795723672e-02 
118.800000 1.0666649375040896e-02 
119.000000 1.0666649941721860e-02 
119.200000 1.0666650495805195e-02 
119.400000 1.0666651037348103e-02 
119.600000 1.0666651566424689e-02 
119.800000 1.0666652083124558e-02 
120.000000 1.0666652587551395e-02 
120.200000 1.0666653079821512e-02 
120.400000 1.0666653560062895e-02 
120.600000 1.0666654028413790e-02 
120.800000 1.0666654485021776e-02 
121.000000 1.0666654930042927e-02 
121.200000 1.0666655363640296e-02 
121.400000 1.0666655785983862e-02 
121.600000 1.0666656197248974e-02 
121.800000 1.0666656597616153e-02 
122.000000 1.0666656987269965e-02 
122.200000 1.0666657366398593e-02 
122.400000 1.0666657735193272e-02 
122.600000 1.0666658093847549e-02 
122.800000 1.0666658442556775e-02 
123.000000 1.0666658781517931e-02 
123.200000 1.0666659110928681e-02 
123.400000 1.0666659430987350e-02 
123.600000 1.0666659741892308e-02 
123.800000 1.0666660043841843e-02 
124.000000 1.0666660337033630e-02 
124.200000 1.0666660621664532e-02 
124.400000 1.0666660897930441e-02 
124.600000 1.0666661166025652e-02 
124.800000 1.0666661426143077e-02 
125.000000 1.0666661678473827e-02 
125.200000 1.0666661923207062e-02 
125.400000 1.0666662160529774e-02 
125.600000 1.0666662390626658e-02 
125.800000 1.0666662613680147e-02 
126.000000 1.0666662829869970e-02 
126.200000 1.0666663039373371e-02 
126.400000 1.0666663242364776e-02 
126.600000 1.0666663439015879e-02 
126.800000 1.0666663629495365e-02 
127.000000 1.0666663813969243e-02 
127.200000 1.0666663992600257e-02 
127.400000 1.0666664165548305e-02 
127.600000 1.0666664332970270e-02 
127.800000 1.0666664495019771e-02 
128.000000 1.0666664651847516e-02 
128.200000 1.0666664803601018e-02 
128.400000 1.0666664950424768e-02 
128.600000 1.0666665092460009e-02 
128.800000 1.0666665229845121e-02 
129.000000 1.0666665362715086e-02 
129.200000 1.0666665491202126e-02 
129.400000 1.0666665615435264e-02 
129.600000 1.0666665735540461e-02 
129.800000 1.0666665851640720e-02 
130.000000 1.0666665963856169e-02 
130.200000 1.0666666072303824e-02 
130.400000 1.0666666177097968e-02 
130.600000 1.0666666278349873e-02 
130.800000 1.0666666376168102e-02 
131.000000 1.0666666470658370e-02 
131.200000 1.0666666561923657e-02 
131.400000 1.0666666650064273e-02 
131.600000 1.0666666735177794e-02 
131.800000 1.0666666817359291e-02 
132.000000 1.0666666896701172e-02 
132.200000 1.0666666973293324e-02 
132.400000 1.0666667047223383e-02 
132.600000 1.0666667118576228e-02 
132.800000 1.0666667187434564e-02 
133.000000 1.0666667253878798e-02 
133.200000 1.0666667317986890e-02 
133.400000 1.0666667379834734e-02 
133.600000 1.0666667439495958e-02 
133.800000 1.0666667497042082e-02 
134.000000 1.0666667552542539e-02 
134.200000 1.0666667606064752e-02 
134.400000 1.0666667657674062e-02 
134.600000 1.0666667707434000e-02 
134.800000 1.0666667755406057e-02 
135.000000 1.0666667801649970e-02 
135.200000 1.0666667846223664e-02 
135.400000 1.0666667889183237e-02 
135.600000 1.0666667930583146e-02 
135.800000 1.0666667970476162e-02 
136.000000 1.0666668008913310e-02 
136.200000 1.0666668045944242e-02 
136.400000 1.0666668081616815e-02 
136.600000 1.0666668115977627e-02 
136.800000 1.0666668149071664e-02 
137.000000 1.0666668180942435e-02 
137.200000 1.0666668211632192e-02 
137.400000 1.0666668241181797e-02 
137.600000 1.0666668269630669e-02 
137.800000 1.0666668297017285e-02 
138.000000 1.0666668323378375e-02 
138.200000 1.0666668348749990e-02 
138.400000 1.0666668373166644e-02 
138.600000 1.0666668396661867e-02 
138.800000 1.0666668419268074e-02 
139.000000 1.0666668441016507e-02 
139.200000 1.0666668461937518e-02 
139.400000 1.0666668482060312e-02 
139.600000 1.0666668501413177e-02 
139.800000 1.0666668520023435e-02 
140.000000 1.0666668537917468e-02 
140.200000 1.0666668555120776e-02 
140.400000 1.0666668571658058e-02 
140.600000 1.0666668587553017e-02 
140.800000 1.0666668602828583e-02 
141.000000 1.0666668617506961e-02 
141.200000 1.0666668631609554e-02 
141.400000 1.0666668645156927e-02 
141.600000 1.0666668658169108e-02 
141.800000 1.0666668670665220e-02 
142.000000 1.0666668682663789e-02 
142.200000 1.0666668694182722e-02 
142.400000 1.0666668705239161e-02 
142.600000 1.0666668715849793e-02 
142.800000 1.0666668726030559e-02 
143.000000 1.0666668735796829e-02 
143.200000 1.0666668745163503e-02 
143.400000 1.0666668754144867e-02 
143.600000 1.0666668762754627e-02 
143.800000 1.0666668771006232e-02 
144.000000 1.0666668778912331e-02 
144.200000 1.0666668786485195e-02 
144.400000 1.0666668793736657e-02 
144.600000 1.0666668800678019e-02 
144.800000 1.0666668807320041e-02 
145.000000 1.0666668813673097e-02 
145.200000 1.0666668819747248e-02 
145.400000 1.0666668825552060e-02 
145.600000 1.0666668831096836e-02 
145.800000 1.0666668836390430e-02 
146.000000 1.0666668841441514e-02 
146.200000 1.0666668846258337e-02 
146.400000 1.0666668850849067e-02 
146.600000 1.0666668855221322e-02 
146.800000 1.0666668859382708e-02 
147.000000 1.0666668863340160e-02 
147.200000 1.0666668867099162e-02 
147.400000 1.0666668870664347e-02 
147.600000 1.0666668874040870e-02 
147.800000 1.0666668877234218e-02 
148.000000 1.0666668880249966e-02 
148.200000 1.0666668883093831e-02 
148.400000 1.0666668885771668e-02 
148.600000 1.0666668888289221e-02 
148.800000 1.0666668890652502e-02 
149.000000 1.0666668892867244e-02 
149.200000 1.0666668894939411e-02 
149.400000 1.0666668896874747e-02 
149.600000 1.0666668898678960e-02 
149.800000 1.0666668900357694e-02 
