0.000000 2.4409647122013389e-02 
0.200000 2.4410181869703312e-02 
0.400000 2.4412366545026338e-02 
0.600000 2.4417200236502724e-02 
0.800000 2.4425540752194583e-02 
1.000000 2.4438136173437212e-02 
1.200000 2.4455636162352804e-02 
1.400000 2.4478609251636092e-02 
1.600000 2.4507544108302807e-02 
1.800000 2.4542906214218157e-02 
2.000000 2.4585119361254092e-02 
2.200000 2.4634572917797016e-02 
2.400000 2.4691624045769918e-02 
2.600000 2.4756596995635694e-02 
2.800000 2.4829793540685988e-02 
3.000000 2.4911500651551389e-02 
3.200000 2.5001988687390519e-02 
3.400000 2.5101553608934814e-02 
3.600000 2.5210438132222263e-02 
3.800000 2.5328867291579037e-02 
4.000000 2.5457061655835739e-02 
4.200000 2.5595237788457657e-02 
4.400000 2.5743609029467086e-02 
4.600000 2.5902390764017978e-02 
4.800000 2.6071800210627515e-02 
5.000000 2.6252061078039832e-02 
5.200000 2.6443401145682739e-02 
5.400000 2.6646055427867382e-02 
5.600000 2.6860265813421859e-02 
5.800000 2.7086284185303792e-02 
6.000000 2.7324371360411895e-02 
6.200000 2.7574797796869107e-02 
6.400000 2.7837842613749809e-02 
6.600000 2.8113796274022534e-02 
6.800000 2.8402960907327142e-02 
7.000000 2.8705651105923810e-02 
7.200000 2.9022195644927931e-02 
7.400000 2.9352938202743938e-02 
7.600000 2.9698238969837514e-02 
7.800000 3.0058474759399163e-02 
8.000000 3.0434040395320730e-02 
8.200000 3.0825349433161425e-02 
8.400000 3.1232835530633048e-02 
8.600000 3.1656953105993937e-02 
8.800000 3.2098178214350223e-02 
9.000000 3.2557009781719187e-02 
9.200000 3.3033970539499434e-02 
9.400000 3.3529608543423566e-02 
9.600000 3.4044498118616623e-02 
9.800000 3.4579241284251376e-02 
10.000000 3.5134468976791407e-02 
10.200000 3.5710842597068970e-02 
10.400000 3.6309055351079485e-02 
10.600000 3.6929833884681858e-02 
10.800000 3.7573939847081364e-02 
11.000000 3.8242171613795048e-02 
11.200000 3.8935365917460801e-02 
11.400000 3.9654399553018922e-02 
11.600000 4.0400191183147756e-02 
11.800000 4.1173703116239919e-02 
12.000000 4.1975943192367512e-02 
12.200000 4.2807966604402649e-02 
12.400000 4.3670877805420900e-02 
12.600000 4.4565832387130168e-02 
12.800000 4.5494038983988620e-02 
13.000000 4.6456761116370690e-02 
13.200000 4.7455318995097161e-02 
13.400000 4.8491091259234967e-02 
13.600000 4.9565516624458114e-02 
13.800000 5.0680095371690478e-02 
14.000000 5.1836390667188002e-02 
14.200000 5.3036029675327979e-02 
14.400000 5.4280704392549929e-02 
14.600000 5.5572172169727388e-02 
14.800000 5.6912255831988778e-02 
15.000000 5.8302843356419304e-02 
15.200000 5.9745887007602243e-02 
15.400000 6.1243401857239838e-02 
15.600000 6.2797463577388607e-02 
15.800000 6.4410205410779089e-02 
16.000000 6.6083814204597274e-02 
16.200000 6.7820525375383675e-02 
16.400000 6.9622616681138449e-02 
16.600000 7.1492400648230925e-02 
16.800000 7.3432215516521779e-02 
17.000000 7.5444414541373878e-02 
17.200000 7.7531353501734471e-02 
17.400000 7.9695376252118449e-02 
17.600000 8.1938798168227231e-02 
17.800000 8.4263887339499619e-02 
18.000000 8.6672843374853634e-02 
18.200000 8.9167773703556413e-02 
18.400000 9.1750667281491963e-02 
18.600000 9.4423365644226764e-02 
18.800000 9.7187531286816745e-02 
19.000000 1.0004461340293364e-01 
19.200000 1.0299581107120720e-01 
19.400000 1.0604203404765167e-01 
19.600000 1.0918386139953540e-01 
19.800000 1.1242149830247007e-01 
20.000000 1.1575473141610501e-01 
20.200000 1.1918288335491260e-01 
20.400000 1.2270476687404937e-01 
20.600000 1.2631863949587266e-01 
20.800000 1.3002215940581566e-01 
21.000000 1.3381234354220103e-01 
21.200000 1.3768552889127217e-01 
21.400000 1.4163733806770198e-01 
21.600000 1.4566265031040226e-01 
21.800000 1.4975557904469114e-01 
22.000000 1.5390945715336854e-01 
22.200000 1.5811683105346325e-01 
22.400000 1.6236946459014695e-01 
22.600000 1.6665835363217274e-01 
22.800000 1.7097375208186741e-01 
23.000000 1.7530520980032313e-01 
23.200000 1.7964162269634759e-01 
23.400000 1.8397129494265924e-01 
23.600000 1.8828201297249123e-01 
23.800000 1.9256113058405699e-01 
24.000000 1.9679566415203875e-01 
24.200000 2.0097239662709288e-01 
24.400000 2.0507798871107608e-01 
24.600000 2.0909909534082236e-01 
24.800000 2.1302248540971316e-01 
25.000000 2.1683516251487461e-01 
25.200000 2.2052448444647071e-01 
25.400000 2.2407827913883427e-01 
25.600000 2.2748495488192780e-01 
25.800000 2.3073360274245042e-01 
26.000000 2.3381408936032683e-01 
26.200000 2.3671713855785756e-01 
26.400000 2.3943440051321072e-01 
26.600000 2.4195850759280441e-01 
26.800000 2.4428311629362706e-01 
27.000000 2.4640293510194611e-01 
27.200000 2.4831373841558169e-01 
27.400000 2.5001236699113216e-01 
27.600000 2.5149671565555115e-01 
27.800000 2.5276570925638875e-01 
28.000000 2.5381926801224125e-01 
28.200000 2.5465826356280197e-01 
28.400000 2.5528446710667074e-01 
28.600000 2.5570049105731851e-01 
28.800000 2.5590972564724329e-01 
29.000000 2.5591627187256960e-01 
29.200000 2.5572487210109612e-01 
29.400000 2.5534083957232090e-01 
29.600000 2.5476998790451227e-01 
29.800000 2.5401856159763458e-01 
30.000000 2.5309316838730611e-01 
30.200000 2.5200071416904013e-01 
30.400000 2.5074834107793359e-01 
30.600000 2.4934336918033678e-01 
30.800000 2.4779324211342801e-01 
31.000000 2.4610547689819809e-01 
31.200000 2.4428761805217064e-01 
31.400000 2.4234719604135974e-01 
31.600000 2.4029169003626555e-01 
31.800000 2.3812849487431512e-01 
32.000000 2.3586489208030534e-01 
32.200000 2.3350802475647320e-01 
32.400000 2.3106487612375110e-01 
32.600000 2.2854225147467602e-01 
32.800000 2.2594676328507329e-01 
33.000000 2.2328481922507806e-01 
33.200000 2.2056261280912443e-01 
33.400000 2.1778611642832568e-01 
33.600000 2.1496107651617410e-01 
33.800000 2.1209301060891472e-01 
34.000000 2.0918720607458471e-01 
34.200000 2.0624872029876126e-01 
34.400000 2.0328238213020791e-01 
34.600000 2.0029279440508871e-01 
34.800000 1.9728433738413567e-01 
35.000000 1.9426117295256154e-01 
35.200000 1.9122724944750960e-01 
35.400000 1.8818630699217065e-01 
35.600000 1.8514188322928890e-01 
35.800000 1.8209731935946483e-01 
36.000000 1.7905576640146104e-01 
36.200000 1.7602019160256502e-01 
36.400000 1.7299338493697008e-01 
36.600000 1.6997796563907533e-01 
36.800000 1.6697638872672663e-01 
37.000000 1.6399095147659226e-01 
37.200000 1.6102379982031678e-01 
37.400000 1.5807693463572037e-01 
37.600000 1.5515221791230333e-01 
37.800000 1.5225137877463318e-01 
38.000000 1.4937601935092815e-01 
38.200000 1.4652762047738382e-01 
38.400000 1.4370754723154808e-01 
38.600000 1.4091705429035986e-01 
38.800000 1.3815729111045985e-01 
39.000000 1.3542930692998909e-01 
39.200000 1.3273405559245358e-01 
39.400000 1.3007240019433680e-01 
39.600000 1.2744511755900020e-01 
39.800000 1.2485290254014222e-01 
40.000000 1.2229637215860321e-01 
40.200000 1.1977606957672135e-01 
40.400000 1.1729246791470954e-01 
40.600000 1.1484597391377978e-01 
40.800000 1.1243693145078879e-01 
41.000000 1.1006562490929082e-01 
41.200000 1.0773228241185788e-01 
41.400000 1.0543707891850583e-01 
41.600000 1.0318013919598355e-01 
41.800000 1.0096154066259917e-01 
42.000000 9.8781316113132969e-02 
42.200000 9.6639456328270368e-02 
42.400000 9.4535912572848435e-02 
42.600000 9.2470598987061309e-02 
42.800000 9.0443394874643049e-02 
43.000000 8.8454146891883606e-02 
43.200000 8.6502671141202983e-02 
43.400000 8.4588755172862906e-02 
43.600000 8.2712159898262014e-02 
43.800000 8.0872621418129162e-02 
44.000000 7.9069852768794649e-02 
44.200000 7.7303545589610279e-02 
44.400000 7.5573371714467083e-02 
44.600000 7.3878984690239513e-02 
44.800000 7.2220021224900705e-02 
45.000000 7.0596102567931543e-02 
45.200000 6.9006835825566229e-02 
45.400000 6.7451815213317612e-02 
45.600000 6.5930623248147371e-02 
45.800000 6.4442831882556867e-02 
46.000000 6.2988003582801710e-02 
46.200000 6.1565692353358042e-02 
46.400000 6.0175444709697982e-02 
46.600000 5.8816800601361442e-02 
46.800000 5.7489294287254689e-02 
47.000000 5.6192455165028160e-02 
47.200000 5.4925808556346933e-02 
47.400000 5.3688876449792831e-02 
47.600000 5.2481178203089139e-02 
47.800000 5.1302231206284500e-02 
48.000000 5.0151551507479325e-02 
48.200000 4.9028654402628255e-02 
48.400000 4.7933054990903390e-02 
48.600000 4.6864268697052860e-02 
48.800000 4.5821811762149028e-02 
49.000000 4.4805201704067259e-02 
49.200000 4.3813957748997587e-02 
49.400000 4.2847601235247876e-02 
49.600000 4.1905655990554416e-02 
49.800000 4.0987648684070857e-02 
50.000000 4.0093109154175861e-02 
50.200000 3.9221570713190879e-02 
50.400000 3.8372570430065235e-02 
50.600000 3.7545649392051780e-02 
50.800000 3.6740352946351605e-02 
51.000000 3.5956230922678169e-02 
51.200000 3.5192837837656872e-02 
51.400000 3.4449733081930306e-02 
51.600000 3.3726481090825586e-02 
51.800000 3.3022651499390945e-02 
52.000000 3.2337819282585049e-02 
52.200000 3.1671564881375125e-02 
52.400000 3.1023474315460386e-02 
52.600000 3.0393139283319593e-02 
52.800000 2.9780157250245218e-02 
53.000000 2.9184131525005087e-02 
53.200000 2.8604671325740995e-02 
53.400000 2.8041391835694558e-02 
53.600000 2.7493914249318827e-02 
53.800000 2.6961865809316619e-02 
54.000000 2.6444879835118791e-02 
54.200000 2.5942595743296465e-02 
54.400000 2.5454659060376358e-02 
54.600000 2.4980721428512435e-02 
54.800000 2.4520440604441484e-02 
55.000000 2.4073480452134213e-02 
55.200000 2.3639510929535021e-02 
55.400000 2.3218208069762811e-02 
55.600000 2.2809253957131865e-02 
55.800000 2.2412336698331134e-02 
56.000000 2.2027150389087393e-02 
56.200000 2.1653395076621215e-02 
56.400000 2.1290776718189131e-02 
56.600000 2.0939007135993237e-02 
56.800000 2.0597803968723800e-02 
57.000000 2.0266890619988147e-02 
57.200000 1.9945996203868912e-02 
57.400000 1.9634855487837367e-02 
57.600000 1.9333208833242625e-02 
57.800000 1.9040802133580968e-02 
58.000000 1.8757386750743801e-02 
58.200000 1.8482719449427795e-02 
58.400000 1.8216562329886273e-02 
58.600000 1.7958682759187234e-02 
58.800000 1.7708853301137903e-02 
59.000000 1.7466851645025937e-02 
59.200000 1.7232460533318655e-02 
59.400000 1.7005467688456309e-02 
59.600000 1.6785665738865543e-02 
59.800000 1.6572852144313883e-02 
60.000000 1.6366829120719160e-02 
60.200000 1.6167403564521152e-02 
60.400000 1.5974386976716451e-02 
60.600000 1.5787595386653090e-02 
60.800000 1.5606849275673221e-02 
61.000000 1.5431973500690668e-02 
61.200000 1.5262797217782675e-02 
61.400000 1.5099153805869412e-02 
61.600000 1.4940880790553725e-02 
61.800000 1.4787819768186434e-02 
62.000000 1.4639816330219348e-02 
62.200000 1.4496719987903519e-02 
62.400000 1.4358384097388826e-02 
62.600000 1.4224665785273542e-02 
62.800000 1.4095425874652951e-02 
63.000000 1.3970528811710098e-02 
63.200000 1.3849842592891067e-02 
63.400000 1.3733238692701150e-02 
63.600000 1.3620591992158922e-02 
63.800000 1.3511780707940147e-02 
64.000000 1.3406686322241486e-02 
64.200000 1.3305193513392511e-02 
64.400000 1.3207190087240759e-02 
64.600000 1.3112566909333464e-02 
64.800000 1.3021217837917263e-02 
65.000000 1.2933039657774575e-02 
65.200000 1.2847932014915187e-02 
65.400000 1.2765797352136881e-02 
65.600000 1.2686540845470530e-02 
65.800000 1.2610070341521470e-02 
66.000000 1.2536296295717135e-02 
66.200000 1.2465131711471645e-02 
66.400000 1.2396492080273928e-02 
66.600000 1.2330295322706799e-02 
66.800000 1.2266461730402110e-02 
67.000000 1.2204913908935936e-02 
67.200000 1.2145576721667561e-02 
67.400000 1.2088377234523211e-02 
67.600000 1.2033244661726858e-02 
67.800000 1.1980110312476861e-02 
68.000000 1.1928907538568500e-02 
68.200000 1.1879571682960768e-02 
68.400000 1.1832040029284238e-02 
68.600000 1.1786251752287745e-02 
68.800000 1.1742147869218971e-02 
69.000000 1.1699671192135511e-02 
69.200000 1.1658766281140258e-02 
69.400000 1.1619379398535582e-02 
69.600000 1.1581458463890455e-02 
69.800000 1.1544953010012980e-02 
70.000000 1.1509814139821547e-02 
70.200000 1.1475994484106309e-02 
70.400000 1.1443448160173286e-02 
70.600000 1.1412130731362557e-02 
70.800000 1.1381999167430679e-02 
71.000000 1.1353011805789353e-02 
71.200000 1.1325128313589772e-02 
71.400000 1.1298309650643388e-02 
71.600000 1.1272518033168342e-02 
71.800000 1.1247716898351972e-02 
72.000000 1.1223870869717909e-02 
72.200000 1.1200945723288150e-02 
72.400000 1.1178908354527835e-02 
72.600000 1.1157726746062566e-02 
72.800000 1.1137369936156936e-02 
73.000000 1.1117807987942055e-02 
73.200000 1.1099011959381986e-02 
73.400000 1.1080953873966591e-02 
73.600000 1.1063606692118916e-02 
73.800000 1.1046944283306635e-02 
74.000000 1.1030941398844323e-02 
74.200000 1.1015573645376244e-02 
74.400000 1.1000817459026577e-02 
74.600000 1.0986650080206616e-02 
74.800000 1.0973049529065464e-02 
75.000000 1.0959994581574491e-02 
75.200000 1.0947464746231867e-02 
75.400000 1.0935440241377149e-02 
75.600000 1.0923901973102619e-02 
75.800000 1.0912831513751475e-02 
76.000000 1.0902211080989670e-02 
76.200000 1.0892023517441301e-02 
76.400000 1.0882252270875250e-02 
76.600000 1.0872881374931984e-02 
76.800000 1.0863895430379418e-02 
77.000000 1.0855279586886897e-02 
77.200000 1.0847019525305385e-02 
77.400000 1.0839101440443899e-02 
77.600000 1.0831512024331056e-02 
77.800000 1.0824238449950551e-02 
78.000000 1.0817268355440602e-02 
78.200000 1.0810589828746808e-02 
78.400000 1.0804191392717545e-02 
78.600000 1.0798061990632166e-02 
78.800000 1.0792190972151958e-02 
79.000000 1.0786568079683827e-02 
79.200000 1.0781183435146365e-02 
79.400000 1.0776027527129584e-02 
79.600000 1.0771091198438394e-02 
79.800000 1.0766365634009456e-02 
80.000000 1.0761842349194516e-02 
80.200000 1.0757513178398423e-02 
80.400000 1.0753370264064878e-02 
80.600000 1.0749406045999919e-02 
80.800000 1.0745613251025708e-02 
81.000000 1.0741984882954483e-02 
81.200000 1.0738514212876013e-02 
81.400000 1.0735194769749197e-02 
81.600000 1.0732020331290310e-02 
81.800000 1.0728984915149987e-02 
82.000000 1.0726082770370494e-02 
82.200000 1.0723308369117404e-02 
82.400000 1.0720656398675974e-02 
82.600000 1.0718121753706792e-02 
82.800000 1.0715699528752561e-02 
83.000000 1.0713385010989420e-02 
83.200000 1.0711173673215689e-02 
83.400000 1.0709061167071664e-02 
83.600000 1.0707043316483453e-02 
83.800000 1.0705116111325352e-02 
84.000000 1.0703275701292611e-02 
84.200000 1.0701518389981046e-02 
84.400000 1.0699840629165307e-02 
84.600000 1.0698239013270905e-02 
84.800000 1.0696710274034201e-02 
85.000000 1.0695251275344779e-02 
85.200000 1.0693859008264519e-02 
85.400000 1.0692530586218480e-02 
85.600000 1.0691263240351604e-02 
85.800000 1.0690054315047087e-02 
86.000000 1.0688901263601116e-02 
86.200000 1.0687801644048632e-02 
86.400000 1.0686753115136496e-02 
86.600000 1.0685753432438440e-02 
86.800000 1.0684800444607782e-02 
87.000000 1.0683892089763910e-02 
87.200000 1.0683026392007407e-02 
87.400000 1.0682201458060760e-02 
87.600000 1.0681415474029784e-02 
87.800000 1.0680666702282076e-02 
88.000000 1.0679953478439247e-02 
88.200000 1.0679274208478437e-02 
88.400000 1.0678627365940016e-02 
88.600000 1.0678011489237863e-02 
88.800000 1.0677425179068677e-02 
89.000000 1.0676867095917331e-02 
89.200000 1.0676335957654930e-02 
89.400000 1.0675830537226205e-02 
89.600000 1.0675349660423484e-02 
89.800000 1.0674892203744539e-02 
90.000000 1.0674457092330964e-02 
90.200000 1.0674043297984147e-02 
90.400000 1.0673649837257600e-02 
90.600000 1.0673275769620825e-02 
90.800000 1.0672920195694031e-02 
91.000000 1.0672582255550516e-02 
91.200000 1.0672261127084050e-02 
91.400000 1.0671956024439900e-02 
91.600000 1.0671666196505992e-02 
91.800000 1.0671390925463266e-02 
92.000000 1.0671129525392543e-02 
92.200000 1.0670881340935606e-02 
92.400000 1.0670645746009214e-02 
92.600000 1.0670422142569589e-02 
92.800000 1.0670209959426068e-02 
93.000000 1.0670008651101256e-02 
93.200000 1.0669817696737197e-02 
93.400000 1.0669636599044652e-02 
93.600000 1.0669464883295003e-02 
93.800000 1.0669302096351956e-02 
94.000000 1.0669147805743106e-02 
94.200000 1.0669001598768423e-02 
94.400000 1.0668863081645000e-02 
94.600000 1.0668731878686956e-02 
94.800000 1.0668607631518185e-02 
95.000000 1.0668489998318159e-02 
95.200000 1.0668378653097586e-02 
95.400000 1.0668273285005204e-02 
95.600000 1.0668173597662091e-02 
95.800000 1.0668079308524090e-02 
96.000000 1.0667990148270724e-02 
96.200000 1.0667905860219406e-02 
96.400000 1.0667826199764256e-02 
96.600000 1.0667750933838259e-02 
96.800000 1.0667679840398372e-02 
97.000000 1.0667612707931984e-02 
97.200000 1.0667549334984431e-02 
97.400000 1.0667489529706472e-02 
97.600000 1.0667433109421103e-02 
97.800000 1.0667379900208752e-02 
98.000000 1.0667329736510149e-02 
98.200000 1.0667282460746413e-02 
98.400000 1.0667237922955293e-02 
98.600000 1.0667195980443219e-02 
98.800000 1.0667156497452267e-02 
99.000000 1.0667119344841660e-02 
99.200000 1.0667084399783248e-02 
99.400000 1.0667051545469900e-02 
99.600000 1.0667020670836851e-02 
99.800000 1.0666991670295405e-02 
100.000000 1.0666964443478050e-02 
100.200000 1.0666938894995004e-02 
100.400000 1.0666914934201424e-02 
100.600000 1.0666892474974909e-02 
100.800000 1.0666871435503128e-02 
101.000000 1.0666851738080374e-02 
101.200000 1.0666833308913803e-02 
101.400000 1.0666816077938011e-02 
101.600000 1.0666799978637807e-02 
101.800000 1.0666784947879390e-02 
102.000000 1.0666770925748735e-02 
102.200000 1.0666757855397594e-02 
102.400000 1.0666745682896092e-02 
102.600000 1.0666734357092547e-02 
102.800000 1.0666723829479115e-02 
103.000000 1.0666714054064113e-02 
103.200000 1.0666704987249708e-02 
103.400000 1.0666696587715616e-02 
103.600000 1.0666688816307801e-02 
103.800000 1.0666681635932705e-02 
104.000000 1.0666675011456074e-02 
104.200000 1.0666668909606433e-02 
104.400000 1.0666663298883420e-02 
104.600000 1.0666658149469873e-02 
104.800000 1.0666653433148713e-02 
105.000000 1.0666649123222838e-02 
105.200000 1.0666645194439630e-02 
105.400000 1.0666641622918556e-02 
105.600000 1.0666638386082186e-02 
105.800000 1.0666635462590635e-02 
106.000000 1.0666632832279076e-02 
106.200000 1.0666630476098230e-02 
106.400000 1.0666628376057582e-02 
106.600000 1.0666626515171477e-02 
106.800000 1.0666624877407807e-02 
107.000000 1.0666623447638770e-02 
107.200000 1.0666622211594722e-02 
107.400000 1.0666621155819608e-02 
107.600000 1.0666620267628895e-02 
107.800000 1.0666619535069449e-02 
108.000000 1.0666618946881163e-02 
108.200000 1.0666618492461147e-02 
108.400000 1.0666618161828709e-02 
108.600000 1.0666617945592809e-02 
108.800000 1.0666617834920749e-02 
109.000000 1.0666617821508663e-02 
109.200000 1.0666617897552997e-02 
109.400000 1.0666618055724037e-02 
109.600000 1.0666618289140374e-02 
109.800000 1.0666618591344533e-02 
110.000000 1.0666618956280296e-02 
110.200000 1.0666619378270507e-02 
110.400000 1.0666619851996618e-02 
110.600000 1.0666620372479023e-02 
110.800000 1.0666620935058251e-02 
111.000000 1.0666621535377268e-02 
111.200000 1.0666622169364589e-02 
111.400000 1.0666622833218399e-02 
111.600000 1.0666623523391509e-02 
111.800000 1.0666624236576725e-02 
112.000000 1.0666624969693301e-02 
112.200000 1.0666625719874341e-02 
112.400000 1.0666626484453977e-02 
112.600000 1.0666627260956083e-02 
112.800000 1.0666628047083525e-02 
113.000000 1.0666628840707064e-02 
113.200000 1.0666629639856215e-02 
113.400000 1.0666630442709268e-02 
113.600000 1.0666631247584782e-02 
113.800000 1.0666632052933200e-02 
114.000000 1.0666632857328676e-02 
114.200000 1.0666633659461803e-02 
114.400000 1.0666634458132379e-02 
114.600000 1.0666635252242675e-02 
114.800000 1.0666636040791044e-02 
115.000000 1.0666636822866248e-02 
115.200000 1.0666637597641106e-02 
115.400000 1.0666638364367657e-02 
115.600000 1.0666639122372109e-02 
115.800000 1.0666639871049551e-02 
116.000000 1.0666640609859952e-02 
116.200000 1.0666641338323610e-02 
116.400000 1.0666642056017155e-02 
116.600000 1.0666642762569829e-02 
116.800000 1.0666643457659804e-02 
117.000000 1.0666644141010706e-02 
117.200000 1.0666644812388753e-02 
117.400000 1.0666645471599481e-02 
117.600000 1.0666646118484790e-02 
117.800000 1.0666646752920578e-02 
118.000000 1.0666647374814256e-02 
118.200000 1.0666647984101905e-02 
118.400000 1.0666648580746665e-02 
118.600000 1.0666649164736235e-02 
118.800000 1.0666649736081071e-02 
119.000000 1.0666650294812544e-02 
119.200000 1.0666650840981012e-02 
119.400000 1.0666651374654560e-02 
119.600000 1.0666651895917098e-02 
119.800000 1.0666652404867277e-02 
120.000000 1.0666652901616790e-02 
120.200000 1.0666653386289370e-02 
120.400000 1.0666653859019626e-02 
120.600000 1.0666654319951814e-02 
120.800000 1.0666654769238797e-02 
121.000000 1.0666655207041176e-02 
121.200000 1.0666655633526562e-02 
121.400000 1.0666656048868160e-02 
121.600000 1.0666656453244782e-02 
121.800000 1.0666656846839560e-02 
122.000000 1.0666657229839345e-02 
122.200000 1.0666657602434305e-02 
122.400000 1.0666657964817137e-02 
122.600000 1.0666658317182639e-02 
122.800000 1.0666658659727194e-02 
123.000000 1.0666658992648154e-02 
123.200000 1.0666659316143769e-02 
123.400000 1.0666659630412429e-02 
123.600000 1.0666659935652389e-02 
123.800000 1.0666660232061611e-02 
124.000000 1.0666660519837315e-02 
124.200000 1.0666660799175701e-02 
124.400000 1.0666661070271713e-02 
124.600000 1.0666661333318813e-02 
124.800000 1.0666661588508774e-02 
125.000000 1.0666661836031457e-02 
125.200000 1.0666662076074716e-02 
125.400000 1.0666662308824128e-02 
125.600000 1.0666662534462915e-02 
125.800000 1.0666662753171874e-02 
126.000000 1.0666662965129074e-02 
126.200000 1.0666663170510125e-02 
126.400000 1.0666663369487616e-02 
126.600000 1.0666663562231437e-02 
126.800000 1.0666663748908551e-02 
127.000000 1.0666663929682898e-02 
127.200000 1.0666664104715519e-02 
127.400000 1.0666664274164257e-02 
127.600000 1.0666664438184108e-02 
127.800000 1.0666664596926742e-02 
128.000000 1.0666664750540848e-02 
128.200000 1.0666664899172151e-02 
128.400000 1.0666665042963036e-02 
128.600000 1.0666665182052877e-02 
128.800000 1.0666665316578011e-02 
129.000000 1.0666665446671606e-02 
129.200000 1.0666665572463915e-02 
129.400000 1.0666665694081956e-02 
129.600000 1.0666665811649920e-02 
129.800000 1.0666665925288924e-02 
130.000000 1.0666666035117119e-02 
130.200000 1.0666666141249953e-02 
130.400000 1.0666666243799579e-02 
130.600000 1.0666666342875691e-02 
130.800000 1.0666666438585043e-02 
131.000000 1.0666666531031594e-02 
131.200000 1.0666666620316725e-02 
131.400000 1.0666666706538848e-02 
131.600000 1.0666666789794093e-02 
131.800000 1.0666666870175767e-02 
132.000000 1.0666666947774808e-02 
132.200000 1.0666667022679559e-02 
132.400000 1.0666667094975896e-02 
132.600000 1.0666667164747486e-02 
132.800000 1.0666667232075459e-02 
133.000000 1.0666667297038659e-02 
133.200000 1.0666667359713793e-02 
133.400000 1.0666667420175290e-02 
133.600000 1.0666667478495510e-02 
133.800000 1.0666667534744583e-02 
134.000000 1.0666667588990632e-02 
134.200000 1.0666667641299910e-02 
134.400000 1.0666667691736497e-02 
134.600000 1.0666667740362651e-02 
134.800000 1.0666667787238784e-02 
135.000000 1.0666667832423446e-02 
135.200000 1.0666667875973429e-02 
135.400000 1.0666667917943856e-02 
135.600000 1.0666667958387973e-02 
135.800000 1.0666667997357548e-02 
136.000000 1.0666668034902734e-02 
136.200000 1.0666668071072036e-02 
136.400000 1.0666668105912545e-02 
136.600000 1.0666668139469737e-02 
136.800000 1.0666668171787741e-02 
137.000000 1.0666668202909280e-02 
137.200000 1.0666668232875699e-02 
137.400000 1.0666668261726958e-02 
137.600000 1.0666668289501850e-02 
137.800000 1.0666668316237844e-02 
138.000000 1.0666668341971131e-02 
138.200000 1.0666668366736838e-02 
138.400000 1.0666668390568800e-02 
138.600000 1.0666668413499893e-02 
138.800000 1.0666668435561841e-02 
139.000000 1.0666668456785190e-02 
139.200000 1.0666668477199701e-02 
139.400000 1.0666668496833950e-02 
139.600000 1.0666668515715544e-02 
139.800000 1.0666668533871305e-02 
140.000000 1.0666668551327084e-02 
140.200000 1.0666668568107695e-02 
140.400000 1.0666668584237322e-02 
140.600000 1.0666668599739226e-02 
140.800000 1.0666668614635865e-02 
141.000000 1.0666668628948803e-02 
141.200000 1.0666668642699164e-02 
141.400000 1.0666668655906897e-02 
141.600000 1.0666668668591572e-02 
141.800000 1.0666668680772040e-02 
142.000000 1.0666668692466250e-02 
142.200000 1.0666668703691805e-02 
142.400000 1.0666668714465392e-02 
142.600000 1.0666668724803301e-02 
142.800000 1.0666668734721125e-02 
143.000000 1.0666668744233941e-02 
143.200000 1.0666668753356225e-02 
143.400000 1.0666668762101976e-02 
143.600000 1.0666668770484585e-02 
143.800000 1.0666668778517118e-02 
144.000000 1.0666668786211978e-02 
144.200000 1.0666668793581120e-02 
144.400000 1.0666668800636077e-02 
144.600000 1.0666668807387803e-02 
144.800000 1.0666668813846749e-02 
145.000000 1.0666668820023179e-02 
145.200000 1.0666668825926814e-02 
145.400000 1.0666668831566991e-02 
145.600000 1.0666668836952754e-02 
145.800000 1.0666668842092908e-02 
146.000000 1.0666668846995814e-02 
146.200000 1.0666668851669600e-02 
146.400000 1.0666668856122181e-02 
146.600000 1.0666668860361085e-02 
146.800000 1.0666668864393786e-02 
147.000000 1.0666668868226439e-02 
147.200000 1.0666668871863370e-02 
147.400000 1.0666668875309751e-02 
147.600000 1.0666668878570909e-02 
147.800000 1.0666668881652403e-02 
148.000000 1.0666668884559841e-02 
148.200000 1.0666668887299047e-02 
148.400000 1.0666668889875868e-02 
148.600000 1.0666668892296107e-02 
148.800000 1.0666668894565808e-02 
149.000000 1.0666668896690665e-02 
149.200000 1.0666668898676507e-02 
149.400000 1.0666668900529154e-02 
149.600000 1.0666668902254265e-02 
149.800000 1.0666668903857427e-02 
