0.000000 3.6998245626564835e-03 
0.200000 3.6998423290652794e-03 
0.400000 3.7000317162424069e-03 
0.600000 3.7006515977822639e-03 
0.800000 3.7019296266307109e-03 
1.000000 3.7040698790252887e-03 
1.200000 3.7072495727103493e-03 
1.400000 3.7116246282668606e-03 
1.600000 3.7173348844605210e-03 
1.800000 3.7245046092832792e-03 
2.000000 3.7332501113174587e-03 
2.200000 3.7436777042859177e-03 
2.400000 3.7558874298952421e-03 
2.600000 3.7699716538256330e-03 
2.800000 3.7860173024960738e-03 
3.000000 3.8041083924863187e-03 
3.200000 3.8243257789212161e-03 
3.400000 3.8467480528394530e-03 
3.600000 3.8714563561912394e-03 
3.800000 3.8985266341058085e-03 
4.000000 3.9280340726928938e-03 
4.200000 3.9600539932748329e-03 
4.400000 3.9946634330670552e-03 
4.600000 4.0319416181052170e-03 
4.800000 4.0719699174911620e-03 
5.000000 4.1148328546413782e-03 
5.200000 4.1606189253872126e-03 
5.400000 4.2094209695570303e-03 
5.600000 4.2613361262968412e-03 
5.800000 4.3164666250202505e-03 
6.000000 4.3749205249026613e-03 
6.200000 4.4368115923273084e-03 
6.400000 4.5022599805633794e-03 
6.600000 4.5713926277909205e-03 
6.800000 4.6443437597535504e-03 
7.000000 4.7212552355189374e-03 
7.200000 4.8022772513390257e-03 
7.400000 4.8875690911440658e-03 
7.600000 4.9772995024755205e-03 
7.800000 5.0716474278297754e-03 
8.000000 5.1708027211549374e-03 
8.200000 5.2749668344425774e-03 
8.400000 5.3843534590735020e-03 
8.600000 5.4991893702310418e-03 
8.800000 5.6197152846491323e-03 
9.000000 5.7461867257387446e-03 
9.200000 5.8788749069891167e-03 
9.400000 6.0180677759328286e-03 
9.600000 6.1640711350557896e-03 
9.800000 6.3172097294765589e-03 
10.000000 6.4778284985914205e-03 
10.200000 6.6462938925666371e-03 
10.400000 6.8229952707862572e-03 
10.600000 7.0083463820581225e-03 
10.800000 7.2027869829261555e-03 
11.000000 7.4067845675206872e-03 
11.200000 7.6208361674942066e-03 
11.400000 7.8454703096565021e-03 
11.600000 8.0812490970705170e-03 
11.800000 8.3287704219618570e-03 
12.000000 8.5886703151009224e-03 
12.200000 8.8616254678932100e-03 
12.400000 9.1483559148644138e-03 
12.600000 9.4496278841345645e-03 
12.800000 9.7662568257037563e-03 
13.000000 1.0099110640816630e-02 
13.200000 1.0449113112536526e-02 
13.400000 1.0817247534771214e-02 
13.600000 1.1204560568258849e-02 
13.800000 1.1612166320591462e-02 
14.000000 1.2041250657287502e-02 
14.200000 1.2493075750515838e-02 
14.400000 1.2968984875967872e-02 
14.600000 1.3470407459000269e-02 
14.800000 1.3998864366898223e-02 
15.000000 1.4555973455820735e-02 
15.200000 1.5143455365124738e-02 
15.400000 1.5763139553326325e-02 
15.600000 1.6416970565260550e-02 
15.800000 1.7107014518913652e-02 
16.000000 1.7835465789984021e-02 
16.200000 1.8604653868012869e-02 
16.400000 1.9417050351584489e-02 
16.600000 2.0275276042319951e-02 
16.800000 2.1182108085646800e-02 
17.000000 2.2140487097640577e-02 
17.200000 2.3153524206421115e-02 
17.400000 2.4224507921464855e-02 
17.600000 2.5356910730740694e-02 
17.800000 2.6554395309924053e-02 
18.000000 2.7820820211402610e-02 
18.200000 2.9160244881795735e-02 
18.400000 3.0576933837125723e-02 
18.600000 3.2075359806185977e-02 
18.800000 3.3660205630536559e-02 
19.000000 3.5336364689497329e-02 
19.200000 3.7108939598011814e-02 
19.400000 3.8983238906493037e-02 
19.600000 4.0964771513920389e-02 
19.800000 4.3059238490988985e-02 
20.000000 4.5272521999942431e-02 
20.200000 4.7610670991694339e-02 
20.400000 5.0079883361930762e-02 
20.600000 5.2686484256526951e-02 
20.800000 5.5436900234835183e-02 
21.000000 5.8337629028025209e-02 
21.200000 6.1395204670869175e-02 
21.400000 6.4616157839974667e-02 
21.600000 6.8006971300712690e-02 
21.800000 7.1574030449549936e-02 
22.000000 7.5323569038438939e-02 
22.200000 7.9261610283391709e-02 
22.400000 8.3393903688688834e-02 
22.600000 8.7725858060211243e-02 
22.800000 9.2262471333112273e-02 
23.000000 9.7008257997011946e-02 
23.200000 1.0196717506154719e-01 
23.400000 1.0714254766090917e-01 
23.600000 1.1253699554194392e-01 
23.800000 1.1815236180917930e-01 
24.000000 1.2398964540474636e-01 
24.200000 1.3004893887392047e-01 
24.400000 1.3632937300082765e-01 
24.600000 1.4282906988722699e-01 
24.800000 1.4954510598500592e-01 
25.000000 1.5647348647657786e-01 
25.200000 1.6360913222543730e-01 
25.400000 1.7094588029295379e-01 
25.600000 1.7847649874131341e-01 
25.800000 1.8619271612323041e-01 
26.000000 1.9408526570677598e-01 
26.200000 2.0214394411063322e-01 
26.400000 2.1035768364575144e-01 
26.600000 2.1871463728912854e-01 
26.800000 2.2720227487014460e-01 
27.000000 2.3580748874443697e-01 
27.200000 2.4451670697820635e-01 
27.400000 2.5331601187776542e-01 
27.600000 2.6219126158268735e-01 
27.800000 2.7112821239992263e-01 
28.000000 2.8011263959077259e-01 
28.200000 2.8913045442879293e-01 
28.400000 2.9816781551761501e-01 
28.600000 3.0721123258333205e-01 
28.800000 3.1624766122470882e-01 
29.000000 3.2526458740305014e-01 
29.200000 3.3425010076860107e-01 
29.400000 3.4319295623908774e-01 
29.600000 3.5208262355634401e-01 
29.800000 3.6090932483877808e-01 
30.000000 3.6966406041227273e-01 
30.200000 3.7833862343361691e-01 
30.400000 3.8692560401472603e-01 
30.600000 3.9541838371046201e-01 
30.800000 4.0381112134754643e-01 
31.000000 4.1209873124829222e-01 
31.200000 4.2027685494301986e-01 
31.400000 4.2834182747279004e-01 
31.600000 4.3629063936368784e-01 
31.800000 4.4412089530974674e-01 
32.000000 4.5183077053867399e-01 
32.200000 4.5941896575723751e-01 
32.400000 4.6688466148588664e-01 
32.600000 4.7422747249905378e-01 
32.800000 4.8144740299174021e-01 
33.000000 4.8854480299777403e-01 
33.200000 4.9552032649268679e-01 
33.400000 5.0237489152648551e-01 
33.600000 5.0910964265015657e-01 
33.800000 5.1572591582535054e-01 
34.000000 5.2222520594010158e-01 
34.200000 5.2860913699478862e-01 
34.400000 5.3487943497184443e-01 
34.600000 5.4103790335972191e-01 
34.800000 5.4708640126611530e-01 
35.000000 5.5302682402655268e-01 
35.200000 5.5886108619197994e-01 
35.400000 5.6459110676213298e-01 
35.600000 5.7021879651949459e-01 
35.800000 5.7574604731115830e-01 
36.000000 5.8117472312198559e-01 
36.200000 5.8650665278186431e-01 
36.400000 5.9174362415165582e-01 
36.600000 5.9688737963649707e-01 
36.800000 6.0193961288074183e-01 
37.000000 6.0690196650576611e-01 
37.200000 6.1177603075975784e-01 
37.400000 6.1656334295699111e-01 
37.600000 6.2126538759309302e-01 
37.800000 6.2588359703175822e-01 
38.000000 6.3041935266741222e-01 
38.200000 6.3487398647726412e-01 
38.400000 6.3924878288481080e-01 
38.600000 6.4354498086506595e-01 
38.800000 6.4776377622977899e-01 
39.000000 6.5190632403824234e-01 
39.200000 6.5597374108622253e-01 
39.400000 6.5996710843196127e-01 
39.600000 6.6388747392411229e-01 
39.800000 6.6773585470184893e-01 
40.000000 6.7151323964224596e-01 
40.200000 6.7522059173450644e-01 
40.400000 6.7885885036451765e-01 
40.600000 6.8242893349669609e-01 
40.800000 6.8593173974330812e-01 
41.000000 6.8936815031404053e-01 
41.200000 6.9273903084109489e-01 
41.400000 6.9604523307704891e-01 
41.600000 6.9928759646453609e-01 
41.800000 7.0246694957834210e-01 
42.000000 7.0558411144161981e-01 
42.200000 7.0863989271918681e-01 
42.400000 7.1163509679151660e-01 
42.600000 7.1457052071387794e-01 
42.800000 7.1744695606550979e-01 
43.000000 7.2026518969415887e-01 
43.200000 7.2302600436162046e-01 
43.400000 7.2573017929605865e-01 
43.600000 7.2837849065704663e-01 
43.800000 7.3097171191921340e-01 
44.000000 7.3351061418048968e-01 
44.200000 7.3599596640069698e-01 
44.400000 7.3842853557623356e-01 
44.600000 7.4080908685638092e-01 
44.800000 7.4313838360657514e-01 
45.000000 7.4541718742382013e-01 
45.200000 7.4764625810909191e-01 
45.400000 7.4982635360147787e-01 
45.600000 7.5195822987842331e-01 
45.800000 7.5404264082629890e-01 
46.000000 7.5608033808517983e-01 
46.200000 7.5807207087150508e-01 
46.400000 7.6001858578208392e-01 
46.600000 7.6192062658254012e-01 
46.800000 7.6377893398320340e-01 
47.000000 7.6559424540511334e-01 
47.200000 7.6736729473862442e-01 
47.400000 7.6909881209688746e-01 
47.600000 7.7078952356626329e-01 
47.800000 7.7244015095555152e-01 
48.000000 7.7405141154569612e-01 
48.200000 7.7562401784151114e-01 
48.400000 7.7715867732675115e-01 
48.600000 7.7865609222375776e-01 
48.800000 7.8011695925867719e-01 
49.000000 7.8154196943321741e-01 
49.200000 7.8293180780373839e-01 
49.400000 7.8428715326832776e-01 
49.600000 7.8560867836243631e-01 
49.800000 7.8689704906360658e-01 
50.000000 7.8815292460557085e-01 
50.200000 7.8937695730215074e-01 
50.400000 7.9056979238107261e-01 
50.600000 7.9173206782793781e-01 
50.800000 7.9286441424038123e-01 
51.000000 7.9396745469254315e-01 
51.200000 7.9504180460974128e-01 
51.400000 7.9608807165337547e-01 
51.600000 7.9710685561593375e-01 
51.800000 7.9809874832597383e-01 
52.000000 7.9906433356291884e-01 
52.200000 8.0000418698150388e-01 
52.400000 8.0091887604562462e-01 
52.600000 8.0180895997138546e-01 
52.800000 8.0267498967909789e-01 
53.000000 8.0351750775395647e-01 
53.200000 8.0433704841513232e-01 
53.400000 8.0513413749299234e-01 
53.600000 8.0590929241415599e-01 
53.800000 8.0666302219411690e-01 
54.000000 8.0739582743708915e-01 
54.200000 8.0810820034283326e-01 
54.400000 8.0880062472011294e-01 
54.600000 8.0947357600652103e-01 
54.800000 8.1012752129435717e-01 
55.000000 8.1076291936227551e-01 
55.200000 8.1138022071240778e-01 
55.400000 8.1197986761267238e-01 
55.600000 8.1256229414401304e-01 
55.800000 8.1312792625225749e-01 
56.000000 8.1367718180435700e-01 
56.200000 8.1421047064874064e-01 
56.400000 8.1472819467952007e-01 
56.600000 8.1523074790431016e-01 
56.800000 8.1571851651542004e-01 
57.000000 8.1619187896418532e-01 
57.200000 8.1665120603820962e-01 
57.400000 8.1709686094132516e-01 
57.600000 8.1752919937601753e-01 
57.800000 8.1794856962816631e-01 
58.000000 8.1835531265386818e-01 
58.200000 8.1874976216817819e-01 
58.400000 8.1913224473557189e-01 
58.600000 8.1950307986198700e-01 
58.800000 8.1986258008825486e-01 
59.000000 8.2021105108477044e-01 
59.200000 8.2054879174725714e-01 
59.400000 8.2087609429347408e-01 
59.600000 8.2119324436075658e-01 
59.800000 8.2150052110420524e-01 
60.000000 8.2179819729545533e-01 
60.200000 8.2208653942188969e-01 
60.400000 8.2236580778616053e-01 
60.600000 8.2263625660594852e-01 
60.800000 8.2289813411383028e-01 
61.000000 8.2315168265719252e-01 
61.200000 8.2339713879804699e-01 
61.400000 8.2363473341272897e-01 
61.600000 8.2386469179133959e-01 
61.800000 8.2408723373688786e-01 
62.000000 8.2430257366405379e-01 
62.200000 8.2451092069750176e-01 
62.400000 8.2471247876968123e-01 
62.600000 8.2490744671805627e-01 
62.800000 8.2509601838170965e-01 
63.000000 8.2527838269725284e-01 
63.200000 8.2545472379403384e-01 
63.400000 8.2562522108854253e-01 
63.600000 8.2579004937801337e-01 
63.800000 8.2594937893315790e-01 
64.000000 8.2610337559001978e-01 
64.200000 8.2625220084088569e-01 
64.400000 8.2639601192424306e-01 
64.600000 8.2653496191375320e-01 
64.800000 8.2666919980618947e-01 
65.000000 8.2679887060836743e-01 
65.200000 8.2692411542298216e-01 
65.400000 8.2704507153338136e-01 
65.600000 8.2716187248723139e-01 
65.800000 8.2727464817907803e-01 
66.000000 8.2738352493176015e-01 
66.200000 8.2748862557669889e-01 
66.400000 8.2759006953301451e-01 
66.600000 8.2768797288549933e-01 
66.800000 8.2778244846141202e-01 
67.000000 8.2787360590608239e-01 
67.200000 8.2796155175735964e-01 
67.400000 8.2804638951885767e-01 
67.600000 8.2812821973200312e-01 
67.800000 8.2820714004692075e-01 
68.000000 8.2828324529211694e-01 
68.200000 8.2835662754294526e-01 
68.400000 8.2842737618893891e-01 
68.600000 8.2849557799990836e-01 
68.800000 8.2856131719088555e-01 
69.000000 8.2862467548587937e-01 
69.200000 8.2868573218047070e-01 
69.400000 8.2874456420321307e-01 
69.600000 8.2880124617591888e-01 
69.800000 8.2885585047274690e-01 
70.000000 8.2890844727817270e-01 
70.200000 8.2895910464382061e-01 
70.400000 8.2900788854415186e-01 
70.600000 8.2905486293105746e-01 
70.800000 8.2910008978732530e-01 
71.000000 8.2914362917902507e-01 
71.200000 8.2918553930678696e-01 
71.400000 8.2922587655602209e-01 
71.600000 8.2926469554607896e-01 
71.800000 8.2930204917833328e-01 
72.000000 8.2933798868325281e-01 
72.200000 8.2937256366642986e-01 
72.400000 8.2940582215359548e-01 
72.600000 8.2943781063464017e-01 
72.800000 8.2946857410663577e-01 
73.000000 8.2949815611589406e-01 
73.200000 8.2952659879905977e-01 
73.400000 8.2955394292324991e-01 
73.600000 8.2958022792526653e-01 
73.800000 8.2960549194988076e-01 
74.000000 8.2962977188723597e-01 
74.200000 8.2965310340931364e-01 
74.400000 8.2967552100556885e-01 
74.600000 8.2969705801767790e-01 
74.800000 8.2971774667343134e-01 
75.000000 8.2973761811981728e-01 
75.200000 8.2975670245525601e-01 
75.400000 8.2977502876104270e-01 
75.600000 8.2979262513200924e-01 
75.800000 8.2980951870637520e-01 
76.000000 8.2982573569487783e-01 
76.200000 8.2984130140911161e-01 
76.400000 8.2985624028916205e-01 
76.600000 8.2987057593050806e-01 
76.800000 8.2988433111021098e-01 
77.000000 8.2989752781243076e-01 
77.200000 8.2991018725321941e-01 
77.400000 8.2992232990471071e-01 
77.600000 8.2993397551860537e-01 
77.800000 8.2994514314903745e-01 
78.000000 8.2995585117481341e-01 
78.200000 8.2996611732105019e-01 
78.400000 8.2997595868018859e-01 
78.600000 8.2998539173244601e-01 
78.800000 8.2999443236567672e-01 
79.000000 8.3000309589468857e-01 
79.200000 8.3001139707999616e-01 
79.400000 8.3001935014604422e-01 
79.600000 8.3002696879890914e-01 
79.800000 8.3003426624349319e-01 
80.000000 8.3004125520020178e-01 
80.200000 8.3004794792115399e-01 
80.400000 8.3005435620589918e-01 
80.600000 8.3006049141668448e-01 
80.800000 8.3006636449325877e-01 
81.000000 8.3007198596722642e-01 
81.200000 8.3007736597598947e-01 
81.400000 8.3008251427625390e-01 
81.600000 8.3008744025712178e-01 
81.800000 8.3009215295280847e-01 
82.000000 8.3009666105492630e-01 
82.200000 8.3010097292443974e-01 
82.400000 8.3010509660319964e-01 
82.600000 8.3010903982516138e-01 
82.800000 8.3011281002721682e-01 
83.000000 8.3011641435970462e-01 
83.200000 8.3011985969659174e-01 
83.400000 8.3012315264530434e-01 
83.600000 8.3012629955627060e-01 
83.800000 8.3012930653214922e-01 
84.000000 8.3013217943674888e-01 
84.200000 8.3013492390368548e-01 
84.400000 8.3013754534471207e-01 
84.600000 8.3014004895782956e-01 
84.800000 8.3014243973508250e-01 
85.000000 8.3014472247013016e-01 
85.200000 8.3014690176554673e-01 
85.400000 8.3014898203989340e-01 
85.600000 8.3015096753453588e-01 
85.800000 8.3015286232023888e-01 
86.000000 8.3015467030355428e-01 
86.200000 8.3015639523295826e-01 
86.400000 8.3015804070481780e-01 
86.600000 8.3015961016911488e-01 
86.800000 8.3016110693500578e-01 
87.000000 8.3016253417615782e-01 
87.200000 8.3016389493593690e-01 
87.400000 8.3016519213237983e-01 
87.600000 8.3016642856300993e-01 
87.800000 8.3016760690947988e-01 
88.000000 8.3016872974205502e-01 
88.200000 8.3016979952392489e-01 
88.400000 8.3017081861537889e-01 
88.600000 8.3017178927781154e-01 
88.800000 8.3017271367761369e-01 
89.000000 8.3017359388988421e-01 
89.200000 8.3017443190204665e-01 
89.400000 8.3017522961730672e-01 
89.600000 8.3017598885799271e-01 
89.800000 8.3017671136878335e-01 
90.000000 8.3017739881979891e-01 
90.200000 8.3017805280959212e-01 
90.400000 8.3017867486802077e-01 
90.600000 8.3017926645901929e-01 
90.800000 8.3017982898325859e-01 
91.000000 8.3018036378072091e-01 
91.200000 8.3018087213315850e-01 
91.400000 8.3018135526647940e-01 
91.600000 8.3018181435301952e-01 
91.800000 8.3018225051375871e-01 
92.000000 8.3018266482041903e-01 
92.200000 8.3018305829751182e-01 
92.400000 8.3018343192428690e-01 
92.600000 8.3018378663661063e-01 
92.800000 8.3018412332878333e-01 
93.000000 8.3018444285526882e-01 
93.200000 8.3018474603236636e-01 
93.400000 8.3018503363981044e-01 
93.600000 8.3018530642232613e-01 
93.800000 8.3018556509109109e-01 
94.000000 8.3018581032518024e-01 
94.200000 8.3018604277289809e-01 
94.400000 8.3018626305313581e-01 
94.600000 8.3018647175659044e-01 
94.800000 8.3018666944699604e-01 
95.000000 8.3018685666227010e-01 
95.200000 8.3018703391564763e-01 
95.400000 8.3018720169672622e-01 
95.600000 8.3018736047250397e-01 
95.800000 8.3018751068836472e-01 
96.000000 8.3018765276901263e-01 
96.200000 8.3018778711938745e-01 
96.400000 8.3018791412552162e-01 
96.600000 8.3018803415538023e-01 
96.800000 8.3018814755965387e-01 
97.000000 8.3018825467252499e-01 
97.200000 8.3018835581240213e-01 
97.400000 8.3018845128261798e-01 
97.600000 8.3018854137210363e-01 
97.800000 8.3018862635603430e-01 
98.000000 8.3018870649644760e-01 
98.200000 8.3018878204282809e-01 
98.400000 8.3018885323268399e-01 
98.600000 8.3018892029207891e-01 
98.800000 8.3018898343615899e-01 
99.000000 8.3018904286964490e-01 
99.200000 8.3018909878730884e-01 
99.400000 8.3018915137443128e-01 
99.600000 8.3018920080723091e-01 
99.800000 8.3018924725329046e-01 
100.000000 8.3018929087194870e-01 
100.200000 8.3018933181467802e-01 
100.400000 8.3018937022545936e-01 
100.600000 8.3018940624112902e-01 
100.800000 8.3018943999169914e-01 
101.000000 8.3018947160069345e-01 
101.200000 8.3018950118544343e-01 
101.400000 8.3018952885737873e-01 
101.600000 8.3018955472230405e-01 
101.800000 8.3018957888067635e-01 
102.000000 8.3018960142784515e-01 
102.200000 8.3018962245430439e-01 
102.400000 8.3018964204591528e-01 
102.600000 8.3018966028413921e-01 
102.800000 8.3018967724623638e-01 
103.000000 8.3018969300547985e-01 
103.200000 8.3018970763133870e-01 
103.400000 8.3018972118966605e-01 
103.600000 8.3018973374287874e-01 
103.800000 8.3018974535011425e-01 
104.000000 8.3018975606739764e-01 
104.200000 8.3018976594779326e-01 
104.400000 8.3018977504155356e-01 
104.600000 8.3018978339624527e-01 
104.800000 8.3018979105689894e-01 
105.000000 8.3018979806612270e-01 
105.200000 8.3018980446422419e-01 
105.400000 8.3018981028932737e-01 
105.600000 8.3018981557748706e-01 
105.800000 8.3018982036277911e-01 
106.000000 8.3018982467741365e-01 
106.200000 8.3018982855182244e-01 
106.400000 8.3018983201474617e-01 
106.600000 8.3018983509332966e-01 
106.800000 8.3018983781319666e-01 
107.000000 8.3018984019852848e-01 
107.200000 8.3018984227213910e-01 
107.400000 8.3018984405553820e-01 
107.600000 8.3018984556901720e-01 
107.800000 8.3018984683169406e-01 
108.000000 8.3018984786157801e-01 
108.200000 8.3018984867563461e-01 
108.400000 8.3018984928983564e-01 
108.600000 8.3018984971921383e-01 
108.800000 8.3018984997790268e-01 
109.000000 8.3018985007920232e-01 
109.200000 8.3018985003560430e-01 
109.400000 8.3018984985885425e-01 
109.600000 8.3018984955997133e-01 
109.800000 8.3018984914930127e-01 
110.000000 8.3018984863655287e-01 
110.200000 8.3018984803082518e-01 
110.400000 8.3018984734064638e-01 
110.600000 8.3018984657400074e-01 
110.800000 8.3018984573836496e-01 
111.000000 8.3018984484072944e-01 
111.200000 8.3018984388762829e-01 
111.400000 8.3018984288516984e-01 
111.600000 8.3018984183904321e-01 
111.800000 8.3018984075456936e-01 
112.000000 8.3018983963669635e-01 
112.200000 8.3018983849003258e-01 
112.400000 8.3018983731886919e-01 
112.600000 8.3018983612719111e-01 
112.800000 8.3018983491869525e-01 
113.000000 8.3018983369681298e-01 
113.200000 8.3018983246471900e-01 
113.400000 8.3018983122535683e-01 
113.600000 8.3018982998143287e-01 
113.800000 8.3018982873545533e-01 
114.000000 8.3018982748972892e-01 
114.200000 8.3018982624637017e-01 
114.400000 8.3018982500732730e-01 
114.600000 8.3018982377437545e-01 
114.800000 8.3018982254914453e-01 
115.000000 8.3018982133311536e-01 
115.200000 8.3018982012763343e-01 
115.400000 8.3018981893392063e-01 
115.600000 8.3018981775307887e-01 
115.800000 8.3018981658609847e-01 
116.000000 8.3018981543386516e-01 
116.200000 8.3018981429717142e-01 
116.400000 8.3018981317671547e-01 
116.600000 8.3018981207311615e-01 
116.800000 8.3018981098690758e-01 
117.000000 8.3018980991855540e-01 
117.200000 8.3018980886845584e-01 
117.400000 8.3018980783694241e-01 
117.600000 8.3018980682428944e-01 
117.800000 8.3018980583071444e-01 
118.000000 8.3018980485639071e-01 
118.200000 8.3018980390143837e-01 
118.400000 8.3018980296593692e-01 
118.600000 8.3018980204992976e-01 
118.800000 8.3018980115341812e-01 
119.000000 8.3018980027636879e-01 
119.200000 8.3018979941872550e-01 
119.400000 8.3018979858039832e-01 
119.600000 8.3018979776126756e-01 
119.800000 8.3018979696119721e-01 
120.000000 8.3018979618002864e-01 
120.200000 8.3018979541757920e-01 
120.400000 8.3018979467365406e-01 
120.600000 8.3018979394803460e-01 
120.800000 8.3018979324050013e-01 
121.000000 8.3018979255080605e-01 
121.200000 8.3018979187870379e-01 
121.400000 8.3018979122393144e-01 
121.600000 8.3018979058621811e-01 
121.800000 8.3018978996528703e-01 
122.000000 8.3018978936085608e-01 
122.200000 8.3018978877263594e-01 
122.400000 8.3018978820032840e-01 
122.600000 8.3018978764364337e-01 
122.800000 8.3018978710227509e-01 
123.000000 8.3018978657592557e-01 
123.200000 8.3018978606428973e-01 
123.400000 8.3018978556706191e-01 
123.600000 8.3018978508394170e-01 
123.800000 8.3018978461461979e-01 
124.000000 8.3018978415879774e-01 
124.200000 8.3018978371617058e-01 
124.400000 8.3018978328644133e-01 
124.600000 8.3018978286930822e-01 
124.800000 8.3018978246447783e-01 
125.000000 8.3018978207165561e-01 
125.200000 8.3018978169055491e-01 
125.400000 8.3018978132088361e-01 
125.600000 8.3018978096236506e-01 
125.800000 8.3018978061471560e-01 
126.000000 8.3018978027766299e-01 
126.200000 8.3018977995092835e-01 
126.400000 8.3018977963425256e-01 
126.600000 8.3018977932736837e-01 
126.800000 8.3018977903001723e-01 
127.000000 8.3018977874194699e-01 
127.200000 8.3018977846290476e-01 
127.400000 8.3018977819264861e-01 
127.600000 8.3018977793093607e-01 
127.800000 8.3018977767753244e-01 
128.000000 8.3018977743220956e-01 
128.200000 8.3018977719473586e-01 
128.400000 8.3018977696489060e-01 
128.600000 8.3018977674246031e-01 
128.800000 8.3018977652723092e-01 
129.000000 8.3018977631899560e-01 
129.200000 8.3018977611754974e-01 
129.400000 8.3018977592269927e-01 
129.600000 8.3018977573424968e-01 
129.800000 8.3018977555200957e-01 
130.000000 8.3018977537579564e-01 
130.200000 8.3018977520543125e-01 
130.400000 8.3018977504073788e-01 
130.600000 8.3018977488154300e-01 
130.800000 8.3018977472768218e-01 
131.000000 8.3018977457899401e-01 
131.200000 8.3018977443531894e-01 
131.400000 8.3018977429650331e-01 
131.600000 8.3018977416239592e-01 
131.800000 8.3018977403285310e-01 
132.000000 8.3018977390773063e-01 
132.200000 8.3018977378688907e-01 
132.400000 8.3018977367019631e-01 
132.600000 8.3018977355752210e-01 
132.800000 8.3018977344873301e-01 
133.000000 8.3018977334371158e-01 
133.200000 8.3018977324233711e-01 
133.400000 8.3018977314449138e-01 
133.600000 8.3018977305006025e-01 
133.800000 8.3018977295893304e-01 
134.000000 8.3018977287100615e-01 
134.200000 8.3018977278617134e-01 
134.400000 8.3018977270432859e-01 
134.600000 8.3018977262538241e-01 
134.800000 8.3018977254923398e-01 
135.000000 8.3018977247579517e-01 
135.200000 8.3018977240497260e-01 
135.400000 8.3018977233668478e-01 
135.600000 8.3018977227084079e-01 
135.800000 8.3018977220736301e-01 
136.000000 8.3018977214617296e-01 
136.200000 8.3018977208719169e-01 
136.400000 8.3018977203034494e-01 
136.600000 8.3018977197556210e-01 
136.800000 8.3018977192277155e-01 
137.000000 8.3018977187190879e-01 
137.200000 8.3018977182290510e-01 
137.400000 8.3018977177569886e-01 
137.600000 8.3018977173022912e-01 
137.800000 8.3018977168643737e-01 
138.000000 8.3018977164425944e-01 
138.200000 8.3018977160364571e-01 
138.400000 8.3018977156454099e-01 
138.600000 8.3018977152689433e-01 
138.800000 8.3018977149065387e-01 
139.000000 8.3018977145577122e-01 
139.200000 8.3018977142219685e-01 
139.400000 8.3018977138988925e-01 
139.600000 8.3018977135880156e-01 
139.800000 8.3018977132889338e-01 
140.000000 8.3018977130012095e-01 
140.200000 8.3018977127244575e-01 
140.400000 8.3018977124582671e-01 
140.600000 8.3018977122023074e-01 
140.800000 8.3018977119561965e-01 
141.000000 8.3018977117195958e-01 
141.200000 8.3018977114921511e-01 
141.400000 8.3018977112735493e-01 
141.600000 8.3018977110635217e-01 
141.800000 8.3018977108616743e-01 
142.000000 8.3018977106677938e-01 
142.200000 8.3018977104815583e-01 
142.400000 8.3018977103027325e-01 
142.600000 8.3018977101310398e-01 
142.800000 8.3018977099661984e-01 
143.000000 8.3018977098080116e-01 
143.200000 8.3018977096562074e-01 
143.400000 8.3018977095105817e-01 
143.600000 8.3018977093709279e-01 
143.800000 8.3018977092370139e-01 
144.000000 8.3018977091086299e-01 
144.200000 8.3018977089856216e-01 
144.400000 8.3018977088677437e-01 
144.600000 8.3018977087548851e-01 
144.800000 8.3018977086468260e-01 
145.000000 8.3018977085434242e-01 
145.200000 8.3018977084445067e-01 
145.400000 8.3018977083499346e-01 
145.600000 8.3018977082595558e-01 
145.800000 8.3018977081732248e-01 
146.000000 8.3018977080907908e-01 
146.200000 8.3018977080121770e-01 
146.400000 8.3018977079371803e-01 
146.600000 8.3018977078657086e-01 
146.800000 8.3018977077976519e-01 
147.000000 8.3018977077328904e-01 
147.200000 8.3018977076713407e-01 
147.400000 8.3018977076129286e-01 
147.600000 8.3018977075575895e-01 
147.800000 8.3018977075052069e-01 
148.000000 8.3018977074556910e-01 
148.200000 8.3018977074089739e-01 
148.400000 8.3018977073649380e-01 
148.600000 8.3018977073234634e-01 
148.800000 8.3018977072844802e-01 
149.000000 8.3018977072478983e-01 
149.200000 8.3018977072136269e-01 
149.400000 8.3018977071815803e-01 
149.600000 8.3018977071516786e-01 
149.800000 8.3018977071238209e-01 
