0.000000 1.2511626691824151e-01 
0.200000 1.2509740170809103e-01 
0.400000 1.2508189100154310e-01 
0.600000 1.2506993482967621e-01 
0.800000 1.2506133678738518e-01 
1.000000 1.2505600951816698e-01 
1.200000 1.2505390953759810e-01 
1.400000 1.2505466214745731e-01 
1.600000 1.2505800712029302e-01 
1.800000 1.2506279788735475e-01 
2.000000 1.2506778196827617e-01 
2.200000 1.2506988746615533e-01 
2.400000 1.2506880566733758e-01 
2.600000 1.2506472241792088e-01 
2.800000 1.2505793000516874e-01 
3.000000 1.2504890890957610e-01 
3.200000 1.2503821713759911e-01 
3.400000 1.2502618509260655e-01 
3.600000 1.2500512909401540e-01 
3.800000 1.2498451641659025e-01 
4.000000 1.2496436680015632e-01 
4.200000 1.2494456487189676e-01 
4.400000 1.2492478513452154e-01 
4.600000 1.2490462024679261e-01 
4.800000 1.2488356638822828e-01 
5.000000 1.2486111029226177e-01 
5.200000 1.2483668996473940e-01 
5.400000 1.2480993659532302e-01 
5.600000 1.2478071972435079e-01 
5.800000 1.2474902001448207e-01 
6.000000 1.2471488848137569e-01 
6.200000 1.2467840889531756e-01 
6.400000 1.2463968299058714e-01 
6.600000 1.2459880501451637e-01 
6.800000 1.2455586095735616e-01 
7.000000 1.2451085202984113e-01 
7.200000 1.2446370110981786e-01 
7.400000 1.2441429982452423e-01 
7.600000 1.2436252917919655e-01 
7.800000 1.2430826645531279e-01 
8.000000 1.2425139128821105e-01 
8.200000 1.2419179181382978e-01 
8.400000 1.2412936695959742e-01 
8.600000 1.2406403010839329e-01 
8.800000 1.2399570603160148e-01 
9.000000 1.2392432371012008e-01 
9.200000 1.2384981008352813e-01 
9.400000 1.2377208606315881e-01 
9.600000 1.2369106400057583e-01 
9.800000 1.2360664361877316e-01 
10.000000 1.2351870681250532e-01 
10.200000 1.2342712738655026e-01 
10.400000 1.2333177506371251e-01 
10.600000 1.2323251960278159e-01 
10.800000 1.2312922198683496e-01 
11.000000 1.2302173335362543e-01 
11.200000 1.2290989612426884e-01 
11.400000 1.2279354441967982e-01 
11.600000 1.2267250356470405e-01 
11.800000 1.2254658949435659e-01 
12.000000 1.2241560798056261e-01 
12.200000 1.2227935358936048e-01 
12.400000 1.2213760839622190e-01 
12.600000 1.2199014042318379e-01 
12.800000 1.2183670218066045e-01 
13.000000 1.2167702933494307e-01 
13.200000 1.2151083944951824e-01 
13.400000 1.2133783070168591e-01 
13.600000 1.2115768048869791e-01 
13.800000 1.2097004413916612e-01 
14.000000 1.2077455360286282e-01 
14.200000 1.2057081602630704e-01 
14.400000 1.2035841223571053e-01 
14.600000 1.2013689502405078e-01 
14.800000 1.1990578728692058e-01 
15.000000 1.1966458005469072e-01 
15.200000 1.1941273036788713e-01 
15.400000 1.1914965905397912e-01 
15.600000 1.1887474837643686e-01 
15.800000 1.1858733956993639e-01 
16.000000 1.1828673029077030e-01 
16.200000 1.1797217195017329e-01 
16.400000 1.1764286695403292e-01 
16.600000 1.1729796582243901e-01 
16.800000 1.1693656419376874e-01 
17.000000 1.1655769973256114e-01 
17.200000 1.1616034893037985e-01 
17.400000 1.1574342383533243e-01 
17.600000 1.1530576873696197e-01 
17.800000 1.1484615684827315e-01 
18.000000 1.1436328704783127e-01 
18.200000 1.1385578074306979e-01 
18.400000 1.1332217894587704e-01 
18.600000 1.1276093965678469e-01 
18.800000 1.1217043566892193e-01 
19.000000 1.1154895292290523e-01 
19.200000 1.1089468955061599e-01 
19.400000 1.1020575576656333e-01 
19.600000 1.0948017477274230e-01 
19.800000 1.0871588485208239e-01 
20.000000 1.0791074283528002e-01 
20.200000 1.0706252912447323e-01 
20.400000 1.0616895445796237e-01 
20.600000 1.0522766859310251e-01 
20.800000 1.0423627106938449e-01 
21.000000 1.0319232419984070e-01 
21.200000 1.0209336841288408e-01 
21.400000 1.0093694004044040e-01 
21.600000 9.9720591615868881e-02 
21.800000 9.8441914706279499e-02 
22.000000 9.7098565265577474e-02 
22.200000 9.5688291447453389e-02 
22.400000 9.4208963768427800e-02 
22.600000 9.2658607456007513e-02 
22.800000 9.1035436754347665e-02 
23.000000 8.9337890892519645e-02 
23.200000 8.7564671343466904e-02 
23.400000 8.5714779919330852e-02 
23.600000 8.3787557160232562e-02 
23.800000 8.1782720381302410e-02 
24.000000 7.9700400652386261e-02 
24.200000 7.7541177899420721e-02 
24.400000 7.5306113243886474e-02 
24.600000 7.2996777642825528e-02 
24.800000 7.0615275863854410e-02 
25.000000 6.8164264834066568e-02 
25.200000 6.5646965443042049e-02 
25.400000 6.3067166962411103e-02 
25.600000 6.0429223368269724e-02 
25.800000 5.7738041016691999e-02 
26.000000 5.4999057322751121e-02 
26.200000 5.2218210323401348e-02 
26.400000 4.9401899255005044e-02 
26.600000 4.6556936537867522e-02 
26.800000 4.3690491820386312e-02 
27.000000 4.0810028983374713e-02 
27.200000 3.7923237228687512e-02 
27.400000 3.5037957565371536e-02 
27.600000 3.2162106152207270e-02 
27.800000 2.9303596051055925e-02 
28.000000 2.6470258986977635e-02 
28.200000 2.3669768697344384e-02 
28.400000 2.0909567384977956e-02 
28.600000 1.8196796673767723e-02 
28.800000 1.5538234306874177e-02 
29.000000 1.2940237634559648e-02 
29.200000 1.0408694722699563e-02 
29.400000 7.9489836822337345e-03 
29.600000 5.5659405861410161e-03 
29.800000 3.2638361118355608e-03 
30.000000 1.0463608320427920e-03 
30.200000 -1.0833811176725883e-03 
30.400000 -3.1228704367810556e-03 
30.600000 -5.0701637072626538e-03 
30.800000 -6.9238777880781255e-03 
31.000000 -8.6831683372394775e-03 
31.200000 -1.0347703297018507e-02 
31.400000 -1.1917632205710182e-02 
31.600000 -1.3393552202620951e-02 
31.800000 -1.4776471574707073e-02 
32.000000 -1.6067771655718377e-02 
32.200000 -1.7269167836291621e-02 
32.400000 -1.8382670377922627e-02 
32.600000 -1.9410545649864330e-02 
32.800000 -2.0355278327658932e-02 
33.000000 -2.1219535008987211e-02 
33.200000 -2.2006129619064008e-02 
33.400000 -2.2717990897013540e-02 
33.600000 -2.3358132177061952e-02 
33.800000 -2.3929623607874873e-02 
34.000000 -2.4435566888704852e-02 
34.200000 -2.4879072544660152e-02 
34.400000 -2.5263239715225927e-02 
34.600000 -2.5591138389621904e-02 
34.800000 -2.5865793990418884e-02 
35.000000 -2.6090174181792936e-02 
35.200000 -2.6267177760508464e-02 
35.400000 -2.6399625475740818e-02 
35.600000 -2.6490252616798937e-02 
35.800000 -2.6541703205478773e-02 
36.000000 -2.6556525631140970e-02 
36.200000 -2.6537169570830854e-02 
36.400000 -2.6485984043380761e-02 
36.600000 -2.6405216454948255e-02 
36.800000 -2.6297012502519868e-02 
37.000000 -2.6163416812400420e-02 
37.200000 -2.6006374201258120e-02 
37.400000 -2.5827731457253089e-02 
37.600000 -2.5629239549773475e-02 
37.800000 -2.5412556185350155e-02 
38.000000 -2.5179248637177964e-02 
38.200000 -2.4930796783934894e-02 
38.400000 -2.4668596301850587e-02 
38.600000 -2.4393961961051036e-02 
38.800000 -2.4108130984087095e-02 
39.000000 -2.3812266430409290e-02 
39.200000 -2.3507460576129735e-02 
39.400000 -2.3194738263099424e-02 
39.600000 -2.2875060195971741e-02 
39.800000 -2.2549326169262029e-02 
40.000000 -2.2218378210561163e-02 
40.200000 -2.1883003628306141e-02 
40.400000 -2.1543937955732284e-02 
40.600000 -2.1201867784619632e-02 
40.800000 -2.0857433484609889e-02 
41.000000 -2.0511231805369567e-02 
41.200000 -2.0163818360737273e-02 
41.400000 -1.9815709994781938e-02 
41.600000 -1.9467387031040118e-02 
41.800000 -1.9119295407068693e-02 
42.000000 -1.8771848696870430e-02 
42.200000 -1.8425430024729184e-02 
42.400000 -1.8080393873954825e-02 
42.600000 -1.7737067794758699e-02 
42.800000 -1.7395754015408493e-02 
43.000000 -1.7056730961120425e-02 
43.200000 -1.6720254685079594e-02 
43.400000 -1.6386560216089058e-02 
43.600000 -1.6055862827257322e-02 
43.800000 -1.5728359230013644e-02 
44.000000 -1.5404228697707439e-02 
44.200000 -1.5083634122792400e-02 
44.400000 -1.4766723011596122e-02 
44.600000 -1.4453628420310533e-02 
44.800000 -1.4144469835906087e-02 
45.000000 -1.3839354005150684e-02 
45.200000 -1.3538375715202527e-02 
45.400000 -1.3241618528503141e-02 
45.600000 -1.2949155475044161e-02 
45.800000 -1.2661049704541849e-02 
46.000000 -1.2377355101111986e-02 
46.200000 -1.2098116862675534e-02 
46.400000 -1.1823372047364084e-02 
46.600000 -1.1553150089015668e-02 
46.800000 -1.1287473283513927e-02 
47.000000 -1.1026357247914814e-02 
47.200000 -1.0769811353848358e-02 
47.400000 -1.0517839137003354e-02 
47.600000 -1.0270438683801425e-02 
47.800000 -1.0027602996813517e-02 
48.000000 -9.7893203402395768e-03 
48.200000 -9.5555745663032099e-03 
48.400000 -9.3263454240099797e-03 
48.600000 -9.1016088510087190e-03 
48.800000 -8.8813372496547027e-03 
49.000000 -8.6654997480855589e-03 
49.200000 -8.4540624471854398e-03 
49.400000 -8.2469886540530307e-03 
49.600000 -8.0442391030211974e-03 
49.800000 -7.8457721644948769e-03 
50.000000 -7.6515440425766884e-03 
50.200000 -7.4615089618365882e-03 
50.400000 -7.2756193440009775e-03 
50.600000 -7.0938259748752619e-03 
50.800000 -6.9160781621263878e-03 
51.000000 -6.7423238843580535e-03 
51.200000 -6.5725099319321606e-03 
51.400000 -6.4065820399036993e-03 
51.600000 -6.2444850134828478e-03 
51.800000 -6.0861628464849576e-03 
52.000000 -5.9315588329420660e-03 
52.200000 -5.7806156723635427e-03 
52.400000 -5.6332755689419145e-03 
52.600000 -5.4894803248136531e-03 
52.800000 -5.3491714280686359e-03 
53.000000 -5.2122901352436857e-03 
53.200000 -5.0787775490804682e-03 
53.400000 -4.9485746913730949e-03 
53.600000 -4.8216225713976213e-03 
53.800000 -4.6978622501049894e-03 
54.000000 -4.5772349001045182e-03 
54.200000 -4.4596818619153517e-03 
54.400000 -4.3451446965009632e-03 
54.600000 -4.2335652342697511e-03 
54.800000 -4.1248856207896922e-03 
55.000000 -4.0190483593646048e-03 
55.200000 -3.9159963505586287e-03 
55.400000 -3.8156729289332975e-03 
55.600000 -3.7180218970447321e-03 
55.800000 -3.6229875568857539e-03 
56.000000 -3.5305147389032843e-03 
56.200000 -3.4405488286522318e-03 
56.400000 -3.3530357913517106e-03 
56.600000 -3.2679221942607320e-03 
56.800000 -3.1851552271352848e-03 
57.000000 -3.1046827208109362e-03 
57.200000 -3.0264531639848657e-03 
57.400000 -2.9504157183800964e-03 
57.600000 -2.8765202322340450e-03 
57.800000 -2.8047172523482308e-03 
58.000000 -2.7349580346910859e-03 
58.200000 -2.6671945536332203e-03 
58.400000 -2.6013795099433940e-03 
58.600000 -2.5374663375528905e-03 
58.800000 -2.4754092091657243e-03 
59.000000 -2.4151630408345975e-03 
59.200000 -2.3566834955000421e-03 
59.400000 -2.2999269855373122e-03 
59.600000 -2.2448506744735461e-03 
59.800000 -2.1914124777357713e-03 
60.000000 -2.1395710627706219e-03 
60.200000 -2.0892858481866075e-03 
60.400000 -2.0405170023800809e-03 
60.600000 -1.9932254414010489e-03 
60.800000 -1.9473728261345941e-03 
61.000000 -1.9029215590551096e-03 
61.200000 -1.8598347802732257e-03 
61.400000 -1.8180763631147623e-03 
61.600000 -1.7776109092668829e-03 
61.800000 -1.7384037433894259e-03 
62.000000 -1.7004209073555668e-03 
62.200000 -1.6636291540969225e-03 
62.400000 -1.6279959410575862e-03 
62.600000 -1.5934894233299302e-03 
62.800000 -1.5600784464610135e-03 
63.000000 -1.5277325390005772e-03 
63.200000 -1.4964219047395380e-03 
63.400000 -1.4661174147702766e-03 
63.600000 -1.4367905991871932e-03 
63.800000 -1.4084136387686186e-03 
64.000000 -1.3809593563366626e-03 
64.200000 -1.3544012079832191e-03 
64.400000 -1.3287132741882576e-03 
64.600000 -1.3038702507285060e-03 
64.800000 -1.2798474395562531e-03 
65.000000 -1.2566207395038123e-03 
65.200000 -1.2341666369577869e-03 
65.400000 -1.2124621964020171e-03 
65.600000 -1.1914850509376698e-03 
65.800000 -1.1712133927703136e-03 
66.000000 -1.1516259636066353e-03 
66.200000 -1.1327020450495121e-03 
66.400000 -1.1144214490132892e-03 
66.600000 -1.0967645080987784e-03 
66.800000 -1.0797120659767831e-03 
67.000000 -1.0632454677630548e-03 
67.200000 -1.0473465505081506e-03 
67.400000 -1.0319976335833106e-03 
67.600000 -1.0171815092345146e-03 
67.800000 -1.0028814330835176e-03 
68.000000 -9.8908111475835142e-04 
68.200000 -9.7576470851989255e-04 
68.400000 -9.6291680403420843e-04 
68.600000 -9.5052241708148272e-04 
68.800000 -9.3856698054529258e-04 
69.000000 -9.2703633526889512e-04 
69.200000 -9.1591672116772549e-04 
69.400000 -9.0519476831974616e-04 
69.600000 -8.9485748822931699e-04 
69.800000 -8.8489226515609670e-04 
70.000000 -8.7528684751401326e-04 
70.200000 -8.6602933949034289e-04 
70.400000 -8.5710819259247201e-04 
70.600000 -8.4851219754398383e-04 
70.800000 -8.4023047601688300e-04 
71.000000 -8.3225247276039194e-04 
71.200000 -8.2456794761599089e-04 
71.400000 -8.1716696782690307e-04 
71.600000 -8.1003990033422235e-04 
71.800000 -8.0317740429867307e-04 
72.000000 -7.9657042368229403e-04 
72.200000 -7.9021017998390231e-04 
72.400000 -7.8408816511402885e-04 
72.600000 -7.7819613432335288e-04 
72.800000 -7.7252609937950023e-04 
73.000000 -7.6707032174919837e-04 
73.200000 -7.6182130599435072e-04 
73.400000 -7.5677179323353772e-04 
73.600000 -7.5191475477712211e-04 
73.800000 -7.4724338586310696e-04 
74.000000 -7.4275109952017665e-04 
74.200000 -7.3843152059700767e-04 
74.400000 -7.3427847981465816e-04 
74.600000 -7.3028600805368632e-04 
74.800000 -7.2644833073756687e-04 
75.000000 -7.2275986226608829e-04 
75.200000 -7.1921520066967753e-04 
75.400000 -7.1580912231132554e-04 
75.600000 -7.1253657676944443e-04 
75.800000 -7.0939268174221443e-04 
76.000000 -7.0637271818340536e-04 
76.200000 -7.0347212550954386e-04 
76.400000 -7.0068649682206857e-04 
76.600000 -6.9801157442801048e-04 
76.800000 -6.9544324533035023e-04 
77.000000 -6.9297753685994973e-04 
77.200000 -6.9061061243341076e-04 
77.400000 -6.8833876742934591e-04 
77.600000 -6.8615842512355363e-04 
77.800000 -6.8406613273717248e-04 
78.000000 -6.8205855762811657e-04 
78.200000 -6.8013248356146860e-04 
78.400000 -6.7828480700193872e-04 
78.600000 -6.7651253364729713e-04 
78.800000 -6.7481277493645908e-04 
79.000000 -6.7318274469828354e-04 
79.200000 -6.7161975588401340e-04 
79.400000 -6.7012121736674535e-04 
79.600000 -6.6868463089756608e-04 
79.800000 -6.6730758803786039e-04 
80.000000 -6.6598776728242493e-04 
80.200000 -6.6472293120301007e-04 
80.400000 -6.6351092365314612e-04 
80.600000 -6.6234966715750937e-04 
80.800000 -6.6123716022592482e-04 
81.000000 -6.6017147487668071e-04 
81.200000 -6.5915075415477753e-04 
81.400000 -6.5817320974729393e-04 
81.600000 -6.5723711967242970e-04 
81.800000 -6.5634082603655691e-04 
82.000000 -6.5548273282628466e-04 
82.200000 -6.5466130382967752e-04 
82.400000 -6.5387506055123584e-04 
82.600000 -6.5312258025274073e-04 
82.800000 -6.5240249399221156e-04 
83.000000 -6.5171348479008129e-04 
83.200000 -6.5105428577239000e-04 
83.400000 -6.5042367846845917e-04 
83.600000 -6.4982049105181267e-04 
83.800000 -6.4924359674727733e-04 
84.000000 -6.4869191217328120e-04 
84.200000 -6.4816439586961455e-04 
84.400000 -6.4766004674074451e-04 
84.600000 -6.4717790263574271e-04 
84.800000 -6.4671703895432392e-04 
85.000000 -6.4627656725276678e-04 
85.200000 -6.4585563397202145e-04 
85.400000 -6.4545341916422139e-04 
85.600000 -6.4506913522782011e-04 
85.800000 -6.4470202577058405e-04 
86.000000 -6.4435136442906465e-04 
86.200000 -6.4401645377575034e-04 
86.400000 -6.4369662424350327e-04 
86.600000 -6.4339123307126378e-04 
86.800000 -6.4309966333737922e-04 
87.000000 -6.4282132296925726e-04 
87.200000 -6.4255564381692637e-04 
87.400000 -6.4230208074597672e-04 
87.600000 -6.4206011076706204e-04 
87.800000 -6.4182923221212801e-04 
88.000000 -6.4160896389140604e-04 
88.200000 -6.4139884435410882e-04 
88.400000 -6.4119843107857122e-04 
88.600000 -6.4100729979037901e-04 
88.800000 -6.4082504373269566e-04 
89.000000 -6.4065127302007085e-04 
89.200000 -6.4048561391025216e-04 
89.400000 -6.4032770827427560e-04 
89.600000 -6.4017721291371316e-04 
89.800000 -6.4003379899590929e-04 
90.000000 -6.3989715148767695e-04 
90.200000 -6.3976696864972982e-04 
90.400000 -6.3964296142690613e-04 
90.600000 -6.3952485304412388e-04 
90.800000 -6.3941237841113469e-04 
91.000000 -6.3930528376851536e-04 
91.200000 -6.3920332615016728e-04 
91.400000 -6.3910627297170119e-04 
91.600000 -6.3901390162807853e-04 
91.800000 -6.3892599909002451e-04 
92.000000 -6.3884236149112927e-04 
92.200000 -6.3876279377827333e-04 
92.400000 -6.3868710934170125e-04 
92.600000 -6.3861512967957473e-04 
92.800000 -6.3854668406354564e-04 
93.000000 -6.3848160920127600e-04 
93.200000 -6.3841974895312292e-04 
93.400000 -6.3836095403378007e-04 
93.600000 -6.3830508169812616e-04 
93.800000 -6.3825199553212836e-04 
94.000000 -6.3820156512751219e-04 
94.200000 -6.3815366582968547e-04 
94.400000 -6.3810817858152291e-04 
94.600000 -6.3806498955749219e-04 
94.800000 -6.3802399007298338e-04 
95.000000 -6.3798507626810358e-04 
95.200000 -6.3794814895972579e-04 
95.400000 -6.3791311340730822e-04 
95.600000 -6.3787987917183347e-04 
95.800000 -6.3784835988073968e-04 
96.000000 -6.3781847308117673e-04 
96.200000 -6.3779014007032259e-04 
96.400000 -6.3776328570725599e-04 
96.600000 -6.3773783831042041e-04 
96.800000 -6.3771372946778981e-04 
97.000000 -6.3769089389752870e-04 
97.200000 -6.3766926933212648e-04 
97.400000 -6.3764879637465133e-04 
97.600000 -6.3762941837326031e-04 
97.800000 -6.3761108130047650e-04 
98.000000 -6.3759373362558269e-04 
98.200000 -6.3757732625153996e-04 
98.400000 -6.3756181235335302e-04 
98.600000 -6.3754714728111311e-04 
98.800000 -6.3753328851004487e-04 
99.000000 -6.3752019551459316e-04 
99.200000 -6.3750782966311842e-04 
99.400000 -6.3749615417411226e-04 
99.600000 -6.3748513399568274e-04 
99.800000 -6.3747473573820546e-04 
100.000000 -6.3746492762389861e-04 
100.200000 -6.3745567937111697e-04 
100.400000 -6.3744696217650498e-04 
100.600000 -6.3743874859559929e-04 
100.800000 -6.3743101252435042e-04 
101.000000 -6.3742372911106820e-04 
101.200000 -6.3741687471535052e-04 
101.400000 -6.3741042683910371e-04 
101.600000 -6.3740436408025319e-04 
101.800000 -6.3739866609336532e-04 
102.000000 -6.3739331352439393e-04 
102.200000 -6.3738828796156694e-04 
102.400000 -6.3738357190837314e-04 
102.600000 -6.3737914874918700e-04 
102.800000 -6.3737500265367841e-04 
103.000000 -6.3737111861731505e-04 
103.200000 -6.3736748235946467e-04 
103.400000 -6.3736408033147202e-04 
103.600000 -6.3736089965216181e-04 
103.800000 -6.3735792809646585e-04 
104.000000 -6.3735515405126397e-04 
104.200000 -6.3735256649457422e-04 
104.400000 -6.3735015496466790e-04 
104.600000 -6.3734790953474257e-04 
104.800000 -6.3734582077791535e-04 
105.000000 -6.3734387976245588e-04 
105.200000 -6.3734207801549592e-04 
105.400000 -6.3734040749143656e-04 
105.600000 -6.3733886057234374e-04 
105.800000 -6.3733743003925591e-04 
106.000000 -6.3733610905240823e-04 
106.200000 -6.3733489110494312e-04 
106.400000 -6.3733377006128245e-04 
106.600000 -6.3733274011215646e-04 
106.800000 -6.3733179573281784e-04 
107.000000 -6.3733093170635635e-04 
107.200000 -6.3733014309685920e-04 
107.400000 -6.3732942522617964e-04 
107.600000 -6.3732877369232499e-04 
107.800000 -6.3732818428630794e-04 
108.000000 -6.3732765307604466e-04 
108.200000 -6.3732717631485858e-04 
108.400000 -6.3732675046542647e-04 
108.600000 -6.3732637221233096e-04 
108.800000 -6.3732603838036889e-04 
109.000000 -6.3732574600165043e-04 
109.200000 -6.3732549227680374e-04 
109.400000 -6.3732527454020416e-04 
109.600000 -6.3732509029167106e-04 
109.800000 -6.3732493719270700e-04 
110.000000 -6.3732481299914878e-04 
110.200000 -6.3732471562447102e-04 
110.400000 -6.3732464309314285e-04 
110.600000 -6.3732459354400722e-04 
110.800000 -6.3732456523905162e-04 
111.000000 -6.3732455651786118e-04 
111.200000 -6.3732456584172925e-04 
111.400000 -6.3732459176357725e-04 
111.600000 -6.3732463289532110e-04 
111.800000 -6.3732468796166147e-04 
112.000000 -6.3732475576434855e-04 
112.200000 -6.3732483517355693e-04 
112.400000 -6.3732492511330702e-04 
112.600000 -6.3732502460144003e-04 
112.800000 -6.3732513270673558e-04 
113.000000 -6.3732524855864003e-04 
113.200000 -6.3732537133281975e-04 
113.400000 -6.3732550027863905e-04 
113.600000 -6.3732563468763687e-04 
113.800000 -6.3732577387995426e-04 
114.000000 -6.3732591724490611e-04 
114.200000 -6.3732606420877774e-04 
114.400000 -6.3732621424462954e-04 
114.600000 -6.3732636682136551e-04 
114.800000 -6.3732652150998159e-04 
115.000000 -6.3732667785428021e-04 
115.200000 -6.3732683547033236e-04 
115.400000 -6.3732699397385517e-04 
115.600000 -6.3732715303273235e-04 
115.800000 -6.3732731234285300e-04 
116.000000 -6.3732747159216119e-04 
116.200000 -6.3732763053420821e-04 
116.400000 -6.3732778890616265e-04 
116.600000 -6.3732794649672131e-04 
116.800000 -6.3732810308852333e-04 
117.000000 -6.3732825850322528e-04 
117.200000 -6.3732841255996486e-04 
117.400000 -6.3732856511607844e-04 
117.600000 -6.3732871602098506e-04 
117.800000 -6.3732886515644599e-04 
118.000000 -6.3732901240268897e-04 
118.200000 -6.3732915767017451e-04 
118.400000 -6.3732930085038525e-04 
118.600000 -6.3732944188950313e-04 
118.800000 -6.3732958070470552e-04 
119.000000 -6.3732971723549914e-04 
119.200000 -6.3732985142980758e-04 
119.400000 -6.3732998325180534e-04 
119.600000 -6.3733011265303119e-04 
119.800000 -6.3733023962158492e-04 
120.000000 -6.3733036412574884e-04 
120.200000 -6.3733048615322724e-04 
120.400000 -6.3733060569809430e-04 
120.600000 -6.3733072274552161e-04 
120.800000 -6.3733083728625267e-04 
121.000000 -6.3733094934779327e-04 
121.200000 -6.3733105891546765e-04 
121.400000 -6.3733116601089740e-04 
121.600000 -6.3733127065378203e-04 
121.800000 -6.3733137284537056e-04 
122.000000 -6.3733147262651918e-04 
122.200000 -6.3733157000109980e-04 
122.400000 -6.3733166500441057e-04 
122.600000 -6.3733175764727618e-04 
122.800000 -6.3733184798990539e-04 
123.000000 -6.3733193603179167e-04 
123.200000 -6.3733202182286036e-04 
123.400000 -6.3733210538173546e-04 
123.600000 -6.3733218676370607e-04 
123.800000 -6.3733226598335774e-04 
124.000000 -6.3733234309307912e-04 
124.200000 -6.3733241812046620e-04 
124.400000 -6.3733249109518969e-04 
124.600000 -6.3733256207695183e-04 
124.800000 -6.3733263108349536e-04 
125.000000 -6.3733269817183719e-04 
125.200000 -6.3733276335252442e-04 
125.400000 -6.3733282670087876e-04 
125.600000 -6.3733288823178413e-04 
125.800000 -6.3733294799826756e-04 
126.000000 -6.3733300602122900e-04 
126.200000 -6.3733306234803333e-04 
126.400000 -6.3733311703061818e-04 
126.600000 -6.3733317008077273e-04 
126.800000 -6.3733322156598465e-04 
127.000000 -6.3733327149594760e-04 
127.200000 -6.3733331992883724e-04 
127.400000 -6.3733336689066056e-04 
127.600000 -6.3733341242555586e-04 
127.800000 -6.3733345655633128e-04 
128.000000 -6.3733349934182171e-04 
128.200000 -6.3733354079263671e-04 
128.400000 -6.3733358095988818e-04 
128.600000 -6.3733361986100662e-04 
128.800000 -6.3733365755064275e-04 
129.000000 -6.3733369404000983e-04 
129.200000 -6.3733372936640442e-04 
129.400000 -6.3733376358054983e-04 
129.600000 -6.3733379669575485e-04 
129.800000 -6.3733382874324451e-04 
130.000000 -6.3733385975516671e-04 
130.200000 -6.3733388976482119e-04 
130.400000 -6.3733391879991497e-04 
130.600000 -6.3733394688045980e-04 
130.800000 -6.3733397403657743e-04 
131.000000 -6.3733400030208109e-04 
131.200000 -6.3733402569998016e-04 
131.400000 -6.3733405025095252e-04 
131.600000 -6.3733407398454400e-04 
131.800000 -6.3733409691955900e-04 
132.000000 -6.3733411910098930e-04 
132.200000 -6.3733414052330462e-04 
132.400000 -6.3733416122420394e-04 
132.600000 -6.3733418122080554e-04 
132.800000 -6.3733420053907475e-04 
133.000000 -6.3733421919423550e-04 
133.200000 -6.3733423720779836e-04 
133.400000 -6.3733425461463822e-04 
133.600000 -6.3733427140239690e-04 
133.800000 -6.3733428762430960e-04 
134.000000 -6.3733430328501844e-04 
134.200000 -6.3733431840260618e-04 
134.400000 -6.3733433298007042e-04 
134.600000 -6.3733434704922598e-04 
134.800000 -6.3733436063545534e-04 
135.000000 -6.3733437373568458e-04 
135.200000 -6.3733438637664924e-04 
135.400000 -6.3733439856044488e-04 
135.600000 -6.3733441031593036e-04 
135.800000 -6.3733442165993248e-04 
136.000000 -6.3733443259038347e-04 
136.200000 -6.3733444313027188e-04 
136.400000 -6.3733445329053340e-04 
136.600000 -6.3733446309766767e-04 
136.800000 -6.3733447253912223e-04 
137.000000 -6.3733448163613010e-04 
137.200000 -6.3733449040309642e-04 
137.400000 -6.3733449885546717e-04 
137.600000 -6.3733450699637179e-04 
137.800000 -6.3733451483855702e-04 
138.000000 -6.3733452239995991e-04 
138.200000 -6.3733452967592447e-04 
138.400000 -6.3733453668676776e-04 
138.600000 -6.3733454343320450e-04 
138.800000 -6.3733454993746691e-04 
139.000000 -6.3733455618985441e-04 
139.200000 -6.3733456221029550e-04 
139.400000 -6.3733456800629806e-04 
139.600000 -6.3733457358459977e-04 
139.800000 -6.3733457895315260e-04 
140.000000 -6.3733458411379534e-04 
140.200000 -6.3733458908942636e-04 
140.400000 -6.3733459386793034e-04 
140.600000 -6.3733459846778556e-04 
140.800000 -6.3733460289138594e-04 
141.000000 -6.3733460714351930e-04 
141.200000 -6.3733461122893187e-04 
141.400000 -6.3733461515714379e-04 
141.600000 -6.3733461893748095e-04 
141.800000 -6.3733462256659879e-04 
142.000000 -6.3733462605313623e-04 
142.200000 -6.3733462940523955e-04 
142.400000 -6.3733463262071605e-04 
142.600000 -6.3733463570904425e-04 
142.800000 -6.3733463867687162e-04 
143.000000 -6.3733464152455205e-04 
143.200000 -6.3733464425765746e-04 
143.400000 -6.3733464688411900e-04 
143.600000 -6.3733464939784434e-04 
143.800000 -6.3733465181310678e-04 
144.000000 -6.3733465412176699e-04 
144.200000 -6.3733465633911829e-04 
144.400000 -6.3733465846314147e-04 
144.600000 -6.3733466049780557e-04 
144.800000 -6.3733466244611514e-04 
145.000000 -6.3733466430408725e-04 
145.200000 -6.3733466609754152e-04 
145.400000 -6.3733466779972159e-04 
145.600000 -6.3733466942625383e-04 
145.800000 -6.3733467098018443e-04 
146.000000 -6.3733467246655101e-04 
146.200000 -6.3733467389328474e-04 
146.400000 -6.3733467524727805e-04 
146.600000 -6.3733467654197851e-04 
146.800000 -6.3733467777249420e-04 
147.000000 -6.3733467894139251e-04 
147.200000 -6.3733468004799343e-04 
147.400000 -6.3733468109301167e-04 
147.600000 -6.3733468207372718e-04 
147.800000 -6.3733468299866092e-04 
148.000000 -6.3733468387724285e-04 
148.200000 -6.3733468471961763e-04 
148.400000 -6.3733468555499107e-04 
148.600000 -6.3733468634458168e-04 
148.800000 -6.3733468705252927e-04 
149.000000 -6.3733468768110979e-04 
149.200000 -6.3733468825998008e-04 
149.400000 -6.3733468879238753e-04 
149.600000 -6.3733468927902603e-04 
149.800000 -6.3733468971970131e-04 
