0.000000 1.2511572092272683e-01 
0.200000 1.2509709862902718e-01 
0.400000 1.2508179742829295e-01 
0.600000 1.2507002136960310e-01 
0.800000 1.2506157014492947e-01 
1.000000 1.2505648949393344e-01 
1.200000 1.2505447585661733e-01 
1.400000 1.2505527126669203e-01 
1.600000 1.2505861438243338e-01 
1.800000 1.2506335817392567e-01 
2.000000 1.2506832306104188e-01 
2.200000 1.2507031133089386e-01 
2.400000 1.2506909102635944e-01 
2.600000 1.2506486496662683e-01 
2.800000 1.2505793632242868e-01 
3.000000 1.2504884987513987e-01 
3.200000 1.2503807506074072e-01 
3.400000 1.2502597799572202e-01 
3.600000 1.2500493150526948e-01 
3.800000 1.2498430112915715e-01 
4.000000 1.2496416983174463e-01 
4.200000 1.2494435746126831e-01 
4.400000 1.2492458814020146e-01 
4.600000 1.2490439318718616e-01 
4.800000 1.2488328103264001e-01 
5.000000 1.2486075607318625e-01 
5.200000 1.2483624041261088e-01 
5.400000 1.2480938982590772e-01 
5.600000 1.2478006774070849e-01 
5.800000 1.2474826002279327e-01 
6.000000 1.2471402305417645e-01 
6.200000 1.2467744139741488e-01 
6.400000 1.2463861988979796e-01 
6.600000 1.2459764816285535e-01 
6.800000 1.2455461254716993e-01 
7.000000 1.2450951124381060e-01 
7.200000 1.2446226392671034e-01 
7.400000 1.2441276291229264e-01 
7.600000 1.2436088821860358e-01 
7.800000 1.2430651652306068e-01 
8.000000 1.2424952794765121e-01 
8.200000 1.2418981111805416e-01 
8.400000 1.2412726556656395e-01 
8.600000 1.2406180489971919e-01 
8.800000 1.2399335415728285e-01 
9.000000 1.2392184234408787e-01 
9.200000 1.2384719629760865e-01 
9.400000 1.2376933670142021e-01 
9.600000 1.2368817545159749e-01 
9.800000 1.2360361184250257e-01 
10.000000 1.2351552737772109e-01 
10.200000 1.2342379556069816e-01 
10.400000 1.2332828575099752e-01 
10.600000 1.2322886724546989e-01 
10.800000 1.2312540068086142e-01 
11.000000 1.2301773682127959e-01 
11.200000 1.2290571780993376e-01 
11.400000 1.2278917739434914e-01 
11.600000 1.2266794048821184e-01 
11.800000 1.2254182266291247e-01 
12.000000 1.2241062923124346e-01 
12.200000 1.2227415427322197e-01 
12.400000 1.2213217929018594e-01 
12.600000 1.2198447166695947e-01 
12.800000 1.2183078325844154e-01 
13.000000 1.2167084899226932e-01 
13.200000 1.2150438565694488e-01 
13.400000 1.2133109058088087e-01 
13.600000 1.2115064024197009e-01 
13.800000 1.2096268902485074e-01 
14.000000 1.2076686785745661e-01 
14.200000 1.2056278280914889e-01 
14.400000 1.2035001354881592e-01 
14.600000 1.2012811162845782e-01 
14.800000 1.1989659864085545e-01 
15.000000 1.1965496421385868e-01 
15.200000 1.1940266389570620e-01 
15.400000 1.1913911692390755e-01 
15.600000 1.1886370386561007e-01 
15.800000 1.1857576416220139e-01 
16.000000 1.1827459355842806e-01 
16.200000 1.1795944143891135e-01 
16.400000 1.1762950806088235e-01 
16.600000 1.1728394166685452e-01 
16.800000 1.1692183549164836e-01 
17.000000 1.1654222465720010e-01 
17.200000 1.1614408297119272e-01 
17.400000 1.1572631965645053e-01 
17.600000 1.1528777603215545e-01 
17.800000 1.1482722220107433e-01 
18.000000 1.1434335379062410e-01 
18.200000 1.1383478882382958e-01 
18.400000 1.1330006480785848e-01 
18.600000 1.1273763613089982e-01 
18.800000 1.1214587188844394e-01 
19.000000 1.1152305426292730e-01 
19.200000 1.1086737760027821e-01 
19.400000 1.1017694834180736e-01 
19.600000 1.0944978597466670e-01 
19.800000 1.0868382518108788e-01 
20.000000 1.0787691936707766e-01 
20.200000 1.0702684575652832e-01 
20.400000 1.0613131223528915e-01 
20.600000 1.0518796611876535e-01 
20.800000 1.0419440500803823e-01 
21.000000 1.0314818987922958e-01 
21.200000 1.0204686052834522e-01 
21.400000 1.0088795346661694e-01 
21.600000 9.9669022326248968e-02 
21.800000 9.8387660801950050e-02 
22.000000 9.7041528111236564e-02 
22.200000 9.5628376911106150e-02 
22.400000 9.4146083559267568e-02 
22.600000 9.2592680551570328e-02 
22.800000 9.0966390906296768e-02 
23.000000 8.9265664196586436e-02 
23.200000 8.7489213855922898e-02 
23.400000 8.5636055298788150e-02 
23.600000 8.3705544309238933e-02 
23.800000 8.1697415058697320e-02 
24.000000 7.9611817023391485e-02 
24.200000 7.7449349986969396e-02 
24.400000 7.5211096241997399e-02 
24.600000 7.2898649051011177e-02 
24.800000 7.0514136400981586e-02 
25.000000 6.8060239091176422e-02 
25.200000 6.5540202237132750e-02 
25.400000 6.2957839357736689e-02 
25.600000 6.0317528337821669e-02 
25.800000 5.7624198724476328e-02 
26.000000 5.4883310016704656e-02 
26.200000 5.2100820839127371e-02 
26.400000 4.9283149141660765e-02 
26.600000 4.6437123828692028e-02 
26.800000 4.3569928481411613e-02 
27.000000 4.0689038083988938e-02 
27.200000 3.7802149886572378e-02 
27.400000 3.4917109725614348e-02 
27.600000 3.2041835265542384e-02 
27.800000 2.9184237719043993e-02 
28.000000 2.6352143642590420e-02 
28.200000 2.3553218387562302e-02 
28.400000 2.0794892717972191e-02 
28.600000 1.8084293987426503e-02 
28.800000 1.5428183107544791e-02 
29.000000 1.2832898346329835e-02 
29.200000 1.0304306777598193e-02 
29.400000 7.8477639719107817e-03 
29.600000 5.4680822855960320e-03 
29.800000 3.1695078760713979e-03 
30.000000 9.5570635793007508e-04 
30.200000 -1.1702431800221236e-03 
30.400000 -3.2058462454156444e-03 
30.600000 -5.1491836903826416e-03 
30.800000 -6.9988958385097666e-03 
31.000000 -8.7541607742689376e-03 
31.200000 -1.0414667632242081e-02 
31.400000 -1.1980585750007156e-02 
31.600000 -1.3452530551172015e-02 
31.800000 -1.4831527005601086e-02 
32.000000 -1.6118971475816868e-02 
32.200000 -1.7316592705374889e-02 
32.400000 -1.8426412639173329e-02 
32.600000 -1.9450707691397673e-02 
32.800000 -2.0391970996221476e-02 
33.000000 -2.1252876093472151e-02 
33.200000 -2.2036242417918350e-02 
33.400000 -2.2745002880061760e-02 
33.600000 -2.3382173749462165e-02 
33.800000 -2.3950826980513096e-02 
34.000000 -2.4454065057290864e-02 
34.200000 -2.4894998377161692e-02 
34.400000 -2.5276725145569112e-02 
34.600000 -2.5602313714001901e-02 
34.800000 -2.5874787261404020e-02 
35.000000 -2.6097110694379699e-02 
35.200000 -2.6272179623806680e-02 
35.400000 -2.6402811263450121e-02 
35.600000 -2.6491737089490597e-02 
35.800000 -2.6541597097747283e-02 
36.000000 -2.6554935496703957e-02 
36.200000 -2.6534197679011606e-02 
36.400000 -2.6481728320713160e-02 
36.600000 -2.6399770465898809e-02 
36.800000 -2.6290465463971402e-02 
37.000000 -2.6155853636885606e-02 
37.200000 -2.5997875564196915e-02 
37.400000 -2.5818373884325674e-02 
37.600000 -2.5619095520469815e-02 
37.800000 -2.5401694249642726e-02 
38.000000 -2.5167733542179049e-02 
38.200000 -2.4918689608248945e-02 
38.400000 -2.4655954595130092e-02 
38.600000 -2.4380839887038708e-02 
38.800000 -2.4094579465369581e-02 
39.000000 -2.3798333293528706e-02 
39.200000 -2.3493190695808908e-02 
39.400000 -2.3180173704656026e-02 
39.600000 -2.2860240354963979e-02 
39.800000 -2.2534287907902129e-02 
40.000000 -2.2203155990119627e-02 
40.200000 -2.1867629637313757e-02 
40.400000 -2.1528442233496092e-02 
40.600000 -2.1186278339963893e-02 
40.800000 -2.0841776409598722e-02 
41.000000 -2.0495531384025489e-02 
41.200000 -2.0148097172668689e-02 
41.400000 -1.9799989013774277e-02 
41.600000 -1.9451685718752332e-02 
41.800000 -1.9103631801786314e-02 
42.000000 -1.8756239497618676e-02 
42.200000 -1.8409890670783358e-02 
42.400000 -1.8064938619948956e-02 
42.600000 -1.7721709781612749e-02 
42.800000 -1.7380505337139640e-02 
43.000000 -1.7041602727891431e-02 
43.200000 -1.6705257082566788e-02 
43.400000 -1.6371702561345458e-02 
43.600000 -1.6041153621371679e-02 
43.800000 -1.5713806207613590e-02 
44.000000 -1.5389838873572786e-02 
44.200000 -1.5069413835676337e-02 
44.400000 -1.4752677965551769e-02 
44.600000 -1.4439763723494481e-02 
44.800000 -1.4130790037147095e-02 
45.000000 -1.3825863128378219e-02 
45.200000 -1.3525077291831944e-02 
45.400000 -1.3228515627988741e-02 
45.600000 -1.2936250733606519e-02 
45.800000 -1.2648345352323564e-02 
46.000000 -1.2364852987665209e-02 
46.200000 -1.2085818481079535e-02 
46.400000 -1.1811278556972810e-02 
46.600000 -1.1541262336864311e-02 
46.800000 -1.1275791824560316e-02 
47.000000 -1.1014882364135642e-02 
47.200000 -1.0758543072354382e-02 
47.400000 -1.0506777246967275e-02 
47.600000 -1.0259582752613905e-02 
47.800000 -1.0016952385361821e-02 
48.000000 -9.7788742171553422e-03 
48.200000 -9.5453319216791399e-03 
48.400000 -9.3163050821800653e-03 
48.600000 -9.0917694827453988e-03 
48.800000 -8.8716973836256985e-03 
49.000000 -8.6560577817658135e-03 
49.200000 -8.4448166570636474e-03 
49.400000 -8.2379372054366684e-03 
49.600000 -8.0353800591683455e-03 
49.800000 -7.8371034953262642e-03 
50.000000 -7.6430636328703033e-03 
50.200000 -7.4532146190159493e-03 
50.400000 -7.2675088054512255e-03 
50.600000 -7.0858969149013296e-03 
50.800000 -6.9083281984648054e-03 
51.000000 -6.7347505843841082e-03 
51.200000 -6.5651108184867496e-03 
51.400000 -6.3993545967843402e-03 
51.600000 -6.2374266906785741e-03 
51.800000 -6.0792710650404286e-03 
52.000000 -5.9248309895510165e-03 
52.200000 -5.7740491437694996e-03 
52.400000 -5.6268677159597436e-03 
52.600000 -5.4832284962462313e-03 
52.800000 -5.3430729642406499e-03 
53.000000 -5.2063423714790585e-03 
53.200000 -5.0729778188208924e-03 
53.400000 -4.9429203291913720e-03 
53.600000 -4.8161109158173371e-03 
53.800000 -4.6924906461842664e-03 
54.000000 -4.5720007018886649e-03 
54.200000 -4.4545824347769908e-03 
54.400000 -4.3401774191794418e-03 
54.600000 -4.2287275009283143e-03 
54.800000 -4.1201748428457141e-03 
55.000000 -4.0144619671944742e-03 
55.200000 -3.9115317950803724e-03 
55.400000 -3.8113276830990528e-03 
55.600000 -3.7137934571958853e-03 
55.800000 -3.6188734439933923e-03 
56.000000 -3.5265124997107267e-03 
56.200000 -3.4366560367481147e-03 
56.400000 -3.3492500481024645e-03 
56.600000 -3.2642411297108820e-03 
56.800000 -3.1815765007812136e-03 
57.000000 -3.1012040223190457e-03 
57.200000 -3.0230722138441316e-03 
57.400000 -2.9471302684579218e-03 
57.600000 -2.8733280662795596e-03 
57.800000 -2.8016161864454145e-03 
58.000000 -2.7319459176309985e-03 
58.200000 -2.6642692672447371e-03 
58.400000 -2.5985389693762365e-03 
58.600000 -2.5347084914680434e-03 
58.800000 -2.4727320399540245e-03 
59.000000 -2.4125645647277288e-03 
59.200000 -2.3541617626549882e-03 
59.400000 -2.2974800801133927e-03 
59.600000 -2.2424767146044036e-03 
59.800000 -2.1891096155649895e-03 
60.000000 -2.1373374843444079e-03 
60.200000 -2.0871197733802194e-03 
60.400000 -2.0384166848182173e-03 
60.600000 -1.9911891682521041e-03 
60.800000 -1.9453989180201262e-03 
61.000000 -1.9010083697969665e-03 
61.200000 -1.8579806967038426e-03 
61.400000 -1.8162798048523554e-03 
61.600000 -1.7758703284317459e-03 
61.800000 -1.7367176243504104e-03 
62.000000 -1.6987877664595627e-03 
62.200000 -1.6620475393272216e-03 
62.400000 -1.6264644317286470e-03 
62.600000 -1.5920066297525903e-03 
62.800000 -1.5586430096191511e-03 
63.000000 -1.5263431301572525e-03 
63.200000 -1.4950772251021774e-03 
63.400000 -1.4648161950703634e-03 
63.600000 -1.4355315993552845e-03 
63.800000 -1.4071956474984923e-03 
64.000000 -1.3797811906847077e-03 
64.200000 -1.3532617129840968e-03 
64.400000 -1.3276113224151218e-03 
64.600000 -1.3028047419106834e-03 
64.800000 -1.2788173001320388e-03 
65.000000 -1.2556249222058502e-03 
65.200000 -1.2332041203859181e-03 
65.400000 -1.2115319845794337e-03 
65.600000 -1.1905861728990219e-03 
65.800000 -1.1703449021067749e-03 
66.000000 -1.1507869380521576e-03 
66.200000 -1.1318915860377768e-03 
66.400000 -1.1136386812421115e-03 
66.600000 -1.0960085791186791e-03 
66.800000 -1.0789821456927071e-03 
67.000000 -1.0625407480968282e-03 
67.200000 -1.0466662448897976e-03 
67.400000 -1.0313409765671105e-03 
67.600000 -1.0165477560479461e-03 
67.800000 -1.0022698592319634e-03 
68.000000 -9.8849101556140739e-04 
68.200000 -9.7519539875592920e-04 
68.400000 -9.6236761746482796e-04 
68.600000 -9.4999270609648356e-04 
68.800000 -9.3805611569865166e-04 
69.000000 -9.2654370494107963e-04 
69.200000 -9.1544173110186255e-04 
69.400000 -9.0473684128800774e-04 
69.600000 -8.9441606359661613e-04 
69.800000 -8.8446679852374754e-04 
70.000000 -8.7487681034899289e-04 
70.200000 -8.6563421871015123e-04 
70.400000 -8.5672749026917405e-04 
70.600000 -8.4814543042348312e-04 
70.800000 -8.3987717530045747e-04 
71.000000 -8.3191218364674080e-04 
71.200000 -8.2424022900280669e-04 
71.400000 -8.1685139194010575e-04 
71.600000 -8.0973605241340535e-04 
71.800000 -8.0288488226801236e-04 
72.000000 -7.9628883781286686e-04 
72.200000 -7.8993915259089470e-04 
72.400000 -7.8382733020850026e-04 
72.600000 -7.7794513735047338e-04 
72.800000 -7.7228459688297862e-04 
73.000000 -7.6683798109082602e-04 
73.200000 -7.6159780505437313e-04 
73.400000 -7.5655682011417646e-04 
73.600000 -7.5170800755584161e-04 
73.800000 -7.4704457230920229e-04 
74.000000 -7.4255993680438781e-04 
74.200000 -7.3824773503576580e-04 
74.400000 -7.3410180663273372e-04 
74.600000 -7.3011619113959314e-04 
74.800000 -7.2628512235160120e-04 
75.000000 -7.2260302283615185e-04 
75.200000 -7.1906449855247551e-04 
75.400000 -7.1566433355919196e-04 
75.600000 -7.1239748489570348e-04 
75.800000 -7.0925907751399203e-04 
76.000000 -7.0624439942942874e-04 
76.200000 -7.0334889684613155e-04 
76.400000 -7.0056816950538753e-04 
76.600000 -6.9789796615448568e-04 
76.800000 -6.9533418000945063e-04 
77.000000 -6.9287284446046399e-04 
77.200000 -6.9051012877397594e-04 
77.400000 -6.8824233400512080e-04 
77.600000 -6.8606588893141418e-04 
77.800000 -6.8397734610976119e-04 
78.000000 -6.8197337806484570e-04 
78.200000 -6.8005077353486959e-04 
78.400000 -6.7820643387697666e-04 
78.600000 -6.7643736945573879e-04 
78.800000 -6.7474069625709371e-04 
79.000000 -6.7311363250985301e-04 
79.200000 -6.7155349541175163e-04 
79.400000 -6.7005769796769921e-04 
79.600000 -6.6862374590370005e-04 
79.800000 -6.6724923464866331e-04 
80.000000 -6.6593184640671710e-04 
80.200000 -6.6466934735830152e-04 
80.400000 -6.6345958486045686e-04 
80.600000 -6.6230048479775511e-04 
80.800000 -6.6119004892961630e-04 
81.000000 -6.6012635244096229e-04 
81.200000 -6.5910754141537686e-04 
81.400000 -6.5813183046627144e-04 
81.600000 -6.5719750046354386e-04 
81.800000 -6.5630289625392968e-04 
82.000000 -6.5544642447862289e-04 
82.200000 -6.5462655147220661e-04 
82.400000 -6.5384180122195212e-04 
82.600000 -6.5309075336750233e-04 
82.800000 -6.5237204127465559e-04 
83.000000 -6.5168435017757403e-04 
83.200000 -6.5102641534722089e-04 
83.400000 -6.5039702038458685e-04 
83.600000 -6.4979499545182728e-04 
83.800000 -6.4921921569011110e-04 
84.000000 -6.4866859959032686e-04 
84.200000 -6.4814210747223683e-04 
84.400000 -6.4763873996771804e-04 
84.600000 -6.4715753658627084e-04 
84.800000 -6.4669757432424257e-04 
85.000000 -6.4625796628541010e-04 
85.200000 -6.4583786040767893e-04 
85.400000 -6.4543643816291491e-04 
85.600000 -6.4505291333451925e-04 
85.800000 -6.4468653086901390e-04 
86.000000 -6.4433656567312175e-04 
86.200000 -6.4400232154953468e-04 
86.400000 -6.4368313012606870e-04 
86.600000 -6.4337834978924618e-04 
86.800000 -6.4308736471026945e-04 
87.000000 -6.4280958387106374e-04 
87.200000 -6.4254444014373580e-04 
87.400000 -6.4229138937402924e-04 
87.600000 -6.4204990952154706e-04 
87.800000 -6.4181949982130421e-04 
88.000000 -6.4159967994937422e-04 
88.200000 -6.4138998929298002e-04 
88.400000 -6.4118998615710077e-04 
88.600000 -6.4099924702140654e-04 
88.800000 -6.4081736589632204e-04 
89.000000 -6.4064395357128073e-04 
89.200000 -6.4047863703373814e-04 
89.400000 -6.4032105880756224e-04 
89.600000 -6.4017087630906938e-04 
89.800000 -6.4002776133267880e-04 
90.000000 -6.3989139944479329e-04 
90.200000 -6.3976148943064443e-04 
90.400000 -6.3963774282493890e-04 
90.600000 -6.3951988331428788e-04 
90.800000 -6.3940764636957054e-04 
91.000000 -6.3930077866508617e-04 
91.200000 -6.3919903770700420e-04 
91.400000 -6.3910219135045881e-04 
91.600000 -6.3901001742695807e-04 
91.800000 -6.3892230329274519e-04 
92.000000 -6.3883884547694808e-04 
92.200000 -6.3875944931138934e-04 
92.400000 -6.3868392853027450e-04 
92.600000 -6.3861210498318555e-04 
92.800000 -6.3854380826521701e-04 
93.000000 -6.3847887539910525e-04 
93.200000 -6.3841715056114218e-04 
93.400000 -6.3835848473956652e-04 
93.600000 -6.3830273549019684e-04 
93.800000 -6.3824976663798272e-04 
94.000000 -6.3819944803105572e-04 
94.200000 -6.3815165529346879e-04 
94.400000 -6.3810626955271982e-04 
94.600000 -6.3806317725660644e-04 
94.800000 -6.3802226989908423e-04 
95.000000 -6.3798344384095873e-04 
95.200000 -6.3794660009123400e-04 
95.400000 -6.3791164412071999e-04 
95.600000 -6.3787848564130639e-04 
95.800000 -6.3784703846766350e-04 
96.000000 -6.3781722030511329e-04 
96.200000 -6.3778895261108054e-04 
96.400000 -6.3776216040540429e-04 
96.600000 -6.3773677213888047e-04 
96.800000 -6.3771271954358305e-04 
97.000000 -6.3768993747673891e-04 
97.200000 -6.3766836379220565e-04 
97.400000 -6.3764793920319945e-04 
97.600000 -6.3762860718801634e-04 
97.800000 -6.3761031383122169e-04 
98.000000 -6.3759300769715421e-04 
98.200000 -6.3757663979924911e-04 
98.400000 -6.3756116339299534e-04 
98.600000 -6.3754653395516753e-04 
98.800000 -6.3753270902171949e-04 
99.000000 -6.3751964815518536e-04 
99.200000 -6.3750731281153605e-04 
99.400000 -6.3749566628019949e-04 
99.600000 -6.3748467358126087e-04 
99.800000 -6.3747430140612821e-04 
100.000000 -6.3746451803124715e-04 
100.200000 -6.3745529325453382e-04 
100.400000 -6.3744659832137840e-04 
100.600000 -6.3743840584246092e-04 
100.800000 -6.3743068977598766e-04 
101.000000 -6.3742342533339158e-04 
101.200000 -6.3741658890305308e-04 
101.400000 -6.3741015805441475e-04 
101.600000 -6.3740411141725850e-04 
101.800000 -6.3739842870932928e-04 
102.000000 -6.3739309059396287e-04 
102.200000 -6.3738807872210784e-04 
102.400000 -6.3738337562578573e-04 
102.600000 -6.3737896470900807e-04 
102.800000 -6.3737483020314539e-04 
103.000000 -6.3737095712881192e-04 
103.200000 -6.3736733123236078e-04 
103.400000 -6.3736393899854749e-04 
103.600000 -6.3736076757803239e-04 
103.800000 -6.3735780475816795e-04 
104.000000 -6.3735503896183987e-04 
104.200000 -6.3735245919279565e-04 
104.400000 -6.3735005501554254e-04 
104.600000 -6.3734781651732936e-04 
104.800000 -6.3734573429980595e-04 
105.000000 -6.3734379945109415e-04 
105.200000 -6.3734200351087122e-04 
105.400000 -6.3734033846734456e-04 
105.600000 -6.3733879670475890e-04 
105.800000 -6.3733737102577431e-04 
106.000000 -6.3733605459917464e-04 
106.200000 -6.3733484094690568e-04 
106.400000 -6.3733372394521315e-04 
106.600000 -6.3733269777618839e-04 
106.800000 -6.3733175697235078e-04 
107.000000 -6.3733089628473238e-04 
107.200000 -6.3733011081092139e-04 
107.400000 -6.3732939588934112e-04 
107.600000 -6.3732874710346887e-04 
107.800000 -6.3732816028891359e-04 
108.000000 -6.3732763148757060e-04 
108.200000 -6.3732715698744391e-04 
108.400000 -6.3732673326111905e-04 
108.600000 -6.3732635697174439e-04 
108.800000 -6.3732602498711710e-04 
109.000000 -6.3732573432959821e-04 
109.200000 -6.3732548220024610e-04 
109.400000 -6.3732526595124822e-04 
109.600000 -6.3732508310674479e-04 
109.800000 -6.3732493128104001e-04 
110.000000 -6.3732480828765370e-04 
110.200000 -6.3732471201602414e-04 
110.400000 -6.3732464050998000e-04 
110.600000 -6.3732459191203489e-04 
110.800000 -6.3732456447207486e-04 
111.000000 -6.3732455656306114e-04 
111.200000 -6.3732456663501136e-04 
111.400000 -6.3732459322916879e-04 
111.600000 -6.3732463498866743e-04 
111.800000 -6.3732469062434405e-04 
112.000000 -6.3732475895780794e-04 
112.200000 -6.3732483883274099e-04 
112.400000 -6.3732492920118983e-04 
112.600000 -6.3732502908270955e-04 
112.800000 -6.3732513753766290e-04 
113.000000 -6.3732525370183840e-04 
113.200000 -6.3732537675501716e-04 
113.400000 -6.3732550595160808e-04 
113.600000 -6.3732564057455282e-04 
113.800000 -6.3732577996398337e-04 
114.000000 -6.3732592349770995e-04 
114.200000 -6.3732607060865837e-04 
114.400000 -6.3732622074924583e-04 
114.600000 -6.3732637343104359e-04 
114.800000 -6.3732652819248337e-04 
115.000000 -6.3732668459631076e-04 
115.200000 -6.3732684225314279e-04 
115.400000 -6.3732700079628668e-04 
115.600000 -6.3732715987833283e-04 
115.800000 -6.3732731918714203e-04 
116.000000 -6.3732747843681797e-04 
116.200000 -6.3732763735321885e-04 
116.400000 -6.3732779570122716e-04 
116.600000 -6.3732795324238090e-04 
116.800000 -6.3732810978486820e-04 
117.000000 -6.3732826514820845e-04 
117.200000 -6.3732841914278249e-04 
117.400000 -6.3732857162228373e-04 
117.600000 -6.3732872245973043e-04 
117.800000 -6.3732887152227746e-04 
118.000000 -6.3732901868549657e-04 
118.200000 -6.3732916386226995e-04 
118.400000 -6.3732930695699352e-04 
118.600000 -6.3732944789815504e-04 
118.800000 -6.3732958661342348e-04 
119.000000 -6.3732972303944674e-04 
119.200000 -6.3732985713442492e-04 
119.400000 -6.3732998884814818e-04 
119.600000 -6.3733011815676061e-04 
119.800000 -6.3733024501708146e-04 
120.000000 -6.3733036941739096e-04 
120.200000 -6.3733049134399172e-04 
120.400000 -6.3733061077262537e-04 
120.600000 -6.3733072771072347e-04 
120.800000 -6.3733084215224223e-04 
121.000000 -6.3733095410456464e-04 
121.200000 -6.3733106356502617e-04 
121.400000 -6.3733117055352062e-04 
121.600000 -6.3733127508996262e-04 
121.800000 -6.3733137718016003e-04 
122.000000 -6.3733147684948144e-04 
122.200000 -6.3733157412668856e-04 
122.400000 -6.3733166902372324e-04 
122.600000 -6.3733176157540483e-04 
122.800000 -6.3733185181525515e-04 
123.000000 -6.3733193976055202e-04 
123.200000 -6.3733202545546846e-04 
123.400000 -6.3733210892144565e-04 
123.600000 -6.3733219020665338e-04 
123.800000 -6.3733226933821580e-04 
124.000000 -6.3733234634774649e-04 
124.200000 -6.3733242128476836e-04 
124.400000 -6.3733249418204685e-04 
124.600000 -6.3733256507796793e-04 
124.800000 -6.3733263400897466e-04 
125.000000 -6.3733270100161526e-04 
125.200000 -6.3733276611525197e-04 
125.400000 -6.3733282938197716e-04 
125.600000 -6.3733289083483385e-04 
125.800000 -6.3733295051554562e-04 
126.000000 -6.3733300847122754e-04 
126.200000 -6.3733306473025969e-04 
126.400000 -6.3733311933543424e-04 
126.600000 -6.3733317232989722e-04 
126.800000 -6.3733322373547147e-04 
127.000000 -6.3733327360845221e-04 
127.200000 -6.3733332197411091e-04 
127.400000 -6.3733336887739772e-04 
127.600000 -6.3733341434454166e-04 
127.800000 -6.3733345841991002e-04 
128.000000 -6.3733350114798804e-04 
128.200000 -6.3733354254152941e-04 
128.400000 -6.3733358264322221e-04 
128.600000 -6.3733362149873823e-04 
128.800000 -6.3733365913287016e-04 
129.000000 -6.3733369557469194e-04 
129.200000 -6.3733373086237444e-04 
129.400000 -6.3733376502776717e-04 
129.600000 -6.3733379809367136e-04 
129.800000 -6.3733383009681455e-04 
130.000000 -6.3733386106228085e-04 
130.200000 -6.3733389103561716e-04 
130.400000 -6.3733392002217337e-04 
130.600000 -6.3733394806221588e-04 
130.800000 -6.3733397517803936e-04 
131.000000 -6.3733400140664198e-04 
131.200000 -6.3733402676880574e-04 
131.400000 -6.3733405128750531e-04 
131.600000 -6.3733407498384187e-04 
131.800000 -6.3733409788938739e-04 
132.000000 -6.3733412002688061e-04 
132.200000 -6.3733414141659006e-04 
132.400000 -6.3733416209822008e-04 
132.600000 -6.3733418206324971e-04 
132.800000 -6.3733420135233393e-04 
133.000000 -6.3733421998208445e-04 
133.200000 -6.3733423796876604e-04 
133.400000 -6.3733425534669846e-04 
133.600000 -6.3733427211425109e-04 
133.800000 -6.3733428831007355e-04 
134.000000 -6.3733430394630197e-04 
134.200000 -6.3733431903319898e-04 
134.400000 -6.3733433358649505e-04 
134.600000 -6.3733434764758762e-04 
134.800000 -6.3733436120819859e-04 
135.000000 -6.3733437428963036e-04 
135.200000 -6.3733438690429661e-04 
135.400000 -6.3733439907127237e-04 
135.600000 -6.3733441081435110e-04 
135.800000 -6.3733442213115277e-04 
136.000000 -6.3733443304648391e-04 
136.200000 -6.3733444357642888e-04 
136.400000 -6.3733445372154279e-04 
136.600000 -6.3733446351021267e-04 
136.800000 -6.3733447293846945e-04 
137.000000 -6.3733448201718640e-04 
137.200000 -6.3733449077806037e-04 
137.400000 -6.3733449921552637e-04 
137.600000 -6.3733450733836211e-04 
137.800000 -6.3733451517004880e-04 
138.000000 -6.3733452271719920e-04 
138.200000 -6.3733452998353951e-04 
138.400000 -6.3733453697843723e-04 
138.600000 -6.3733454371873999e-04 
138.800000 -6.3733455020682783e-04 
139.000000 -6.3733455645322706e-04 
139.200000 -6.3733456246216347e-04 
139.400000 -6.3733456824659890e-04 
139.600000 -6.3733457382281894e-04 
139.800000 -6.3733457918004749e-04 
140.000000 -6.3733458433775508e-04 
140.200000 -6.3733458929472742e-04 
140.400000 -6.3733459407311344e-04 
140.600000 -6.3733459866206071e-04 
140.800000 -6.3733460307631440e-04 
141.000000 -6.3733460732075947e-04 
141.200000 -6.3733461139959396e-04 
141.400000 -6.3733461532119312e-04 
141.600000 -6.3733461909881717e-04 
141.800000 -6.3733462271810953e-04 
142.000000 -6.3733462619743053e-04 
142.200000 -6.3733462954412845e-04 
142.400000 -6.3733463275805757e-04 
142.600000 -6.3733463584185468e-04 
142.800000 -6.3733463880396440e-04 
143.000000 -6.3733464164442144e-04 
143.200000 -6.3733464437927545e-04 
143.400000 -6.3733464699306658e-04 
143.600000 -6.3733464950267021e-04 
143.800000 -6.3733465191207622e-04 
144.000000 -6.3733465422191604e-04 
144.200000 -6.3733465643064924e-04 
144.400000 -6.3733465855235483e-04 
144.600000 -6.3733466058540911e-04 
144.800000 -6.3733466253119292e-04 
145.000000 -6.3733466439287040e-04 
145.200000 -6.3733466616895662e-04 
145.400000 -6.3733466787120607e-04 
145.600000 -6.3733466949272843e-04 
145.800000 -6.3733467104854641e-04 
146.000000 -6.3733467253615506e-04 
146.200000 -6.3733467394944815e-04 
146.400000 -6.3733467530796561e-04 
146.600000 -6.3733467659975868e-04 
146.800000 -6.3733467782819964e-04 
147.000000 -6.3733467899740326e-04 
147.200000 -6.3733468009381095e-04 
147.400000 -6.3733468114004349e-04 
147.600000 -6.3733468211769895e-04 
147.800000 -6.3733468303920487e-04 
148.000000 -6.3733468391617004e-04 
148.200000 -6.3733468475430516e-04 
148.400000 -6.3733468559430684e-04 
148.600000 -6.3733468637661161e-04 
148.800000 -6.3733468707869584e-04 
149.000000 -6.3733468771354912e-04 
149.200000 -6.3733468829387657e-04 
149.400000 -6.3733468882307132e-04 
149.600000 -6.3733468930109172e-04 
149.800000 -6.3733468973871388e-04 
