0.000000 3.8039439875687205e-03 
0.200000 3.8039668329595661e-03 
0.400000 3.8041709286541297e-03 
0.600000 3.8048129999158965e-03 
0.800000 3.8061196459764856e-03 
1.000000 3.8082920254745357e-03 
1.200000 3.8115052950255762e-03 
1.400000 3.8159171657921294e-03 
1.600000 3.8216677344148297e-03 
1.800000 3.8288822401760774e-03 
2.000000 3.8376799959389690e-03 
2.200000 3.8481690008107606e-03 
2.400000 3.8604511935150694e-03 
2.600000 3.8746221237474861e-03 
2.800000 3.8907719181984126e-03 
3.000000 3.9089869315630408e-03 
3.200000 3.9293494567253810e-03 
3.400000 3.9519412603113918e-03 
3.600000 3.9768463313674075e-03 
3.800000 4.0041423977738005e-03 
4.000000 4.0339074758049022e-03 
4.200000 4.0662197303448474e-03 
4.400000 4.1011586291600450e-03 
4.600000 4.1388056386426706e-03 
4.800000 4.1792441597643002e-03 
5.000000 4.2225613236740178e-03 
5.200000 4.2688477177147011e-03 
5.400000 4.3181981465306250e-03 
5.600000 4.3707121282789245e-03 
5.800000 4.4264938749799176e-03 
6.000000 4.4856534532779812e-03 
6.200000 4.5483067679014761e-03 
6.400000 4.6145761694777248e-03 
6.600000 4.6845907530187764e-03 
6.800000 4.7584866606650844e-03 
7.000000 4.8364080316755445e-03 
7.200000 4.9185074237375614e-03 
7.400000 5.0049463011648419e-03 
7.600000 5.0958958614358884e-03 
7.800000 5.1915374320947597e-03 
8.000000 5.2920633744293413e-03 
8.200000 5.3976777129819296e-03 
8.400000 5.5085968139402548e-03 
8.600000 5.6250502926422415e-03 
8.800000 5.7472817112465642e-03 
9.000000 5.8755495930701562e-03 
9.200000 6.0101283263314731e-03 
9.400000 6.1513091394585218e-03 
9.600000 6.2994012586140924e-03 
9.800000 6.4547329881173548e-03 
10.000000 6.6176530122530174e-03 
10.200000 6.7885316789924937e-03 
10.400000 6.9677623854544233e-03 
10.600000 7.1557631314688695e-03 
10.800000 7.3529781020034556e-03 
11.000000 7.5598793943831609e-03 
11.200000 7.7769688465370926e-03 
11.400000 8.0047799745675500e-03 
11.600000 8.2438800772939146e-03 
11.800000 8.4948724378158622e-03 
12.000000 8.7583986898062630e-03 
12.200000 9.0351413334952644e-03 
12.400000 9.3258264052366001e-03 
12.600000 9.6312263401314799e-03 
12.800000 9.9521629938432114e-03 
13.000000 1.0289510863390286e-02 
13.200000 1.0644200504593717e-02 
13.400000 1.1017222150400784e-02 
13.600000 1.1409629555688390e-02 
13.800000 1.1822544054141288e-02 
14.000000 1.2257158843792301e-02 
14.200000 1.2714743514042399e-02 
14.400000 1.3196648802888761e-02 
14.600000 1.3704311605753187e-02 
14.800000 1.4239260222781753e-02 
15.000000 1.4803119849401782e-02 
15.200000 1.5397618310415919e-02 
15.400000 1.6024592021992936e-02 
15.600000 1.6685992180690359e-02 
15.800000 1.7383891156168264e-02 
16.000000 1.8120489069856395e-02 
16.200000 1.8898120534672384e-02 
16.400000 1.9719261516877671e-02 
16.600000 2.0586536283276797e-02 
16.800000 2.1502724377838317e-02 
17.000000 2.2470767567517237e-02 
17.200000 2.3493776685163174e-02 
17.400000 2.4575038280482943e-02 
17.600000 2.5718020980449983e-02 
17.800000 2.6926381442465591e-02 
18.000000 2.8203969767455796e-02 
18.200000 2.9554834223554139e-02 
18.400000 3.0983225109734478e-02 
18.600000 3.2493597571790427e-02 
18.800000 3.4090613161829070e-02 
19.000000 3.5779139912677504e-02 
19.200000 3.7564250680177394e-02 
19.400000 3.9451219486760128e-02 
19.600000 4.1445515584890076e-02 
19.800000 4.3552794945080568e-02 
20.000000 4.5778888863865309e-02 
20.200000 4.8129789383502729e-02 
20.400000 5.0611631216626048e-02 
20.600000 5.3230669879628760e-02 
20.800000 5.5993255757809786e-02 
21.000000 5.8905803854622081e-02 
21.200000 6.1974759019806439e-02 
21.400000 6.5206556505463850e-02 
21.600000 6.8607577768394712e-02 
21.800000 7.2184101520716623e-02 
22.000000 7.5942250128968283e-02 
22.200000 7.9887931575222129e-02 
22.400000 8.4026777319687870e-02 
22.600000 8.8364076542303938e-02 
22.800000 9.2904707387574920e-02 
23.000000 9.7653065988806964e-02 
23.200000 1.0261299420106798e-01 
23.400000 1.0778770712056916e-01 
23.600000 1.1317972160634560e-01 
23.800000 1.1879078714111721e-01 
24.000000 1.2462182046501541e-01 
24.200000 1.3067284548158575e-01 
24.400000 1.3694293996321580e-01 
24.600000 1.4343019056692324e-01 
24.800000 1.5013165760657107e-01 
25.000000 1.5704335091081179e-01 
25.200000 1.6416021792655736e-01 
25.400000 1.7147614500694078e-01 
25.600000 1.7898397255470472e-01 
25.800000 1.8667552438386922e-01 
26.000000 1.9454165132373702e-01 
26.200000 2.0257228873195107e-01 
26.400000 2.1075652722085125e-01 
26.600000 2.1908269554866305e-01 
26.800000 2.2753845429880143e-01 
27.000000 2.3611089868101295e-01 
27.200000 2.4478666854965092e-01 
27.400000 2.5355206355713705e-01 
27.600000 2.6239316125158146e-01 
27.800000 2.7129593589013656e-01 
28.000000 2.8024637577378675e-01 
28.200000 2.8923059701136100e-01 
28.400000 2.9823495178380227e-01 
28.600000 3.0724612939485246e-01 
28.800000 3.1625124865006543e-01 
29.000000 3.2523794039025644e-01 
29.200000 3.3419441930534705e-01 
29.400000 3.4310954445810476e-01 
29.600000 3.5197286824305835e-01 
29.800000 3.6077467378426253e-01 
30.000000 3.6950600102874120e-01 
30.200000 3.7815866201415765e-01 
30.400000 3.8672524597579572e-01 
30.600000 3.9519911510707734e-01 
30.800000 4.0357439189927236e-01 
31.000000 4.1184593906099548e-01 
31.200000 4.2000933305882193e-01 
31.400000 4.2806083233020131e-01 
31.600000 4.3599734120281169e-01 
31.800000 4.4381637051474143e-01 
32.000000 4.5151599587193586e-01 
32.200000 4.5909481440749239e-01 
32.400000 4.6655190082579767e-01 
32.600000 4.7388676342682523e-01 
32.800000 4.8109930071557483e-01 
33.000000 4.8818975911136420e-01 
33.200000 4.9515869218387532e-01 
33.400000 5.0200692175928652e-01 
33.600000 5.0873550116187194e-01 
33.800000 5.1534568078513388e-01 
34.000000 5.2183887612230828e-01 
34.200000 5.2821663832940102e-01 
34.400000 5.3448062734463619e-01 
34.600000 5.4063258754621357e-01 
34.800000 5.4667432589528353e-01 
35.000000 5.5260769248248565e-01 
35.200000 5.5843456337386810e-01 
35.400000 5.6415682563476632e-01 
35.600000 5.6977636439791757e-01 
35.800000 5.7529505183376861e-01 
36.000000 5.8071473787648997e-01 
36.200000 5.8603724255753198e-01 
36.400000 5.9126434979973030e-01 
36.600000 5.9639780252794283e-01 
36.800000 6.0143929895717330e-01 
37.000000 6.0639048992492894e-01 
37.200000 6.1125297714188964e-01 
37.400000 6.1602831224245647e-01 
37.600000 6.2071799652498816e-01 
37.800000 6.2532348127990001e-01 
38.000000 6.2984616861223508e-01 
38.200000 6.3428741267363076e-01 
38.400000 6.3864852122677906e-01 
38.600000 6.4293075747336559e-01 
38.800000 6.4713534208393320e-01 
39.000000 6.5126345537523356e-01 
39.200000 6.5531623958728946e-01 
39.400000 6.5929480121859652e-01 
39.600000 6.6320021338355528e-01 
39.800000 6.6703351816159751e-01 
40.000000 6.7079572891208950e-01 
40.200000 6.7448783253357014e-01 
40.400000 6.7811079164972798e-01 
40.600000 6.8166554670796531e-01 
40.800000 6.8515301797957717e-01 
41.000000 6.8857410745326397e-01 
41.200000 6.9192970061606773e-01 
41.400000 6.9522066811798144e-01 
41.600000 6.9844786731821562e-01 
41.800000 7.0161214371269254e-01 
42.000000 7.0471433224360680e-01 
42.200000 7.0775525849305665e-01 
42.400000 7.1073573976356696e-01 
42.600000 7.1365658604912863e-01 
42.800000 7.1651860090098807e-01 
43.000000 7.1932258219276890e-01 
43.200000 7.2206932279000891e-01 
43.400000 7.2475961112927889e-01 
43.600000 7.2739423171234152e-01 
43.800000 7.2997396552077354e-01 
44.000000 7.3249959035657974e-01 
44.200000 7.3497188111422085e-01 
44.400000 7.3739160998945208e-01 
44.600000 7.3975954663017318e-01 
44.800000 7.4207645823442836e-01 
45.000000 7.4434310960041583e-01 
45.200000 7.4656026313327450e-01 
45.400000 7.4872867881306970e-01 
45.600000 7.5084911412837829e-01 
45.800000 7.5292232397937808e-01 
46.000000 7.5494906055437550e-01 
46.200000 7.5693007318329075e-01 
46.400000 7.5886610817147127e-01 
46.600000 7.6075790861694526e-01 
46.800000 7.6260621421402441e-01 
47.000000 7.6441176104591579e-01 
47.200000 7.6617528136881019e-01 
47.400000 7.6789750338971141e-01 
47.600000 7.6957915104008801e-01 
47.800000 7.7122094374716155e-01 
48.000000 7.7282359620463226e-01 
48.200000 7.7438781814425584e-01 
48.400000 7.7591431410975176e-01 
48.600000 7.7740378323418369e-01 
48.800000 7.7885691902193976e-01 
49.000000 7.8027440913624246e-01 
49.200000 7.8165693519302204e-01 
49.400000 7.8300517256187485e-01 
49.600000 7.8431979017468811e-01 
49.800000 7.8560145034248596e-01 
50.000000 7.8685080858087197e-01 
50.200000 7.8806851344444528e-01 
50.400000 7.8925520637041902e-01 
50.600000 7.9041152153167316e-01 
50.800000 7.9153808569933981e-01 
51.000000 7.9263551811502031e-01 
51.200000 7.9370443037264793e-01 
51.400000 7.9474542630997835e-01 
51.600000 7.9575910190964516e-01 
51.800000 7.9674604520968673e-01 
52.000000 7.9770683622340688e-01 
52.200000 7.9864204686841411e-01 
52.400000 7.9955224090466337e-01 
52.600000 8.0043797388128768e-01 
52.800000 8.0129979309199706e-01 
53.000000 8.0213823753882019e-01 
53.200000 8.0295383790391095e-01 
53.400000 8.0374711652921838e-01 
53.600000 8.0451858740365911e-01 
53.800000 8.0526875615762572e-01 
54.000000 8.0599812006445115e-01 
54.200000 8.0670716804863041e-01 
54.400000 8.0739638070047548e-01 
54.600000 8.0806623029690516e-01 
54.800000 8.0871718082814170e-01 
55.000000 8.0934968802999108e-01 
55.200000 8.0996419942143383e-01 
55.400000 8.1056115434728560e-01 
55.600000 8.1114098402563051e-01 
55.800000 8.1170411159975775e-01 
56.000000 8.1225095219437982e-01 
56.200000 8.1278191297585989e-01 
56.400000 8.1329739321618000e-01 
56.600000 8.1379778436046946e-01 
56.800000 8.1428347009779423e-01 
57.000000 8.1475482643505504e-01 
57.200000 8.1521222177370001e-01 
57.400000 8.1565601698911128e-01 
57.600000 8.1608656551241188e-01 
57.800000 8.1650421341453239e-01 
58.000000 8.1690929949232405e-01 
58.200000 8.1730215535655393e-01 
58.400000 8.1768310552159340e-01 
58.600000 8.1805246749665095e-01 
58.800000 8.1841055187837763e-01 
59.000000 8.1875766244467996e-01 
59.200000 8.1909409624962370e-01 
59.400000 8.1942014371926830e-01 
59.600000 8.1973608874829285e-01 
59.800000 8.2004220879730461e-01 
60.000000 8.2033877499068664e-01 
60.200000 8.2062605221489571e-01 
60.400000 8.2090429921707020e-01 
60.600000 8.2117376870386782e-01 
60.800000 8.2143470744042713e-01 
61.000000 8.2168735634933465e-01 
61.200000 8.2193195060955315e-01 
61.400000 8.2216871975520445e-01 
61.600000 8.2239788777408884e-01 
61.800000 8.2261967320595564e-01 
62.000000 8.2283428924035995e-01 
62.200000 8.2304194381408302e-01 
62.400000 8.2324283970808199e-01 
62.600000 8.2343717464383981e-01 
62.800000 8.2362514137910625e-01 
63.000000 8.2380692780298781e-01 
63.200000 8.2398271703029513e-01 
63.400000 8.2415268749514115e-01 
63.600000 8.2431701304372607e-01 
63.800000 8.2447586302628184e-01 
64.000000 8.2462940238812477e-01 
64.200000 8.2477779175981225e-01 
64.400000 8.2492118754631683e-01 
64.600000 8.2505974201526722e-01 
64.800000 8.2519360338415304e-01 
65.000000 8.2532291590651385e-01 
65.200000 8.2544781995709238e-01 
65.400000 8.2556845211589402e-01 
65.600000 8.2568494525118330e-01 
65.800000 8.2579742860136551e-01 
66.000000 8.2590602785574474e-01 
66.200000 8.2601086523418266e-01 
66.400000 8.2611205956557321e-01 
66.600000 8.2620972636520951e-01 
66.800000 8.2630397791096233e-01 
67.000000 8.2639492331831155e-01 
67.200000 8.2648266861420616e-01 
67.400000 8.2656731680973949e-01 
67.600000 8.2664896797167320e-01 
67.800000 8.2672771929275257e-01 
68.000000 8.2680366516086923e-01 
68.200000 8.2687689722703639e-01 
68.400000 8.2694750447218790e-01 
68.600000 8.2701557327280983e-01 
68.800000 8.2708118746538672e-01 
69.000000 8.2714442840971170e-01 
69.200000 8.2720537505100444e-01 
69.400000 8.2726410398089334e-01 
69.600000 8.2732068949723725e-01 
69.800000 8.2737520366282868e-01 
70.000000 8.2742771636291712e-01 
70.200000 8.2747829536167372e-01 
70.400000 8.2752700635746812e-01 
70.600000 8.2757391303708949e-01 
70.800000 8.2761907712884630e-01 
71.000000 8.2766255845459336e-01 
71.200000 8.2770441498065517e-01 
71.400000 8.2774470286771273e-01 
71.600000 8.2778347651963102e-01 
71.800000 8.2782078863122277e-01 
72.000000 8.2785669023500297e-01 
72.200000 8.2789123074692195e-01 
72.400000 8.2792445801108294e-01 
72.600000 8.2795641834347311e-01 
72.800000 8.2798715657472455e-01 
73.000000 8.2801671609188099e-01 
73.200000 8.2804513887924458e-01 
73.400000 8.2807246555825853e-01 
73.600000 8.2809873542647072e-01 
73.800000 8.2812398649558949e-01 
74.000000 8.2814825552864035e-01 
74.200000 8.2817157807622699e-01 
74.400000 8.2819398851193571e-01 
74.600000 8.2821552006687427e-01 
74.800000 8.2823620486337401e-01 
75.000000 8.2825607394785683e-01 
75.200000 8.2827515732289891e-01 
75.400000 8.2829348397848201e-01 
75.600000 8.2831108192246083e-01 
75.800000 8.2832797821027981e-01 
76.000000 8.2834419897388367e-01 
76.200000 8.2835976944995271e-01 
76.400000 8.2837471400733986e-01 
76.600000 8.2838905617383851e-01 
76.800000 8.2840281866222254e-01 
77.000000 8.2841602339562181e-01 
77.200000 8.2842869153218968e-01 
77.400000 8.2844084348914959e-01 
77.600000 8.2845249896615525e-01 
77.800000 8.2846367696804368e-01 
78.000000 8.2847439582695570e-01 
78.200000 8.2848467322384944e-01 
78.400000 8.2849452620941566e-01 
78.600000 8.2850397122442476e-01 
78.800000 8.2851302411948591e-01 
79.000000 8.2852170017425297e-01 
79.200000 8.2853001411610794e-01 
79.400000 8.2853798013827551e-01 
79.600000 8.2854561191744169e-01 
79.800000 8.2855292263087099e-01 
80.000000 8.2855992497298925e-01 
80.200000 8.2856663117153384e-01 
80.400000 8.2857305300319262e-01 
80.600000 8.2857920180878053e-01 
80.800000 8.2858508850799939e-01 
81.000000 8.2859072361371711e-01 
81.200000 8.2859611724584015e-01 
81.400000 8.2860127914476800e-01 
81.600000 8.2860621868443241e-01 
81.800000 8.2861094488492926e-01 
82.000000 8.2861546642479034e-01 
82.200000 8.2861979165285049e-01 
82.400000 8.2862392859976142e-01 
82.600000 8.2862788498913986e-01 
82.800000 8.2863166824837331e-01 
83.000000 8.2863528551907317e-01 
83.200000 8.2863874366721135e-01 
83.400000 8.2864204929293062e-01 
83.600000 8.2864520874004577e-01 
83.800000 8.2864822810520899e-01 
84.000000 8.2865111324683183e-01 
84.200000 8.2865386979368016e-01 
84.400000 8.2865650315319594e-01 
84.600000 8.2865901851955581e-01 
84.800000 8.2866142088145611e-01 
85.000000 8.2866371502964653e-01 
85.200000 8.2866590556420550e-01 
85.400000 8.2866799690158854e-01 
85.600000 8.2866999328142432e-01 
85.800000 8.2867189877308156e-01 
86.000000 8.2867371728203820e-01 
86.200000 8.2867545255600339e-01 
86.400000 8.2867710819084273e-01 
86.600000 8.2867868763631958e-01 
86.800000 8.2868019420160088e-01 
87.000000 8.2868163106061021e-01 
87.200000 8.2868300125716587e-01 
87.400000 8.2868430770996104e-01 
87.600000 8.2868555321736093e-01 
87.800000 8.2868674046202506e-01 
88.000000 8.2868787201538363e-01 
88.200000 8.2868895034193601e-01 
88.400000 8.2868997780341203e-01 
88.600000 8.2869095666277304e-01 
88.800000 8.2869188908807934e-01 
89.000000 8.2869277715621115e-01 
89.200000 8.2869362285645665e-01 
89.400000 8.2869442809397242e-01 
89.600000 8.2869519469311281e-01 
89.800000 8.2869592440064721e-01 
90.000000 8.2869661888885660e-01 
90.200000 8.2869727975849206e-01 
90.400000 8.2869790854166536e-01 
90.600000 8.2869850670460143e-01 
90.800000 8.2869907565030454e-01 
91.000000 8.2869961672110570e-01 
91.200000 8.2870013120114350e-01 
91.400000 8.2870062031872027e-01 
91.600000 8.2870108524858765e-01 
91.800000 8.2870152711415190e-01 
92.000000 8.2870194698956290e-01 
92.200000 8.2870234590177105e-01 
92.400000 8.2870272483245722e-01 
92.600000 8.2870308471992427e-01 
92.800000 8.2870342646089334e-01 
93.000000 8.2870375091224602e-01 
93.200000 8.2870405889268539e-01 
93.400000 8.2870435118433972e-01 
93.600000 8.2870462853430782e-01 
93.800000 8.2870489165612793e-01 
94.000000 8.2870514123120453e-01 
94.200000 8.2870537791017518e-01 
94.400000 8.2870560231421186e-01 
94.600000 8.2870581503628327e-01 
94.800000 8.2870601664237209e-01 
95.000000 8.2870620767261804e-01 
95.200000 8.2870638864244095e-01 
95.400000 8.2870656004360410e-01 
95.600000 8.2870672234524001e-01 
95.800000 8.2870687599483461e-01 
96.000000 8.2870702141916830e-01 
96.200000 8.2870715902522218e-01 
96.400000 8.2870728920104220e-01 
96.600000 8.2870741231657141e-01 
96.800000 8.2870752872444964e-01 
97.000000 8.2870763876077558e-01 
97.200000 8.2870774274583869e-01 
97.400000 8.2870784098482098e-01 
97.600000 8.2870793376847740e-01 
97.800000 8.2870802137376220e-01 
98.000000 8.2870810406446827e-01 
98.200000 8.2870818209180019e-01 
98.400000 8.2870825569495077e-01 
98.600000 8.2870832510164538e-01 
98.800000 8.2870839052864698e-01 
99.000000 8.2870845218226863e-01 
99.200000 8.2870851025884185e-01 
99.400000 8.2870856494517131e-01 
99.600000 8.2870861641897731e-01 
99.800000 8.2870866484930583e-01 
100.000000 8.2870871039692762e-01 
100.200000 8.2870875321472537e-01 
100.400000 8.2870879344804815e-01 
100.600000 8.2870883123507966e-01 
100.800000 8.2870886670714650e-01 
101.000000 8.2870889998906117e-01 
101.200000 8.2870893119940936e-01 
101.400000 8.2870896045085096e-01 
101.600000 8.2870898785039993e-01 
101.800000 8.2870901349968196e-01 
102.000000 8.2870903749519687e-01 
102.200000 8.2870905992855703e-01 
102.400000 8.2870908088672557e-01 
102.600000 8.2870910045222845e-01 
102.800000 8.2870911870337693e-01 
103.000000 8.2870913571446303e-01 
103.200000 8.2870915155595060e-01 
103.400000 8.2870916629466984e-01 
103.600000 8.2870917999398130e-01 
103.800000 8.2870919271395227e-01 
104.000000 8.2870920451151253e-01 
104.200000 8.2870921544060805e-01 
104.400000 8.2870922555235182e-01 
104.600000 8.2870923489515080e-01 
104.800000 8.2870924351485387e-01 
105.000000 8.2870925145486662e-01 
105.200000 8.2870925875627577e-01 
105.400000 8.2870926545796508e-01 
105.600000 8.2870927159672725e-01 
105.800000 8.2870927720736387e-01 
106.000000 8.2870928232278451e-01 
106.200000 8.2870928697410362e-01 
106.400000 8.2870929119073655e-01 
106.600000 8.2870929500047352e-01 
106.800000 8.2870929842957497e-01 
107.000000 8.2870930150283628e-01 
107.200000 8.2870930424367273e-01 
107.400000 8.2870930667418707e-01 
107.600000 8.2870930881523308e-01 
107.800000 8.2870931068648468e-01 
108.000000 8.2870931230649547e-01 
108.200000 8.2870931369276191e-01 
108.400000 8.2870931486175992e-01 
108.600000 8.2870931582902496e-01 
108.800000 8.2870931660917913e-01 
109.000000 8.2870931721599284e-01 
109.200000 8.2870931766241906e-01 
109.400000 8.2870931796064828e-01 
109.600000 8.2870931812214121e-01 
109.800000 8.2870931815766613e-01 
110.000000 8.2870931807733850e-01 
110.200000 8.2870931789066837e-01 
110.400000 8.2870931760656841e-01 
110.600000 8.2870931723340613e-01 
110.800000 8.2870931677902537e-01 
111.000000 8.2870931625077748e-01 
111.200000 8.2870931565554573e-01 
111.400000 8.2870931499977774e-01 
111.600000 8.2870931428949535e-01 
111.800000 8.2870931353033750e-01 
112.000000 8.2870931272756909e-01 
112.200000 8.2870931188610109e-01 
112.400000 8.2870931101051792e-01 
112.600000 8.2870931010509119e-01 
112.800000 8.2870930917380092e-01 
113.000000 8.2870930822034605e-01 
113.200000 8.2870930724816794e-01 
113.400000 8.2870930626046224e-01 
113.600000 8.2870930526018838e-01 
113.800000 8.2870930425009626e-01 
114.000000 8.2870930323272074e-01 
114.200000 8.2870930221041195e-01 
114.400000 8.2870930118533515e-01 
114.600000 8.2870930015948852e-01 
114.800000 8.2870929913470237e-01 
115.000000 8.2870929811266725e-01 
115.200000 8.2870929709492436e-01 
115.400000 8.2870929608288457e-01 
115.600000 8.2870929507783841e-01 
115.800000 8.2870929408095728e-01 
116.000000 8.2870929309330232e-01 
116.200000 8.2870929211583588e-01 
116.400000 8.2870929114942471e-01 
116.600000 8.2870929019484119e-01 
116.800000 8.2870928925278153e-01 
117.000000 8.2870928832386037e-01 
117.200000 8.2870928740862226e-01 
117.400000 8.2870928650754183e-01 
117.600000 8.2870928562103230e-01 
117.800000 8.2870928474944716e-01 
118.000000 8.2870928389308696e-01 
118.200000 8.2870928305220182e-01 
118.400000 8.2870928222699303e-01 
118.600000 8.2870928141761835e-01 
118.800000 8.2870928062419758e-01 
119.000000 8.2870927984681386e-01 
119.200000 8.2870927908551395e-01 
119.400000 8.2870927834031372e-01 
119.600000 8.2870927761120083e-01 
119.800000 8.2870927689813434e-01 
120.000000 8.2870927620104995e-01 
120.200000 8.2870927551986306e-01 
120.400000 8.2870927485446511e-01 
120.600000 8.2870927420472962e-01 
120.800000 8.2870927357051494e-01 
121.000000 8.2870927295166497e-01 
121.200000 8.2870927234800529e-01 
121.400000 8.2870927175935494e-01 
121.600000 8.2870927118552151e-01 
121.800000 8.2870927062629463e-01 
122.000000 8.2870927008146433e-01 
122.200000 8.2870926955081048e-01 
122.400000 8.2870926903410169e-01 
122.600000 8.2870926853111204e-01 
122.800000 8.2870926804159761e-01 
123.000000 8.2870926756531937e-01 
123.200000 8.2870926710203230e-01 
123.400000 8.2870926665148970e-01 
123.600000 8.2870926621343766e-01 
123.800000 8.2870926578762993e-01 
124.000000 8.2870926537381329e-01 
124.200000 8.2870926497173647e-01 
124.400000 8.2870926458114347e-01 
124.600000 8.2870926420178848e-01 
124.800000 8.2870926383341825e-01 
125.000000 8.2870926347578611e-01 
125.200000 8.2870926312863824e-01 
125.400000 8.2870926279173729e-01 
125.600000 8.2870926246483334e-01 
125.800000 8.2870926214769047e-01 
126.000000 8.2870926184006610e-01 
126.200000 8.2870926154172631e-01 
126.400000 8.2870926125244126e-01 
126.600000 8.2870926097197906e-01 
126.800000 8.2870926070011419e-01 
127.000000 8.2870926043662319e-01 
127.200000 8.2870926018128865e-01 
127.400000 8.2870925993389200e-01 
127.600000 8.2870925969422582e-01 
127.800000 8.2870925946208196e-01 
128.000000 8.2870925923725414e-01 
128.200000 8.2870925901954184e-01 
128.400000 8.2870925880874891e-01 
128.600000 8.2870925860468503e-01 
128.800000 8.2870925840716014e-01 
129.000000 8.2870925821598806e-01 
129.200000 8.2870925803099349e-01 
129.400000 8.2870925785199601e-01 
129.600000 8.2870925767882020e-01 
129.800000 8.2870925751130020e-01 
130.000000 8.2870925734927303e-01 
130.200000 8.2870925719257349e-01 
130.400000 8.2870925704104570e-01 
130.600000 8.2870925689453701e-01 
130.800000 8.2870925675289842e-01 
131.000000 8.2870925661598305e-01 
131.200000 8.2870925648364469e-01 
131.400000 8.2870925635574799e-01 
131.600000 8.2870925623215852e-01 
131.800000 8.2870925611274171e-01 
132.000000 8.2870925599736922e-01 
132.200000 8.2870925588591760e-01 
132.400000 8.2870925577826471e-01 
132.600000 8.2870925567429110e-01 
132.800000 8.2870925557388175e-01 
133.000000 8.2870925547692431e-01 
133.200000 8.2870925538331242e-01 
133.400000 8.2870925529293549e-01 
133.600000 8.2870925520569294e-01 
133.800000 8.2870925512148430e-01 
134.000000 8.2870925504021353e-01 
134.200000 8.2870925496178038e-01 
134.400000 8.2870925488610070e-01 
134.600000 8.2870925481308011e-01 
134.800000 8.2870925474263601e-01 
135.000000 8.2870925467467904e-01 
135.200000 8.2870925460913281e-01 
135.400000 8.2870925454591482e-01 
135.600000 8.2870925448494936e-01 
135.800000 8.2870925442616006e-01 
136.000000 8.2870925436947840e-01 
136.200000 8.2870925431483100e-01 
136.400000 8.2870925426215136e-01 
136.600000 8.2870925421137309e-01 
136.800000 8.2870925416243368e-01 
137.000000 8.2870925411526764e-01 
137.200000 8.2870925406981844e-01 
137.400000 8.2870925402602935e-01 
137.600000 8.2870925398384032e-01 
137.800000 8.2870925394319772e-01 
138.000000 8.2870925390404870e-01 
138.200000 8.2870925386634364e-01 
138.400000 8.2870925383003080e-01 
138.600000 8.2870925379506577e-01 
138.800000 8.2870925376139981e-01 
139.000000 8.2870925372898852e-01 
139.200000 8.2870925369778825e-01 
139.400000 8.2870925366775794e-01 
139.600000 8.2870925363885650e-01 
139.800000 8.2870925361104464e-01 
140.000000 8.2870925358428460e-01 
140.200000 8.2870925355853786e-01 
140.400000 8.2870925353377300e-01 
140.600000 8.2870925350995173e-01 
140.800000 8.2870925348704283e-01 
141.000000 8.2870925346501545e-01 
141.200000 8.2870925344383606e-01 
141.400000 8.2870925342347723e-01 
141.600000 8.2870925340390822e-01 
141.800000 8.2870925338510470e-01 
142.000000 8.2870925336703605e-01 
142.200000 8.2870925334967716e-01 
142.400000 8.2870925333300294e-01 
142.600000 8.2870925331698997e-01 
142.800000 8.2870925330161593e-01 
143.000000 8.2870925328685652e-01 
143.200000 8.2870925327269240e-01 
143.400000 8.2870925325909983e-01 
143.600000 8.2870925324605993e-01 
143.800000 8.2870925323355682e-01 
144.000000 8.2870925322156608e-01 
144.200000 8.2870925321007249e-01 
144.400000 8.2870925319905953e-01 
144.600000 8.2870925318850974e-01 
144.800000 8.2870925317840671e-01 
145.000000 8.2870925316873500e-01 
145.200000 8.2870925315948329e-01 
145.400000 8.2870925315063337e-01 
145.600000 8.2870925314217381e-01 
145.800000 8.2870925313408916e-01 
146.000000 8.2870925312637078e-01 
146.200000 8.2870925311900401e-01 
146.400000 8.2870925311197585e-01 
146.600000 8.2870925310527521e-01 
146.800000 8.2870925309889298e-01 
147.000000 8.2870925309281573e-01 
147.200000 8.2870925308703736e-01 
147.400000 8.2870925308155241e-01 
147.600000 8.2870925307635157e-01 
147.800000 8.2870925307142751e-01 
148.000000 8.2870925306677012e-01 
148.200000 8.2870925306237120e-01 
148.400000 8.2870925305822019e-01 
148.600000 8.2870925305431209e-01 
148.800000 8.2870925305063559e-01 
149.000000 8.2870925304718002e-01 
149.200000 8.2870925304394216e-01 
149.400000 8.2870925304090992e-01 
149.600000 8.2870925303807774e-01 
149.800000 8.2870925303543652e-01 
