0.000000 3.8085561444928819e-03 
0.200000 3.8085653075753895e-03 
0.400000 3.8087251443602648e-03 
0.600000 3.8092953198060045e-03 
0.800000 3.8105063353632077e-03 
1.000000 3.8125588455886054e-03 
1.200000 3.8156334966785057e-03 
1.400000 3.8198907210006770e-03 
1.600000 3.8254702605510548e-03 
1.800000 3.8324985903537162e-03 
2.000000 3.8410963516732313e-03 
2.200000 3.8513743603879377e-03 
2.400000 3.8634354847635606e-03 
2.600000 3.8773746701905747e-03 
2.800000 3.8932829162483572e-03 
3.000000 3.9112470642106763e-03 
3.200000 3.9313498633766781e-03 
3.400000 3.9536729496910377e-03 
3.600000 3.9783008703157168e-03 
3.800000 4.0053120271834807e-03 
4.000000 4.0347841908904124e-03 
4.200000 4.0667957404435353e-03 
4.400000 4.1014257793196528e-03 
4.600000 4.1387552932867751e-03 
4.800000 4.1788680747205341e-03 
5.000000 4.2218506624288003e-03 
5.200000 4.2677931978341958e-03 
5.400000 4.3167902283129311e-03 
5.600000 4.3689404271459124e-03 
5.800000 4.4243478012185285e-03 
6.000000 4.4831218515097799e-03 
6.200000 4.5453776995740330e-03 
6.400000 4.6112369660707862e-03 
6.600000 4.6808279939936108e-03 
6.800000 4.7542862895122110e-03 
7.000000 4.8317550893401682e-03 
7.200000 4.9133859561680416e-03 
7.400000 4.9993393537106886e-03 
7.600000 5.0897854117435805e-03 
7.800000 5.1849044568983930e-03 
8.000000 5.2848875740119337e-03 
8.200000 5.3899374788657951e-03 
8.400000 5.5002691879003371e-03 
8.600000 5.6161107929597713e-03 
8.800000 5.7377043489904977e-03 
9.000000 5.8653067162712947e-03 
9.200000 5.9991904904840880e-03 
9.400000 6.1396450430350712e-03 
9.600000 6.2869775766178004e-03 
9.800000 6.4415142873401722e-03 
10.000000 6.6036015698945696e-03 
10.200000 6.7736073443726650e-03 
10.400000 6.9519224369843820e-03 
10.600000 7.1389620820653662e-03 
10.800000 7.3351675222390143e-03 
11.000000 7.5410077057861602e-03 
11.200000 7.7569811131723105e-03 
11.400000 7.9836176874108020e-03 
11.600000 8.2214809120054050e-03 
11.800000 8.4711699992219263e-03 
12.000000 8.7333222372512672e-03 
12.200000 9.0086154958335021e-03 
12.400000 9.2977708764832613e-03 
12.600000 9.6015555438011529e-03 
12.800000 9.9207857361031174e-03 
13.000000 1.0256329960191464e-02 
13.200000 1.0609112387705677e-02 
13.400000 1.0980116450091127e-02 
13.600000 1.1370388653675831e-02 
13.800000 1.1781042611967274e-02 
14.000000 1.2213263308357931e-02 
14.200000 1.2668311589928214e-02 
14.400000 1.3147528903010101e-02 
14.600000 1.3652342268298135e-02 
14.800000 1.4184269498677205e-02 
15.000000 1.4744924663950587e-02 
15.200000 1.5336023794326881e-02 
15.400000 1.5959390815345042e-02 
15.600000 1.6616963708958436e-02 
15.800000 1.7310800882114508e-02 
16.000000 1.8043087722810172e-02 
16.200000 1.8816143320351229e-02 
16.400000 1.9632427409514475e-02 
16.600000 2.0494547055276643e-02 
16.800000 2.1405263818789166e-02 
17.000000 2.2367500666200784e-02 
17.200000 2.3384348821188294e-02 
17.400000 2.4459074437571535e-02 
17.600000 2.5595124991092011e-02 
17.800000 2.6796135278609957e-02 
18.000000 2.8065932892617527e-02 
18.200000 2.9408543022515145e-02 
18.400000 3.0828192417387202e-02 
18.600000 3.2329312322525346e-02 
18.800000 3.3916540183640091e-02 
19.000000 3.5594719893023000e-02 
19.200000 3.7368900331310670e-02 
19.400000 3.9244331944670072e-02 
19.600000 4.1226461071717339e-02 
19.800000 4.3320921727994434e-02 
20.000000 4.5533524549755171e-02 
20.200000 4.7870242579703397e-02 
20.400000 5.0337193597392978e-02 
20.600000 5.2940618691674192e-02 
20.800000 5.5686856796254465e-02 
21.000000 5.8582314937875656e-02 
21.200000 6.1633433986286325e-02 
21.400000 6.4846649748920682e-02 
21.600000 6.8228349320346743e-02 
21.800000 7.1784822678607266e-02 
22.000000 7.5522209617204628e-02 
22.200000 7.9446442212892279e-02 
22.400000 8.3563183154024528e-02 
22.600000 8.7877760391267032e-02 
22.800000 9.2395098718075094e-02 
23.000000 9.7119649039417041e-02 
23.200000 1.0205531624103190e-01 
23.400000 1.0720538671933483e-01 
23.600000 1.1257245677340602e-01 
23.800000 1.1815836318194418e-01 
24.000000 1.2396411738876534e-01 
24.200000 1.2998984478943459e-01 
24.400000 1.3623473064397520e-01 
24.600000 1.4269697412951299e-01 
24.800000 1.4937375198742947e-01 
25.000000 1.5626119310879263e-01 
25.200000 1.6335436523825259e-01 
25.400000 1.7064727476148311e-01 
25.600000 1.7813288027840266e-01 
25.800000 1.8580312036061780e-01 
26.000000 1.9364895555591288e-01 
26.200000 2.0166042434686096e-01 
26.400000 2.0982671240853304e-01 
26.600000 2.1813623415589942e-01 
26.800000 2.2657672524030545e-01 
27.000000 2.3513534435994324e-01 
27.200000 2.4379878250485656e-01 
27.400000 2.5255337757265378e-01 
27.600000 2.6138523217430221e-01 
27.800000 2.7028033240391308e-01 
28.000000 2.7922466537265539e-01 
28.200000 2.8820433340158980e-01 
28.400000 2.9720566292489364e-01 
28.600000 3.0621530636461380e-01 
28.800000 3.1522033548963191e-01 
29.000000 3.2420832505291469e-01 
29.200000 3.3316742579963993e-01 
29.400000 3.4208642624216812e-01 
29.600000 3.5095480289475062e-01 
29.800000 3.5976275894151205e-01 
30.000000 3.6850125156723496e-01 
30.200000 3.7716200840590214e-01 
30.400000 3.8573753375238112e-01 
30.600000 3.9422110533594079e-01 
30.800000 4.0260676256986211e-01 
31.000000 4.1088928727028218e-01 
31.200000 4.1906417788186001e-01 
31.400000 4.2712761826099610e-01 
31.600000 4.3507644205310675e-01 
31.800000 4.4290809366314171e-01 
32.000000 4.5062058676240352e-01 
32.200000 4.5821246120435111e-01 
32.400000 4.6568273914140262e-01 
32.600000 4.7303088104768826e-01 
32.800000 4.8025674226258375e-01 
33.000000 4.8736053057951056e-01 
33.200000 4.9434276531636462e-01 
33.400000 5.0120423821988769e-01 
33.600000 5.0794597647768647e-01 
33.800000 5.1456920803957340e-01 
34.000000 5.2107532938488232e-01 
34.200000 5.2746587581492377e-01 
34.400000 5.3374249429966991e-01 
34.600000 5.3990691886496589e-01 
34.800000 5.4596094847087795e-01 
35.000000 5.5190642730247408e-01 
35.200000 5.5774522737124288e-01 
35.400000 5.6347923330750294e-01 
35.600000 5.6911032921133131e-01 
35.800000 5.7464038742087209e-01 
36.000000 5.8007125905190327e-01 
36.200000 5.8540476616077408e-01 
36.400000 5.9064269538343939e-01 
36.600000 5.9578679290641745e-01 
36.800000 6.0083876062991126e-01 
37.000000 6.0580025338940469e-01 
37.200000 6.1067287710891682e-01 
37.400000 6.1545818776675398e-01 
37.600000 6.2015769106268959e-01 
37.800000 6.2477284268388478e-01 
38.000000 6.2930504907526508e-01 
38.200000 6.3375566862839894e-01 
38.400000 6.3812601321116191e-01 
38.600000 6.4241734996830679e-01 
38.800000 6.4663090333062057e-01 
39.000000 6.5076785717746199e-01 
39.200000 6.5482935710421408e-01 
39.400000 6.5881651275241315e-01 
39.600000 6.6273040016600326e-01 
39.800000 6.6657206414261427e-01 
40.000000 6.7034252055341692e-01 
40.200000 6.7404275860959939e-01 
40.400000 6.7767374305742345e-01 
40.600000 6.8123641628728782e-01 
40.800000 6.8473170034547415e-01 
41.000000 6.8816049883987018e-01 
41.200000 6.9152369873356911e-01 
41.400000 6.9482217202224161e-01 
41.600000 6.9805677729305271e-01 
41.800000 7.0122836116449438e-01 
42.000000 7.0433775960781730e-01 
42.200000 7.0738579915189659e-01 
42.400000 7.1037329797430360e-01 
42.600000 7.1330106688208073e-01 
42.800000 7.1616991018643883e-01 
43.000000 7.1898062647594585e-01 
43.200000 7.2173400929326681e-01 
43.400000 7.2443084772066046e-01 
43.600000 7.2707192687972710e-01 
43.800000 7.2965802835090232e-01 
44.000000 7.3218993051823933e-01 
44.200000 7.3466840884502782e-01 
44.400000 7.3709423608565783e-01 
44.600000 7.3946818243906209e-01 
44.800000 7.4179101564888306e-01 
45.000000 7.4406350105534647e-01 
45.200000 7.4628640160361093e-01 
45.400000 7.4846047781315284e-01 
45.600000 7.5058648771250269e-01 
45.800000 7.5266518674342775e-01 
46.000000 7.5469732763841935e-01 
46.200000 7.5668366027505995e-01 
46.400000 7.5862493151067834e-01 
46.600000 7.6052188500040196e-01 
46.800000 7.6237526100150066e-01 
47.000000 7.6418579616673954e-01 
47.200000 7.6595422332916951e-01 
47.400000 7.6768127128061858e-01 
47.600000 7.6936766454596106e-01 
47.800000 7.7101412315502615e-01 
48.000000 7.7262136241382684e-01 
48.200000 7.7419009267666461e-01 
48.400000 7.7572101912043911e-01 
48.600000 7.7721484152241227e-01 
48.800000 7.7867225404247353e-01 
49.000000 7.8009394501088192e-01 
49.200000 7.8148059672228520e-01 
49.400000 7.8283288523674532e-01 
49.600000 7.8415148018836800e-01 
49.800000 7.8543704460206032e-01 
50.000000 7.8669023471881616e-01 
50.200000 7.8791169982990505e-01 
50.400000 7.8910208212019561e-01 
50.600000 7.9026201652085037e-01 
50.800000 7.9139213057148983e-01 
51.000000 7.9249304429193801e-01 
51.200000 7.9356537006357508e-01 
51.400000 7.9460971252025692e-01 
51.600000 7.9562666844879681e-01 
51.800000 7.9661682669886225e-01 
52.000000 7.9758076810219947e-01 
52.200000 7.9851906540102280e-01 
52.400000 7.9943228318540227e-01 
52.600000 8.0032097783941436e-01 
52.800000 8.0118569749589985e-01 
53.000000 8.0202698199953593e-01 
53.200000 8.0284536287803165e-01 
53.400000 8.0364136332113123e-01 
53.600000 8.0441549816721014e-01 
53.800000 8.0516827389718082e-01 
54.000000 8.0590018863540569e-01 
54.200000 8.0661173215736681e-01 
54.400000 8.0730338590379758e-01 
54.600000 8.0797562300100167e-01 
54.800000 8.0862890828704970e-01 
55.000000 8.0926369834362977e-01 
55.200000 8.0988044153321459e-01 
55.400000 8.1047957804129933e-01 
55.600000 8.1106153992346253e-01 
55.800000 8.1162675115692628e-01 
56.000000 8.1217562769643026e-01 
56.200000 8.1270857753409664e-01 
56.400000 8.1322600076309792e-01 
56.600000 8.1372828964485255e-01 
56.800000 8.1421582867952347e-01 
57.000000 8.1468899467960443e-01 
57.200000 8.1514815684636155e-01 
57.400000 8.1559367684893191e-01 
57.600000 8.1602590890587434e-01 
57.800000 8.1644519986895214e-01 
58.000000 8.1685188930901809e-01 
58.200000 8.1724630960373956e-01 
58.400000 8.1762878602706968e-01 
58.600000 8.1799963684023957e-01 
58.800000 8.1835917338414155e-01 
59.000000 8.1870770017294991e-01 
59.200000 8.1904551498880951e-01 
59.400000 8.1937290897747994e-01 
59.600000 8.1969016674480311e-01 
59.800000 8.1999756645381594e-01 
60.000000 8.2029537992247936e-01 
60.200000 8.2058387272180788e-01 
60.400000 8.2086330427436249e-01 
60.600000 8.2113392795297324e-01 
60.800000 8.2139599117957862e-01 
61.000000 8.2164973552413822e-01 
61.200000 8.2189539680345025e-01 
61.400000 8.2213320517988231e-01 
61.600000 8.2236338525984531e-01 
61.800000 8.2258615619201059e-01 
62.000000 8.2280173176513793e-01 
62.200000 8.2301032050550071e-01 
62.400000 8.2321212577378933e-01 
62.600000 8.2340734586149333e-01 
62.800000 8.2359617408665298e-01 
63.000000 8.2377879888895422e-01 
63.200000 8.2395540392412392e-01 
63.400000 8.2412616815755457e-01 
63.600000 8.2429126595714397e-01 
63.800000 8.2445086718528771e-01 
64.000000 8.2460513728999441e-01 
64.200000 8.2475423739510012e-01 
64.400000 8.2489832438953581e-01 
64.600000 8.2503755101561327e-01 
64.800000 8.2517206595633996e-01 
65.000000 8.2530201392167957e-01 
65.200000 8.2542753573379146e-01 
65.400000 8.2554876841119951e-01 
65.600000 8.2566584525186615e-01 
65.800000 8.2577889591518139e-01 
66.000000 8.2588804650283054e-01 
66.200000 8.2599341963854256e-01 
66.400000 8.2609513454668448e-01 
66.600000 8.2619330712972039e-01 
66.800000 8.2628805004451567e-01 
67.000000 8.2637947277746659e-01 
67.200000 8.2646768171847784e-01 
67.400000 8.2655278023375656e-01 
67.600000 8.2663486873743020e-01 
67.800000 8.2671404476199861e-01 
68.000000 8.2679040302759321e-01 
68.200000 8.2686403551008358e-01 
68.400000 8.2693503150797598e-01 
68.600000 8.2700347770816363e-01 
68.800000 8.2706945825050360e-01 
69.000000 8.2713305479121180e-01 
69.200000 8.2719434656512802e-01 
69.400000 8.2725341044678635e-01 
69.600000 8.2731032101037250e-01 
69.800000 8.2736515058851479e-01 
70.000000 8.2741796932995493e-01 
70.200000 8.2746884525608422e-01 
70.400000 8.2751784431637021e-01 
70.600000 8.2756503044266938e-01 
70.800000 8.2761046560243401e-01 
71.000000 8.2765420985085802e-01 
71.200000 8.2769632138190719e-01 
71.400000 8.2773685657831630e-01 
71.600000 8.2777587006051012e-01 
71.800000 8.2781341473449122e-01 
72.000000 8.2784954183868675e-01 
72.200000 8.2788430098979071e-01 
72.400000 8.2791774022758791e-01 
72.600000 8.2794990605878027e-01 
72.800000 8.2798084349984580e-01 
73.000000 8.2801059611891958e-01 
73.200000 8.2803920607672410e-01 
73.400000 8.2806671416655131e-01 
73.600000 8.2809315985334075e-01 
73.800000 8.2811858131179705e-01 
74.000000 8.2814301546367530e-01 
74.200000 8.2816649801410713e-01 
74.400000 8.2818906348711063e-01 
74.600000 8.2821074526022220e-01 
74.800000 8.2823157559827476e-01 
75.000000 8.2825158568636326e-01 
75.200000 8.2827080566199140e-01 
75.400000 8.2828926464639940e-01 
75.600000 8.2830699077513836e-01 
75.800000 8.2832401122783350e-01 
76.000000 8.2834035225722247e-01 
76.200000 8.2835603921742151e-01 
76.400000 8.2837109659147123e-01 
76.600000 8.2838554801817577e-01 
76.800000 8.2839941631822345e-01 
77.000000 8.2841272351961459e-01 
77.200000 8.2842549088243977e-01 
77.400000 8.2843773892296024e-01 
77.600000 8.2844948743706437e-01 
77.800000 8.2846075552307608e-01 
78.000000 8.2847156160395163e-01 
78.200000 8.2848192344886218e-01 
78.400000 8.2849185819416493e-01 
78.600000 8.2850138236382076e-01 
78.800000 8.2851051188921110e-01 
79.000000 8.2851926212842542e-01 
79.200000 8.2852764788496724e-01 
79.400000 8.2853568342596617e-01 
79.600000 8.2854338249983916e-01 
79.800000 8.2855075835345615e-01 
80.000000 8.2855782374879949e-01 
80.200000 8.2856459097914781e-01 
80.400000 8.2857107188477574e-01 
80.600000 8.2857727786819624e-01 
80.800000 8.2858321990894912e-01 
81.000000 8.2858890857794387e-01 
81.200000 8.2859435405138304e-01 
81.400000 8.2859956612425611e-01 
81.600000 8.2860455422342583e-01 
81.800000 8.2860932742032023e-01 
82.000000 8.2861389444322731e-01 
82.200000 8.2861826368922253e-01 
82.400000 8.2862244323571965e-01 
82.600000 8.2862644085165515e-01 
82.800000 8.2863026400834727e-01 
83.000000 8.2863391988997259e-01 
83.200000 8.2863741540376690e-01 
83.400000 8.2864075718983843e-01 
83.600000 8.2864395163072202e-01 
83.800000 8.2864700486060394e-01 
84.000000 8.2864992277423943e-01 
84.200000 8.2865271103560445e-01 
84.400000 8.2865537508624587e-01 
84.600000 8.2865792015337392e-01 
84.800000 8.2866035125767590e-01 
85.000000 8.2866267322088016e-01 
85.200000 8.2866489067306914e-01 
85.400000 8.2866700805974980e-01 
85.600000 8.2866902964867117e-01 
85.800000 8.2867095953644132e-01 
86.000000 8.2867280165490009e-01 
86.200000 8.2867455977727400e-01 
86.400000 8.2867623752414332e-01 
86.600000 8.2867783836918096e-01 
86.800000 8.2867936564470235e-01 
87.000000 8.2868082254703290e-01 
87.200000 8.2868221214167681e-01 
87.400000 8.2868353736830835e-01 
87.600000 8.2868480104559683e-01 
87.800000 8.2868600587585917e-01 
88.000000 8.2868715444953756e-01 
88.200000 8.2868824924952544e-01 
88.400000 8.2868929265535873e-01 
88.600000 8.2869028694722502e-01 
88.800000 8.2869123430984326e-01 
89.000000 8.2869213683621279e-01 
89.200000 8.2869299653122253e-01 
89.400000 8.2869381531511455e-01 
89.600000 8.2869459502684362e-01 
89.800000 8.2869533742729440e-01 
90.000000 8.2869604420239984e-01 
90.200000 8.2869671696612679e-01 
90.400000 8.2869735726336302e-01 
90.600000 8.2869796657269224e-01 
90.800000 8.2869854630907258e-01 
91.000000 8.2869909782640072e-01 
91.200000 8.2869962241998929e-01 
91.400000 8.2870012132895710e-01 
91.600000 8.2870059573851917e-01 
91.800000 8.2870104678219592e-01 
92.000000 8.2870147554392093e-01 
92.200000 8.2870188306010295e-01 
92.400000 8.2870227032157506e-01 
92.600000 8.2870263827549095e-01 
92.800000 8.2870298782712581e-01 
93.000000 8.2870331984163847e-01 
93.200000 8.2870363514573764e-01 
93.400000 8.2870393452928992e-01 
93.600000 8.2870421874687750e-01 
93.800000 8.2870448851927714e-01 
94.000000 8.2870474453489729e-01 
94.200000 8.2870498745114141e-01 
94.400000 8.2870521789573137e-01 
94.600000 8.2870543646796779e-01 
94.800000 8.2870564373995292e-01 
95.000000 8.2870584025775018e-01 
95.200000 8.2870602654250647e-01 
95.400000 8.2870620309152465e-01 
95.600000 8.2870637037929462e-01 
95.800000 8.2870652885847973e-01 
96.000000 8.2870667896087358e-01 
96.200000 8.2870682109830285e-01 
96.400000 8.2870695566350061e-01 
96.600000 8.2870708303094331e-01 
96.800000 8.2870720355765648e-01 
97.000000 8.2870731758397997e-01 
97.200000 8.2870742543430331e-01 
97.400000 8.2870752741778220e-01 
97.600000 8.2870762382900276e-01 
97.800000 8.2870771494864059e-01 
98.000000 8.2870780104407815e-01 
98.200000 8.2870788236999338e-01 
98.400000 8.2870795916894269e-01 
98.600000 8.2870803167190010e-01 
98.800000 8.2870810009878026e-01 
99.000000 8.2870816465893682e-01 
99.200000 8.2870822555164714e-01 
99.400000 8.2870828296657129e-01 
99.600000 8.2870833708418234e-01 
99.800000 8.2870838807619185e-01 
100.000000 8.2870843610595768e-01 
100.200000 8.2870848132885833e-01 
100.400000 8.2870852389266547e-01 
100.600000 8.2870856393789427e-01 
100.800000 8.2870860159814397e-01 
101.000000 8.2870863700041486e-01 
101.200000 8.2870867026541550e-01 
101.400000 8.2870870150785825e-01 
101.600000 8.2870873083674512e-01 
101.800000 8.2870875835562563e-01 
102.000000 8.2870878416286153e-01 
102.200000 8.2870880835186944e-01 
102.400000 8.2870883101135451e-01 
102.600000 8.2870885222553314e-01 
102.800000 8.2870887207435562e-01 
103.000000 8.2870889063369013e-01 
103.200000 8.2870890797554464e-01 
103.400000 8.2870892416822539e-01 
103.600000 8.2870893927653444e-01 
103.800000 8.2870895336193151e-01 
104.000000 8.2870896648269488e-01 
104.200000 8.2870897869407201e-01 
104.400000 8.2870899004844500e-01 
104.600000 8.2870900059544439e-01 
104.800000 8.2870901038210332e-01 
105.000000 8.2870901945297504e-01 
105.200000 8.2870902785026546e-01 
105.400000 8.2870903561393028e-01 
105.600000 8.2870904278180857e-01 
105.800000 8.2870904938971213e-01 
106.000000 8.2870905547153095e-01 
106.200000 8.2870906105933062e-01 
106.400000 8.2870906618344242e-01 
106.600000 8.2870907087255119e-01 
106.800000 8.2870907515377723e-01 
107.000000 8.2870907905275448e-01 
107.200000 8.2870908259371046e-01 
107.400000 8.2870908579953106e-01 
107.600000 8.2870908869183157e-01 
107.800000 8.2870909129102155e-01 
108.000000 8.2870909361637546e-01 
108.200000 8.2870909568607365e-01 
108.400000 8.2870909751726984e-01 
108.600000 8.2870909912614688e-01 
108.800000 8.2870910052795821e-01 
109.000000 8.2870910173708590e-01 
109.200000 8.2870910276707699e-01 
109.400000 8.2870910363069350e-01 
109.600000 8.2870910433995015e-01 
109.800000 8.2870910490616034e-01 
110.000000 8.2870910533996456e-01 
110.200000 8.2870910565137068e-01 
110.400000 8.2870910584978796e-01 
110.600000 8.2870910594406211e-01 
110.800000 8.2870910594249603e-01 
111.000000 8.2870910585288815e-01 
111.200000 8.2870910568256118e-01 
111.400000 8.2870910543837439e-01 
111.600000 8.2870910512676854e-01 
111.800000 8.2870910475377146e-01 
112.000000 8.2870910432502998e-01 
112.200000 8.2870910384583285e-01 
112.400000 8.2870910332112246e-01 
112.600000 8.2870910275552045e-01 
112.800000 8.2870910215334470e-01 
113.000000 8.2870910151862331e-01 
113.200000 8.2870910085511718e-01 
113.400000 8.2870910016632993e-01 
113.600000 8.2870909945552218e-01 
113.800000 8.2870909872573362e-01 
114.000000 8.2870909797978298e-01 
114.200000 8.2870909722029118e-01 
114.400000 8.2870909644969071e-01 
114.600000 8.2870909567023066e-01 
114.800000 8.2870909488399902e-01 
115.000000 8.2870909409292226e-01 
115.200000 8.2870909329877784e-01 
115.400000 8.2870909250320657e-01 
115.600000 8.2870909170771545e-01 
115.800000 8.2870909091369038e-01 
116.000000 8.2870909012240124e-01 
116.200000 8.2870908933500820e-01 
116.400000 8.2870908855257519e-01 
116.600000 8.2870908777606478e-01 
116.800000 8.2870908700635559e-01 
117.000000 8.2870908624423922e-01 
117.200000 8.2870908549043110e-01 
117.400000 8.2870908474557792e-01 
117.600000 8.2870908401024712e-01 
117.800000 8.2870908328495640e-01 
118.000000 8.2870908257015419e-01 
118.200000 8.2870908186624059e-01 
118.400000 8.2870908117356057e-01 
118.600000 8.2870908049241054e-01 
118.800000 8.2870907982304498e-01 
119.000000 8.2870907916567693e-01 
119.200000 8.2870907852047915e-01 
119.400000 8.2870907788758941e-01 
119.600000 8.2870907726711807e-01 
119.800000 8.2870907665913696e-01 
120.000000 8.2870907606369371e-01 
120.200000 8.2870907548081330e-01 
120.400000 8.2870907491049273e-01 
120.600000 8.2870907435270613e-01 
120.800000 8.2870907380741110e-01 
121.000000 8.2870907327454679e-01 
121.200000 8.2870907275403405e-01 
121.400000 8.2870907224577917e-01 
121.600000 8.2870907174967567e-01 
121.800000 8.2870907126560311e-01 
122.000000 8.2870907079342981e-01 
122.200000 8.2870907033301788e-01 
122.400000 8.2870906988421111e-01 
122.600000 8.2870906944685496e-01 
122.800000 8.2870906902078534e-01 
123.000000 8.2870906860582838e-01 
123.200000 8.2870906820180612e-01 
123.400000 8.2870906780854214e-01 
123.600000 8.2870906742584416e-01 
123.800000 8.2870906705352576e-01 
124.000000 8.2870906669139832e-01 
124.200000 8.2870906633926111e-01 
124.400000 8.2870906599692551e-01 
124.600000 8.2870906566419222e-01 
124.800000 8.2870906534086253e-01 
125.000000 8.2870906502673769e-01 
125.200000 8.2870906472162453e-01 
125.400000 8.2870906442532177e-01 
125.600000 8.2870906413763301e-01 
125.800000 8.2870906385836329e-01 
126.000000 8.2870906358731733e-01 
126.200000 8.2870906332430361e-01 
126.400000 8.2870906306912784e-01 
126.600000 8.2870906282160339e-01 
126.800000 8.2870906258154220e-01 
127.000000 8.2870906234875885e-01 
127.200000 8.2870906212306905e-01 
127.400000 8.2870906190429405e-01 
127.600000 8.2870906169225600e-01 
127.800000 8.2870906148677703e-01 
128.000000 8.2870906128768917e-01 
128.200000 8.2870906109481990e-01 
128.400000 8.2870906090800323e-01 
128.600000 8.2870906072707706e-01 
128.800000 8.2870906055188043e-01 
129.000000 8.2870906038225456e-01 
129.200000 8.2870906021804502e-01 
129.400000 8.2870906005910117e-01 
129.600000 8.2870905990527410e-01 
129.800000 8.2870905975642128e-01 
130.000000 8.2870905961239583e-01 
130.200000 8.2870905947306284e-01 
130.400000 8.2870905933828654e-01 
130.600000 8.2870905920793092e-01 
130.800000 8.2870905908186976e-01 
131.000000 8.2870905895997160e-01 
131.200000 8.2870905884211976e-01 
131.400000 8.2870905872818890e-01 
131.600000 8.2870905861806121e-01 
131.800000 8.2870905851162457e-01 
132.000000 8.2870905840876419e-01 
132.200000 8.2870905830937269e-01 
132.400000 8.2870905821334329e-01 
132.600000 8.2870905812057349e-01 
132.800000 8.2870905803095807e-01 
133.000000 8.2870905794440408e-01 
133.200000 8.2870905786081528e-01 
133.400000 8.2870905778009607e-01 
133.600000 8.2870905770215864e-01 
133.800000 8.2870905762691349e-01 
134.000000 8.2870905755427571e-01 
134.200000 8.2870905748416179e-01 
134.400000 8.2870905741648992e-01 
134.600000 8.2870905735118383e-01 
134.800000 8.2870905728816635e-01 
135.000000 8.2870905722736188e-01 
135.200000 8.2870905716870158e-01 
135.400000 8.2870905711211329e-01 
135.600000 8.2870905705752951e-01 
135.800000 8.2870905700488529e-01 
136.000000 8.2870905695411523e-01 
136.200000 8.2870905690515884e-01 
136.400000 8.2870905685795504e-01 
136.600000 8.2870905681244666e-01 
136.800000 8.2870905676857665e-01 
137.000000 8.2870905672629003e-01 
137.200000 8.2870905668553352e-01 
137.400000 8.2870905664625716e-01 
137.600000 8.2870905660840877e-01 
137.800000 8.2870905657194105e-01 
138.000000 8.2870905653680949e-01 
138.200000 8.2870905650296478e-01 
138.400000 8.2870905647036586e-01 
138.600000 8.2870905643896797e-01 
138.800000 8.2870905640873171e-01 
139.000000 8.2870905637961889e-01 
139.200000 8.2870905635158620e-01 
139.400000 8.2870905632460290e-01 
139.600000 8.2870905629862612e-01 
139.800000 8.2870905627362501e-01 
140.000000 8.2870905624956559e-01 
140.200000 8.2870905622641422e-01 
140.400000 8.2870905620413926e-01 
140.600000 8.2870905618271140e-01 
140.800000 8.2870905616210055e-01 
141.000000 8.2870905614227719e-01 
141.200000 8.2870905612321677e-01 
141.400000 8.2870905610488976e-01 
141.600000 8.2870905608727052e-01 
141.800000 8.2870905607033674e-01 
142.000000 8.2870905605406486e-01 
142.200000 8.2870905603842671e-01 
142.400000 8.2870905602340583e-01 
142.600000 8.2870905600897826e-01 
142.800000 8.2870905599512124e-01 
143.000000 8.2870905598181743e-01 
143.200000 8.2870905596905065e-01 
143.400000 8.2870905595679700e-01 
143.600000 8.2870905594503907e-01 
143.800000 8.2870905593375965e-01 
144.000000 8.2870905592294619e-01 
144.200000 8.2870905591257882e-01 
144.400000 8.2870905590264332e-01 
144.600000 8.2870905589312494e-01 
144.800000 8.2870905588400812e-01 
145.000000 8.2870905587528121e-01 
145.200000 8.2870905586693167e-01 
145.400000 8.2870905585894550e-01 
145.600000 8.2870905585131083e-01 
145.800000 8.2870905584401489e-01 
146.000000 8.2870905583704668e-01 
146.200000 8.2870905583039722e-01 
146.400000 8.2870905582405385e-01 
146.600000 8.2870905581800991e-01 
146.800000 8.2870905581225052e-01 
147.000000 8.2870905580676846e-01 
147.200000 8.2870905580155751e-01 
147.400000 8.2870905579660936e-01 
147.600000 8.2870905579191900e-01 
147.800000 8.2870905578747878e-01 
148.000000 8.2870905578328435e-01 
148.200000 8.2870905577932286e-01 
148.400000 8.2870905577559006e-01 
148.600000 8.2870905577207588e-01 
148.800000 8.2870905576877529e-01 
149.000000 8.2870905576567466e-01 
149.200000 8.2870905576277332e-01 
149.400000 8.2870905576006071e-01 
149.600000 8.2870905575752751e-01 
149.800000 8.2870905575517151e-01 
