0.000000 3.8037002570899541e-03 
0.200000 3.8038072634511903e-03 
0.400000 3.8042547601383849e-03 
0.600000 3.8052804707345012e-03 
0.800000 3.8070954178744515e-03 
1.000000 3.8098833342008701e-03 
1.200000 3.8138096398593088e-03 
1.400000 3.8190212651224727e-03 
1.600000 3.8256480111132814e-03 
1.800000 3.8338121000022580e-03 
2.000000 3.8436249755513865e-03 
2.200000 3.8551914898518453e-03 
2.400000 3.8686095801629696e-03 
2.600000 3.8839712722653630e-03 
2.800000 3.9013644003738032e-03 
3.000000 3.9208723276550070e-03 
3.200000 3.9425768088297468e-03 
3.400000 3.9665618689208575e-03 
3.600000 3.9929069342839046e-03 
3.800000 4.0216900856792932e-03 
4.000000 4.0529892403536154e-03 
4.200000 4.0868833147379661e-03 
4.400000 4.1234529535579727e-03 
4.600000 4.1627804618212640e-03 
4.800000 4.2049516813018979e-03 
5.000000 4.2500556999719944e-03 
5.200000 4.2981856288920213e-03 
5.400000 4.3494391148426138e-03 
5.600000 4.4039183040071456e-03 
5.800000 4.4617310409934482e-03 
6.000000 4.5229908258426583e-03 
6.200000 4.5878174485943371e-03 
6.400000 4.6563373014589030e-03 
6.600000 4.7286835876674520e-03 
6.800000 4.8049972943970216e-03 
7.000000 4.8854275921883265e-03 
7.200000 4.9701323141449960e-03 
7.400000 5.0592787849271584e-03 
7.600000 5.1530441945901537e-03 
7.800000 5.2516165006172150e-03 
8.000000 5.3551950393260928e-03 
8.200000 5.4639911859965615e-03 
8.400000 5.5782292507665044e-03 
8.600000 5.6981471505824447e-03 
8.800000 5.8239974081545432e-03 
9.000000 5.9560480294733155e-03 
9.200000 6.0945834493860282e-03 
9.400000 6.2399056630112523e-03 
9.600000 6.3923352754822835e-03 
9.800000 6.5522127773479846e-03 
10.000000 6.7198997933564921e-03 
10.200000 6.8957804273321018e-03 
10.400000 7.0802627787907449e-03 
10.600000 7.2737804829431157e-03 
10.800000 7.4767943954298244e-03 
11.000000 7.6897943748529696e-03 
11.200000 7.9133011711086491e-03 
11.400000 8.1478684793861705e-03 
11.600000 8.3940850859310270e-03 
11.800000 8.6525771761546254e-03 
12.000000 8.9240107887403053e-03 
12.200000 9.2090944195127294e-03 
12.400000 9.5085818160329082e-03 
12.600000 9.8232749267523380e-03 
12.800000 1.0154027046021861e-02 
13.000000 1.0501746152124698e-02 
13.200000 1.0867398442892884e-02 
13.400000 1.1252012095182430e-02 
13.600000 1.1656681233037961e-02 
13.800000 1.2082570121929450e-02 
14.000000 1.2530917602606863e-02 
14.200000 1.3003041753005332e-02 
14.400000 1.3500344801060141e-02 
14.600000 1.4024318275364846e-02 
14.800000 1.4576548399692191e-02 
15.000000 1.5158721732997153e-02 
15.200000 1.5772631040209911e-02 
15.400000 1.6420181395058148e-02 
15.600000 1.7103396493091075e-02 
15.800000 1.7824425159543033e-02 
16.000000 1.8585548029801561e-02 
16.200000 1.9389184366258846e-02 
16.400000 2.0237898978365972e-02 
16.600000 2.1134409193525258e-02 
16.800000 2.2081591822944197e-02 
17.000000 2.3082490055138134e-02 
17.200000 2.4140320193164377e-02 
17.400000 2.5258478142820857e-02 
17.600000 2.6440545541323645e-02 
17.800000 2.7690295400368447e-02 
18.000000 2.9011697121431593e-02 
18.200000 3.0408920720114082e-02 
18.400000 3.1886340079745619e-02 
18.600000 3.3448535033280852e-02 
18.800000 3.5100292052696068e-02 
19.000000 3.6846603306427757e-02 
19.200000 3.8692663825176381e-02 
19.400000 4.0643866500784151e-02 
19.600000 4.2705794627707912e-02 
19.800000 4.4884211685599355e-02 
20.000000 4.7185048055760709e-02 
20.200000 4.9614384362934125e-02 
20.400000 5.2178431141260709e-02 
20.600000 5.4883504538680968e-02 
20.800000 5.7735997798974446e-02 
21.000000 6.0742348298261181e-02 
21.200000 6.3908999961688293e-02 
21.400000 6.7242360949677463e-02 
21.600000 7.0748756580936129e-02 
21.800000 7.4434377551766101e-02 
22.000000 7.8305223618911790e-02 
22.200000 8.2367043034032777e-02 
22.400000 8.6625268151598767e-02 
22.600000 9.1084947775630504e-02 
22.800000 9.5750676960967465e-02 
23.000000 1.0062652513815158e-01 
23.200000 1.0571596358179426e-01 
23.400000 1.1102179338536688e-01 
23.600000 1.1654607523394837e-01 
23.800000 1.2229006237361199e-01 
24.000000 1.2825413825503779e-01 
24.200000 1.3443776037240521e-01 
24.400000 1.4083941182042178e-01 
24.600000 1.4745656204718960e-01 
24.800000 1.5428563818457444e-01 
25.000000 1.6132200818905101e-01 
25.200000 1.6855997682512111e-01 
25.400000 1.7599279527331960e-01 
25.600000 1.8361268485159005e-01 
25.800000 1.9141087501086682e-01 
26.000000 1.9937765541412361e-01 
26.200000 2.0750244154604039e-01 
26.400000 2.1577385294207896e-01 
26.600000 2.2417980278612543e-01 
26.800000 2.3270759731940729e-01 
27.000000 2.4134404324345610e-01 
27.200000 2.5007556109742474e-01 
27.400000 2.5888830245349154e-01 
27.600000 2.6776826870815279e-01 
27.800000 2.7670142925333441e-01 
28.000000 2.8567383688713366e-01 
28.200000 2.9467173846403294e-01 
28.400000 3.0368167898037624e-01 
28.600000 3.1269059753191614e-01 
28.800000 3.2168591385474904e-01 
29.000000 3.3065560445612785e-01 
29.200000 3.3958826764504974e-01 
29.400000 3.4847317707265263e-01 
29.600000 3.5730032367873982e-01 
29.800000 3.6606044620470390e-01 
30.000000 3.7474505066780817e-01 
30.200000 3.8334641939258951e-01 
30.400000 3.9185761035916222e-01 
30.600000 4.0027244775448317e-01 
30.800000 4.0858550470174410e-01 
31.000000 4.1679207919699085e-01 
31.200000 4.2488816430363141e-01 
31.400000 4.3287041364863243e-01 
31.600000 4.4073610323285117e-01 
31.800000 4.4848309051669716e-01 
32.000000 4.5610977167542899e-01 
32.200000 4.6361503784022751e-01 
32.400000 4.7099823105540117e-01 
32.600000 4.7825910059256416e-01 
32.800000 4.8539776017191782e-01 
33.000000 4.9241464655180822e-01 
33.200000 4.9931047986227067e-01 
33.400000 5.0608622597799346e-01 
33.600000 5.1274306115208346e-01 
33.800000 5.1928233906498711e-01 
34.000000 5.2570556038317640e-01 
34.200000 5.3201434487009835e-01 
34.400000 5.3821040604700277e-01 
34.600000 5.4429552836358086e-01 
34.800000 5.5027154680731005e-01 
35.000000 5.5614032885553810e-01 
35.200000 5.6190375865512010e-01 
35.400000 5.6756372330019911e-01 
35.600000 5.7312210106891737e-01 
35.800000 5.7858075147395382e-01 
36.000000 5.8394150697904545e-01 
36.200000 5.8920616623378297e-01 
36.400000 5.9437648868127180e-01 
36.600000 5.9945419039747194e-01 
36.800000 6.0444094102655799e-01 
37.000000 6.0933836168340749e-01 
37.200000 6.1414802370173038e-01 
37.400000 6.1887144811439843e-01 
37.600000 6.2351010576082633e-01 
37.800000 6.2806541792465531e-01 
38.000000 6.3253875741345433e-01 
38.200000 6.3693145000030349e-01 
38.400000 6.4124477615518805e-01 
38.600000 6.4547997300173909e-01 
38.800000 6.4963823644214791e-01 
39.000000 6.5372072339989284e-01 
39.200000 6.5772855413628306e-01 
39.400000 6.6166281460279919e-01 
39.600000 6.6552455879657613e-01 
39.800000 6.6931481109134561e-01 
40.000000 6.7303456852072585e-01 
40.200000 6.7668480299472877e-01 
40.400000 6.8026646343409702e-01 
40.600000 6.8378047781021967e-01 
40.800000 6.8722775508136114e-01 
41.000000 6.9060918701839180e-01 
41.200000 6.9392564991545769e-01 
41.400000 6.9717800618289183e-01 
41.600000 7.0036710582137796e-01 
41.800000 7.0349378777771943e-01 
42.000000 7.0655888118374977e-01 
42.200000 7.0956320648095805e-01 
42.400000 7.1250757643413110e-01 
42.600000 7.1539279703798286e-01 
42.800000 7.1821966832131467e-01 
43.000000 7.2098898505351705e-01 
43.200000 7.2370153735862508e-01 
43.400000 7.2635811124223226e-01 
43.600000 7.2895948903674579e-01 
43.800000 7.3150644977042967e-01 
44.000000 7.3399976946578294e-01 
44.200000 7.3644022137255205e-01 
44.400000 7.3882857614079245e-01 
44.600000 7.4116560193902015e-01 
44.800000 7.4345206452251122e-01 
45.000000 7.4568872725651814e-01 
45.200000 7.4787635109898154e-01 
45.400000 7.5001569454711003e-01 
45.600000 7.5210751355197347e-01 
45.800000 7.5415256140501852e-01 
46.000000 7.5615158860017140e-01 
46.200000 7.5810534267496898e-01 
46.400000 7.6001456803393996e-01 
46.600000 7.6188000575721904e-01 
46.800000 7.6370239339713519e-01 
47.000000 7.6548246476534276e-01 
47.200000 7.6722094971282995e-01 
47.400000 7.6891857390493112e-01 
47.600000 7.7057605859331257e-01 
47.800000 7.7219412038668878e-01 
48.000000 7.7377347102186167e-01 
48.200000 7.7531481713652228e-01 
48.400000 7.7681886004509615e-01 
48.600000 7.7828629551877493e-01 
48.800000 7.7971781357069636e-01 
49.000000 7.8111409824720313e-01 
49.200000 7.8247582742590605e-01 
49.400000 7.8380367262119821e-01 
49.600000 7.8509829879778337e-01 
49.800000 7.8636036419266631e-01 
50.000000 7.8759052014597331e-01 
50.200000 7.8878941094090382e-01 
50.400000 7.8995767365302660e-01 
50.600000 7.9109593800908296e-01 
50.800000 7.9220482625537836e-01 
51.000000 7.9328495303583724e-01 
51.200000 7.9433692527969069e-01 
51.400000 7.9536134209875586e-01 
51.600000 7.9635879469423243e-01 
51.800000 7.9732986627289348e-01 
52.000000 7.9827513197251687e-01 
52.200000 7.9919515879639280e-01 
52.400000 8.0009050555670691e-01 
52.600000 8.0096172282658429e-01 
52.800000 8.0180935290055844e-01 
53.000000 8.0263392976323833e-01 
53.200000 8.0343597906588482e-01 
53.400000 8.0421601811066745e-01 
53.600000 8.0497455584229949e-01 
53.800000 8.0571209284679990e-01 
54.000000 8.0642912135707545e-01 
54.200000 8.0712612526506577e-01 
54.400000 8.0780358014015829e-01 
54.600000 8.0846195325356940e-01 
54.800000 8.0910170360847256e-01 
55.000000 8.0972328197551591e-01 
55.200000 8.1032713093351827e-01 
55.400000 8.1091368491505000e-01 
55.600000 8.1148337025662631e-01 
55.800000 8.1203660525327093e-01 
56.000000 8.1257380021718073e-01 
56.200000 8.1309535754026097e-01 
56.400000 8.1360167176026776e-01 
56.600000 8.1409312963035263e-01 
56.800000 8.1457011019174208e-01 
57.000000 8.1503298484938802e-01 
57.200000 8.1548211745031174e-01 
57.400000 8.1591786436448588e-01 
57.600000 8.1634057456803644e-01 
57.800000 8.1675058972857217e-01 
58.000000 8.1714824429245203e-01 
58.200000 8.1753386557384322e-01 
58.400000 8.1790777384535229e-01 
58.600000 8.1827028243011468e-01 
58.800000 8.1862169779515992e-01 
59.000000 8.1896231964589028e-01 
59.200000 8.1929244102157794e-01 
59.400000 8.1961234839169361e-01 
59.600000 8.1992232175295476e-01 
59.800000 8.2022263472699142e-01 
60.000000 8.2051355465847664e-01 
60.200000 8.2079534271362142e-01 
60.400000 8.2106825397895378e-01 
60.600000 8.2133253756021540e-01 
60.800000 8.2158843668137294e-01 
61.000000 8.2183618878355957e-01 
61.200000 8.2207602562392168e-01 
61.400000 8.2230817337426987e-01 
61.600000 8.2253285271944532e-01 
61.800000 8.2275027895535802e-01 
62.000000 8.2296066208658847e-01 
62.200000 8.2316420692353420e-01 
62.400000 8.2336111317900607e-01 
62.600000 8.2355157556421166e-01 
62.800000 8.2373578388412416e-01 
63.000000 8.2391392313211953e-01 
63.200000 8.2408617358388270e-01 
63.400000 8.2425271089052743e-01 
63.600000 8.2441370617086573e-01 
63.800000 8.2456932610283518e-01 
64.000000 8.2471973301399926e-01 
64.200000 8.2486508497113387e-01 
64.400000 8.2500553586882408e-01 
64.600000 8.2514123551709972e-01 
64.800000 8.2527232972801856e-01 
65.000000 8.2539896040124416e-01 
65.200000 8.2552126560852790e-01 
65.400000 8.2563937967714740e-01 
65.600000 8.2575343327221229e-01 
65.800000 8.2586355347789131e-01 
66.000000 8.2596986387749427e-01 
66.200000 8.2607248463241556e-01 
66.400000 8.2617153255995757e-01 
66.600000 8.2626712120996615e-01 
66.800000 8.2635936094032425e-01 
67.000000 8.2644835899127633e-01 
67.200000 8.2653421955857587e-01 
67.400000 8.2661704386546497e-01 
67.600000 8.2669693023346325e-01 
67.800000 8.2677397415199771e-01 
68.000000 8.2684826834684366e-01 
68.200000 8.2691990284739225e-01 
68.400000 8.2698896505273456e-01 
68.600000 8.2705553979659718e-01 
68.800000 8.2711970941108215e-01 
69.000000 8.2718155378926739e-01 
69.200000 8.2724115044663671e-01 
69.400000 8.2729857458136147e-01 
69.600000 8.2735389913344248e-01 
69.800000 8.2740719484270608e-01 
70.000000 8.2745853030568006e-01 
70.200000 8.2750797203134518e-01 
70.400000 8.2755558449577415e-01 
70.600000 8.2760143019567944e-01 
70.800000 8.2764556970083902e-01 
71.000000 8.2768806170548825e-01 
71.200000 8.2772896307860255e-01 
71.400000 8.2776832891313623e-01 
71.600000 8.2780621257421572e-01 
71.800000 8.2784266574628795e-01 
72.000000 8.2787773847926271e-01 
72.200000 8.2791147923361863e-01 
72.400000 8.2794393492453977e-01 
72.600000 8.2797515096504348e-01 
72.800000 8.2800517130815177e-01 
73.000000 8.2803403848809376e-01 
73.200000 8.2806179366056776e-01 
73.400000 8.2808847664207152e-01 
73.600000 8.2811412594832068e-01 
73.800000 8.2813877883174369e-01 
74.000000 8.2816247131811227e-01 
74.200000 8.2818523824227352e-01 
74.400000 8.2820711328303398e-01 
74.600000 8.2822812899719034e-01 
74.800000 8.2824831685272593e-01 
75.000000 8.2826770726119203e-01 
75.200000 8.2828632960927207e-01 
75.400000 8.2830421228957263e-01 
75.600000 8.2832138273061107e-01 
75.800000 8.2833786742607629e-01 
76.000000 8.2835369196330300e-01 
76.200000 8.2836888105102902e-01 
76.400000 8.2838345854643325e-01 
76.600000 8.2839744748146238e-01 
76.800000 8.2841087008845360e-01 
77.000000 8.2842374782510586e-01 
77.200000 8.2843610139873924e-01 
77.400000 8.2844795078995437e-01 
77.600000 8.2845931527560190e-01 
77.800000 8.2847021345116945e-01 
78.000000 8.2848066325251757e-01 
78.200000 8.2849068197704634e-01 
78.400000 8.2850028630425299e-01 
78.600000 8.2850949231572590e-01 
78.800000 8.2851831551457378e-01 
79.000000 8.2852677084430293e-01 
79.200000 8.2853487270716530e-01 
79.400000 8.2854263498197112e-01 
79.600000 8.2855007104139577e-01 
79.800000 8.2855719376877990e-01 
80.000000 8.2856401557444626e-01 
80.200000 8.2857054841154221e-01 
80.400000 8.2857680379139131e-01 
80.600000 8.2858279279842473e-01 
80.800000 8.2858852610464662e-01 
81.000000 8.2859401398366117e-01 
81.200000 8.2859926632429981e-01 
81.400000 8.2860429264381774e-01 
81.600000 8.2860910210068073e-01 
81.800000 8.2861370350699515e-01 
82.000000 8.2861810534051950e-01 
82.200000 8.2862231575631340e-01 
82.400000 8.2862634259804691e-01 
82.600000 8.2863019340891964e-01 
82.800000 8.2863387544227385e-01 
83.000000 8.2863739567183570e-01 
83.200000 8.2864076080166560e-01 
83.400000 8.2864397727577477e-01 
83.600000 8.2864705128742422e-01 
83.800000 8.2864998878814577e-01 
84.000000 8.2865279549646131e-01 
84.200000 8.2865547690630470e-01 
84.400000 8.2865803829520135e-01 
84.600000 8.2866048473214537e-01 
84.800000 8.2866282108523426e-01 
85.000000 8.2866505202905272e-01 
85.200000 8.2866718205180467e-01 
85.400000 8.2866921546220240e-01 
85.600000 8.2867115639613631e-01 
85.800000 8.2867300882311057e-01 
86.000000 8.2867477655246857e-01 
86.200000 8.2867646323939159e-01 
86.400000 8.2867807239071389e-01 
86.600000 8.2867960737051893e-01 
86.800000 8.2868107140555214e-01 
87.000000 8.2868246759045083e-01 
87.200000 8.2868379889277521e-01 
87.400000 8.2868506815787779e-01 
87.600000 8.2868627811360773e-01 
87.800000 8.2868743137482992e-01 
88.000000 8.2868853044779778e-01 
88.200000 8.2868957773436658e-01 
88.400000 8.2869057553606607e-01 
88.600000 8.2869152605800411e-01 
88.800000 8.2869243141266402e-01 
89.000000 8.2869329362352484e-01 
89.200000 8.2869411462858789e-01 
89.400000 8.2869489628375137e-01 
89.600000 8.2869564036607424e-01 
89.800000 8.2869634857690588e-01 
90.000000 8.2869702254491584e-01 
90.200000 8.2869766382901233e-01 
90.400000 8.2869827392113316e-01 
90.600000 8.2869885424895173e-01 
90.800000 8.2869940617848104e-01 
91.000000 8.2869993101656803e-01 
91.200000 8.2870043001330163e-01 
91.400000 8.2870090436433330e-01 
91.600000 8.2870135521309918e-01 
91.800000 8.2870178365297076e-01 
92.000000 8.2870219072931439e-01 
92.200000 8.2870257744146936e-01 
92.400000 8.2870294474466522e-01 
92.600000 8.2870329355184258e-01 
92.800000 8.2870362473542614e-01 
93.000000 8.2870393912901108e-01 
93.200000 8.2870423752899003e-01 
93.400000 8.2870452069613154e-01 
93.600000 8.2870478935705949e-01 
93.800000 8.2870504420570901e-01 
94.000000 8.2870528590472270e-01 
94.200000 8.2870551508675871e-01 
94.400000 8.2870573235578815e-01 
94.600000 8.2870593828831762e-01 
94.800000 8.2870613343456057e-01 
95.000000 8.2870631831958019e-01 
95.200000 8.2870649344436331e-01 
95.400000 8.2870665928686216e-01 
95.600000 8.2870681630300858e-01 
95.800000 8.2870696492765283e-01 
96.000000 8.2870710557549698e-01 
96.200000 8.2870723864196150e-01 
96.400000 8.2870736450405558e-01 
96.600000 8.2870748352115964e-01 
96.800000 8.2870759603582334e-01 
97.000000 8.2870770237449454e-01 
97.200000 8.2870780284824508e-01 
97.400000 8.2870789775345532e-01 
97.600000 8.2870798737245466e-01 
97.800000 8.2870807197416896e-01 
98.000000 8.2870815181470547e-01 
98.200000 8.2870822713794168e-01 
98.400000 8.2870829817606873e-01 
98.600000 8.2870836515012214e-01 
98.800000 8.2870842827048463e-01 
99.000000 8.2870848773738048e-01 
99.200000 8.2870854374132663e-01 
99.400000 8.2870859646358130e-01 
99.600000 8.2870864607656713e-01 
99.800000 8.2870869274428438e-01 
100.000000 8.2870873662268318e-01 
100.200000 8.2870877786005204e-01 
100.400000 8.2870881659736340e-01 
100.600000 8.2870885296861219e-01 
100.800000 8.2870888710115309e-01 
101.000000 8.2870891911599287e-01 
101.200000 8.2870894912810233e-01 
101.400000 8.2870897724669490e-01 
101.600000 8.2870900357549215e-01 
101.800000 8.2870902821298986e-01 
102.000000 8.2870905125270644e-01 
102.200000 8.2870907278341166e-01 
102.400000 8.2870909288936234e-01 
102.600000 8.2870911165050820e-01 
102.800000 8.2870912914270567e-01 
103.000000 8.2870914543791252e-01 
103.200000 8.2870916060437216e-01 
103.400000 8.2870917470679417e-01 
103.600000 8.2870918780652936e-01 
103.800000 8.2870919996172743e-01 
104.000000 8.2870921122749730e-01 
104.200000 8.2870922165605221e-01 
104.400000 8.2870923129685359e-01 
104.600000 8.2870924019674652e-01 
104.800000 8.2870924840008431e-01 
105.000000 8.2870925594885880e-01 
105.200000 8.2870926288281277e-01 
105.400000 8.2870926923954835e-01 
105.600000 8.2870927505464487e-01 
105.800000 8.2870928036174396e-01 
106.000000 8.2870928519266140e-01 
106.200000 8.2870928957747425e-01 
106.400000 8.2870929354460288e-01 
106.600000 8.2870929712090247e-01 
106.800000 8.2870930033173851e-01 
107.000000 8.2870930320106573e-01 
107.200000 8.2870930575149238e-01 
107.400000 8.2870930800436371e-01 
107.600000 8.2870930997980552e-01 
107.800000 8.2870931169681361e-01 
108.000000 8.2870931317328800e-01 
108.200000 8.2870931442610962e-01 
108.400000 8.2870931547117310e-01 
108.600000 8.2870931632345735e-01 
108.800000 8.2870931699706429e-01 
109.000000 8.2870931750526722e-01 
109.200000 8.2870931786054502e-01 
109.400000 8.2870931807465087e-01 
109.600000 8.2870931815861437e-01 
109.800000 8.2870931812281245e-01 
110.000000 8.2870931797698477e-01 
110.200000 8.2870931773027445e-01 
110.400000 8.2870931739126508e-01 
110.600000 8.2870931696800321e-01 
110.800000 8.2870931646803014e-01 
111.000000 8.2870931589841035e-01 
111.200000 8.2870931526575942e-01 
111.400000 8.2870931457626973e-01 
111.600000 8.2870931383572222e-01 
111.800000 8.2870931304953310e-01 
112.000000 8.2870931222274469e-01 
112.200000 8.2870931136007453e-01 
112.400000 8.2870931046590957e-01 
112.600000 8.2870930954434652e-01 
112.800000 8.2870930859918968e-01 
113.000000 8.2870930763398509e-01 
113.200000 8.2870930665201969e-01 
113.400000 8.2870930565634726e-01 
113.600000 8.2870930464979542e-01 
113.800000 8.2870930363498618e-01 
114.000000 8.2870930261433984e-01 
114.200000 8.2870930159009237e-01 
114.400000 8.2870930056430692e-01 
114.600000 8.2870929953887940e-01 
114.800000 8.2870929851555419e-01 
115.000000 8.2870929749592892e-01 
115.200000 8.2870929648146952e-01 
115.400000 8.2870929547350691e-01 
115.600000 8.2870929447326280e-01 
115.800000 8.2870929348183764e-01 
116.000000 8.2870929250023528e-01 
116.200000 8.2870929152935791e-01 
116.400000 8.2870929057001408e-01 
116.600000 8.2870928962292811e-01 
116.800000 8.2870928868875204e-01 
117.000000 8.2870928776805086e-01 
117.200000 8.2870928686132694e-01 
117.400000 8.2870928596901994e-01 
117.600000 8.2870928509150588e-01 
117.800000 8.2870928422910306e-01 
118.000000 8.2870928338208383e-01 
118.200000 8.2870928255066612e-01 
118.400000 8.2870928173502878e-01 
118.600000 8.2870928093530360e-01 
118.800000 8.2870928015158585e-01 
119.000000 8.2870927938393746e-01 
119.200000 8.2870927863238553e-01 
119.400000 8.2870927789692905e-01 
119.600000 8.2870927717753995e-01 
119.800000 8.2870927647416259e-01 
120.000000 8.2870927578671638e-01 
120.200000 8.2870927511510539e-01 
120.400000 8.2870927445921028e-01 
120.600000 8.2870927381889259e-01 
120.800000 8.2870927319400234e-01 
121.000000 8.2870927258437532e-01 
121.200000 8.2870927198983280e-01 
121.400000 8.2870927141017925e-01 
121.600000 8.2870927084521651e-01 
121.800000 8.2870927029473540e-01 
122.000000 8.2870926975851933e-01 
122.200000 8.2870926923633936e-01 
122.400000 8.2870926872797079e-01 
122.600000 8.2870926823317215e-01 
122.800000 8.2870926775170617e-01 
123.000000 8.2870926728332450e-01 
123.200000 8.2870926682778701e-01 
123.400000 8.2870926638484244e-01 
123.600000 8.2870926595423711e-01 
123.800000 8.2870926553572177e-01 
124.000000 8.2870926512904641e-01 
124.200000 8.2870926473395790e-01 
124.400000 8.2870926435020364e-01 
124.600000 8.2870926397753009e-01 
124.800000 8.2870926361569486e-01 
125.000000 8.2870926326444316e-01 
125.200000 8.2870926292353186e-01 
125.400000 8.2870926259271549e-01 
125.600000 8.2870926227175257e-01 
125.800000 8.2870926196040418e-01 
126.000000 8.2870926165843228e-01 
126.200000 8.2870926136560530e-01 
126.400000 8.2870926108168952e-01 
126.600000 8.2870926080646135e-01 
126.800000 8.2870926053969307e-01 
127.000000 8.2870926028116998e-01 
127.200000 8.2870926003066991e-01 
127.400000 8.2870925978798105e-01 
127.600000 8.2870925955289376e-01 
127.800000 8.2870925932520467e-01 
128.000000 8.2870925910470927e-01 
128.200000 8.2870925889121205e-01 
128.400000 8.2870925868451539e-01 
128.600000 8.2870925848443355e-01 
128.800000 8.2870925829077824e-01 
129.000000 8.2870925810336660e-01 
129.200000 8.2870925792202565e-01 
129.400000 8.2870925774657234e-01 
129.600000 8.2870925757684022e-01 
129.800000 8.2870925741266632e-01 
130.000000 8.2870925725388411e-01 
130.200000 8.2870925710033494e-01 
130.400000 8.2870925695186237e-01 
130.600000 8.2870925680832008e-01 
130.800000 8.2870925666955730e-01 
131.000000 8.2870925653542782e-01 
131.200000 8.2870925640579463e-01 
131.400000 8.2870925628052083e-01 
131.600000 8.2870925615947144e-01 
131.800000 8.2870925604251766e-01 
132.000000 8.2870925592953315e-01 
132.200000 8.2870925582039390e-01 
132.400000 8.2870925571498233e-01 
132.600000 8.2870925561317865e-01 
132.800000 8.2870925551487007e-01 
133.000000 8.2870925541994944e-01 
133.200000 8.2870925532830608e-01 
133.400000 8.2870925523983718e-01 
133.600000 8.2870925515444427e-01 
133.800000 8.2870925507202209e-01 
134.000000 8.2870925499247916e-01 
134.200000 8.2870925491572134e-01 
134.400000 8.2870925484166025e-01 
134.600000 8.2870925477020851e-01 
134.800000 8.2870925470127932e-01 
135.000000 8.2870925463478817e-01 
135.200000 8.2870925457065814e-01 
135.400000 8.2870925450880994e-01 
135.600000 8.2870925444916954e-01 
135.800000 8.2870925439166321e-01 
136.000000 8.2870925433621989e-01 
136.200000 8.2870925428276965e-01 
136.400000 8.2870925423124753e-01 
136.600000 8.2870925418158625e-01 
136.800000 8.2870925413372576e-01 
137.000000 8.2870925408760510e-01 
137.200000 8.2870925404316576e-01 
137.400000 8.2870925400034978e-01 
137.600000 8.2870925395909945e-01 
137.800000 8.2870925391936634e-01 
138.000000 8.2870925388109562e-01 
138.200000 8.2870925384423721e-01 
138.400000 8.2870925380874394e-01 
138.600000 8.2870925377456928e-01 
138.800000 8.2870925374166560e-01 
139.000000 8.2870925370999071e-01 
139.200000 8.2870925367950099e-01 
139.400000 8.2870925365015902e-01 
139.600000 8.2870925362191805e-01 
139.800000 8.2870925359474534e-01 
140.000000 8.2870925356860192e-01 
140.200000 8.2870925354345115e-01 
140.400000 8.2870925351926039e-01 
140.600000 8.2870925349599500e-01 
140.800000 8.2870925347362123e-01 
141.000000 8.2870925345210944e-01 
141.200000 8.2870925343142920e-01 
141.400000 8.2870925341155166e-01 
141.600000 8.2870925339244550e-01 
141.800000 8.2870925337408741e-01 
142.000000 8.2870925335644952e-01 
142.200000 8.2870925333950796e-01 
142.400000 8.2870925332323475e-01 
142.600000 8.2870925330761103e-01 
142.800000 8.2870925329261014e-01 
143.000000 8.2870925327821254e-01 
143.200000 8.2870925326439548e-01 
143.400000 8.2870925325114053e-01 
143.600000 8.2870925323842548e-01 
143.800000 8.2870925322623357e-01 
144.000000 8.2870925321454447e-01 
144.200000 8.2870925320334332e-01 
144.400000 8.2870925319261046e-01 
144.600000 8.2870925318233324e-01 
144.800000 8.2870925317249311e-01 
145.000000 8.2870925316307553e-01 
145.200000 8.2870925315406796e-01 
145.400000 8.2870925314545507e-01 
145.600000 8.2870925313722299e-01 
145.800000 8.2870925312936183e-01 
146.000000 8.2870925312185706e-01 
146.200000 8.2870925311469545e-01 
146.400000 8.2870925310786725e-01 
146.600000 8.2870925310135968e-01 
146.800000 8.2870925309516297e-01 
147.000000 8.2870925308926735e-01 
147.200000 8.2870925308366816e-01 
147.400000 8.2870925307835475e-01 
147.600000 8.2870925307332277e-01 
147.800000 8.2870925306856191e-01 
148.000000 8.2870925306406229e-01 
148.200000 8.2870925305981369e-01 
148.400000 8.2870925305581267e-01 
148.600000 8.2870925305204446e-01 
148.800000 8.2870925304850196e-01 
149.000000 8.2870925304517962e-01 
149.200000 8.2870925304206755e-01 
149.400000 8.2870925303915621e-01 
149.600000 8.2870925303644194e-01 
149.800000 8.2870925303391285e-01 
