0.000000 3.8032587781637950e-03 
0.200000 3.8033220378794644e-03 
0.400000 3.8036447735388867e-03 
0.600000 3.8044746413381583e-03 
0.800000 3.8060302428859073e-03 
1.000000 3.8085056448835708e-03 
1.200000 3.8120698375547568e-03 
1.400000 3.8168749885080845e-03 
1.600000 3.8230562796414060e-03 
1.800000 3.8307372150898755e-03 
2.000000 3.8400341377051116e-03 
2.200000 3.8510526583954703e-03 
2.400000 3.8638926910451636e-03 
2.600000 3.8786481413655908e-03 
2.800000 3.8954078470928013e-03 
3.000000 3.9142571799018044e-03 
3.200000 3.9352777096573659e-03 
3.400000 3.9585522054184251e-03 
3.600000 3.9841629062141830e-03 
3.800000 4.0121871969808808e-03 
4.000000 4.0427031358806608e-03 
4.200000 4.0757891674301043e-03 
4.400000 4.1115252566138192e-03 
4.600000 4.1499935660324425e-03 
4.800000 4.1912783812591550e-03 
5.000000 4.2354678569376568e-03 
5.200000 4.2826537611083812e-03 
5.400000 4.3329322201353790e-03 
5.600000 4.3864042045058125e-03 
5.800000 4.4431755217237993e-03 
6.000000 4.5033579478959427e-03 
6.200000 4.5670692438002786e-03 
6.400000 4.6344336919785633e-03 
6.600000 4.7055824732505714e-03 
6.800000 4.7806539933974409e-03 
7.000000 4.8597948112208767e-03 
7.200000 4.9431600810736966e-03 
7.400000 5.0309140471097562e-03 
7.600000 5.1232308695578835e-03 
7.800000 5.2202950389411791e-03 
8.000000 5.3223022816762822e-03 
8.200000 5.4294602032484429e-03 
8.400000 5.5419889806090543e-03 
8.600000 5.6601222790038002e-03 
8.800000 5.7841079692277234e-03 
9.000000 5.9142091543765525e-03 
9.200000 6.0507050937446379e-03 
9.400000 6.1938922026284612e-03 
9.600000 6.3440852264199567e-03 
9.800000 6.5016183449070576e-03 
10.000000 6.6668464940926484e-03 
10.200000 6.8401466797422383e-03 
10.400000 7.0219193923404715e-03 
10.600000 7.2125901884125309e-03 
10.800000 7.4126113051057414e-03 
11.000000 7.6224634197798189e-03 
11.200000 7.8426575131439104e-03 
11.400000 8.0737368443821352e-03 
11.600000 8.3162790943151054e-03 
11.800000 8.5708986094734756e-03 
12.000000 8.8382488127247069e-03 
12.200000 9.1190247663644249e-03 
12.400000 9.4139658915250030e-03 
12.600000 9.7238588825439200e-03 
12.800000 1.0049540783972731e-02 
13.000000 1.0391902268946174e-02 
13.200000 1.0751891116698680e-02 
13.400000 1.1130515893412954e-02 
13.600000 1.1528849861498274e-02 
13.800000 1.1948035103377401e-02 
14.000000 1.2389286875771694e-02 
14.200000 1.2853898206742889e-02 
14.400000 1.3343244724393981e-02 
14.600000 1.3858789737503893e-02 
14.800000 1.4402089554854291e-02 
15.000000 1.4974799047069508e-02 
15.200000 1.5578677450198990e-02 
15.400000 1.6215594394619372e-02 
15.600000 1.6887536156761723e-02 
15.800000 1.7596612109099900e-02 
16.000000 1.8345061348800731e-02 
16.200000 1.9135259478056759e-02 
16.400000 1.9969725495062936e-02 
16.600000 2.0851128756039086e-02 
16.800000 2.1782295949592977e-02 
17.000000 2.2766218019833809e-02 
17.200000 2.3806056962402237e-02 
17.400000 2.4905152400435726e-02 
17.600000 2.6067027837364073e-02 
17.800000 2.7295396465074988e-02 
18.000000 2.8594166389495985e-02 
18.200000 2.9967445118762880e-02 
18.400000 3.1419543137703704e-02 
18.600000 3.2954976375151247e-02 
18.800000 3.4578467349381248e-02 
19.000000 3.6294944757294473e-02 
19.200000 3.8109541254792219e-02 
19.400000 4.0027589156763847e-02 
19.600000 4.2054613771005535e-02 
19.800000 4.4196324067581519e-02 
20.000000 4.6458600377205214e-02 
20.200000 4.8847478810350065e-02 
20.400000 5.1369132092413686e-02 
20.600000 5.4029846523385411e-02 
20.800000 5.6835994792689672e-02 
21.000000 5.9794004412603546e-02 
21.200000 6.2910321579832257e-02 
21.400000 6.6191370333183674e-02 
21.600000 6.9643506948845191e-02 
21.800000 7.3272969602838647e-02 
22.000000 7.7085823432764392e-02 
22.200000 8.1087901248346000e-02 
22.400000 8.5284740269886028e-02 
22.600000 8.9681515414699237e-02 
22.800000 9.4282969800322206e-02 
23.000000 9.9093343285958660e-02 
23.200000 1.0411630002607877e-01 
23.400000 1.0935485615602182e-01 
23.600000 1.1481130886328411e-01 
23.800000 1.2048716821278918e-01 
24.000000 1.2638309318274046e-01 
24.200000 1.3249883342285496e-01 
24.400000 1.3883317826210229e-01 
24.600000 1.4538391446288870e-01 
24.800000 1.5214779413869048e-01 
25.000000 1.5912051411975822e-01 
25.200000 1.6629670786659057e-01 
25.400000 1.7366995079553302e-01 
25.600000 1.8123277960015310e-01 
25.800000 1.8897672583378422e-01 
26.000000 1.9689236367304253e-01 
26.200000 2.0496937142176627e-01 
26.400000 2.1319660595375459e-01 
26.600000 2.2156218894561036e-01 
26.800000 2.3005360343285799e-01 
27.000000 2.3865779894679257e-01 
27.200000 2.4736130326831401e-01 
27.400000 2.5615033867733467e-01 
27.600000 2.6501094048821849e-01 
27.800000 2.7392907564568036e-01 
28.000000 2.8289075921029744e-01 
28.200000 2.9188216668374128e-01 
28.400000 3.0088974030354776e-01 
28.600000 3.0990028766553662e-01 
28.800000 3.1890107129749623e-01 
29.000000 3.2787988809781138e-01 
29.200000 3.3682513785498397e-01 
29.400000 3.4572588036619140e-01 
29.600000 3.5457188096471509e-01 
29.800000 3.6335364453769303e-01 
30.000000 3.7206243836000341e-01 
30.200000 3.8069030428175910e-01 
30.400000 3.8923006098248963e-01 
30.600000 3.9767529714303873e-01 
30.800000 4.0602035648662976e-01 
31.000000 4.1426031570514882e-01 
31.200000 4.2239095631785295e-01 
31.400000 4.3040873151123615e-01 
31.600000 4.3831072898452761e-01 
31.800000 4.4609463077973321e-01 
32.000000 4.5375867101264028e-01 
32.200000 4.6130159234602547e-01 
32.400000 4.6872260196256477e-01 
32.600000 4.7602132770620037e-01 
32.800000 4.8319777497006644e-01 
33.000000 4.9025228481937361e-01 
33.200000 4.9718549375090254e-01 
33.400000 5.0399829540875407e-01 
33.600000 5.1069180449990148e-01 
33.800000 5.1726732308384260e-01 
34.000000 5.2372630934870523e-01 
34.200000 5.3007034893151195e-01 
34.400000 5.3630112879344782e-01 
34.600000 5.4242041362087490e-01 
34.800000 5.4843002468998259e-01 
35.000000 5.5433182110612989e-01 
35.200000 5.6012768330806717e-01 
35.400000 5.6581949871155401e-01 
35.600000 5.7140914935574594e-01 
35.800000 5.7689850140867405e-01 
36.000000 5.8228939638453203e-01 
36.200000 5.8758364392474127e-01 
36.400000 5.9278301599646288e-01 
36.600000 5.9788924236590413e-01 
36.800000 6.0290400720889947e-01 
37.000000 6.0782894672770826e-01 
37.200000 6.1266564765016895e-01 
37.400000 6.1741564649526504e-01 
37.600000 6.2208042949731834e-01 
37.800000 6.2666143308952549e-01 
38.000000 6.3116004485588739e-01 
38.200000 6.3557760486895587e-01 
38.400000 6.3991540733880070e-01 
38.600000 6.4417470250649733e-01 
38.800000 6.4835669872267720e-01 
39.000000 6.5246256465877428e-01 
39.200000 6.5649343160502793e-01 
39.400000 6.6045039581544118e-01 
39.600000 6.6433452086541001e-01 
39.800000 6.6814683999288405e-01 
40.000000 6.7188835839853966e-01 
40.200000 6.7556005548471054e-01 
40.400000 6.7916288701648941e-01 
40.600000 6.8269778719192697e-01 
40.800000 6.8616567061107991e-01 
41.000000 6.8956743413643773e-01 
41.200000 6.9290395863947063e-01 
41.400000 6.9617611063006679e-01 
41.600000 6.9938474376737736e-01 
41.800000 7.0253070025200759e-01 
42.000000 7.0561481210076604e-01 
42.200000 7.0863790230625745e-01 
42.400000 7.1160078588436027e-01 
42.600000 7.1450427081342915e-01 
42.800000 7.1734915886958106e-01 
43.000000 7.2013624636278528e-01 
43.200000 7.2286632477887580e-01 
43.400000 7.2554018133277909e-01 
43.600000 7.2815859943837369e-01 
43.800000 7.3072235910044625e-01 
44.000000 7.3323223723429298e-01 
44.200000 7.3568900791831793e-01 
44.400000 7.3809344258500686e-01 
44.600000 7.4044631015547746e-01 
44.800000 7.4274837712262043e-01 
45.000000 7.4500040758769581e-01 
45.200000 7.4720316325505376e-01 
45.400000 7.4935740338938017e-01 
45.600000 7.5146388473971748e-01 
45.800000 7.5352336143419851e-01 
46.000000 7.5553658484928243e-01 
46.200000 7.5750430345697706e-01 
46.400000 7.5942726265333604e-01 
46.600000 7.6130620457130271e-01 
46.800000 7.6314186788067795e-01 
47.000000 7.6493498757789335e-01 
47.200000 7.6668629476794148e-01 
47.400000 7.6839651644069362e-01 
47.600000 7.7006637524357657e-01 
47.800000 7.7169658925246920e-01 
48.000000 7.7328787174246139e-01 
48.200000 7.7484093095993789e-01 
48.400000 7.7635646989730811e-01 
48.600000 7.7783518607161573e-01 
48.800000 7.7927777130799436e-01 
49.000000 7.8068491152894592e-01 
49.200000 7.8205728655018492e-01 
49.400000 7.8339556988376946e-01 
49.600000 7.8470042854907185e-01 
49.800000 7.8597252289209452e-01 
50.000000 7.8721250641349227e-01 
50.200000 7.8842102560566429e-01 
50.400000 7.8959871979910912e-01 
50.600000 7.9074622101826553e-01 
50.800000 7.9186415384691700e-01 
51.000000 7.9295313530323275e-01 
51.200000 7.9401377472445689e-01 
51.400000 7.9504667366123205e-01 
51.600000 7.9605242578143731e-01 
51.800000 7.9703161678346590e-01 
52.000000 7.9798482431882545e-01 
52.200000 7.9891261792383106e-01 
52.400000 7.9981555896025025e-01 
52.600000 8.0069420056469531e-01 
52.800000 8.0154908760649413e-01 
53.000000 8.0238075665383413e-01 
53.200000 8.0318973594792176e-01 
53.400000 8.0397654538487295e-01 
53.600000 8.0474169650510308e-01 
53.800000 8.0548569248988555e-01 
54.000000 8.0620902816486872e-01 
54.200000 8.0691219001020398e-01 
54.400000 8.0759565617703533e-01 
54.600000 8.0825989651008634e-01 
54.800000 8.0890537257601292e-01 
55.000000 8.0953253769728650e-01 
55.200000 8.1014183699131803e-01 
55.400000 8.1073370741453588e-01 
55.600000 8.1130857781119969e-01 
55.800000 8.1186686896661686e-01 
56.000000 8.1240899366457331e-01 
56.200000 8.1293535674869277e-01 
56.400000 8.1344635518748509e-01 
56.600000 8.1394237814286097e-01 
56.800000 8.1442380704186834e-01 
57.000000 8.1489101565143796e-01 
57.200000 8.1534437015591965e-01 
57.400000 8.1578422923720340e-01 
57.600000 8.1621094415721884e-01 
57.800000 8.1662485884262315e-01 
58.000000 8.1702630997149250e-01 
58.200000 8.1741562706185023e-01 
58.400000 8.1779313256181718e-01 
58.600000 8.1815914194127681e-01 
58.800000 8.1851396378485231e-01 
59.000000 8.1885789988607061e-01 
59.200000 8.1919124534254617e-01 
59.400000 8.1951428865208020e-01 
59.600000 8.1982731180948343e-01 
59.800000 8.2013059040409175e-01 
60.000000 8.2042439371773668e-01 
60.200000 8.2070898482315935e-01 
60.400000 8.2098462068270395e-01 
60.600000 8.2125155224720225e-01 
60.800000 8.2151002455494726e-01 
61.000000 8.2176027683067443e-01 
61.200000 8.2200254258445038e-01 
61.400000 8.2223704971038258e-01 
61.600000 8.2246402058510204e-01 
61.800000 8.2268367216589089e-01 
62.000000 8.2289621608845198e-01 
62.200000 8.2310185876418318e-01 
62.400000 8.2330080147695828e-01 
62.600000 8.2349324047931882e-01 
62.800000 8.2367936708802336e-01 
63.000000 8.2385936777893498e-01 
63.200000 8.2403342428114335e-01 
63.400000 8.2420171367034567e-01 
63.600000 8.2436440846138481e-01 
63.800000 8.2452167669993381e-01 
64.000000 8.2467368205329927e-01 
64.200000 8.2482058390029178e-01 
64.400000 8.2496253742013026e-01 
64.600000 8.2509969368038771e-01 
64.800000 8.2523219972389084e-01 
65.000000 8.2536019865463084e-01 
65.200000 8.2548382972257450e-01 
65.400000 8.2560322840743605e-01 
65.600000 8.2571852650132882e-01 
65.800000 8.2582985219034488e-01 
66.000000 8.2593733013497639e-01 
66.200000 8.2604108154942812e-01 
66.400000 8.2614122427978043e-01 
66.600000 8.2623787288100203e-01 
66.800000 8.2633113869279673e-01 
67.000000 8.2642112991428895e-01 
67.200000 8.2650795167754421e-01 
67.400000 8.2659170611989685e-01 
67.600000 8.2667249245513563e-01 
67.800000 8.2675040704346592e-01 
68.000000 8.2682554346033987e-01 
68.200000 8.2689799256407015e-01 
68.400000 8.2696784256230305e-01 
68.600000 8.2703517907729451e-01 
68.800000 8.2710008521002498e-01 
69.000000 8.2716264160315367e-01 
69.200000 8.2722292650281559e-01 
69.400000 8.2728101581925251e-01 
69.600000 8.2733698318631155e-01 
69.800000 8.2739090001979609e-01 
70.000000 8.2744283557468479e-01 
70.200000 8.2749285700124409e-01 
70.400000 8.2754102939999563e-01 
70.600000 8.2758741587560203e-01 
70.800000 8.2763207758965973e-01 
71.000000 8.2767507381239325e-01 
71.200000 8.2771646197328186e-01 
71.400000 8.2775629771062242e-01 
71.600000 8.2779463492005867e-01 
71.800000 8.2783152580203356e-01 
72.000000 8.2786702090825115e-01 
72.200000 8.2790116918711010e-01 
72.400000 8.2793401802812339e-01 
72.600000 8.2796561330537655e-01 
72.800000 8.2799599941997448e-01 
73.000000 8.2802521934156192e-01 
73.200000 8.2805331464886578e-01 
73.400000 8.2808032556931788e-01 
73.600000 8.2810629101774558e-01 
73.800000 8.2813124863416332e-01 
74.000000 8.2815523482066267e-01 
74.200000 8.2817828477742406e-01 
74.400000 8.2820043253786579e-01 
74.600000 8.2822171100292985e-01 
74.800000 8.2824215197453965e-01 
75.000000 8.2826178618824231e-01 
75.200000 8.2828064334500684e-01 
75.400000 8.2829875214226423e-01 
75.600000 8.2831614030414602e-01 
75.800000 8.2833283461096163e-01 
76.000000 8.2834886092791515e-01 
76.200000 8.2836424423308930e-01 
76.400000 8.2837900864470215e-01 
76.600000 8.2839317744765606e-01 
76.800000 8.2840677311936584e-01 
77.000000 8.2841981735494097e-01 
77.200000 8.2843233109167136e-01 
77.400000 8.2844433453285027e-01 
77.600000 8.2845584717097664e-01 
77.800000 8.2846688781030720e-01 
78.000000 8.2847747458880783e-01 
78.200000 8.2848762499947304e-01 
78.400000 8.2849735591109752e-01 
78.600000 8.2850668358841839e-01 
78.800000 8.2851562371174325e-01 
79.000000 8.2852419139597144e-01 
79.200000 8.2853240120912897e-01 
79.400000 8.2854026719032470e-01 
79.600000 8.2854780286722740e-01 
79.800000 8.2855502127302239e-01 
80.000000 8.2856193496286334e-01 
80.200000 8.2856855602987012e-01 
80.400000 8.2857489612063129e-01 
80.600000 8.2858096645026880e-01 
80.800000 8.2858677781703327e-01 
81.000000 8.2859234061648224e-01 
81.200000 8.2859766485521147e-01 
81.400000 8.2860276016420265e-01 
81.600000 8.2860763581172769e-01 
81.800000 8.2861230071588665e-01 
82.000000 8.2861676345674462e-01 
82.200000 8.2862103228810546e-01 
82.400000 8.2862511514891368e-01 
82.600000 8.2862901967429603e-01 
82.800000 8.2863275320627194e-01 
83.000000 8.2863632280410282e-01 
83.200000 8.2863973525433876e-01 
83.400000 8.2864299708053546e-01 
83.600000 8.2864611455264325e-01 
83.800000 8.2864909369612361e-01 
84.000000 8.2865194030075873e-01 
84.200000 8.2865465992916287e-01 
84.400000 8.2865725792503475e-01 
84.600000 8.2865973942112681e-01 
84.800000 8.2866210934696416e-01 
85.000000 8.2866437243629243e-01 
85.200000 8.2866653323429362e-01 
85.400000 8.2866859610454857e-01 
85.600000 8.2867056523577387e-01 
85.800000 8.2867244464833367e-01 
86.000000 8.2867423820052011e-01 
86.200000 8.2867594959463009e-01 
86.400000 8.2867758238283540e-01 
86.600000 8.2867913997283849e-01 
86.800000 8.2868062563335765e-01 
87.000000 8.2868204249938560e-01 
87.200000 8.2868339357731535e-01 
87.400000 8.2868468174983512e-01 
87.600000 8.2868590978068835e-01 
87.800000 8.2868708031925864e-01 
88.000000 8.2868819590496889e-01 
88.200000 8.2868925897157086e-01 
88.400000 8.2869027185123001e-01 
88.600000 8.2869123677850731e-01 
88.800000 8.2869215589416934e-01 
89.000000 8.2869303124887428e-01 
89.200000 8.2869386480672724e-01 
89.400000 8.2869465844869894e-01 
89.600000 8.2869541397591218e-01 
89.800000 8.2869613311283430e-01 
90.000000 8.2869681751032531e-01 
90.200000 8.2869746874858707e-01 
90.400000 8.2869808834000080e-01 
90.600000 8.2869867773185668e-01 
90.800000 8.2869923830898984e-01 
91.000000 8.2869977139630224e-01 
91.200000 8.2870027826120329e-01 
91.400000 8.2870076011595983e-01 
91.600000 8.2870121811993724e-01 
91.800000 8.2870165338179114e-01 
92.000000 8.2870206696153015e-01 
92.200000 8.2870245987253777e-01 
92.400000 8.2870283308349879e-01 
92.600000 8.2870318752025829e-01 
92.800000 8.2870352406759962e-01 
93.000000 8.2870384357096094e-01 
93.200000 8.2870414683808469e-01 
93.400000 8.2870443464060295e-01 
93.600000 8.2870470771555071e-01 
93.800000 8.2870496676683703e-01 
94.000000 8.2870521246664686e-01 
94.200000 8.2870544545677727e-01 
94.400000 8.2870566634995180e-01 
94.600000 8.2870587573104859e-01 
94.800000 8.2870607415830022e-01 
95.000000 8.2870626216443355e-01 
95.200000 8.2870644025777274e-01 
95.400000 8.2870660892330050e-01 
95.600000 8.2870676862365533e-01 
95.800000 8.2870691980011557e-01 
96.000000 8.2870706287351859e-01 
96.200000 8.2870719824517047e-01 
96.400000 8.2870732629768729e-01 
96.600000 8.2870744739581970e-01 
96.800000 8.2870756188724426e-01 
97.000000 8.2870767010332103e-01 
97.200000 8.2870777235980508e-01 
97.400000 8.2870786895755122e-01 
97.600000 8.2870796018316939e-01 
97.800000 8.2870804630967210e-01 
98.000000 8.2870812759706936e-01 
98.200000 8.2870820429296177e-01 
98.400000 8.2870827663310220e-01 
98.600000 8.2870834484192291e-01 
98.800000 8.2870840913305588e-01 
99.000000 8.2870846970981416e-01 
99.200000 8.2870852676566698e-01 
99.400000 8.2870858048470208e-01 
99.600000 8.2870863104202686e-01 
99.800000 8.2870867860420561e-01 
100.000000 8.2870872332964041e-01 
100.200000 8.2870876536894988e-01 
100.400000 8.2870880486533827e-01 
100.600000 8.2870884195492267e-01 
100.800000 8.2870887676707816e-01 
101.000000 8.2870890942474440e-01 
101.200000 8.2870894004473183e-01 
101.400000 8.2870896873799971e-01 
101.600000 8.2870899560994671e-01 
101.800000 8.2870902076065700e-01 
102.000000 8.2870904428516179e-01 
102.200000 8.2870906627368013e-01 
102.400000 8.2870908681183786e-01 
102.600000 8.2870910598089720e-01 
102.800000 8.2870912385796169e-01 
103.000000 8.2870914051616973e-01 
103.200000 8.2870915602489925e-01 
103.400000 8.2870917044993286e-01 
103.600000 8.2870918385364278e-01 
103.800000 8.2870919629515472e-01 
104.000000 8.2870920783049817e-01 
104.200000 8.2870921851277013e-01 
104.400000 8.2870922839227013e-01 
104.600000 8.2870923751663450e-01 
104.800000 8.2870924593098083e-01 
105.000000 8.2870925367801196e-01 
105.200000 8.2870926079815554e-01 
105.400000 8.2870926732966788e-01 
105.600000 8.2870927330874244e-01 
105.800000 8.2870927876960665e-01 
106.000000 8.2870928374463526e-01 
106.200000 8.2870928826443158e-01 
106.400000 8.2870929235791957e-01 
106.600000 8.2870929605243226e-01 
106.800000 8.2870929937378490e-01 
107.000000 8.2870930234635987e-01 
107.200000 8.2870930499317941e-01 
107.400000 8.2870930733596815e-01 
107.600000 8.2870930939522469e-01 
107.800000 8.2870931119028879e-01 
108.000000 8.2870931273939019e-01 
108.200000 8.2870931405972148e-01 
108.400000 8.2870931516747592e-01 
108.600000 8.2870931607791365e-01 
108.800000 8.2870931680539850e-01 
109.000000 8.2870931736345632e-01 
109.200000 8.2870931776481005e-01 
109.400000 8.2870931802142778e-01 
109.600000 8.2870931814456594e-01 
109.800000 8.2870931814479409e-01 
110.000000 8.2870931803204606e-01 
110.200000 8.2870931781565105e-01 
110.400000 8.2870931750435661e-01 
110.600000 8.2870931710637186e-01 
110.800000 8.2870931662939828e-01 
111.000000 8.2870931608063747e-01 
111.200000 8.2870931546684490e-01 
111.400000 8.2870931479434062e-01 
111.600000 8.2870931406902981e-01 
111.800000 8.2870931329644282e-01 
112.000000 8.2870931248172885e-01 
112.200000 8.2870931162970751e-01 
112.400000 8.2870931074486864e-01 
112.600000 8.2870930983139302e-01 
112.800000 8.2870930889317485e-01 
113.000000 8.2870930793383857e-01 
113.200000 8.2870930695675149e-01 
113.400000 8.2870930596503301e-01 
113.600000 8.2870930496158557e-01 
113.800000 8.2870930394908682e-01 
114.000000 8.2870930293002487e-01 
114.200000 8.2870930190668757e-01 
114.400000 8.2870930088119132e-01 
114.600000 8.2870929985548147e-01 
114.800000 8.2870929883135069e-01 
115.000000 8.2870929781043978e-01 
115.200000 8.2870929679425154e-01 
115.400000 8.2870929578416597e-01 
115.600000 8.2870929478142907e-01 
115.800000 8.2870929378718206e-01 
116.000000 8.2870929280245598e-01 
116.200000 8.2870929182818620e-01 
116.400000 8.2870929086520861e-01 
116.600000 8.2870928991427528e-01 
116.800000 8.2870928897605523e-01 
117.000000 8.2870928805114186e-01 
117.200000 8.2870928714005876e-01 
117.400000 8.2870928624326368e-01 
117.600000 8.2870928536114807e-01 
117.800000 8.2870928449405123e-01 
118.000000 8.2870928364226060e-01 
118.200000 8.2870928280600598e-01 
118.400000 8.2870928198548044e-01 
118.600000 8.2870928118083020e-01 
118.800000 8.2870928039216241e-01 
119.000000 8.2870927961954644e-01 
119.200000 8.2870927886302492e-01 
119.400000 8.2870927812260053e-01 
119.600000 8.2870927739825262e-01 
119.800000 8.2870927668993688e-01 
120.000000 8.2870927599757971e-01 
120.200000 8.2870927532108851e-01 
120.400000 8.2870927466035105e-01 
120.600000 8.2870927401523686e-01 
120.800000 8.2870927338559797e-01 
121.000000 8.2870927277127371e-01 
121.200000 8.2870927217208967e-01 
121.400000 8.2870927158785601e-01 
121.600000 8.2870927101837577e-01 
121.800000 8.2870927046344334e-01 
122.000000 8.2870926992284133e-01 
122.200000 8.2870926939634959e-01 
122.400000 8.2870926888373708e-01 
122.600000 8.2870926838476777e-01 
122.800000 8.2870926789920618e-01 
123.000000 8.2870926742680973e-01 
123.200000 8.2870926696732850e-01 
123.400000 8.2870926652051513e-01 
123.600000 8.2870926608612316e-01 
123.800000 8.2870926566389802e-01 
124.000000 8.2870926525358968e-01 
124.200000 8.2870926485494500e-01 
124.400000 8.2870926446771298e-01 
124.600000 8.2870926409164170e-01 
124.800000 8.2870926372648179e-01 
125.000000 8.2870926337198492e-01 
125.200000 8.2870926302790127e-01 
125.400000 8.2870926269398970e-01 
125.600000 8.2870926237000531e-01 
125.800000 8.2870926205571005e-01 
126.000000 8.2870926175086301e-01 
126.200000 8.2870926145523327e-01 
126.400000 8.2870926116858712e-01 
126.600000 8.2870926089069652e-01 
126.800000 8.2870926062133632e-01 
127.000000 8.2870926036028592e-01 
127.200000 8.2870926010732604e-01 
127.400000 8.2870925986224608e-01 
127.600000 8.2870925962483000e-01 
127.800000 8.2870925939487228e-01 
128.000000 8.2870925917217531e-01 
128.200000 8.2870925895653302e-01 
128.400000 8.2870925874775225e-01 
128.600000 8.2870925854564725e-01 
128.800000 8.2870925835002351e-01 
129.000000 8.2870925816069951e-01 
129.200000 8.2870925797749806e-01 
129.400000 8.2870925780024174e-01 
129.600000 8.2870925762875880e-01 
129.800000 8.2870925746288293e-01 
130.000000 8.2870925730245026e-01 
130.200000 8.2870925714729826e-01 
130.400000 8.2870925699727294e-01 
130.600000 8.2870925685222041e-01 
130.800000 8.2870925671199458e-01 
131.000000 8.2870925657644701e-01 
131.200000 8.2870925644543703e-01 
131.400000 8.2870925631882941e-01 
131.600000 8.2870925619648661e-01 
131.800000 8.2870925607827972e-01 
132.000000 8.2870925596407974e-01 
132.200000 8.2870925585376409e-01 
132.400000 8.2870925574721255e-01 
132.600000 8.2870925564430398e-01 
132.800000 8.2870925554492536e-01 
133.000000 8.2870925544896956e-01 
133.200000 8.2870925535632389e-01 
133.400000 8.2870925526688255e-01 
133.600000 8.2870925518054772e-01 
133.800000 8.2870925509721594e-01 
134.000000 8.2870925501679271e-01 
134.200000 8.2870925493918357e-01 
134.400000 8.2870925486429781e-01 
134.600000 8.2870925479204727e-01 
134.800000 8.2870925472234591e-01 
135.000000 8.2870925465510914e-01 
135.200000 8.2870925459025824e-01 
135.400000 8.2870925452771316e-01 
135.600000 8.2870925446739696e-01 
135.800000 8.2870925440923615e-01 
136.000000 8.2870925435316201e-01 
136.200000 8.2870925429910036e-01 
136.400000 8.2870925424699049e-01 
136.600000 8.2870925419675967e-01 
136.800000 8.2870925414834939e-01 
137.000000 8.2870925410169660e-01 
137.200000 8.2870925405674212e-01 
137.400000 8.2870925401342865e-01 
137.600000 8.2870925397170148e-01 
137.800000 8.2870925393150441e-01 
138.000000 8.2870925389278605e-01 
138.200000 8.2870925385549499e-01 
138.400000 8.2870925381958460e-01 
138.600000 8.2870925378500748e-01 
138.800000 8.2870925375171656e-01 
139.000000 8.2870925371966608e-01 
139.200000 8.2870925368881387e-01 
139.400000 8.2870925365912018e-01 
139.600000 8.2870925363054171e-01 
139.800000 8.2870925360304193e-01 
140.000000 8.2870925357658487e-01 
140.200000 8.2870925355113256e-01 
140.400000 8.2870925352664826e-01 
140.600000 8.2870925350309788e-01 
140.800000 8.2870925348045188e-01 
141.000000 8.2870925345867630e-01 
141.200000 8.2870925343774116e-01 
141.400000 8.2870925341761958e-01 
141.600000 8.2870925339827695e-01 
141.800000 8.2870925337969059e-01 
142.000000 8.2870925336183476e-01 
142.200000 8.2870925334467993e-01 
142.400000 8.2870925332820178e-01 
142.600000 8.2870925331238043e-01 
142.800000 8.2870925329719025e-01 
143.000000 8.2870925328260669e-01 
143.200000 8.2870925326861300e-01 
143.400000 8.2870925325518507e-01 
143.600000 8.2870925324230449e-01 
143.800000 8.2870925322995337e-01 
144.000000 8.2870925321811117e-01 
144.200000 8.2870925320676003e-01 
144.400000 8.2870925319588495e-01 
144.600000 8.2870925318546906e-01 
144.800000 8.2870925317549515e-01 
145.000000 8.2870925316594868e-01 
145.200000 8.2870925315681687e-01 
145.400000 8.2870925314808286e-01 
145.600000 8.2870925313973520e-01 
145.800000 8.2870925313175969e-01 
146.000000 8.2870925312414667e-01 
146.200000 8.2870925311687971e-01 
146.400000 8.2870925310994970e-01 
146.600000 8.2870925310334498e-01 
146.800000 8.2870925309705235e-01 
147.000000 8.2870925309106547e-01 
147.200000 8.2870925308537391e-01 
147.400000 8.2870925307997467e-01 
147.600000 8.2870925307485777e-01 
147.800000 8.2870925307001297e-01 
148.000000 8.2870925306543364e-01 
148.200000 8.2870925306110743e-01 
148.400000 8.2870925305703158e-01 
148.600000 8.2870925305319243e-01 
148.800000 8.2870925304958165e-01 
149.000000 8.2870925304619147e-01 
149.200000 8.2870925304301446e-01 
149.400000 8.2870925304004261e-01 
149.600000 8.2870925303727039e-01 
149.800000 8.2870925303468379e-01 
