0.000000 3.8033076804066478e-03 
0.200000 3.8033842072223729e-03 
0.400000 3.8037459185041823e-03 
0.600000 3.8046375193178670e-03 
0.800000 3.8062750089575843e-03 
1.000000 3.8088501466830289e-03 
1.200000 3.8125299166122967e-03 
1.400000 3.8174646830748636e-03 
1.600000 3.8237880294594308e-03 
1.800000 3.8316229056565365e-03 
2.000000 3.8410846926773168e-03 
2.200000 3.8522782290280918e-03 
2.400000 3.8653027746637643e-03 
2.600000 3.8802517056788677e-03 
2.800000 3.8972134461521123e-03 
3.000000 3.9162730541947603e-03 
3.200000 3.9375118713462411e-03 
3.400000 3.9610130209226865e-03 
3.600000 3.9868581438709380e-03 
3.800000 4.0151245442243601e-03 
4.000000 4.0458903069244875e-03 
4.200000 4.0792339820005371e-03 
4.400000 4.1152357114843377e-03 
4.600000 4.1539779006534994e-03 
4.800000 4.1955451399534362e-03 
5.000000 4.2400259346845005e-03 
5.200000 4.2875124554747658e-03 
5.400000 4.3381012778830243e-03 
5.600000 4.3918938651496646e-03 
5.800000 4.4489965652678518e-03 
6.000000 4.5095217331337402e-03 
6.200000 4.5735877576729006e-03 
6.400000 4.6413195749882953e-03 
6.600000 4.7128490723400453e-03 
6.800000 4.7883154214812644e-03 
7.000000 4.8678660009187445e-03 
7.200000 4.9516568441498659e-03 
7.400000 5.0398531361432464e-03 
7.600000 5.1326300398163299e-03 
7.800000 5.2301731160132141e-03 
8.000000 5.3326792298738612e-03 
8.200000 5.4403571986188009e-03 
8.400000 5.5534284887122556e-03 
8.600000 5.6721281359428128e-03 
8.800000 5.7967054692975827e-03 
9.000000 5.9274251420171698e-03 
9.200000 6.0645680623250802e-03 
9.400000 6.2084324015298196e-03 
9.600000 6.3593347737769274e-03 
9.800000 6.5176113484280559e-03 
10.000000 6.6836191786309911e-03 
10.200000 6.8577375249824811e-03 
10.400000 7.0403692804405869e-03 
10.600000 7.2319425610716716e-03 
10.800000 7.4329123314644998e-03 
11.000000 7.6437621752746343e-03 
11.200000 7.8650061701754370e-03 
11.400000 8.0971908756928487e-03 
11.600000 8.3408974894489084e-03 
11.800000 8.5967441056100363e-03 
12.000000 8.8653881405085771e-03 
12.200000 9.1475289116566359e-03 
12.400000 9.4439103739891190e-03 
12.600000 9.7553240517094485e-03 
12.800000 1.0082612133918428e-02 
13.000000 1.0426670772404396e-02 
13.200000 1.0788453579398291e-02 
13.400000 1.1168975329490669e-02 
13.600000 1.1569315890611430e-02 
13.800000 1.1990624370314489e-02 
14.000000 1.2434123493154091e-02 
14.200000 1.2901114221225085e-02 
14.400000 1.3392980606815165e-02 
14.600000 1.3911194897067200e-02 
14.800000 1.4457322877360046e-02 
15.000000 1.5033029456897462e-02 
15.200000 1.5640084495373140e-02 
15.400000 1.6280368854014703e-02 
15.600000 1.6955880667954906e-02 
15.800000 1.7668741814940058e-02 
16.000000 1.8421204560139858e-02 
16.200000 1.9215658349365502e-02 
16.400000 2.0054636708926401e-02 
16.600000 2.0940824211572624e-02 
16.800000 2.1877063448859868e-02 
17.000000 2.2866361945199368e-02 
17.200000 2.3911898936493380e-02 
17.400000 2.5017031919026468e-02 
17.600000 2.6185302863983226e-02 
17.800000 2.7420443974514881e-02 
18.000000 2.8726382845663461e-02 
18.200000 3.0107246870465707e-02 
18.400000 3.1567366714067589e-02 
18.600000 3.3111278660393526e-02 
18.800000 3.4743725614705387e-02 
19.000000 3.6469656525753076e-02 
19.200000 3.8294223973146760e-02 
19.400000 4.0222779646747787e-02 
19.600000 4.2260867431032009e-02 
19.800000 4.4414213794954339e-02 
20.000000 4.6688715180387974e-02 
20.200000 4.9090422080959754e-02 
20.400000 5.1625519507465287e-02 
20.600000 5.4300303550054996e-02 
20.800000 5.7121153770628944e-02 
21.000000 6.0094501192769621e-02 
21.200000 6.3226791703999363e-02 
21.400000 6.6524444744887681e-02 
21.600000 6.9993807234541891e-02 
21.800000 7.3641102771546701e-02 
22.000000 7.7472376253400477e-02 
22.200000 8.1493434176230256e-02 
22.400000 8.5709781007351396e-02 
22.600000 9.0126552165108523e-02 
22.800000 9.4748444289759717e-02 
23.000000 9.9579643642001101e-02 
23.200000 1.0462375361782481e-01 
23.400000 1.0988372251340833e-01 
23.600000 1.1536177280598638e-01 
23.800000 1.2105933332899739e-01 
24.000000 1.2697697580512263e-01 
24.200000 1.3311435725239323e-01 
24.400000 1.3947016978960827e-01 
24.600000 1.4604209933237558e-01 
24.800000 1.5282679458606474e-01 
25.000000 1.5981984760434886e-01 
25.200000 1.6701578699199640e-01 
25.400000 1.7440808459046944e-01 
25.600000 1.8198917620009902e-01 
25.800000 1.8975049657114185e-01 
26.000000 1.9768252854842197e-01 
26.200000 2.0577486589315935e-01 
26.400000 2.1401628894526245e-01 
26.600000 2.2239485194448899e-01 
26.800000 2.3089798051433538e-01 
27.000000 2.3951257754173330e-01 
27.200000 2.4822513547028194e-01 
27.400000 2.5702185287376761e-01 
27.600000 2.6588875309566756e-01 
27.800000 2.7481180273136707e-01 
28.000000 2.8377702779133090e-01 
28.200000 2.9277062551064825e-01 
28.400000 3.0177906995529874e-01 
28.600000 3.1078920980801339e-01 
28.800000 3.1978835698505625e-01 
29.000000 3.2876436502716178e-01 
29.200000 3.3770569651048932e-01 
29.400000 3.4660147902524102e-01 
29.600000 3.5544154955956181e-01 
29.800000 3.6421648739556967e-01 
30.000000 3.7291763586580073e-01 
30.200000 3.8153711352644476e-01 
30.400000 3.9006781547576869e-01 
30.600000 3.9850340568030729e-01 
30.800000 4.0683830126819387e-01 
31.000000 4.1506764981019600e-01 
31.200000 4.2318730063703131e-01 
31.400000 4.3119377124042013e-01 
31.600000 4.3908420977867063e-01 
31.800000 4.4685635466026918e-01 
32.000000 4.5450849211492350e-01 
32.200000 4.6203941258538050e-01 
32.400000 4.6944836668892537e-01 
32.600000 4.7673502140837726e-01 
32.800000 4.8389941708178497e-01 
33.000000 4.9094192567047990e-01 
33.200000 4.9786321069882228e-01 
33.400000 5.0466418917746847e-01 
33.600000 5.1134599574660911e-01 
33.800000 5.1790994920700117e-01 
34.000000 5.2435752154540094e-01 
34.200000 5.3069030950723572e-01 
34.400000 5.3691000872298056e-01 
34.600000 5.4301839035553601e-01 
34.800000 5.4901728020352381e-01 
35.000000 5.5490854016926883e-01 
35.200000 5.6069405197989108e-01 
35.400000 5.6637570303472673e-01 
35.600000 5.7195537424159448e-01 
35.800000 5.7743492969769850e-01 
36.000000 5.8281620806775236e-01 
36.200000 5.8810101551130944e-01 
36.400000 5.9329112001327511e-01 
36.600000 5.9838824697538051e-01 
36.800000 6.0339407593171812e-01 
37.000000 6.0831023825792663e-01 
37.200000 6.1313831575093125e-01 
37.400000 6.1787983996409857e-01 
37.600000 6.2253629219084627e-01 
37.800000 6.2710910399825792e-01 
38.000000 6.3159965822057229e-01 
38.200000 6.3600929033075915e-01 
38.400000 6.4033929011645951e-01 
38.600000 6.4459090359417903e-01 
38.800000 6.4876533510313972e-01 
39.000000 6.5286374952698045e-01 
39.200000 6.5688727459805252e-01 
39.400000 6.6083700324503725e-01 
39.600000 6.6471399595013425e-01 
39.800000 6.6851928308718389e-01 
40.000000 6.7225386721661895e-01 
40.200000 6.7591872531736918e-01 
40.400000 6.7951481093953581e-01 
40.600000 6.8304305626497674e-01 
40.800000 6.8650437406594311e-01 
41.000000 6.8989965955445576e-01 
41.200000 6.9322979211740443e-01 
41.400000 6.9649563693433347e-01 
41.600000 6.9969804647653366e-01 
41.800000 7.0283786188759878e-01 
42.000000 7.0591591424668254e-01 
42.200000 7.0893302571687689e-01 
42.400000 7.1189001058183776e-01 
42.600000 7.1478767617453898e-01 
42.800000 7.1762682370253916e-01 
43.000000 7.2040824897458267e-01 
43.200000 7.2313274303360664e-01 
43.400000 7.2580109270150794e-01 
43.600000 7.2841408104106575e-01 
43.800000 7.3097248774054568e-01 
44.000000 7.3347708942642187e-01 
44.200000 7.3592865990968670e-01 
44.400000 7.3832797037102826e-01 
44.600000 7.4067578949009083e-01 
44.800000 7.4297288352380730e-01 
45.000000 7.4522001633868440e-01 
45.200000 7.4741794940161432e-01 
45.400000 7.4956744173367840e-01 
45.600000 7.5166924983109928e-01 
45.800000 7.5372412755730445e-01 
46.000000 7.5573282600984171e-01 
46.200000 7.5769609336561805e-01 
46.400000 7.5961467470771449e-01 
46.600000 7.6148931183683832e-01 
46.800000 7.6332074307019926e-01 
47.000000 7.6510970303037673e-01 
47.200000 7.6685692242662784e-01 
47.400000 7.6856312783074177e-01 
47.600000 7.7022904144947846e-01 
47.800000 7.7185538089538874e-01 
48.000000 7.7344285895762455e-01 
48.200000 7.7499218337423559e-01 
48.400000 7.7650405660724753e-01 
48.600000 7.7797917562168450e-01 
48.800000 7.7941823166958080e-01 
49.000000 7.8082191007985857e-01 
49.200000 7.8219089005488207e-01 
49.400000 7.8352584447431706e-01 
49.600000 7.8482743970693403e-01 
49.800000 7.8609633543073443e-01 
50.000000 7.8733318446188538e-01 
50.200000 7.8853863259270018e-01 
50.400000 7.8971331843893289e-01 
50.600000 7.9085787329654311e-01 
50.800000 7.9197292100807226e-01 
51.000000 7.9305907783861818e-01 
51.200000 7.9411695236149726e-01 
51.400000 7.9514714535348729e-01 
51.600000 7.9615024969962245e-01 
51.800000 7.9712685030739694e-01 
52.000000 7.9807752403024990e-01 
52.200000 7.9900283960018037e-01 
52.400000 7.9990335756924613e-01 
52.600000 8.0077963025980659e-01 
52.800000 8.0163220172322835e-01 
53.000000 8.0246160770682295e-01 
53.200000 8.0326837562879172e-01 
53.400000 8.0405302456085903e-01 
53.600000 8.0481606521838434e-01 
53.800000 8.0555799995762578e-01 
54.000000 8.0627932277991665e-01 
54.200000 8.0698051934243831e-01 
54.400000 8.0766206697532572e-01 
54.600000 8.0832443470482951e-01 
54.800000 8.0896808328222991e-01 
55.000000 8.0959346521825470e-01 
55.200000 8.1020102482269696e-01 
55.400000 8.1079119824898049e-01 
55.600000 8.1136441354340916e-01 
55.800000 8.1192109069882368e-01 
56.000000 8.1246164171242330e-01 
56.200000 8.1298647064750207e-01 
56.400000 8.1349597369884818e-01 
56.600000 8.1399053926158782e-01 
56.800000 8.1447054800323748e-01 
57.000000 8.1493637293871712e-01 
57.200000 8.1538837950816734e-01 
57.400000 8.1582692565730641e-01 
57.600000 8.1625236192015027e-01 
57.800000 8.1666503150391634e-01 
58.000000 8.1706527037590926e-01 
58.200000 8.1745340735218808e-01 
58.400000 8.1782976418790987e-01 
58.600000 8.1819465566910354e-01 
58.800000 8.1854838970579369e-01 
59.000000 8.1889126742624974e-01 
59.200000 8.1922358327228206e-01 
59.400000 8.1954562509541029e-01 
59.600000 8.1985767425377243e-01 
59.800000 8.2016000570966507e-01 
60.000000 8.2045288812759165e-01 
60.200000 8.2073658397269600e-01 
60.400000 8.2101134960947519e-01 
60.600000 8.2127743540068343e-01 
60.800000 8.2153508580630574e-01 
61.000000 8.2178453948254704e-01 
61.200000 8.2202602938068137e-01 
61.400000 8.2225978284577605e-01 
61.600000 8.2248602171510810e-01 
61.800000 8.2270496241628999e-01 
62.000000 8.2291681606497091e-01 
62.200000 8.2312178856207452e-01 
62.400000 8.2332008069053142e-01 
62.600000 8.2351188821138965e-01 
62.800000 8.2369740195932295e-01 
63.000000 8.2387680793742746e-01 
63.200000 8.2405028741128949e-01 
63.400000 8.2421801700226727e-01 
63.600000 8.2438016877996212e-01 
63.800000 8.2453691035380028e-01 
64.000000 8.2468840496377005e-01 
64.200000 8.2483481157016791e-01 
64.400000 8.2497628494244202e-01 
64.600000 8.2511297574700015e-01 
64.800000 8.2524503063405319e-01 
65.000000 8.2537259232337623e-01 
65.200000 8.2549579968905251e-01 
65.400000 8.2561478784311315e-01 
65.600000 8.2572968821810244e-01 
65.800000 8.2584062864851837e-01 
66.000000 8.2594773345114936e-01 
66.200000 8.2605112350426280e-01 
66.400000 8.2615091632565496e-01 
66.600000 8.2624722614955215e-01 
66.800000 8.2634016400233268e-01 
67.000000 8.2642983777711809e-01 
67.200000 8.2651635230715803e-01 
67.400000 8.2659980943804778e-01 
67.600000 8.2668030809879500e-01 
67.800000 8.2675794437168548e-01 
68.000000 8.2683281156096156e-01 
68.200000 8.2690500026035174e-01 
68.400000 8.2697459841941079e-01 
68.600000 8.2704169140868100e-01 
68.800000 8.2710636208370436e-01 
69.000000 8.2716869084784572e-01 
69.200000 8.2722875571398680e-01 
69.400000 8.2728663236503830e-01 
69.600000 8.2734239421332656e-01 
69.800000 8.2739611245883571e-01 
70.000000 8.2744785614631533e-01 
70.200000 8.2749769222127523e-01 
70.400000 8.2754568558484709e-01 
70.600000 8.2759189914756925e-01 
70.800000 8.2763639388206223e-01 
71.000000 8.2767922887461587e-01 
71.200000 8.2772046137572231e-01 
71.400000 8.2776014684952692e-01 
71.600000 8.2779833902224575e-01 
71.800000 8.2783508992953159e-01 
72.000000 8.2787044996282844e-01 
72.200000 8.2790446791469730e-01 
72.400000 8.2793719102316177e-01 
72.600000 8.2796866501503252e-01 
72.800000 8.2799893414829639e-01 
73.000000 8.2802804125351903e-01 
73.200000 8.2805602777429566e-01 
73.400000 8.2808293380679343e-01 
73.600000 8.2810879813834271e-01 
73.800000 8.2813365828514229e-01 
74.000000 8.2815755052906437e-01 
74.200000 8.2818050995357284e-01 
74.400000 8.2820257047879398e-01 
74.600000 8.2822376489572058e-01 
74.800000 8.2824412489958077e-01 
75.000000 8.2826368112240389e-01 
75.200000 8.2828246316473808e-01 
75.400000 8.2830049962661700e-01 
75.600000 8.2831781813771121e-01 
75.800000 8.2833444538674672e-01 
76.000000 8.2835040715012853e-01 
76.200000 8.2836572831987265e-01 
76.400000 8.2838043293077779e-01 
76.600000 8.2839454418690228e-01 
76.800000 8.2840808448734204e-01 
77.000000 8.2842107545133448e-01 
77.200000 8.2843353794266739e-01 
77.400000 8.2844549209345997e-01 
77.600000 8.2845695732728708e-01 
77.800000 8.2846795238167770e-01 
78.000000 8.2847849532999629e-01 
78.200000 8.2848860360271948e-01 
78.400000 8.2849829400813280e-01 
78.600000 8.2850758275242797e-01 
78.800000 8.2851648545926548e-01 
79.000000 8.2852501718876082e-01 
79.200000 8.2853319245593882e-01 
79.400000 8.2854102524866757e-01 
79.600000 8.2854852904506415e-01 
79.800000 8.2855571683040341e-01 
80.000000 8.2856260111354008e-01 
80.200000 8.2856919394283890e-01 
80.400000 8.2857550692164028e-01 
80.600000 8.2858155122328125e-01 
80.800000 8.2858733760564696e-01 
81.000000 8.2859287642529278e-01 
81.200000 8.2859817765117061e-01 
81.400000 8.2860325087788289e-01 
81.600000 8.2860810533859963e-01 
81.800000 8.2861274991751876e-01 
82.000000 8.2861719316199012e-01 
82.200000 8.2862144329424303e-01 
82.400000 8.2862550822274961e-01 
82.600000 8.2862939555323967e-01 
82.800000 8.2863311259936590e-01 
83.000000 8.2863666639304101e-01 
83.200000 8.2864006369443077e-01 
83.400000 8.2864331100164268e-01 
83.600000 8.2864641456010291e-01 
83.800000 8.2864938037163172e-01 
84.000000 8.2865221420320845e-01 
84.200000 8.2865492159548104e-01 
84.400000 8.2865750787098369e-01 
84.600000 8.2865997814207337e-01 
84.800000 8.2866233731862438e-01 
85.000000 8.2866459011545368e-01 
85.200000 8.2866674105951854e-01 
85.400000 8.2866879449684661e-01 
85.600000 8.2867075459925388e-01 
85.800000 8.2867262537083675e-01 
86.000000 8.2867441065421887e-01 
86.200000 8.2867611413663333e-01 
86.400000 8.2867773935573730e-01 
86.600000 8.2867928970528371e-01 
86.800000 8.2868076844055549e-01 
87.000000 8.2868217868363914e-01 
87.200000 8.2868352342849383e-01 
87.400000 8.2868480554587165e-01 
87.600000 8.2868602778802303e-01 
87.800000 8.2868719279328573e-01 
88.000000 8.2868830309047470e-01 
88.200000 8.2868936110312630e-01 
88.400000 8.2869036915360916e-01 
88.600000 8.2869132946705648e-01 
88.800000 8.2869224417518095e-01 
89.000000 8.2869311531994672e-01 
89.200000 8.2869394485709880e-01 
89.400000 8.2869473465959076e-01 
89.600000 8.2869548652083724e-01 
89.800000 8.2869620215791062e-01 
90.000000 8.2869688321456791e-01 
90.200000 8.2869753126419476e-01 
90.400000 8.2869814781262818e-01 
90.600000 8.2869873430088126e-01 
90.800000 8.2869929210776461e-01 
91.000000 8.2869982255239827e-01 
91.200000 8.2870032689664852e-01 
91.400000 8.2870080634746324e-01 
91.600000 8.2870126205911099e-01 
91.800000 8.2870169513535130e-01 
92.000000 8.2870210663150545e-01 
92.200000 8.2870249755646497e-01 
92.400000 8.2870286887460309e-01 
92.600000 8.2870322150763531e-01 
92.800000 8.2870355633638915e-01 
93.000000 8.2870387420250746e-01 
93.200000 8.2870417591010470e-01 
93.400000 8.2870446222732830e-01 
93.600000 8.2870473388788357e-01 
93.800000 8.2870499159248712e-01 
94.000000 8.2870523601026591e-01 
94.200000 8.2870546778009158e-01 
94.400000 8.2870568751188767e-01 
94.600000 8.2870589578784748e-01 
94.800000 8.2870609316363719e-01 
95.000000 8.2870628016953130e-01 
95.200000 8.2870645731150461e-01 
95.400000 8.2870662507228654e-01 
95.600000 8.2870678391236696e-01 
95.800000 8.2870693427096798e-01 
96.000000 8.2870707656696041e-01 
96.200000 8.2870721119976909e-01 
96.400000 8.2870733855020862e-01 
96.600000 8.2870745898131515e-01 
96.800000 8.2870757283912067e-01 
97.000000 8.2870768045341225e-01 
97.200000 8.2870778213844454e-01 
97.400000 8.2870787819363945e-01 
97.600000 8.2870796890423881e-01 
97.800000 8.2870805454193897e-01 
98.000000 8.2870813536550680e-01 
98.200000 8.2870821162134778e-01 
98.400000 8.2870828354407322e-01 
98.600000 8.2870835135703069e-01 
98.800000 8.2870841527280759e-01 
99.000000 8.2870847549372662e-01 
99.200000 8.2870853221231899e-01 
99.400000 8.2870858561175464e-01 
99.600000 8.2870863586628674e-01 
99.800000 8.2870868314166024e-01 
100.000000 8.2870872759549108e-01 
100.200000 8.2870876937764582e-01 
100.400000 8.2870880863061958e-01 
100.600000 8.2870884548984969e-01 
100.800000 8.2870888008406063e-01 
101.000000 8.2870891253557377e-01 
101.200000 8.2870894296061060e-01 
101.400000 8.2870897146957090e-01 
101.600000 8.2870899816731280e-01 
101.800000 8.2870902315341644e-01 
102.000000 8.2870904652242683e-01 
102.200000 8.2870906836409819e-01 
102.400000 8.2870908876361893e-01 
102.600000 8.2870910780182927e-01 
102.800000 8.2870912555543097e-01 
103.000000 8.2870914209718960e-01 
103.200000 8.2870915749611318e-01 
103.400000 8.2870917181764436e-01 
103.600000 8.2870918512382818e-01 
103.800000 8.2870919747347660e-01 
104.000000 8.2870920892232158e-01 
104.200000 8.2870921952318288e-01 
104.400000 8.2870922932608670e-01 
104.600000 8.2870923837841648e-01 
104.800000 8.2870924672504687e-01 
105.000000 8.2870925440844934e-01 
105.200000 8.2870926146883472e-01 
105.400000 8.2870926794425037e-01 
105.600000 8.2870927387068671e-01 
105.800000 8.2870927928219340e-01 
106.000000 8.2870928421095813e-01 
106.200000 8.2870928868742044e-01 
106.400000 8.2870929274033900e-01 
106.600000 8.2870929639689261e-01 
106.800000 8.2870929968275997e-01 
107.000000 8.2870930262217701e-01 
107.200000 8.2870930523804065e-01 
107.400000 8.2870930755194605e-01 
107.600000 8.2870930958428290e-01 
107.800000 8.2870931135426995e-01 
108.000000 8.2870931288004146e-01 
108.200000 8.2870931417867966e-01 
108.400000 8.2870931526628855e-01 
108.600000 8.2870931615803867e-01 
108.800000 8.2870931686820559e-01 
109.000000 8.2870931741023546e-01 
109.200000 8.2870931779677637e-01 
109.400000 8.2870931803972270e-01 
109.600000 8.2870931815026416e-01 
109.800000 8.2870931813890258e-01 
110.000000 8.2870931801551206e-01 
110.200000 8.2870931778935997e-01 
110.400000 8.2870931746914500e-01 
110.600000 8.2870931706302420e-01 
110.800000 8.2870931657864066e-01 
111.000000 8.2870931602316034e-01 
111.200000 8.2870931540329129e-01 
111.400000 8.2870931472530951e-01 
111.600000 8.2870931399508840e-01 
111.800000 8.2870931321810970e-01 
112.000000 8.2870931239949752e-01 
112.200000 8.2870931154403349e-01 
112.400000 8.2870931065617848e-01 
112.600000 8.2870930974008628e-01 
112.800000 8.2870930879961979e-01 
113.000000 8.2870930783837782e-01 
113.200000 8.2870930685970223e-01 
113.400000 8.2870930586669311e-01 
113.600000 8.2870930486223005e-01 
113.800000 8.2870930384896946e-01 
114.000000 8.2870930282937905e-01 
114.200000 8.2870930180573121e-01 
114.400000 8.2870930078012206e-01 
114.600000 8.2870929975448493e-01 
114.800000 8.2870929873059374e-01 
115.000000 8.2870929771007784e-01 
115.200000 8.2870929669442905e-01 
115.400000 8.2870929568500773e-01 
115.600000 8.2870929468305277e-01 
115.800000 8.2870929368969581e-01 
116.000000 8.2870929270595772e-01 
116.200000 8.2870929173275942e-01 
116.400000 8.2870929077093491e-01 
116.600000 8.2870928982122172e-01 
116.800000 8.2870928888428386e-01 
117.000000 8.2870928796070975e-01 
117.200000 8.2870928705101310e-01 
117.400000 8.2870928615564310e-01 
117.600000 8.2870928527499366e-01 
117.800000 8.2870928440939162e-01 
118.000000 8.2870928355911933e-01 
118.200000 8.2870928272440669e-01 
118.400000 8.2870928190543647e-01 
118.600000 8.2870928110235653e-01 
118.800000 8.2870928031526547e-01 
119.000000 8.2870927954423379e-01 
119.200000 8.2870927878929734e-01 
119.400000 8.2870927805045769e-01 
119.600000 8.2870927732769184e-01 
119.800000 8.2870927662095206e-01 
120.000000 8.2870927593016264e-01 
120.200000 8.2870927525522864e-01 
120.400000 8.2870927459603871e-01 
120.600000 8.2870927395245375e-01 
120.800000 8.2870927332433109e-01 
121.000000 8.2870927271150596e-01 
121.200000 8.2870927211380307e-01 
121.400000 8.2870927153103313e-01 
121.600000 8.2870927096299596e-01 
121.800000 8.2870927040948572e-01 
122.000000 8.2870926987028526e-01 
122.200000 8.2870926934517031e-01 
122.400000 8.2870926883391105e-01 
122.600000 8.2870926833627900e-01 
122.800000 8.2870926785202348e-01 
123.000000 8.2870926738090933e-01 
123.200000 8.2870926692269020e-01 
123.400000 8.2870926647711185e-01 
123.600000 8.2870926604392936e-01 
123.800000 8.2870926562289193e-01 
124.000000 8.2870926521374488e-01 
124.200000 8.2870926481623641e-01 
124.400000 8.2870926443011583e-01 
124.600000 8.2870926405513201e-01 
124.800000 8.2870926369103470e-01 
125.000000 8.2870926333757333e-01 
125.200000 8.2870926299450620e-01 
125.400000 8.2870926266158251e-01 
125.600000 8.2870926233856368e-01 
125.800000 8.2870926202521078e-01 
126.000000 8.2870926172128456e-01 
126.200000 8.2870926142654999e-01 
126.400000 8.2870926114077836e-01 
126.600000 8.2870926086373953e-01 
126.800000 8.2870926059520666e-01 
127.000000 8.2870926033496528e-01 
127.200000 8.2870926008279144e-01 
127.400000 8.2870925983847521e-01 
127.600000 8.2870925960180564e-01 
127.800000 8.2870925937257456e-01 
128.000000 8.2870925915058125e-01 
128.200000 8.2870925893562319e-01 
128.400000 8.2870925872751078e-01 
128.600000 8.2870925852605193e-01 
128.800000 8.2870925833105846e-01 
129.000000 8.2870925814234631e-01 
129.200000 8.2870925795973971e-01 
129.400000 8.2870925778306082e-01 
129.600000 8.2870925761213721e-01 
129.800000 8.2870925744680735e-01 
130.000000 8.2870925728690115e-01 
130.200000 8.2870925713226162e-01 
130.400000 8.2870925698273357e-01 
130.600000 8.2870925683816399e-01 
130.800000 8.2870925669840523e-01 
131.000000 8.2870925656331340e-01 
131.200000 8.2870925643274540e-01 
131.400000 8.2870925630656256e-01 
131.600000 8.2870925618463420e-01 
131.800000 8.2870925606682788e-01 
132.000000 8.2870925595301637e-01 
132.200000 8.2870925584307842e-01 
132.400000 8.2870925573689025e-01 
132.600000 8.2870925563433617e-01 
132.800000 8.2870925553530028e-01 
133.000000 8.2870925543967477e-01 
133.200000 8.2870925534734929e-01 
133.400000 8.2870925525822137e-01 
133.600000 8.2870925517218730e-01 
133.800000 8.2870925508914672e-01 
134.000000 8.2870925500900505e-01 
134.200000 8.2870925493166847e-01 
134.400000 8.2870925485704550e-01 
134.600000 8.2870925478505097e-01 
134.800000 8.2870925471559742e-01 
135.000000 8.2870925464859990e-01 
135.200000 8.2870925458397870e-01 
135.400000 8.2870925452165589e-01 
135.600000 8.2870925446155674e-01 
135.800000 8.2870925440360599e-01 
136.000000 8.2870925434773413e-01 
136.200000 8.2870925429386733e-01 
136.400000 8.2870925424194553e-01 
136.600000 8.2870925419189878e-01 
136.800000 8.2870925414366270e-01 
137.000000 8.2870925409718044e-01 
137.200000 8.2870925405239115e-01 
137.400000 8.2870925400923623e-01 
137.600000 8.2870925396766304e-01 
137.800000 8.2870925392761452e-01 
138.000000 8.2870925388903882e-01 
138.200000 8.2870925385188754e-01 
138.400000 8.2870925381611016e-01 
138.600000 8.2870925378166160e-01 
138.800000 8.2870925374849291e-01 
139.000000 8.2870925371656312e-01 
139.200000 8.2870925368582826e-01 
139.400000 8.2870925365624504e-01 
139.600000 8.2870925362777692e-01 
139.800000 8.2870925360038195e-01 
140.000000 8.2870925357402592e-01 
140.200000 8.2870925354866876e-01 
140.400000 8.2870925352427827e-01 
140.600000 8.2870925350081892e-01 
140.800000 8.2870925347826074e-01 
141.000000 8.2870925345657021e-01 
141.200000 8.2870925343571600e-01 
141.400000 8.2870925341567159e-01 
141.600000 8.2870925339640655e-01 
141.800000 8.2870925337789314e-01 
142.000000 8.2870925336010637e-01 
142.200000 8.2870925334301981e-01 
142.400000 8.2870925332660794e-01 
142.600000 8.2870925331084844e-01 
142.800000 8.2870925329571876e-01 
143.000000 8.2870925328119527e-01 
143.200000 8.2870925326725897e-01 
143.400000 8.2870925325388645e-01 
143.600000 8.2870925324105937e-01 
143.800000 8.2870925322875921e-01 
144.000000 8.2870925321696576e-01 
144.200000 8.2870925320566213e-01 
144.400000 8.2870925319483302e-01 
144.600000 8.2870925318446065e-01 
144.800000 8.2870925317453026e-01 
145.000000 8.2870925316502542e-01 
145.200000 8.2870925315593202e-01 
145.400000 8.2870925314723853e-01 
145.600000 8.2870925313892763e-01 
145.800000 8.2870925313098920e-01 
146.000000 8.2870925312341004e-01 
146.200000 8.2870925311617694e-01 
146.400000 8.2870925310927901e-01 
146.600000 8.2870925310270671e-01 
146.800000 8.2870925309644483e-01 
147.000000 8.2870925309048793e-01 
147.200000 8.2870925308482501e-01 
147.400000 8.2870925307945309e-01 
147.600000 8.2870925307436227e-01 
147.800000 8.2870925306954502e-01 
148.000000 8.2870925306499155e-01 
148.200000 8.2870925306069143e-01 
148.400000 8.2870925305663867e-01 
148.600000 8.2870925305282062e-01 
148.800000 8.2870925304923337e-01 
149.000000 8.2870925304586618e-01 
149.200000 8.2870925304270837e-01 
149.400000 8.2870925303975718e-01 
149.600000 8.2870925303700060e-01 
149.800000 8.2870925303443532e-01 
