0.000000 5.0662929064599282e-01 
0.200000 5.0663004357569807e-01 
0.400000 5.0663338246129297e-01 
0.600000 5.0663809408048599e-01 
0.800000 5.0664326684622063e-01 
1.000000 5.0664791225527361e-01 
1.200000 5.0665120895750582e-01 
1.400000 5.0665243530568815e-01 
1.600000 5.0665079290537118e-01 
1.800000 5.0664561364838778e-01 
2.000000 5.0663615488337888e-01 
2.200000 5.0662184139860178e-01 
2.400000 5.0660242918770637e-01 
2.600000 5.0657765154169465e-01 
2.800000 5.0654734211502550e-01 
3.000000 5.0651130256031440e-01 
3.200000 5.0646938310457801e-01 
3.400000 5.0642147088060863e-01 
3.600000 5.0636771838409267e-01 
3.800000 5.0630886259873686e-01 
4.000000 5.0624474552335796e-01 
4.200000 5.0617518833300967e-01 
4.400000 5.0609994967993310e-01 
4.600000 5.0601877291695019e-01 
4.800000 5.0593141078621551e-01 
5.000000 5.0583759977536313e-01 
5.200000 5.0573709453360927e-01 
5.400000 5.0562965837737672e-01 
5.600000 5.0551507127022777e-01 
5.800000 5.0539312875585096e-01 
6.000000 5.0526362860080065e-01 
6.200000 5.0512637386117265e-01 
6.400000 5.0498116540643623e-01 
6.600000 5.0482779926804233e-01 
6.800000 5.0466606549278625e-01 
7.000000 5.0449573927054836e-01 
7.200000 5.0431655970526779e-01 
7.400000 5.0412824488063124e-01 
7.600000 5.0393049742279028e-01 
7.800000 5.0372300770737277e-01 
8.000000 5.0350545262223101e-01 
8.200000 5.0327749585030057e-01 
8.400000 5.0303878819520176e-01 
8.600000 5.0278896556374875e-01 
8.800000 5.0252764875156819e-01 
9.000000 5.0225444103337769e-01 
9.200000 5.0196892666873372e-01 
9.400000 5.0167066941281757e-01 
9.600000 5.0135921027010666e-01 
9.800000 5.0103406640079318e-01 
10.000000 5.0069472968637962e-01 
10.200000 5.0034066605121197e-01 
10.400000 4.9997131366129693e-01 
10.600000 4.9958608076384647e-01 
10.800000 4.9918434383341787e-01 
11.000000 4.9876544616031387e-01 
11.200000 4.9832869641557392e-01 
11.400000 4.9787336702672130e-01 
11.600000 4.9739869208419735e-01 
11.800000 4.9690386521747421e-01 
12.000000 4.9638803717997698e-01 
12.200000 4.9585031327412432e-01 
12.400000 4.9528975068142234e-01 
12.600000 4.9470535553419293e-01 
12.800000 4.9409607995375471e-01 
13.000000 4.9346081890914123e-01 
13.200000 4.9279840694723615e-01 
13.400000 4.9210761479959841e-01 
13.600000 4.9138714574403225e-01 
13.800000 4.9063563186361253e-01 
14.000000 4.8985163016556293e-01 
14.200000 4.8903361853174693e-01 
14.400000 4.8817999156467690e-01 
14.600000 4.8728905621873420e-01 
14.800000 4.8635902729873975e-01 
15.000000 4.8538802282022248e-01 
15.200000 4.8437405923222621e-01 
15.400000 4.8331504657447610e-01 
15.600000 4.8220878354791297e-01 
15.800000 4.8105295257080144e-01 
16.000000 4.7984511484860481e-01 
16.200000 4.7858270549396625e-01 
16.400000 4.7726302877853483e-01 
16.600000 4.7588325355505762e-01 
16.800000 4.7444040894773909e-01 
17.000000 4.7293138039427030e-01 
17.200000 4.7135290613658409e-01 
17.400000 4.6970157429061093e-01 
17.600000 4.6797382061959042e-01 
17.800000 4.6616592716574590e-01 
18.000000 4.6427402190976275e-01 
18.200000 4.6229407964068525e-01 
18.400000 4.6022192424847697e-01 
18.600000 4.5805323265708608e-01 
18.800000 4.5578354063931759e-01 
19.000000 4.5340825076868307e-01 
19.200000 4.5092264277202737e-01 
19.400000 4.4832188656250987e-01 
19.600000 4.4560105823092933e-01 
19.800000 4.4275515927571285e-01 
20.000000 4.3977913934376867e-01 
20.200000 4.3666792273596655e-01 
20.400000 4.3341643890894582e-01 
20.600000 4.3001965716589885e-01 
20.800000 4.2647262568030680e-01 
21.000000 4.2277051493757839e-01 
21.200000 4.1890866560092793e-01 
21.400000 4.1488264072160747e-01 
21.600000 4.1068828210889852e-01 
21.800000 4.0632177055870111e-01 
22.000000 4.0177968951251081e-01 
22.200000 3.9705909157823494e-01 
22.400000 3.9215756719992340e-01 
22.600000 3.8707331461273808e-01 
22.800000 3.8180521006957341e-01 
23.000000 3.7635287718190658e-01 
23.200000 3.7071675408266108e-01 
23.400000 3.6489815700324624e-01 
23.600000 3.5889933876399976e-01 
23.800000 3.5272354061586420e-01 
24.000000 3.4637503584826984e-01 
24.200000 3.3985916359938939e-01 
24.400000 3.3318235137690050e-01 
24.600000 3.2635212492383509e-01 
24.800000 3.1937710424703220e-01 
25.000000 3.1226698486557358e-01 
25.200000 3.0503250362934076e-01 
25.400000 2.9768538879790701e-01 
25.600000 2.9023829444773408e-01 
25.800000 2.8270471967826516e-01 
26.000000 2.7509891350083654e-01 
26.200000 2.6743576670076141e-01 
26.400000 2.5973069234556856e-01 
26.600000 2.5199949695355728e-01 
26.800000 2.4425824462060555e-01 
27.000000 2.3652311661620684e-01 
27.200000 2.2881026909174498e-01 
27.400000 2.2113569158925286e-01 
27.600000 2.1351506899582309e-01 
27.800000 2.0596364946043055e-01 
28.000000 1.9849612058380575e-01 
28.200000 1.9112649591879274e-01 
28.400000 1.8386801349246223e-01 
28.600000 1.7673304769758499e-01 
28.800000 1.6973303551626306e-01 
29.000000 1.6287841764895863e-01 
29.200000 1.5617859474257309e-01 
29.400000 1.4964189855502855e-01 
29.600000 1.4327557757166370e-01 
29.800000 1.3708579630878676e-01 
30.000000 1.3107764730733715e-01 
30.200000 1.2525517463742922e-01 
30.400000 1.1962140760291361e-01 
30.600000 1.1417840325210493e-01 
30.800000 1.0892729626316267e-01 
31.000000 1.0386835477541011e-01 
31.200000 9.9001040775754334e-02 
31.400000 9.4324073716292769e-02 
31.600000 8.9835496129117426e-02 
31.800000 8.5532740111383898e-02 
32.000000 8.1412693672327938e-02 
32.200000 7.7471766059143021e-02 
32.400000 7.3705951306056713e-02 
32.600000 7.0110889376876193e-02 
32.800000 6.6681924392658978e-02 
33.000000 6.3414159550641502e-02 
33.200000 6.0302508446392428e-02 
33.400000 5.7341742607077591e-02 
33.600000 5.4526535129129458e-02 
33.800000 5.1851500388146621e-02 
34.000000 4.9311229852605873e-02 
34.200000 4.6900324086332754e-02 
34.400000 4.4613421068139106e-02 
34.600000 4.2445220991417044e-02 
34.800000 4.0390507732509191e-02 
35.000000 3.8444167195313912e-02 
35.200000 3.6601202751680648e-02 
35.400000 3.4856748003627758e-02 
35.600000 3.3206077095140070e-02 
35.800000 3.1644612799031149e-02 
36.000000 3.0167932598923041e-02 
36.200000 2.8771772978382230e-02 
36.400000 2.7452032119335470e-02 
36.600000 2.6204771200550762e-02 
36.800000 2.5026214474701321e-02 
37.000000 2.3912748289683570e-02 
37.200000 2.2860919206798905e-02 
37.400000 2.1867431355366469e-02 
37.600000 2.0929143150538444e-02 
37.800000 2.0043063488714881e-02 
38.000000 1.9206347523103143e-02 
38.200000 1.8416292110763371e-02 
38.400000 1.7670331011954140e-02 
38.600000 1.6966029912806459e-02 
38.800000 1.6301081333306433e-02 
39.000000 1.5673299474269303e-02 
39.200000 1.5080615049420841e-02 
39.400000 1.4521070141849775e-02 
39.600000 1.3992813117914851e-02 
39.800000 1.3494093626161498e-02 
40.000000 1.3023257703873024e-02 
40.200000 1.2578743009519163e-02 
40.400000 1.2159074195513096e-02 
40.600000 1.1762858432327964e-02 
40.800000 1.1388781092086683e-02 
41.000000 1.1035601597202989e-02 
41.200000 1.0702149437476943e-02 
41.400000 1.0387320357184626e-02 
41.600000 1.0090072712135158e-02 
41.800000 9.8094239953500466e-03 
42.000000 9.5444475289301351e-03 
42.200000 9.2942693187872110e-03 
42.400000 9.0580650681958454e-03 
42.600000 8.8350573455631288e-03 
42.800000 8.6245129013774822e-03 
43.000000 8.4257401289817742e-03 
43.200000 8.2380866635954099e-03 
43.400000 8.0609371138738537e-03 
43.600000 7.8937109202261539e-03 
43.800000 7.7358603341060161e-03 
44.000000 7.5868685125318452e-03 
44.200000 7.4462477221753798e-03 
44.400000 7.3135376474720683e-03 
44.600000 7.1883037973490306e-03 
44.800000 7.0701360053268287e-03 
45.000000 6.9586470179294228e-03 
45.200000 6.8534711665238987e-03 
45.400000 6.7542631179087877e-03 
45.600000 6.6606966991683645e-03 
45.800000 6.5724637925148226e-03 
46.000000 6.4892732960410340e-03 
46.200000 6.4108501465078146e-03 
46.400000 6.3369344004867998e-03 
46.600000 6.2672803703724255e-03 
46.800000 6.2016558119645741e-03 
47.000000 6.1398411605045168e-03 
47.200000 6.0816288122219585e-03 
47.400000 6.0268224486188801e-03 
47.600000 5.9752364008770096e-03 
47.800000 5.9266950519297253e-03 
48.000000 5.8810322738848224e-03 
48.200000 5.8380908986253657e-03 
48.400000 5.7977222195457452e-03 
48.600000 5.7597855225076907e-03 
48.800000 5.7241476442169044e-03 
49.000000 5.6906825563343968e-03 
49.200000 5.6592709737409231e-03 
49.400000 5.6297999854724792e-03 
49.600000 5.6021627069380653e-03 
49.800000 5.5762579521183150e-03 
50.000000 5.5519899245265536e-03 
50.200000 5.5292679257904504e-03 
50.400000 5.5080060807853526e-03 
50.600000 5.4881230783181316e-03 
50.800000 5.4695419264237854e-03 
51.000000 5.4521897213972072e-03 
51.200000 5.4359974297371631e-03 
51.400000 5.4208996822335048e-03 
51.600000 5.4068345794746637e-03 
51.800000 5.3937435081012194e-03 
52.000000 5.3815709671712810e-03 
52.200000 5.3702644040449056e-03 
52.400000 5.3597740592313823e-03 
52.600000 5.3500528196776800e-03 
52.800000 5.3410560800101169e-03 
53.000000 5.3327416112697928e-03 
53.200000 5.3250694367127111e-03 
53.400000 5.3180017142703860e-03 
53.600000 5.3115026252923744e-03 
53.800000 5.3055382692157229e-03 
54.000000 5.3000765638265088e-03 
54.200000 5.2950871508005912e-03 
54.400000 5.2905413062286138e-03 
54.600000 5.2864118558481410e-03 
54.800000 5.2826730947226081e-03 
55.000000 5.2793007111222208e-03 
55.200000 5.2762717143762837e-03 
55.400000 5.2735643664799910e-03 
55.600000 5.2711581172518894e-03 
55.800000 5.2690335428494869e-03 
56.000000 5.2671722874618448e-03 
56.200000 5.2655570080090723e-03 
56.400000 5.2641713216873415e-03 
56.600000 5.2629997562079782e-03 
56.800000 5.2620277025880961e-03 
57.000000 5.2612413703569047e-03 
57.200000 5.2606277450514627e-03 
57.400000 5.2601745478809882e-03 
57.600000 5.2598701974464670e-03 
57.800000 5.2597037734085335e-03 
58.000000 5.2596649820021686e-03 
58.200000 5.2597441233025854e-03 
58.400000 5.2599320601517657e-03 
58.600000 5.2602201886606534e-03 
58.800000 5.2606004102049081e-03 
59.000000 5.2610651048392004e-03 
59.200000 5.2616071060562737e-03 
59.400000 5.2622196768233312e-03 
59.600000 5.2628964868297904e-03 
59.800000 5.2636315908860930e-03 
60.000000 5.2644194084140701e-03 
60.200000 5.2652547039751044e-03 
60.400000 5.2661325687824662e-03 
60.600000 5.2670484031495570e-03 
60.800000 5.2679978998258475e-03 
61.000000 5.2689770281772264e-03 
61.200000 5.2699820191674752e-03 
61.400000 5.2710093511015013e-03 
61.600000 5.2720557360920964e-03 
61.800000 5.2731181072139827e-03 
62.000000 5.2741936063113795e-03 
62.200000 5.2752795724259919e-03 
62.400000 5.2763735308152945e-03 
62.600000 5.2774731825311555e-03 
62.800000 5.2785763945314397e-03 
63.000000 5.2796811902980694e-03 
63.200000 5.2807857409363154e-03 
63.400000 5.2818883567316973e-03 
63.600000 5.2829874791415704e-03 
63.800000 5.2840816732004593e-03 
64.000000 5.2851696203177695e-03 
64.200000 5.2862501114493976e-03 
64.400000 5.2873220406239865e-03 
64.600000 5.2883843988068809e-03 
64.800000 5.2894362680846463e-03 
65.000000 5.2904768161544120e-03 
65.200000 5.2915052911031053e-03 
65.400000 5.2925210164618888e-03 
65.600000 5.2935233865224422e-03 
65.800000 5.2945118619020888e-03 
66.000000 5.2954859653449480e-03 
66.200000 5.2964452777481061e-03 
66.400000 5.2973894344011865e-03 
66.600000 5.2983181214284539e-03 
66.800000 5.2992310724239737e-03 
67.000000 5.3001280652696867e-03 
67.200000 5.3010089191274142e-03 
67.400000 5.3018734915960142e-03 
67.600000 5.3027216760257343e-03 
67.800000 5.3035533989811501e-03 
68.000000 5.3043686178459223e-03 
68.200000 5.3051673185620781e-03 
68.400000 5.3059495134963547e-03 
68.600000 5.3067152394281640e-03 
68.800000 5.3074645556522634e-03 
69.000000 5.3081975421906151e-03 
69.200000 5.3089142981077751e-03 
69.400000 5.3096149399243968e-03 
69.600000 5.3102996001241709e-03 
69.800000 5.3109684257488078e-03 
70.000000 5.3116215770772574e-03 
70.200000 5.3122592263839990e-03 
70.400000 5.3128815567729977e-03 
70.600000 5.3134887610827774e-03 
70.800000 5.3140810408595137e-03 
71.000000 5.3146586053938764e-03 
71.200000 5.3152216708189171e-03 
71.400000 5.3157704592652127e-03 
71.600000 5.3163051980706488e-03 
71.800000 5.3168261190416500e-03 
72.000000 5.3173334577632106e-03 
72.200000 5.3178274529550552e-03 
72.400000 5.3183083458714564e-03 
72.600000 5.3187763797422436e-03 
72.800000 5.3192317992529639e-03 
73.000000 5.3196748500617414e-03 
73.200000 5.3201057783511356e-03 
73.400000 5.3205248304124602e-03 
73.600000 5.3209322522617250e-03 
73.800000 5.3213282892844837e-03 
74.000000 5.3217131859081765e-03 
74.200000 5.3220871853009808e-03 
74.400000 5.3224505290947102e-03 
74.600000 5.3228034571310492e-03 
74.800000 5.3231462072297611e-03 
75.000000 5.3234790149767749e-03 
75.200000 5.3238021135323110e-03 
75.400000 5.3241157334564491e-03 
75.600000 5.3244201025521038e-03 
75.800000 5.3247154457238067e-03 
76.000000 5.3250019848515920e-03 
76.200000 5.3252799386788452e-03 
76.400000 5.3255495227133506e-03 
76.600000 5.3258109491407532e-03 
76.800000 5.3260644267494701e-03 
77.000000 5.3263101608664780e-03 
77.200000 5.3265483533030122e-03 
77.400000 5.3267792023099928e-03 
77.600000 5.3270029025418632e-03 
77.800000 5.3272196450289185e-03 
78.000000 5.3274296171568645e-03 
78.200000 5.3276330026539509e-03 
78.400000 5.3278299815841430e-03 
78.600000 5.3280207303466045e-03 
78.800000 5.3282054216809609e-03 
79.000000 5.3283842246772935e-03 
79.200000 5.3285573047915733e-03 
79.400000 5.3287248238647169e-03 
79.600000 5.3288869401463563e-03 
79.800000 5.3290438083220685e-03 
80.000000 5.3291955795438089e-03 
80.200000 5.3293424014637858e-03 
80.400000 5.3294844182708847e-03 
80.600000 5.3296217707298234e-03 
80.800000 5.3297545962221644e-03 
81.000000 5.3298830287901626e-03 
81.200000 5.3300071991816602e-03 
81.400000 5.3301272348971083e-03 
81.600000 5.3302432602378149e-03 
81.800000 5.3303553963554764e-03 
82.000000 5.3304637613029345e-03 
82.200000 5.3305684700855581e-03 
82.400000 5.3306696347138628e-03 
82.600000 5.3307673642562772e-03 
82.800000 5.3308617648927751e-03 
83.000000 5.3309529399687061e-03 
83.200000 5.3310409900491629e-03 
83.400000 5.3311260129730812e-03 
83.600000 5.3312081039079470e-03 
83.800000 5.3312873554041389e-03 
84.000000 5.3313638574492353e-03 
84.200000 5.3314376975223676e-03 
84.400000 5.3315089606480364e-03 
84.600000 5.3315777294498570e-03 
84.800000 5.3316440842038158e-03 
85.000000 5.3317081028912599e-03 
85.200000 5.3317698612512874e-03 
85.400000 5.3318294328324944e-03 
85.600000 5.3318868890447346e-03 
85.800000 5.3319422992095956e-03 
86.000000 5.3319957306106535e-03 
86.200000 5.3320472485430363e-03 
86.400000 5.3320969163623859e-03 
86.600000 5.3321447955326671e-03 
86.800000 5.3321909456740257e-03 
87.000000 5.3322354246091216e-03 
87.200000 5.3322782884093764e-03 
87.400000 5.3323195914398262e-03 
87.600000 5.3323593864038126e-03 
87.800000 5.3323977243863833e-03 
88.000000 5.3324346548971890e-03 
88.200000 5.3324702259124994e-03 
88.400000 5.3325044839163506e-03 
88.600000 5.3325374739409620e-03 
88.800000 5.3325692396063527e-03 
89.000000 5.3325998231591176e-03 
89.200000 5.3326292655103144e-03 
89.400000 5.3326576062727388e-03 
89.600000 5.3326848837972540e-03 
89.800000 5.3327111352083380e-03 
90.000000 5.3327363964389106e-03 
90.200000 5.3327607022642066e-03 
90.400000 5.3327840863352160e-03 
90.600000 5.3328065812109351e-03 
90.800000 5.3328282183901536e-03 
91.000000 5.3328490283422693e-03 
91.200000 5.3328690405377186e-03 
91.400000 5.3328882834771611e-03 
91.600000 5.3329067847204276e-03 
91.800000 5.3329245709143880e-03 
92.000000 5.3329416678203900e-03 
92.200000 5.3329581003408125e-03 
92.400000 5.3329738925449932e-03 
92.600000 5.3329890676946726e-03 
92.800000 5.3330036482683012e-03 
93.000000 5.3330176559854168e-03 
93.200000 5.3330311118296343e-03 
93.400000 5.3330440360715731e-03 
93.600000 5.3330564482908741e-03 
93.800000 5.3330683673977952e-03 
94.000000 5.3330798116540774e-03 
94.200000 5.3330907986932569e-03 
94.400000 5.3331013455405751e-03 
94.600000 5.3331114686321788e-03 
94.800000 5.3331211838337734e-03 
95.000000 5.3331305064588134e-03 
95.200000 5.3331394512862824e-03 
95.400000 5.3331480325776708e-03 
95.600000 5.3331562640937715e-03 
95.800000 5.3331641591108777e-03 
96.000000 5.3331717304363983e-03 
96.200000 5.3331789904242539e-03 
96.400000 5.3331859509896254e-03 
96.600000 5.3331926236232837e-03 
96.800000 5.3331990194056675e-03 
97.000000 5.3332051490203175e-03 
97.200000 5.3332110227671484e-03 
97.400000 5.3332166505749932e-03 
97.600000 5.3332220420141893e-03 
97.800000 5.3332272063083700e-03 
98.000000 5.3332321523462175e-03 
98.200000 5.3332368886926905e-03 
98.400000 5.3332414235999570e-03 
98.600000 5.3332457650179382e-03 
98.800000 5.3332499206046099e-03 
99.000000 5.3332538977359659e-03 
99.200000 5.3332577035155749e-03 
99.400000 5.3332613447839910e-03 
99.600000 5.3332648281277295e-03 
99.800000 5.3332681598881639e-03 
100.000000 5.3332713461696803e-03 
100.200000 5.3332743928482746e-03 
100.400000 5.3332773055792459e-03 
100.600000 5.3332800898049319e-03 
100.800000 5.3332827507622691e-03 
101.000000 5.3332852934898627e-03 
101.200000 5.3332877228349958e-03 
101.400000 5.3332900434604072e-03 
101.600000 5.3332922598508699e-03 
101.800000 5.3332943763193183e-03 
102.000000 5.3332963970131294e-03 
102.200000 5.3332983259200654e-03 
102.400000 5.3333001668737102e-03 
102.600000 5.3333019235593969e-03 
102.800000 5.3333035995192166e-03 
103.000000 5.3333051981572822e-03 
103.200000 5.3333067227448192e-03 
103.400000 5.3333081764248107e-03 
103.600000 5.3333095622168682e-03 
103.800000 5.3333108830215178e-03 
104.000000 5.3333121416247378e-03 
104.200000 5.3333133407020691e-03 
104.400000 5.3333144828226426e-03 
104.600000 5.3333155704531872e-03 
104.800000 5.3333166059618331e-03 
105.000000 5.3333175916216880e-03 
105.200000 5.3333185296143837e-03 
105.400000 5.3333194220335283e-03 
105.600000 5.3333202708880281e-03 
105.800000 5.3333210781051884e-03 
106.000000 5.3333218455337899e-03 
106.200000 5.3333225749471287e-03 
106.400000 5.3333232680458685e-03 
106.600000 5.3333239264606322e-03 
106.800000 5.3333245517548436e-03 
107.000000 5.3333251454273237e-03 
107.200000 5.3333257089145302e-03 
107.400000 5.3333262435932647e-03 
107.600000 5.3333267507826333e-03 
107.800000 5.3333272317466086e-03 
108.000000 5.3333276876958912e-03 
108.200000 5.3333281197901561e-03 
108.400000 5.3333285291399298e-03 
108.600000 5.3333289168086377e-03 
108.800000 5.3333292838142199e-03 
109.000000 5.3333296311312475e-03 
109.200000 5.3333299596923468e-03 
109.400000 5.3333302703900106e-03 
109.600000 5.3333305640781148e-03 
109.800000 5.3333308415735052e-03 
110.000000 5.3333311036574569e-03 
110.200000 5.3333313510771302e-03 
110.400000 5.3333315845468547e-03 
110.600000 5.3333318047495198e-03 
110.800000 5.3333320123378752e-03 
111.000000 5.3333322079356831e-03 
111.200000 5.3333323921389173e-03 
111.400000 5.3333325655169237e-03 
111.600000 5.3333327286135077e-03 
111.800000 5.3333328819479085e-03 
112.000000 5.3333330260159541e-03 
112.200000 5.3333331612908808e-03 
112.400000 5.3333332882243359e-03 
112.600000 5.3333334072473903e-03 
112.800000 5.3333335187711051e-03 
113.000000 5.3333336231877228e-03 
113.200000 5.3333337208711674e-03 
113.400000 5.3333338121780323e-03 
113.600000 5.3333338974481045e-03 
113.800000 5.3333339770053048e-03 
114.000000 5.3333340511582039e-03 
114.200000 5.3333341202007351e-03 
114.400000 5.3333341844128100e-03 
114.600000 5.3333342440609922e-03 
114.800000 5.3333342993989053e-03 
115.000000 5.3333343506680037e-03 
115.200000 5.3333343980979647e-03 
115.400000 5.3333344419072212e-03 
115.600000 5.3333344823035551e-03 
115.800000 5.3333345194843933e-03 
116.000000 5.3333345536374461e-03 
116.200000 5.3333345849410222e-03 
116.400000 5.3333346135644756e-03 
116.600000 5.3333346396686751e-03 
116.800000 5.3333346634062296e-03 
117.000000 5.3333346849220534e-03 
117.200000 5.3333347043535411e-03 
117.400000 5.3333347218310762e-03 
117.600000 5.3333347374782134e-03 
117.800000 5.3333347514120657e-03 
118.000000 5.3333347637435644e-03 
118.200000 5.3333347745777747e-03 
118.400000 5.3333347840142098e-03 
118.600000 5.3333347921469517e-03 
118.800000 5.3333347990650315e-03 
119.000000 5.3333348048526883e-03 
119.200000 5.3333348095894574e-03 
119.400000 5.3333348133505652e-03 
119.600000 5.3333348162069617e-03 
119.800000 5.3333348182257037e-03 
120.000000 5.3333348194699601e-03 
120.200000 5.3333348199993795e-03 
120.400000 5.3333348198701591e-03 
120.600000 5.3333348191352105e-03 
120.800000 5.3333348178443499e-03 
121.000000 5.3333348160444737e-03 
121.200000 5.3333348137797124e-03 
121.400000 5.3333348110914626e-03 
121.600000 5.3333348080186358e-03 
121.800000 5.3333348045977863e-03 
122.000000 5.3333348008631001e-03 
122.200000 5.3333347968467235e-03 
122.400000 5.3333347925787313e-03 
122.600000 5.3333347880872095e-03 
122.800000 5.3333347833984749e-03 
123.000000 5.3333347785370737e-03 
123.200000 5.3333347735259277e-03 
123.400000 5.3333347683864000e-03 
123.600000 5.3333347631383740e-03 
123.800000 5.3333347578003393e-03 
124.000000 5.3333347523895104e-03 
124.200000 5.3333347469218398e-03 
124.400000 5.3333347414120909e-03 
124.600000 5.3333347358738865e-03 
124.800000 5.3333347303199238e-03 
125.000000 5.3333347247618238e-03 
125.200000 5.3333347192102568e-03 
125.400000 5.3333347136751133e-03 
125.600000 5.3333347081654277e-03 
125.800000 5.3333347026893940e-03 
126.000000 5.3333346972545843e-03 
126.200000 5.3333346918678333e-03 
126.400000 5.3333346865353159e-03 
126.600000 5.3333346812626144e-03 
126.800000 5.3333346760548175e-03 
127.000000 5.3333346709163966e-03 
127.200000 5.3333346658513640e-03 
127.400000 5.3333346608633071e-03 
127.600000 5.3333346559552852e-03 
127.800000 5.3333346511300643e-03 
128.000000 5.3333346463899887e-03 
128.200000 5.3333346417369807e-03 
128.400000 5.3333346371727958e-03 
128.600000 5.3333346326986924e-03 
128.800000 5.3333346283158320e-03 
129.000000 5.3333346240250438e-03 
129.200000 5.3333346198268603e-03 
129.400000 5.3333346157216207e-03 
129.600000 5.3333346117095384e-03 
129.800000 5.3333346077905266e-03 
130.000000 5.3333346039644179e-03 
130.200000 5.3333346002307821e-03 
130.400000 5.3333345965891239e-03 
130.600000 5.3333345930388311e-03 
130.800000 5.3333345895791046e-03 
131.000000 5.3333345862090209e-03 
131.200000 5.3333345829276960e-03 
131.400000 5.3333345797339764e-03 
131.600000 5.3333345766267068e-03 
131.800000 5.3333345736047170e-03 
132.000000 5.3333345706667000e-03 
132.200000 5.3333345678113269e-03 
132.400000 5.3333345650372049e-03 
132.600000 5.3333345623428653e-03 
132.800000 5.3333345597268867e-03 
133.000000 5.3333345571877511e-03 
133.200000 5.3333345547239407e-03 
133.400000 5.3333345523339168e-03 
133.600000 5.3333345500161475e-03 
133.800000 5.3333345477689946e-03 
134.000000 5.3333345455909573e-03 
134.200000 5.3333345434804407e-03 
134.400000 5.3333345414358505e-03 
134.600000 5.3333345394556029e-03 
134.800000 5.3333345375381619e-03 
135.000000 5.3333345356819609e-03 
135.200000 5.3333345338854501e-03 
135.400000 5.3333345321470767e-03 
135.600000 5.3333345304653326e-03 
135.800000 5.3333345288387275e-03 
136.000000 5.3333345272657626e-03 
136.200000 5.3333345257449436e-03 
136.400000 5.3333345242748921e-03 
136.600000 5.3333345228541362e-03 
136.800000 5.3333345214813099e-03 
137.000000 5.3333345201550314e-03 
137.200000 5.3333345188739242e-03 
137.400000 5.3333345176366656e-03 
137.600000 5.3333345164420076e-03 
137.800000 5.3333345152886324e-03 
138.000000 5.3333345141752999e-03 
138.200000 5.3333345131008096e-03 
138.400000 5.3333345120639940e-03 
138.600000 5.3333345110636162e-03 
138.800000 5.3333345100986009e-03 
139.000000 5.3333345091678176e-03 
139.200000 5.3333345082701893e-03 
139.400000 5.3333345074046950e-03 
139.600000 5.3333345065702479e-03 
139.800000 5.3333345057659182e-03 
140.000000 5.3333345049906902e-03 
140.200000 5.3333345042436090e-03 
140.400000 5.3333345035238254e-03 
140.600000 5.3333345028303602e-03 
140.800000 5.3333345021624205e-03 
141.000000 5.3333345015191096e-03 
141.200000 5.3333345008996277e-03 
141.400000 5.3333345003032029e-03 
141.600000 5.3333344997290380e-03 
141.800000 5.3333344991764410e-03 
142.000000 5.3333344986446320e-03 
142.200000 5.3333344981329267e-03 
142.400000 5.3333344976406990e-03 
142.600000 5.3333344971672391e-03 
142.800000 5.3333344967119506e-03 
143.000000 5.3333344962741905e-03 
143.200000 5.3333344958533839e-03 
143.400000 5.3333344954489834e-03 
143.600000 5.3333344950604079e-03 
143.800000 5.3333344946871510e-03 
144.000000 5.3333344943286955e-03 
144.200000 5.3333344939845619e-03 
144.400000 5.3333344936542671e-03 
144.600000 5.3333344933373392e-03 
144.800000 5.3333344930333671e-03 
145.000000 5.3333344927419179e-03 
145.200000 5.3333344924625693e-03 
145.400000 5.3333344921949544e-03 
145.600000 5.3333344919386559e-03 
145.800000 5.3333344916933279e-03 
146.000000 5.3333344914586155e-03 
146.200000 5.3333344912341310e-03 
146.400000 5.3333344910196038e-03 
146.600000 5.3333344908146800e-03 
146.800000 5.3333344906191281e-03 
147.000000 5.3333344904327286e-03 
147.200000 5.3333344902552916e-03 
147.400000 5.3333344900865255e-03 
147.600000 5.3333344899262336e-03 
147.800000 5.3333344897741166e-03 
148.000000 5.3333344896299498e-03 
148.200000 5.3333344894934799e-03 
148.400000 5.3333344893644156e-03 
148.600000 5.3333344892425305e-03 
148.800000 5.3333344891275756e-03 
149.000000 5.3333344890193323e-03 
149.200000 5.3333344889174910e-03 
149.400000 5.3333344888218609e-03 
149.600000 5.3333344887322148e-03 
149.800000 5.3333344886482602e-03 
