0.000000 2.6800242518611305e-02 
0.200000 2.6800689801437537e-02 
0.400000 2.6802468683075412e-02 
0.600000 2.6806372025608018e-02 
0.800000 2.6813099227728194e-02 
1.000000 2.6823252203491257e-02 
1.200000 2.6837364222114229e-02 
1.400000 2.6855898700925359e-02 
1.600000 2.6879252234453432e-02 
1.800000 2.6907819170921176e-02 
2.000000 2.6941952906367320e-02 
2.200000 2.6981983603083171e-02 
2.400000 2.7028215656843074e-02 
2.600000 2.7080930640195303e-02 
2.800000 2.7140393271677936e-02 
3.000000 2.7206849134700273e-02 
3.200000 2.7280533659734072e-02 
3.400000 2.7361704921518910e-02 
3.600000 2.7450574606792802e-02 
3.800000 2.7547344778437968e-02 
4.000000 2.7652208268128985e-02 
4.200000 2.7765354373438543e-02 
4.400000 2.7886970854270908e-02 
4.600000 2.8017242403746798e-02 
4.800000 2.8156358400295248e-02 
5.000000 2.8304509712043454e-02 
5.200000 2.8461891773654706e-02 
5.400000 2.8628705431289786e-02 
5.600000 2.8805155094655130e-02 
5.800000 2.8991453029159970e-02 
6.000000 2.9187817237680710e-02 
6.200000 2.9394473358058677e-02 
6.400000 2.9611653772656846e-02 
6.600000 2.9839597150604996e-02 
6.800000 3.0078551304697252e-02 
7.000000 3.0328773247220327e-02 
7.200000 3.0590529344665416e-02 
7.400000 3.0864097404061250e-02 
7.600000 3.1149765906523720e-02 
7.800000 3.1447835880313371e-02 
8.000000 3.1758621183133898e-02 
8.200000 3.2082448726915014e-02 
8.400000 3.2419659884078418e-02 
8.600000 3.2770610320434067e-02 
8.800000 3.3135671325254058e-02 
9.000000 3.3515230308076863e-02 
9.200000 3.3909691309802405e-02 
9.400000 3.4319476282315388e-02 
9.600000 3.4745025495694658e-02 
9.800000 3.5186798796185033e-02 
10.000000 3.5645276372261246e-02 
10.200000 3.6120959629714150e-02 
10.400000 3.6614372494078208e-02 
10.600000 3.7126062370273688e-02 
10.800000 3.7656601381226909e-02 
11.000000 3.8206587550769867e-02 
11.200000 3.8776645985500936e-02 
11.400000 3.9367430303669772e-02 
11.600000 3.9979623902734872e-02 
11.800000 4.0613941402269281e-02 
12.000000 4.1271130104844733e-02 
12.200000 4.1951971470282644e-02 
12.400000 4.2657282758349277e-02 
12.600000 4.3387918613114015e-02 
12.800000 4.4144772759189273e-02 
13.000000 4.4928779729890685e-02 
13.200000 4.5740916611250938e-02 
13.400000 4.6582204882915493e-02 
13.600000 4.7453712235728363e-02 
13.800000 4.8356554401499864e-02 
14.000000 4.9291897028567289e-02 
14.200000 5.0260957490549256e-02 
14.400000 5.1265006716695462e-02 
14.600000 5.2305370945160842e-02 
14.800000 5.3383433403288057e-02 
15.000000 5.4500635913465399e-02 
15.200000 5.5658480340090521e-02 
15.400000 5.6858529899653946e-02 
15.600000 5.8102410250049905e-02 
15.800000 5.9391810327509384e-02 
16.000000 6.0728482892212846e-02 
16.200000 6.2114244694286044e-02 
16.400000 6.3550976225668396e-02 
16.600000 6.5040620959930087e-02 
16.800000 6.6585184007300055e-02 
17.000000 6.8186730101985518e-02 
17.200000 6.9847380809567566e-02 
17.400000 7.1569310858632995e-02 
17.600000 7.3354743475962783e-02 
17.800000 7.5205944602099561e-02 
18.000000 7.7125215861355220e-02 
18.200000 7.9114886141074398e-02 
18.400000 8.1177301643363647e-02 
18.600000 8.3314814260623773e-02 
18.800000 8.5529768127214648e-02 
19.000000 8.7824484205219697e-02 
19.200000 9.0201242760475267e-02 
19.400000 9.2662263602165229e-02 
19.600000 9.5209683970024925e-02 
19.800000 9.7845533974861704e-02 
20.000000 1.0057170952778066e-01 
20.200000 1.0338994272430703e-01 
20.400000 1.0630176969508523e-01 
20.600000 1.0930849598598931e-01 
20.800000 1.1241115958724077e-01 
21.000000 1.1561049180316939e-01 
21.200000 1.1890687622722378e-01 
21.400000 1.2230030617255799e-01 
21.600000 1.2579034099879166e-01 
21.800000 1.2937606186870371e-01 
22.000000 1.3305602756772530e-01 
22.200000 1.3682823111373313e-01 
22.400000 1.4069005797819517e-01 
22.600000 1.4463824682457635e-01 
22.800000 1.4866885374179428e-01 
23.000000 1.5277722100766308e-01 
23.200000 1.5695795145083405e-01 
23.400000 1.6120488948869477e-01 
23.600000 1.6551110989666346e-01 
23.800000 1.6986891530747794e-01 
24.000000 1.7426984334599893e-01 
24.200000 1.7870468417233654e-01 
24.400000 1.8316350903488113e-01 
24.600000 1.8763571022630493e-01 
24.800000 1.9211005259319863e-01 
25.000000 1.9657473648024770e-01 
25.200000 2.0101747169971970e-01 
25.400000 2.0542556181672514e-01 
25.600000 2.0978599774133058e-01 
25.800000 2.1408555933199591e-01 
26.000000 2.1831092345398842e-01 
26.200000 2.2244877671307331e-01 
26.400000 2.2648593091000280e-01 
26.600000 2.3040943914421644e-01 
26.800000 2.3420671044190697e-01 
27.000000 2.3786562079783807e-01 
27.200000 2.4137461860192710e-01 
27.400000 2.4472282256719807e-01 
27.600000 2.4790011047909460e-01 
27.800000 2.5089719733770666e-01 
28.000000 2.5370570175334872e-01 
28.200000 2.5631819976920922e-01 
28.400000 2.5872826560950019e-01 
28.600000 2.6093049917473393e-01 
28.800000 2.6292054041551305e-01 
29.000000 2.6469507100212408e-01 
29.200000 2.6625180396092191e-01 
29.400000 2.6758946216366858e-01 
29.600000 2.6870774672874126e-01 
29.800000 2.6960729652170456e-01 
30.000000 2.7028964002746675e-01 
30.200000 2.7075714090904091e-01 
30.400000 2.7101293857235403e-01 
30.600000 2.7106088502689590e-01 
30.800000 2.7090547927354947e-01 
31.000000 2.7055180036911125e-01 
31.200000 2.7000544021734524e-01 
31.400000 2.6927243702431514e-01 
31.600000 2.6835921023616205e-01 
31.800000 2.6727249765495575e-01 
32.000000 2.6601929530649798e-01 
32.200000 2.6460680051636987e-01 
32.400000 2.6304235853946378e-01 
32.600000 2.6133341298571294e-01 
32.800000 2.5948746019207364e-01 
33.000000 2.5751200760862686e-01 
33.200000 2.5541453619556831e-01 
33.400000 2.5320246676737262e-01 
33.600000 2.5088313017062169e-01 
33.800000 2.4846374114195668e-01 
34.000000 2.4595137566166467e-01 
34.200000 2.4335295159584550e-01 
34.400000 2.4067521240469769e-01 
34.600000 2.3792471368550508e-01 
34.800000 2.3510781231540964e-01 
35.000000 2.3223065796002221e-01 
35.200000 2.2929918671870742e-01 
35.400000 2.2631911668500362e-01 
35.600000 2.2329594521064902e-01 
35.800000 2.2023494767324100e-01 
36.000000 2.1714117756032600e-01 
36.200000 2.1401946769611696e-01 
36.400000 2.1087443245080525e-01 
36.600000 2.0771047078611313e-01 
36.800000 2.0453177000429001e-01 
37.000000 2.0134231008075504e-01 
37.200000 1.9814586847310606e-01 
37.400000 1.9494602531097557e-01 
37.600000 1.9174616888228546e-01 
37.800000 1.8854950134166507e-01 
38.000000 1.8535904457624539e-01 
38.200000 1.8217764617266793e-01 
38.400000 1.7900798543694385e-01 
38.600000 1.7585257942589813e-01 
38.800000 1.7271378895520642e-01 
39.000000 1.6959382455471694e-01 
39.200000 1.6649475234670197e-01 
39.400000 1.6341849982709566e-01 
39.600000 1.6036686153361437e-01 
39.800000 1.5734150458800605e-01 
40.000000 1.5434397410256248e-01 
40.200000 1.5137569844352580e-01 
40.400000 1.4843799434613886e-01 
40.600000 1.4553207187788617e-01 
40.800000 1.4265903924800014e-01 
41.000000 1.3981990746255785e-01 
41.200000 1.3701559482554540e-01 
41.400000 1.3424693128712067e-01 
41.600000 1.3151466264099501e-01 
41.800000 1.2881945457339289e-01 
42.000000 1.2616189656650004e-01 
42.200000 1.2354250565959882e-01 
42.400000 1.2096173007137424e-01 
42.600000 1.1841995268699133e-01 
42.800000 1.1591749441369470e-01 
43.000000 1.1345461740872267e-01 
43.200000 1.1103152818333219e-01 
43.400000 1.0864838058675397e-01 
43.600000 1.0630527867382569e-01 
43.800000 1.0400227946001192e-01 
44.000000 1.0173939556744285e-01 
44.200000 9.9516597765522741e-02 
44.400000 9.7333817409570048e-02 
44.600000 9.5190948780850854e-02 
44.800000 9.3087851331276561e-02 
45.000000 9.1024351835936920e-02 
45.200000 8.9000246456539353e-02 
45.400000 8.7015302718730175e-02 
45.600000 8.5069261406180929e-02 
45.800000 8.3161838374229163e-02 
46.000000 8.1292726285779160e-02 
46.200000 7.9461596272074470e-02 
46.400000 7.7668099520881745e-02 
46.600000 7.5911868794545187e-02 
46.800000 7.4192519880288507e-02 
47.000000 7.2509652975085395e-02 
47.200000 7.0862854007334428e-02 
47.400000 6.9251695897518950e-02 
47.600000 6.7675739759970738e-02 
47.800000 6.6134536047792250e-02 
48.000000 6.4627625642930370e-02 
48.200000 6.3154540893356967e-02 
48.400000 6.1714806599234083e-02 
48.600000 6.0307940949909523e-02 
48.800000 5.8933456413525161e-02 
49.000000 5.7590860580986412e-02 
49.200000 5.6279656965976942e-02 
49.400000 5.4999345762667358e-02 
49.600000 5.3749424562723726e-02 
49.800000 5.2529389033169310e-02 
50.000000 5.1338733556613232e-02 
50.200000 5.0176951835323690e-02 
50.400000 4.9043537460571836e-02 
50.600000 4.7937984448638143e-02 
50.800000 4.6859787744830877e-02 
51.000000 4.5808443696829050e-02 
51.200000 4.4783450498618552e-02 
51.400000 4.3784308606257871e-02 
51.600000 4.2810521126666633e-02 
51.800000 4.1861594180598344e-02 
52.000000 4.0937037240918871e-02 
52.200000 4.0036363447273994e-02 
52.400000 3.9159089898203235e-02 
52.600000 3.8304737921711011e-02 
52.800000 3.7472833325281174e-02 
53.000000 3.6662906626281438e-02 
53.200000 3.5874493263675103e-02 
53.400000 3.5107133791925677e-02 
53.600000 3.4360374057943621e-02 
53.800000 3.3633765361900332e-02 
54.000000 3.2926864602699300e-02 
54.200000 3.2239234408867230e-02 
54.400000 3.1570443255598421e-02 
54.600000 3.0920065568659821e-02 
54.800000 3.0287681815831750e-02 
55.000000 2.9672878586539018e-02 
55.200000 2.9075248660296812e-02 
55.400000 2.8494391064572650e-02 
55.600000 2.7929911122640518e-02 
55.800000 2.7381420491979776e-02 
56.000000 2.6848537193749057e-02 
56.200000 2.6330885633841467e-02 
56.400000 2.5828096616008149e-02 
56.600000 2.5339807347514759e-02 
56.800000 2.4865661437775667e-02 
57.000000 2.4405308890390689e-02 
57.200000 2.3958406088991711e-02 
57.400000 2.3524615777288364e-02 
57.600000 2.3103607033680387e-02 
57.800000 2.2695055240795636e-02 
58.000000 2.2298642050286244e-02 
58.200000 2.1914055343209692e-02 
58.400000 2.1540989186298688e-02 
58.600000 2.1179143784413646e-02 
58.800000 2.0828225429457413e-02 
59.000000 2.0487946446015613e-02 
59.200000 2.0158025133976586e-02 
59.400000 1.9838185708371082e-02 
59.600000 1.9528158236659824e-02 
59.800000 1.9227678573685587e-02 
60.000000 1.8936488294496970e-02 
60.200000 1.8654334625239487e-02 
60.400000 1.8380970372299448e-02 
60.600000 1.8116153849877609e-02 
60.800000 1.7859648806158958e-02 
61.000000 1.7611224348238776e-02 
61.200000 1.7370654865953128e-02 
61.400000 1.7137719954757592e-02 
61.600000 1.6912204337788291e-02 
61.800000 1.6693897787231311e-02 
62.000000 1.6482595045124494e-02 
62.200000 1.6278095743698588e-02 
62.400000 1.6080204325372903e-02 
62.600000 1.5888729962500986e-02 
62.800000 1.5703486476963284e-02 
63.000000 1.5524292259697633e-02 
63.200000 1.5350970190251346e-02 
63.400000 1.5183347556433959e-02 
63.600000 1.5021255974146682e-02 
63.800000 1.4864531307456803e-02 
64.000000 1.4713013588985160e-02 
64.200000 1.4566546940665821e-02 
64.400000 1.4424979494937524e-02 
64.600000 1.4288163316419284e-02 
64.800000 1.4155954324121733e-02 
65.000000 1.4028212214239331e-02 
65.200000 1.3904800383568363e-02 
65.400000 1.3785585853590247e-02 
65.600000 1.3670439195257626e-02 
65.800000 1.3559234454518282e-02 
66.000000 1.3451849078607908e-02 
66.200000 1.3348163843141509e-02 
66.400000 1.3248062780030189e-02 
66.600000 1.3151433106247851e-02 
66.800000 1.3058165153469687e-02 
67.000000 1.2968152298603189e-02 
67.200000 1.2881290895229597e-02 
67.400000 1.2797480205971781e-02 
67.600000 1.2716622335803529e-02 
67.800000 1.2638622166312719e-02 
68.000000 1.2563387290929189e-02 
68.200000 1.2490827951127362e-02 
68.400000 1.2420856973611876e-02 
68.600000 1.2353389708491655e-02 
68.800000 1.2288343968449552e-02 
69.000000 1.2225639968910578e-02 
69.200000 1.2165200269211680e-02 
69.400000 1.2106949714775474e-02 
69.600000 1.2050815380287908e-02 
69.800000 1.1996726513880798e-02 
70.000000 1.1944614482316460e-02 
70.200000 1.1894412717173878e-02 
70.400000 1.1846056662032386e-02 
70.600000 1.1799483720649706e-02 
70.800000 1.1754633206129921e-02 
71.000000 1.1711446291075799e-02 
71.200000 1.1669865958719959e-02 
71.400000 1.1629836955028547e-02 
71.600000 1.1591305741770010e-02 
71.800000 1.1554220450541722e-02 
72.000000 1.1518530837746189e-02 
72.200000 1.1484188240508744e-02 
72.400000 1.1451145533526916e-02 
72.600000 1.1419357086843036e-02 
72.800000 1.1388778724529734e-02 
73.000000 1.1359367684278230e-02 
73.200000 1.1331082577879445e-02 
73.400000 1.1303883352586776e-02 
73.600000 1.1277731253349623e-02 
73.800000 1.1252588785906611e-02 
74.000000 1.1228419680727249e-02 
74.200000 1.1205188857789391e-02 
74.400000 1.1182862392182467e-02 
74.600000 1.1161407480522462e-02 
74.800000 1.1140792408168147e-02 
75.000000 1.1120986517225614e-02 
75.200000 1.1101960175328695e-02 
75.400000 1.1083684745183229e-02 
75.600000 1.1066132554862726e-02 
75.800000 1.1049276868842162e-02 
76.000000 1.1033091859758379e-02 
76.200000 1.1017552580883898e-02 
76.400000 1.1002634939301509e-02 
76.600000 1.0988315669766973e-02 
76.800000 1.0974572309248106e-02 
77.000000 1.0961383172126141e-02 
77.200000 1.0948727326048594e-02 
77.400000 1.0936584568419559e-02 
77.600000 1.0924935403515721e-02 
77.800000 1.0913761020216418e-02 
78.000000 1.0903043270333890e-02 
78.200000 1.0892764647532815e-02 
78.400000 1.0882908266826315e-02 
78.600000 1.0873457844636740e-02 
78.800000 1.0864397679409232e-02 
79.000000 1.0855712632765583e-02 
79.200000 1.0847388111188369e-02 
79.400000 1.0839410048221405e-02 
79.600000 1.0831764887177414e-02 
79.800000 1.0824439564339396e-02 
80.000000 1.0817421492646377e-02 
80.200000 1.0810698545851262e-02 
80.400000 1.0804259043139986e-02 
80.600000 1.0798091734201938e-02 
80.800000 1.0792185784739818e-02 
81.000000 1.0786530762409451e-02 
81.200000 1.0781116623178771e-02 
81.400000 1.0775933698095824e-02 
81.600000 1.0770972680455555e-02 
81.800000 1.0766224613355656e-02 
82.000000 1.0761680877632329e-02 
82.200000 1.0757333180165047e-02 
82.400000 1.0753173542542210e-02 
82.600000 1.0749194290077809e-02 
82.800000 1.0745388041169939e-02 
83.000000 1.0741747696992762e-02 
83.200000 1.0738266431512499e-02 
83.400000 1.0734937681819398e-02 
83.600000 1.0731755138767021e-02 
83.800000 1.0728712737910087e-02 
84.000000 1.0725804650734300e-02 
84.200000 1.0723025276167608e-02 
84.400000 1.0720369232368396e-02 
84.600000 1.0717831348779631e-02 
84.800000 1.0715406658444089e-02 
85.000000 1.0713090390571814e-02 
85.200000 1.0710877963353616e-02 
85.400000 1.0708764977012330e-02 
85.600000 1.0706747207086909e-02 
85.800000 1.0704820597940562e-02 
86.000000 1.0702981256487767e-02 
86.200000 1.0701225446133351e-02 
86.400000 1.0699549580917320e-02 
86.600000 1.0697950219859427e-02 
86.800000 1.0696424061497326e-02 
87.000000 1.0694967938612779e-02 
87.200000 1.0693578813140177e-02 
87.400000 1.0692253771251457e-02 
87.600000 1.0690990018612408e-02 
87.800000 1.0689784875805245e-02 
88.000000 1.0688635773911529e-02 
88.200000 1.0687540250251509e-02 
88.400000 1.0686495944273813e-02 
88.600000 1.0685500593592176e-02 
88.800000 1.0684552030162513e-02 
89.000000 1.0683648176598589e-02 
89.200000 1.0682787042619112e-02 
89.400000 1.0681966721623729e-02 
89.600000 1.0681185387393422e-02 
89.800000 1.0680441290910794e-02 
90.000000 1.0679732757296825e-02 
90.200000 1.0679058182859939e-02 
90.400000 1.0678416032254090e-02 
90.600000 1.0677804835741543e-02 
90.800000 1.0677223186557630e-02 
91.000000 1.0676669738373388e-02 
91.200000 1.0676143202853549e-02 
91.400000 1.0675642347305834e-02 
91.600000 1.0675165992418642e-02 
91.800000 1.0674713010084953e-02 
92.000000 1.0674282321308013e-02 
92.200000 1.0673872894187392e-02 
92.400000 1.0673483741981623e-02 
92.600000 1.0673113921245153e-02 
92.800000 1.0672762530037476e-02 
93.000000 1.0672428706200502e-02 
93.200000 1.0672111625703661e-02 
93.400000 1.0671810501052580e-02 
93.600000 1.0671524579760349e-02 
93.800000 1.0671253142878203e-02 
94.000000 1.0670995503584345e-02 
94.200000 1.0670751005828014e-02 
94.400000 1.0670519023027276e-02 
94.600000 1.0670298956818425e-02 
94.800000 1.0670090235855424e-02 
95.000000 1.0669892314656681e-02 
95.200000 1.0669704672498640e-02 
95.400000 1.0669526812353274e-02 
95.600000 1.0669358259868924e-02 
95.800000 1.0669198562391815e-02 
96.000000 1.0669047288027689e-02 
96.200000 1.0668904024741311e-02 
96.400000 1.0668768379492821e-02 
96.600000 1.0668639977409551e-02 
96.800000 1.0668518460991523e-02 
97.000000 1.0668403489350078e-02 
97.200000 1.0668294737477610e-02 
97.400000 1.0668191895547777e-02 
97.600000 1.0668094668244407e-02 
97.800000 1.0668002774119140e-02 
98.000000 1.0667915944974952e-02 
98.200000 1.0667833925276175e-02 
98.400000 1.0667756471583160e-02 
98.600000 1.0667683352010758e-02 
98.800000 1.0667614345709585e-02 
99.000000 1.0667549242369312e-02 
99.200000 1.0667487841743362e-02 
99.400000 1.0667429953193560e-02 
99.600000 1.0667375395254168e-02 
99.800000 1.0667323995214971e-02 
100.000000 1.0667275588722195e-02 
100.200000 1.0667230019396194e-02 
100.400000 1.0667187138466464e-02 
100.600000 1.0667146804421594e-02 
100.800000 1.0667108882675193e-02 
101.000000 1.0667073245245948e-02 
101.200000 1.0667039770451867e-02 
101.400000 1.0667008342617473e-02 
101.600000 1.0666978851794871e-02 
101.800000 1.0666951193495830e-02 
102.000000 1.0666925268436838e-02 
102.200000 1.0666900982294430e-02 
102.400000 1.0666878245472486e-02 
102.600000 1.0666856972878858e-02 
102.800000 1.0666837083712593e-02 
103.000000 1.0666818501260472e-02 
103.200000 1.0666801152702819e-02 
103.400000 1.0666784968927777e-02 
103.600000 1.0666769884354284e-02 
103.800000 1.0666755836762763e-02 
104.000000 1.0666742767133823e-02 
104.200000 1.0666730619493983e-02 
104.400000 1.0666719340768488e-02 
104.600000 1.0666708880641038e-02 
104.800000 1.0666699191419857e-02 
105.000000 1.0666690227909725e-02 
105.200000 1.0666681947290164e-02 
105.400000 1.0666674308999115e-02 
105.600000 1.0666667274622042e-02 
105.800000 1.0666660807786223e-02 
106.000000 1.0666654874059697e-02 
106.200000 1.0666649440855408e-02 
106.400000 1.0666644477339482e-02 
106.600000 1.0666639954343679e-02 
106.800000 1.0666635844282473e-02 
107.000000 1.0666632121073478e-02 
107.200000 1.0666628760062000e-02 
107.400000 1.0666625737949168e-02 
107.600000 1.0666623032723099e-02 
107.800000 1.0666620623593692e-02 
108.000000 1.0666618490930715e-02 
108.200000 1.0666616616204124e-02 
108.400000 1.0666614981928084e-02 
108.600000 1.0666613571607093e-02 
108.800000 1.0666612369685125e-02 
109.000000 1.0666611361496705e-02 
109.200000 1.0666610533221113e-02 
109.400000 1.0666609871837924e-02 
109.600000 1.0666609365085520e-02 
109.800000 1.0666609001421138e-02 
110.000000 1.0666608769983125e-02 
110.200000 1.0666608660554692e-02 
110.400000 1.0666608663530003e-02 
110.600000 1.0666608769881514e-02 
110.800000 1.0666608971129067e-02 
111.000000 1.0666609259310556e-02 
111.200000 1.0666609626953955e-02 
111.400000 1.0666610067050835e-02 
111.600000 1.0666610573031169e-02 
111.800000 1.0666611138739492e-02 
112.000000 1.0666611758412006e-02 
112.200000 1.0666612426655205e-02 
112.400000 1.0666613138425348e-02 
112.600000 1.0666613889008922e-02 
112.800000 1.0666614674004342e-02 
113.000000 1.0666615489304416e-02 
113.200000 1.0666616331079759e-02 
113.400000 1.0666617195762980e-02 
113.600000 1.0666618080033751e-02 
113.800000 1.0666618980804871e-02 
114.000000 1.0666619895208628e-02 
114.200000 1.0666620820584024e-02 
114.400000 1.0666621754465073e-02 
114.600000 1.0666622694568945e-02 
114.800000 1.0666623638785474e-02 
115.000000 1.0666624585166776e-02 
115.200000 1.0666625531917570e-02 
115.400000 1.0666626477386070e-02 
115.600000 1.0666627420055154e-02 
115.800000 1.0666628358534233e-02 
116.000000 1.0666629291551551e-02 
116.200000 1.0666630217946543e-02 
116.400000 1.0666631136663385e-02 
116.600000 1.0666632046743715e-02 
116.800000 1.0666632947321142e-02 
117.000000 1.0666633837614807e-02 
117.200000 1.0666634716924178e-02 
117.400000 1.0666635584623690e-02 
117.600000 1.0666636440157730e-02 
117.800000 1.0666637283036113e-02 
118.000000 1.0666638112829500e-02 
118.200000 1.0666638929165454e-02 
118.400000 1.0666639731724315e-02 
118.600000 1.0666640520235627e-02 
118.800000 1.0666641294474616e-02 
119.000000 1.0666642054258924e-02 
119.200000 1.0666642799445483e-02 
119.400000 1.0666643529927614e-02 
119.600000 1.0666644245632358e-02 
119.800000 1.0666644946517770e-02 
120.000000 1.0666645632570632e-02 
120.200000 1.0666646303804095e-02 
120.400000 1.0666646960255544e-02 
120.600000 1.0666647601984682e-02 
120.800000 1.0666648229071506e-02 
121.000000 1.0666648841614550e-02 
121.200000 1.0666649439729382e-02 
121.400000 1.0666650023546937e-02 
121.600000 1.0666650593212005e-02 
121.800000 1.0666651148882008e-02 
122.000000 1.0666651690725511e-02 
122.200000 1.0666652218921345e-02 
122.400000 1.0666652733657279e-02 
122.600000 1.0666653235128908e-02 
122.800000 1.0666653723538956e-02 
123.000000 1.0666654199096098e-02 
123.200000 1.0666654662014264e-02 
123.400000 1.0666655112511915e-02 
123.600000 1.0666655550811040e-02 
123.800000 1.0666655977136856e-02 
124.000000 1.0666656391716834e-02 
124.200000 1.0666656794780398e-02 
124.400000 1.0666657186558303e-02 
124.600000 1.0666657567281940e-02 
124.800000 1.0666657937183069e-02 
125.000000 1.0666658296493570e-02 
125.200000 1.0666658645444652e-02 
125.400000 1.0666658984266745e-02 
125.600000 1.0666659313189152e-02 
125.800000 1.0666659632439734e-02 
126.000000 1.0666659942244651e-02 
126.200000 1.0666660242828011e-02 
126.400000 1.0666660534411765e-02 
126.600000 1.0666660817215611e-02 
126.800000 1.0666661091456402e-02 
127.000000 1.0666661357348471e-02 
127.200000 1.0666661615103254e-02 
127.400000 1.0666661864928997e-02 
127.600000 1.0666662107031096e-02 
127.800000 1.0666662341611462e-02 
128.000000 1.0666662568868827e-02 
128.200000 1.0666662788998551e-02 
128.400000 1.0666663002192447e-02 
128.600000 1.0666663208638964e-02 
128.800000 1.0666663408522924e-02 
129.000000 1.0666663602025643e-02 
129.200000 1.0666663789324741e-02 
129.400000 1.0666663970594317e-02 
129.600000 1.0666664146004860e-02 
129.800000 1.0666664315723206e-02 
130.000000 1.0666664479912602e-02 
130.200000 1.0666664638732703e-02 
130.400000 1.0666664792339490e-02 
130.600000 1.0666664940885546e-02 
130.800000 1.0666665084519763e-02 
131.000000 1.0666665223387559e-02 
131.200000 1.0666665357630991e-02 
131.400000 1.0666665487388529e-02 
131.600000 1.0666665612795260e-02 
131.800000 1.0666665733983036e-02 
132.000000 1.0666665851080302e-02 
132.200000 1.0666665964212122e-02 
132.400000 1.0666666073500598e-02 
132.600000 1.0666666179064369e-02 
132.800000 1.0666666281019239e-02 
133.000000 1.0666666379477734e-02 
133.200000 1.0666666474549441e-02 
133.400000 1.0666666566340867e-02 
133.600000 1.0666666654955987e-02 
133.800000 1.0666666740495320e-02 
134.000000 1.0666666823057159e-02 
134.200000 1.0666666902736745e-02 
134.400000 1.0666666979626654e-02 
134.600000 1.0666667053816921e-02 
134.800000 1.0666667125395012e-02 
135.000000 1.0666667194445735e-02 
135.200000 1.0666667261051654e-02 
135.400000 1.0666667325292714e-02 
135.600000 1.0666667387246654e-02 
135.800000 1.0666667446988803e-02 
136.000000 1.0666667504592362e-02 
136.200000 1.0666667560128310e-02 
136.400000 1.0666667613665333e-02 
136.600000 1.0666667665270316e-02 
136.800000 1.0666667715007858e-02 
137.000000 1.0666667762940694e-02 
137.200000 1.0666667809129643e-02 
137.400000 1.0666667853633580e-02 
137.600000 1.0666667896509604e-02 
137.800000 1.0666667937812959e-02 
138.000000 1.0666667977597235e-02 
138.200000 1.0666668015914231e-02 
138.400000 1.0666668052814205e-02 
138.600000 1.0666668088345658e-02 
138.800000 1.0666668122555695e-02 
139.000000 1.0666668155489882e-02 
139.200000 1.0666668187192176e-02 
139.400000 1.0666668217705240e-02 
139.600000 1.0666668247070247e-02 
139.800000 1.0666668275327080e-02 
140.000000 1.0666668302514271e-02 
140.200000 1.0666668328669117e-02 
140.400000 1.0666668353827626e-02 
140.600000 1.0666668378024512e-02 
140.800000 1.0666668401293459e-02 
141.000000 1.0666668423667057e-02 
141.200000 1.0666668445176521e-02 
141.400000 1.0666668465852323e-02 
141.600000 1.0666668485723630e-02 
141.800000 1.0666668504818694e-02 
142.000000 1.0666668523164852e-02 
142.200000 1.0666668540788347e-02 
142.400000 1.0666668557714584e-02 
142.600000 1.0666668573968053e-02 
142.800000 1.0666668589572338e-02 
143.000000 1.0666668604550169e-02 
143.200000 1.0666668618923569e-02 
143.400000 1.0666668632713686e-02 
143.600000 1.0666668645940893e-02 
143.800000 1.0666668658624907e-02 
144.000000 1.0666668670784637e-02 
144.200000 1.0666668682438322e-02 
144.400000 1.0666668693603368e-02 
144.600000 1.0666668704296535e-02 
144.800000 1.0666668714533790e-02 
145.000000 1.0666668724330763e-02 
145.200000 1.0666668733702185e-02 
145.400000 1.0666668742662403e-02 
145.600000 1.0666668751225379e-02 
145.800000 1.0666668759404354e-02 
146.000000 1.0666668767212242e-02 
146.200000 1.0666668774661539e-02 
146.400000 1.0666668781764255e-02 
146.600000 1.0666668788532101e-02 
146.800000 1.0666668794976348e-02 
147.000000 1.0666668801106649e-02 
147.200000 1.0666668806929696e-02 
147.400000 1.0666668812453563e-02 
147.600000 1.0666668817686444e-02 
147.800000 1.0666668822636872e-02 
148.000000 1.0666668827313685e-02 
148.200000 1.0666668831725576e-02 
148.400000 1.0666668835881635e-02 
148.600000 1.0666668839790843e-02 
148.800000 1.0666668843462266e-02 
149.000000 1.0666668846904852e-02 
149.200000 1.0666668850127719e-02 
149.400000 1.0666668853139539e-02 
149.600000 1.0666668855949192e-02 
149.800000 1.0666668858565296e-02 
