0.000000 2.6800105214521450e-02 
0.200000 2.6800213467501968e-02 
0.400000 2.6800982981238904e-02 
0.600000 2.6803285542551403e-02 
0.800000 2.6807892209790872e-02 
1.000000 2.6815477915211730e-02 
1.200000 2.6826635079837138e-02 
1.400000 2.6841870068048359e-02 
1.600000 2.6861627972787870e-02 
1.800000 2.6886305184137579e-02 
2.000000 2.6916285581201668e-02 
2.200000 2.6951921907270540e-02 
2.400000 2.6993531946235078e-02 
2.600000 2.7041414553803593e-02 
2.800000 2.7095847568858581e-02 
3.000000 2.7157090378709007e-02 
3.200000 2.7225388871079479e-02 
3.400000 2.7300980251658537e-02 
3.600000 2.7384112826097106e-02 
3.800000 2.7474997589495533e-02 
4.000000 2.7573831845923824e-02 
4.200000 2.7680809322186618e-02 
4.400000 2.7796115705777221e-02 
4.600000 2.7919938050851439e-02 
4.800000 2.8052464409258092e-02 
5.000000 2.8193882610694058e-02 
5.200000 2.8344386159606220e-02 
5.400000 2.8504169984627192e-02 
5.600000 2.8673435883321809e-02 
5.800000 2.8852391543170552e-02 
6.000000 2.9041249533225014e-02 
6.200000 2.9240230706052073e-02 
6.400000 2.9449561345536793e-02 
6.600000 2.9669475469469599e-02 
6.800000 2.9900214772096648e-02 
7.000000 3.0142028531707978e-02 
7.200000 3.0395176228932026e-02 
7.400000 3.0659927144717523e-02 
7.600000 3.0936561696746724e-02 
7.800000 3.1225371915303758e-02 
8.000000 3.1526661604825187e-02 
8.200000 3.1840747962258338e-02 
8.400000 3.2167961566450104e-02 
8.600000 3.2508647309851910e-02 
8.800000 3.2863165020653042e-02 
9.000000 3.3231889800570943e-02 
9.200000 3.3615213255926965e-02 
9.400000 3.4013543937997368e-02 
9.600000 3.4427308346966327e-02 
9.800000 3.4856951786703019e-02 
10.000000 3.5302939061831920e-02 
10.200000 3.5765755678490573e-02 
10.400000 3.6245908766659916e-02 
10.600000 3.6743928046508112e-02 
10.800000 3.7260367160041226e-02 
11.000000 3.7795804634926961e-02 
11.200000 3.8350845273532497e-02 
11.400000 3.8926121363860693e-02 
11.600000 3.9522293930565923e-02 
11.800000 4.0140054211860995e-02 
12.000000 4.0780124965469372e-02 
12.200000 4.1443262039496415e-02 
12.400000 4.2130255877481183e-02 
12.600000 4.2841933072057796e-02 
12.800000 4.3579158065866493e-02 
13.000000 4.4342834780221781e-02 
13.200000 4.5133908406806179e-02 
13.400000 4.5953367168674063e-02 
13.600000 4.6802244113789630e-02 
13.800000 4.7681618982974253e-02 
14.000000 4.8592620036232229e-02 
14.200000 4.9536425909489125e-02 
14.400000 5.0514267443371896e-02 
14.600000 5.1527429470823387e-02 
14.800000 5.2577252579648681e-02 
15.000000 5.3665134767779760e-02 
15.200000 5.4792533009633528e-02 
15.400000 5.5960964680645549e-02 
15.600000 5.7172008800793282e-02 
15.800000 5.8427307078342233e-02 
16.000000 5.9728564673874163e-02 
16.200000 6.1077550654180357e-02 
16.400000 6.2476098064791444e-02 
16.600000 6.3926103551176838e-02 
16.800000 6.5429526466085769e-02 
17.000000 6.6988387363442162e-02 
17.200000 6.8604765793019773e-02 
17.400000 7.0280797301980308e-02 
17.600000 7.2018669520421602e-02 
17.800000 7.3820617228365012e-02 
18.000000 7.5688916267827991e-02 
18.200000 7.7625876170808017e-02 
18.400000 7.9633831367869876e-02 
18.600000 8.1715130825973384e-02 
18.800000 8.3872125976991632e-02 
19.000000 8.6107156784004560e-02 
19.200000 8.8422535803072411e-02 
19.400000 9.0820530104928160e-02 
19.600000 9.3303340925982040e-02 
19.800000 9.5873080943073383e-02 
20.000000 9.8531749081009617e-02 
20.200000 1.0128120279567754e-01 
20.400000 1.0412312781207249e-01 
20.600000 1.0705900533836483e-01 
20.800000 1.1009007683366563e-01 
21.000000 1.1321730646677874e-01 
21.200000 1.1644134147414130e-01 
21.400000 1.1976247070434325e-01 
21.600000 1.2318058172041627e-01 
21.800000 1.2669511692444232e-01 
22.000000 1.3030502926348939e-01 
22.200000 1.3400873817320541e-01 
22.400000 1.3780408651185111e-01 
22.600000 1.4168829932748783e-01 
22.800000 1.4565794538416754e-01 
23.000000 1.4970890244138754e-01 
23.200000 1.5383632733212452e-01 
23.400000 1.5803463191354378e-01 
23.600000 1.6229746596498171e-01 
23.800000 1.6661770807771809e-01 
24.000000 1.7098746551553515e-01 
24.200000 1.7539808392130560e-01 
24.400000 1.7984016760308738e-01 
24.600000 1.8430361095167430e-01 
24.800000 1.8877764132423588e-01 
25.000000 1.9325087347885450e-01 
25.200000 1.9771137536857661e-01 
25.400000 2.0214674481034164e-01 
25.600000 2.0654419624259962e-01 
25.800000 2.1089065648820535e-01 
26.000000 2.1517286815800973e-01 
26.200000 2.1937749907788606e-01 
26.400000 2.2349125591013927e-01 
26.600000 2.2750099997915893e-01 
26.800000 2.3139386320982167e-01 
27.000000 2.3515736205083854e-01 
27.200000 2.3877950728664832e-01 
27.400000 2.4224890773979077e-01 
27.600000 2.4555486602671095e-01 
27.800000 2.4868746474646650e-01 
28.000000 2.5163764174409869e-01 
28.200000 2.5439725338663394e-01 
28.400000 2.5695912510724056e-01 
28.600000 2.5931708879854648e-01 
28.800000 2.6146600695704347e-01 
29.000000 2.6340178378512535e-01 
29.200000 2.6512136373580258e-01 
29.400000 2.6662271822956501e-01 
29.600000 2.6790482147754119e-01 
29.800000 2.6896761650681489e-01 
30.000000 2.6981197260103457e-01 
30.200000 2.7043963544334870e-01 
30.400000 2.7085317128137859e-01 
30.600000 2.7105590642923844e-01 
30.800000 2.7105186338415937e-01 
31.000000 2.7084569477039494e-01 
31.200000 2.7044261623610816e-01 
31.400000 2.6984833932570873e-01 
31.600000 2.6906900523559923e-01 
31.800000 2.6811112024057260e-01 
32.000000 2.6698149345538752e-01 
32.200000 2.6568717747512183e-01 
32.400000 2.6423541232170167e-01 
32.600000 2.6263357301498125e-01 
32.800000 2.6088912098662953e-01 
33.000000 2.5900955946497911e-01 
33.200000 2.5700239287967108e-01 
33.400000 2.5487509026642852e-01 
33.600000 2.5263505259471986e-01 
33.800000 2.5028958389367634e-01 
34.000000 2.4784586601402939e-01 
34.200000 2.4531093683515726e-01 
34.400000 2.4269167170555300e-01 
34.600000 2.3999476789143942e-01 
34.800000 2.3722673180074258e-01 
35.000000 2.3439386874733595e-01 
35.200000 2.3150227502250767e-01 
35.400000 2.2855783204615251e-01 
35.600000 2.2556620237849884e-01 
35.800000 2.2253282738364480e-01 
36.000000 2.1946292634804915e-01 
36.200000 2.1636149687015091e-01 
36.400000 2.1323331635076545e-01 
36.600000 2.1008294442770181e-01 
36.800000 2.0691472621173360e-01 
37.000000 2.0373279619442938e-01 
37.200000 2.0054108271131971e-01 
37.400000 1.9734331285613152e-01 
37.600000 1.9414301775346970e-01 
37.800000 1.9094353810815712e-01 
38.000000 1.8774802995945350e-01 
38.200000 1.8455947057765726e-01 
38.400000 1.8138066444894071e-01 
38.600000 1.7821424930195637e-01 
38.800000 1.7506270213658093e-01 
39.000000 1.7192834522133221e-01 
39.200000 1.6881335203143449e-01 
39.400000 1.6571975310437723e-01 
39.600000 1.6264944179402838e-01 
39.800000 1.5960417990810238e-01 
40.000000 1.5658560321699094e-01 
40.200000 1.5359522682477481e-01 
40.400000 1.5063445039559811e-01 
40.600000 1.4770456323066061e-01 
40.800000 1.4480674919276743e-01 
41.000000 1.4194209147686446e-01 
41.200000 1.3911157722616405e-01 
41.400000 1.3631610199447169e-01 
41.600000 1.3355647405613608e-01 
41.800000 1.3083341856569386e-01 
42.000000 1.2814758156978909e-01 
42.200000 1.2549953387435794e-01 
42.400000 1.2288977477036656e-01 
42.600000 1.2031873562161509e-01 
42.800000 1.1778678331824954e-01 
43.000000 1.1529422359975386e-01 
43.200000 1.1284130425121539e-01 
43.400000 1.1042821817666663e-01 
43.600000 1.0805510635331191e-01 
43.800000 1.0572206067037386e-01 
44.000000 1.0342912665625260e-01 
44.200000 1.0117630609761155e-01 
44.400000 9.8963559553914116e-02 
44.600000 9.6790808770850237e-02 
44.800000 9.4657938995996338e-02 
45.000000 9.2564801199947006e-02 
45.200000 9.0511214206068349e-02 
45.400000 8.8496966731917412e-02 
45.600000 8.6521819345283579e-02 
45.800000 8.4585506337705132e-02 
46.000000 8.2687737518235299e-02 
46.200000 8.0828199930130587e-02 
46.400000 7.9006559493067716e-02 
46.600000 7.7222462573393227e-02 
46.800000 7.5475537484851779e-02 
47.000000 7.3765395922160942e-02 
47.200000 7.2091634329715881e-02 
47.400000 7.0453835207661950e-02 
47.600000 6.8851568357491760e-02 
47.800000 6.7284392069265453e-02 
48.000000 6.5751854252505279e-02 
48.200000 6.4253493512736001e-02 
48.400000 6.2788840175610400e-02 
48.600000 6.1357417260489690e-02 
48.800000 5.9958741405314556e-02 
49.000000 5.8592323744527317e-02 
49.200000 5.7257670741788148e-02 
49.400000 5.5954284979154938e-02 
49.600000 5.4681665904370673e-02 
49.800000 5.3439310537841310e-02 
50.000000 5.2226714140855710e-02 
50.200000 5.1043370846549634e-02 
50.400000 4.9888774255076165e-02 
50.600000 4.8762417994402882e-02 
50.800000 4.7663796248115418e-02 
51.000000 4.6592404251568423e-02 
51.200000 4.5547738757684288e-02 
51.400000 4.4529298473659544e-02 
51.600000 4.3536584469807120e-02 
51.800000 4.2569100561717949e-02 
52.000000 4.1626353666890242e-02 
52.200000 4.0707854136944749e-02 
52.400000 3.9813116066497747e-02 
52.600000 3.8941657579737290e-02 
52.800000 3.8093001095710989e-02 
53.000000 3.7266673573297202e-02 
53.200000 3.6462206736801957e-02 
53.400000 3.5679137283088844e-02 
53.600000 3.4917007071120020e-02 
53.800000 3.4175363294747761e-02 
54.000000 3.3453758639579313e-02 
54.200000 3.2751751424690327e-02 
54.400000 3.2068905729949929e-02 
54.600000 3.1404791509675213e-02 
54.800000 3.0758984693324165e-02 
55.000000 3.0131067273888357e-02 
55.200000 2.9520627384638731e-02 
55.400000 2.8927259364837803e-02 
55.600000 2.8350563815017209e-02 
55.800000 2.7790147642389060e-02 
56.000000 2.7245624096936864e-02 
56.200000 2.6716612798712413e-02 
56.400000 2.6202739756838490e-02 
56.600000 2.5703637380699328e-02 
56.800000 2.5218944483778014e-02 
57.000000 2.4748306280580223e-02 
57.200000 2.4291374377066036e-02 
57.400000 2.3847806754990861e-02 
57.600000 2.3417267750539924e-02 
57.800000 2.2999428027622105e-02 
58.000000 2.2593964546174024e-02 
58.200000 2.2200560525807326e-02 
58.400000 2.1818905405118157e-02 
58.600000 2.1448694796961168e-02 
58.800000 2.1089630439978694e-02 
59.000000 2.0741420146658886e-02 
59.200000 2.0403777748185314e-02 
59.400000 2.0076423036328447e-02 
59.600000 1.9759081702614954e-02 
59.800000 1.9451485275000322e-02 
60.000000 1.9153371052260944e-02 
60.200000 1.8864482036306314e-02 
60.400000 1.8584566862607749e-02 
60.600000 1.8313379728924890e-02 
60.800000 1.8050680322504908e-02 
61.000000 1.7796233745919404e-02 
61.200000 1.7549810441695658e-02 
61.400000 1.7311186115889339e-02 
61.600000 1.7080141660740105e-02 
61.800000 1.6856463076542247e-02 
62.000000 1.6639941392855354e-02 
62.200000 1.6430372589175207e-02 
62.400000 1.6227557515174580e-02 
62.600000 1.6031301810621630e-02 
62.800000 1.5841415825074250e-02 
63.000000 1.5657714537445709e-02 
63.200000 1.5480017475528724e-02 
63.400000 1.5308148635561505e-02 
63.600000 1.5141936401915015e-02 
63.800000 1.4981213466974518e-02 
64.000000 1.4825816751282986e-02 
64.200000 1.4675587324013707e-02 
64.400000 1.4530370323830142e-02 
64.600000 1.4390014880191601e-02 
64.800000 1.4254374035156303e-02 
65.000000 1.4123304665731513e-02 
65.200000 1.3996667406817084e-02 
65.400000 1.3874326574784350e-02 
65.600000 1.3756150091730758e-02 
65.800000 1.3642009410446267e-02 
66.000000 1.3531779440125026e-02 
66.200000 1.3425338472854792e-02 
66.400000 1.3322568110911677e-02 
66.600000 1.3223353194886104e-02 
66.800000 1.3127581732665435e-02 
67.000000 1.3035144829293285e-02 
67.200000 1.2945936617726172e-02 
67.400000 1.2859854190505025e-02 
67.600000 1.2776797532357170e-02 
67.800000 1.2696669453742881e-02 
68.000000 1.2619375525358821e-02 
68.200000 1.2544824013609162e-02 
68.400000 1.2472925817053431e-02 
68.600000 1.2403594403838909e-02 
68.800000 1.2336745750123753e-02 
69.000000 1.2272298279496404e-02 
69.200000 1.2210172803394238e-02 
69.400000 1.2150292462525207e-02 
69.600000 1.2092582669292916e-02 
69.800000 1.2036971051226546e-02 
70.000000 1.1983387395414265e-02 
70.200000 1.1931763593939861e-02 
70.400000 1.1882033590319155e-02 
70.600000 1.1834133326933420e-02 
70.800000 1.1788000693456566e-02 
71.000000 1.1743575476270290e-02 
71.200000 1.1700799308863058e-02 
71.400000 1.1659615623205595e-02 
71.600000 1.1619969602097857e-02 
71.800000 1.1581808132478858e-02 
72.000000 1.1545079759692619e-02 
72.200000 1.1509734642701674e-02 
72.400000 1.1475724510239666e-02 
72.600000 1.1443002617893269e-02 
72.800000 1.1411523706105469e-02 
73.000000 1.1381243959088582e-02 
73.200000 1.1352120964638012e-02 
73.400000 1.1324113674835937e-02 
73.600000 1.1297182367633914e-02 
73.800000 1.1271288609303558e-02 
74.000000 1.1246395217744334e-02 
74.200000 1.1222466226636222e-02 
74.400000 1.1199466850425948e-02 
74.600000 1.1177363450135435e-02 
74.800000 1.1156123499979721e-02 
75.000000 1.1135715554782084e-02 
75.200000 1.1116109218175119e-02 
75.400000 1.1097275111574736e-02 
75.600000 1.1079184843914215e-02 
75.800000 1.1061810982126698e-02 
76.000000 1.1045127022363471e-02 
76.200000 1.1029107361934494e-02 
76.400000 1.1013727271960013e-02 
76.600000 1.0998962870719406e-02 
76.800000 1.0984791097685419e-02 
77.000000 1.0971189688230793e-02 
77.200000 1.0958137148995028e-02 
77.400000 1.0945612733898921e-02 
77.600000 1.0933596420793152e-02 
77.800000 1.0922068888730626e-02 
78.000000 1.0911011495848194e-02 
78.200000 1.0900406257846792e-02 
78.400000 1.0890235827056888e-02 
78.600000 1.0880483472078383e-02 
78.800000 1.0871133057981106e-02 
79.000000 1.0862169027055814e-02 
79.200000 1.0853576380102981e-02 
79.400000 1.0845340658247399e-02 
79.600000 1.0837447925267888e-02 
79.800000 1.0829884750430242e-02 
80.000000 1.0822638191811946e-02 
80.200000 1.0815695780107352e-02 
80.400000 1.0809045502902959e-02 
80.600000 1.0802675789411770e-02 
80.800000 1.0796575495654447e-02 
81.000000 1.0790733890079313e-02 
81.200000 1.0785140639608462e-02 
81.400000 1.0779785796100623e-02 
81.600000 1.0774659783220571e-02 
81.800000 1.0769753383705224e-02 
82.000000 1.0765057727015815e-02 
82.200000 1.0760564277367596e-02 
82.400000 1.0756264822126544e-02 
82.600000 1.0752151460564128e-02 
82.800000 1.0748216592961178e-02 
83.000000 1.0744452910051328e-02 
83.200000 1.0740853382795167e-02 
83.400000 1.0737411252477062e-02 
83.600000 1.0734120021115011e-02 
83.800000 1.0730973442176253e-02 
84.000000 1.0727965511589350e-02 
84.200000 1.0725090459045641e-02 
84.400000 1.0722342739581388e-02 
84.600000 1.0719717025433178e-02 
84.800000 1.0717208198159061e-02 
85.000000 1.0714811341017842e-02 
85.200000 1.0712521731599331e-02 
85.400000 1.0710334834698326e-02 
85.600000 1.0708246295425486e-02 
85.800000 1.0706251932548210e-02 
86.000000 1.0704347732054803e-02 
86.200000 1.0702529840935495e-02 
86.400000 1.0700794561174062e-02 
86.600000 1.0699138343943541e-02 
86.800000 1.0697557784000115e-02 
87.000000 1.0696049614269442e-02 
87.200000 1.0694610700619177e-02 
87.400000 1.0693238036812588e-02 
87.600000 1.0691928739637138e-02 
87.800000 1.0690680044203423e-02 
88.000000 1.0689489299408482e-02 
88.200000 1.0688353963558663e-02 
88.400000 1.0687271600147374e-02 
88.600000 1.0686239873782451e-02 
88.800000 1.0685256546258482e-02 
89.000000 1.0684319472769514e-02 
89.200000 1.0683426598257988e-02 
89.400000 1.0682575953895069e-02 
89.600000 1.0681765653688204e-02 
89.800000 1.0680993891212364e-02 
90.000000 1.0680258936459687e-02 
90.200000 1.0679559132805553e-02 
90.400000 1.0678892894084722e-02 
90.600000 1.0678258701776886e-02 
90.800000 1.0677655102295111e-02 
91.000000 1.0677080704375806e-02 
91.200000 1.0676534176565685e-02 
91.400000 1.0676014244802877e-02 
91.600000 1.0675519690089072e-02 
91.800000 1.0675049346249412e-02 
92.000000 1.0674602097776768e-02 
92.200000 1.0674176877758509e-02 
92.400000 1.0673772665881891e-02 
92.600000 1.0673388486515691e-02 
92.800000 1.0673023406865699e-02 
93.000000 1.0672676535201325e-02 
93.200000 1.0672347019150246e-02 
93.400000 1.0672034044059706e-02 
93.600000 1.0671736831421429e-02 
93.800000 1.0671454637357776e-02 
94.000000 1.0671186751167738e-02 
94.200000 1.0670932493929440e-02 
94.400000 1.0670691217158109e-02 
94.600000 1.0670462301517310e-02 
94.800000 1.0670245155580991e-02 
95.000000 1.0670039214644749e-02 
95.200000 1.0669843939585219e-02 
95.400000 1.0669658815764253e-02 
95.600000 1.0669483351978103e-02 
95.800000 1.0669317079448229e-02 
96.000000 1.0669159550853279e-02 
96.200000 1.0669010339400441e-02 
96.400000 1.0668869037934294e-02 
96.600000 1.0668735258082304e-02 
96.800000 1.0668608629435333e-02 
97.000000 1.0668488798761524e-02 
97.200000 1.0668375429252853e-02 
97.400000 1.0668268199802877e-02 
97.600000 1.0668166804314051e-02 
97.800000 1.0668070951034328e-02 
98.000000 1.0667980361920940e-02 
98.200000 1.0667894772031226e-02 
98.400000 1.0667813928938744e-02 
98.600000 1.0667737592173885e-02 
98.800000 1.0667665532688496e-02 
99.000000 1.0667597532342539e-02 
99.200000 1.0667533383413174e-02 
99.400000 1.0667472888124170e-02 
99.600000 1.0667415858195762e-02 
99.800000 1.0667362114413746e-02 
100.000000 1.0667311486216705e-02 
100.200000 1.0667263811301571e-02 
100.400000 1.0667218935245656e-02 
100.600000 1.0667176711145383e-02 
100.800000 1.0667136999270696e-02 
101.000000 1.0667099666734032e-02 
101.200000 1.0667064587174584e-02 
101.400000 1.0667031640455503e-02 
101.600000 1.0667000712374941e-02 
101.800000 1.0666971694389580e-02 
102.000000 1.0666944483350364e-02 
102.200000 1.0666918981250035e-02 
102.400000 1.0666895094981702e-02 
102.600000 1.0666872736108094e-02 
102.800000 1.0666851820641520e-02 
103.000000 1.0666832268833082e-02 
103.200000 1.0666814004971700e-02 
103.400000 1.0666796957192049e-02 
103.600000 1.0666781057291156e-02 
103.800000 1.0666766240553264e-02 
104.000000 1.0666752445582704e-02 
104.200000 1.0666739614144181e-02 
104.400000 1.0666727691010628e-02 
104.600000 1.0666716623817530e-02 
104.800000 1.0666706362924402e-02 
105.000000 1.0666696861282365e-02 
105.200000 1.0666688074307765e-02 
105.400000 1.0666679959761657e-02 
105.600000 1.0666672477635303e-02 
105.800000 1.0666665590039946e-02 
106.000000 1.0666659261102803e-02 
106.200000 1.0666653456867207e-02 
106.400000 1.0666648145197757e-02 
106.600000 1.0666643295689711e-02 
106.800000 1.0666638879582593e-02 
107.000000 1.0666634869678152e-02 
107.200000 1.0666631240261976e-02 
107.400000 1.0666627967028814e-02 
107.600000 1.0666625027011319e-02 
107.800000 1.0666622398512612e-02 
108.000000 1.0666620061041595e-02 
108.200000 1.0666617995251470e-02 
108.400000 1.0666616182881488e-02 
108.600000 1.0666614606701194e-02 
108.800000 1.0666613250457171e-02 
109.000000 1.0666612098823063e-02 
109.200000 1.0666611137351220e-02 
109.400000 1.0666610352427280e-02 
109.600000 1.0666609731226580e-02 
109.800000 1.0666609261672838e-02 
110.000000 1.0666608932398985e-02 
110.200000 1.0666608732709739e-02 
110.400000 1.0666608652545883e-02 
110.600000 1.0666608682450790e-02 
110.800000 1.0666608813538217e-02 
111.000000 1.0666609037461609e-02 
111.200000 1.0666609346385339e-02 
111.400000 1.0666609732956965e-02 
111.600000 1.0666610190281405e-02 
111.800000 1.0666610711895457e-02 
112.000000 1.0666611291744840e-02 
112.200000 1.0666611924161313e-02 
112.400000 1.0666612603841715e-02 
112.600000 1.0666613325827620e-02 
112.800000 1.0666614085485951e-02 
113.000000 1.0666614878491279e-02 
113.200000 1.0666615700808109e-02 
113.400000 1.0666616548674712e-02 
113.600000 1.0666617418587609e-02 
113.800000 1.0666618307286688e-02 
114.000000 1.0666619211741406e-02 
114.200000 1.0666620129137553e-02 
114.400000 1.0666621056864488e-02 
114.600000 1.0666621992503598e-02 
114.800000 1.0666622933816681e-02 
115.000000 1.0666623878735553e-02 
115.200000 1.0666624825351781e-02 
115.400000 1.0666625771907202e-02 
115.600000 1.0666626716784896e-02 
115.800000 1.0666627658500481e-02 
116.000000 1.0666628595694106e-02 
116.200000 1.0666629527122750e-02 
116.400000 1.0666630451653017e-02 
116.600000 1.0666631368254315e-02 
116.800000 1.0666632275992112e-02 
117.000000 1.0666633174022149e-02 
117.200000 1.0666634061584379e-02 
117.400000 1.0666634937997724e-02 
117.600000 1.0666635802654737e-02 
117.800000 1.0666636655016779e-02 
118.000000 1.0666637494609403e-02 
118.200000 1.0666638321018098e-02 
118.400000 1.0666639133884066e-02 
118.600000 1.0666639932900445e-02 
118.800000 1.0666640717808701e-02 
119.000000 1.0666641488394959e-02 
119.200000 1.0666642244487093e-02 
119.400000 1.0666642985951599e-02 
119.600000 1.0666643712690488e-02 
119.800000 1.0666644424638850e-02 
120.000000 1.0666645121762275e-02 
120.200000 1.0666645804054381e-02 
120.400000 1.0666646471534690e-02 
120.600000 1.0666647124246351e-02 
120.800000 1.0666647762254348e-02 
121.000000 1.0666648385643579e-02 
121.200000 1.0666648994517006e-02 
121.400000 1.0666649588994246e-02 
121.600000 1.0666650169209764e-02 
121.800000 1.0666650735311719e-02 
122.000000 1.0666651287460478e-02 
122.200000 1.0666651825827336e-02 
122.400000 1.0666652350593444e-02 
122.600000 1.0666652861948634e-02 
122.800000 1.0666653360090440e-02 
123.000000 1.0666653845223011e-02 
123.200000 1.0666654317556543e-02 
123.400000 1.0666654777306224e-02 
123.600000 1.0666655224691355e-02 
123.800000 1.0666655659934837e-02 
124.000000 1.0666656083262603e-02 
124.200000 1.0666656494902532e-02 
124.400000 1.0666656895084479e-02 
124.600000 1.0666657284039364e-02 
124.800000 1.0666657661998855e-02 
125.000000 1.0666658029194646e-02 
125.200000 1.0666658385858433e-02 
125.400000 1.0666658732221355e-02 
125.600000 1.0666659068513535e-02 
125.800000 1.0666659394963958e-02 
126.000000 1.0666659711800072e-02 
126.200000 1.0666660019247473e-02 
126.400000 1.0666660317529825e-02 
126.600000 1.0666660606868550e-02 
126.800000 1.0666660887482509e-02 
127.000000 1.0666661159588081e-02 
127.200000 1.0666661423398775e-02 
127.400000 1.0666661679125205e-02 
127.600000 1.0666661926975025e-02 
127.800000 1.0666662167152591e-02 
128.000000 1.0666662399859157e-02 
128.200000 1.0666662625292580e-02 
128.400000 1.0666662843647243e-02 
128.600000 1.0666663055114193e-02 
128.800000 1.0666663259880919e-02 
129.000000 1.0666663458131387e-02 
129.200000 1.0666663650045946e-02 
129.400000 1.0666663835801369e-02 
129.600000 1.0666664015570768e-02 
129.800000 1.0666664189523774e-02 
130.000000 1.0666664357826256e-02 
130.200000 1.0666664520640589e-02 
130.400000 1.0666664678125506e-02 
130.600000 1.0666664830436065e-02 
130.800000 1.0666664977723945e-02 
131.000000 1.0666665120137156e-02 
131.200000 1.0666665257820352e-02 
131.400000 1.0666665390914506e-02 
131.600000 1.0666665519557316e-02 
131.800000 1.0666665643883079e-02 
132.000000 1.0666665764022679e-02 
132.200000 1.0666665880103777e-02 
132.400000 1.0666665992250664e-02 
132.600000 1.0666666100584603e-02 
132.800000 1.0666666205223430e-02 
133.000000 1.0666666306282151e-02 
133.200000 1.0666666403872514e-02 
133.400000 1.0666666498103402e-02 
133.600000 1.0666666589080611e-02 
133.800000 1.0666666676907154e-02 
134.000000 1.0666666761683185e-02 
134.200000 1.0666666843506091e-02 
134.400000 1.0666666922470343e-02 
134.600000 1.0666666998668067e-02 
134.800000 1.0666667072188492e-02 
135.000000 1.0666667143118468e-02 
135.200000 1.0666667211542245e-02 
135.400000 1.0666667277541711e-02 
135.600000 1.0666667341196180e-02 
135.800000 1.0666667402582845e-02 
136.000000 1.0666667461776516e-02 
136.200000 1.0666667518849643e-02 
136.400000 1.0666667573872822e-02 
136.600000 1.0666667626914234e-02 
136.800000 1.0666667678040118e-02 
137.000000 1.0666667727314663e-02 
137.200000 1.0666667774800076e-02 
137.400000 1.0666667820556692e-02 
137.600000 1.0666667864642945e-02 
137.800000 1.0666667907115443e-02 
138.000000 1.0666667948028969e-02 
138.200000 1.0666667987436693e-02 
138.400000 1.0666668025390022e-02 
138.600000 1.0666668061938733e-02 
138.800000 1.0666668097131068e-02 
139.000000 1.0666668131013659e-02 
139.200000 1.0666668163631618e-02 
139.400000 1.0666668195028662e-02 
139.600000 1.0666668225246987e-02 
139.800000 1.0666668254327508e-02 
140.000000 1.0666668282309767e-02 
140.200000 1.0666668309231896e-02 
140.400000 1.0666668335130906e-02 
140.600000 1.0666668360042432e-02 
140.800000 1.0666668384001009e-02 
141.000000 1.0666668407040034e-02 
141.200000 1.0666668429191686e-02 
141.400000 1.0666668450487037e-02 
141.600000 1.0666668470956183e-02 
141.800000 1.0666668490628113e-02 
142.000000 1.0666668509530856e-02 
142.200000 1.0666668527691313e-02 
142.400000 1.0666668545135694e-02 
142.600000 1.0666668561889050e-02 
142.800000 1.0666668577975633e-02 
143.000000 1.0666668593418938e-02 
143.200000 1.0666668608241408e-02 
143.400000 1.0666668622464884e-02 
143.600000 1.0666668636110283e-02 
143.800000 1.0666668649197823e-02 
144.000000 1.0666668661747038e-02 
144.200000 1.0666668673776634e-02 
144.400000 1.0666668685304644e-02 
144.600000 1.0666668696348280e-02 
144.800000 1.0666668706924154e-02 
145.000000 1.0666668717048158e-02 
145.200000 1.0666668726735532e-02 
145.400000 1.0666668736001101e-02 
145.600000 1.0666668744859090e-02 
145.800000 1.0666668753323177e-02 
146.000000 1.0666668761406553e-02 
146.200000 1.0666668769122025e-02 
146.400000 1.0666668776482032e-02 
146.600000 1.0666668783498406e-02 
146.800000 1.0666668790182843e-02 
147.000000 1.0666668796546121e-02 
147.200000 1.0666668802597206e-02 
147.400000 1.0666668808343095e-02 
147.600000 1.0666668813791887e-02 
147.800000 1.0666668818951845e-02 
148.000000 1.0666668823831582e-02 
148.200000 1.0666668828439817e-02 
148.400000 1.0666668832785579e-02 
148.600000 1.0666668836877740e-02 
148.800000 1.0666668840725349e-02 
149.000000 1.0666668844337470e-02 
149.200000 1.0666668847723146e-02 
149.400000 1.0666668850891277e-02 
149.600000 1.0666668853850664e-02 
149.800000 1.0666668856610063e-02 
