0.000000 2.6801704105555137e-02 
0.200000 2.6801903231552762e-02 
0.400000 2.6802942914106388e-02 
0.600000 2.6805673689721747e-02 
0.800000 2.6810847367007038e-02 
1.000000 2.6819121519983335e-02 
1.200000 2.6831072780140311e-02 
1.400000 2.6847193375393270e-02 
1.600000 2.6867915327604960e-02 
1.800000 2.6893634477868182e-02 
2.000000 2.6924727746903590e-02 
2.200000 2.6961541877141854e-02 
2.400000 2.7004389659304587e-02 
2.600000 2.7053565587043461e-02 
2.800000 2.7109343836686294e-02 
3.000000 2.7171980790376270e-02 
3.200000 2.7241719584231810e-02 
3.400000 2.7318802017918406e-02 
3.600000 2.7403467791010161e-02 
3.800000 2.7495925095985262e-02 
4.000000 2.7596369718511982e-02 
4.200000 2.7704994444403105e-02 
4.400000 2.7821984558017439e-02 
4.600000 2.7947527116583916e-02 
4.800000 2.8081810465396023e-02 
5.000000 2.8225023010920666e-02 
5.200000 2.8377359026854940e-02 
5.400000 2.8539014440589865e-02 
5.600000 2.8710192150288433e-02 
5.800000 2.8891101053326922e-02 
6.000000 2.9081955038474855e-02 
6.200000 2.9282976391569144e-02 
6.400000 2.9494392708103292e-02 
6.600000 2.9716439467200175e-02 
6.800000 2.9949360008917552e-02 
7.000000 3.0193405426775826e-02 
7.200000 3.0448837172065167e-02 
7.400000 3.0715926654509357e-02 
7.600000 3.0994956551999357e-02 
7.800000 3.1286221288789266e-02 
8.000000 3.1590027206041767e-02 
8.200000 3.1906694154857938e-02 
8.400000 3.2236555500024064e-02 
8.600000 3.2579959045418314e-02 
8.800000 3.2937267660421772e-02 
9.000000 3.3308859632287725e-02 
9.200000 3.3695129893773594e-02 
9.400000 3.4096490492553040e-02 
9.600000 3.4513371592214702e-02 
9.800000 3.4946222332101567e-02 
10.000000 3.5395511532594098e-02 
10.200000 3.5861728909702385e-02 
10.400000 3.6345386012668367e-02 
10.600000 3.6847017202471979e-02 
10.800000 3.7367180988267190e-02 
11.000000 3.7906461004801856e-02 
11.200000 3.8465467406246158e-02 
11.400000 3.9044838087963829e-02 
11.600000 3.9645239949187110e-02 
11.800000 4.0267370378096530e-02 
12.000000 4.0911958571618050e-02 
12.200000 4.1579767115411378e-02 
12.400000 4.2271593500348106e-02 
12.600000 4.2988271687555445e-02 
12.800000 4.3730673818279241e-02 
13.000000 4.4499711854093127e-02 
13.200000 4.5296339375963633e-02 
13.400000 4.6121553352601041e-02 
13.600000 4.6976395939875258e-02 
13.800000 4.7861956351477691e-02 
14.000000 4.8779372686800951e-02 
14.200000 4.9729833785642032e-02 
14.400000 5.0714581051992683e-02 
14.600000 5.1734910233064452e-02 
14.800000 5.2792173168148784e-02 
15.000000 5.3887779425743597e-02 
15.200000 5.5023197845389372e-02 
15.400000 5.6199957930906930e-02 
15.600000 5.7419651054891947e-02 
15.800000 5.8683931454047142e-02 
16.000000 5.9994516934958990e-02 
16.200000 6.1353189258039557e-02 
16.400000 6.2761794127294296e-02 
16.600000 6.4222240714501513e-02 
16.800000 6.5736500653418600e-02 
17.000000 6.7306606403175540e-02 
17.200000 6.8934648893244771e-02 
17.400000 7.0622774354247728e-02 
17.600000 7.2373180210384622e-02 
17.800000 7.4188109928949322e-02 
18.000000 7.6069846689327425e-02 
18.200000 7.8020705740874094e-02 
18.400000 8.0043025313196806e-02 
18.600000 8.2139155926921545e-02 
18.800000 8.4311447965915998e-02 
19.000000 8.6562237358469851e-02 
19.200000 8.8893829226078469e-02 
19.400000 9.1308479366027345e-02 
19.600000 9.3808373440077364e-02 
19.800000 9.6395603767493163e-02 
20.000000 9.9072143636773899e-02 
20.200000 1.0183981908545957e-01 
20.400000 1.0470027813553369e-01 
20.600000 1.0765495751540460e-01 
20.800000 1.1070504695762128e-01 
21.000000 1.1385145122284820e-01 
21.200000 1.1709475007318439e-01 
21.400000 1.2043515649858201e-01 
21.600000 1.2387247358525061e-01 
21.800000 1.2740605050922613e-01 
22.000000 1.3103473823327050e-01 
22.200000 1.3475684558261472e-01 
22.400000 1.3857009647079555e-01 
22.600000 1.4247158913541694e-01 
22.800000 1.4645775832449390e-01 
23.000000 1.5052434143932153e-01 
23.200000 1.5466634968676179e-01 
23.400000 1.5887804531757593e-01 
23.600000 1.6315292602202819e-01 
23.800000 1.6748371751722821e-01 
24.000000 1.7186237528785070e-01 
24.200000 1.7628009633048000e-01 
24.400000 1.8072734160231832e-01 
24.600000 1.8519386968602355e-01 
24.800000 1.8966878195833628e-01 
25.000000 1.9414057929459277e-01 
25.200000 1.9859723006085911e-01 
25.400000 2.0302624884974207e-01 
25.600000 2.0741478511424172e-01 
25.800000 2.1174972055897304e-01 
26.000000 2.1601777387157250e-01 
26.200000 2.2020561113156320e-01 
26.400000 2.2429996003143199e-01 
26.600000 2.2828772589477211e-01 
26.800000 2.3215610738747541e-01 
27.000000 2.3589270979498822e-01 
27.200000 2.3948565378336081e-01 
27.400000 2.4292367767305506e-01 
27.600000 2.4619623142707220e-01 
27.800000 2.4929356078139697e-01 
28.000000 2.5220678021572168e-01 
28.200000 2.5492793376387735e-01 
28.400000 2.5745004298358032e-01 
28.600000 2.5976714173063542e-01 
28.800000 2.6187429770136228e-01 
29.000000 2.6376762100716838e-01 
29.200000 2.6544426031751761e-01 
29.400000 2.6690238734451366e-01 
29.600000 2.6814117063870674e-01 
29.800000 2.6916073981866068e-01 
30.000000 2.6996214146546227e-01 
30.200000 2.7054728797881883e-01 
30.400000 2.7091890071638797e-01 
30.600000 2.7108044872640252e-01 
30.800000 2.7103608434035786e-01 
31.000000 2.7079057682282498e-01 
31.200000 2.7034924518485487e-01 
31.400000 2.6971789116155315e-01 
31.600000 2.6890273323828146e-01 
31.800000 2.6791034248855505e-01 
32.000000 2.6674758086399991e-01 
32.200000 2.6542154245658151e-01 
32.400000 2.6393949813833661e-01 
32.600000 2.6230884387643566e-01 
32.800000 2.6053705292324569e-01 
33.000000 2.5863163199297012e-01 
33.200000 2.5660008145933949e-01 
33.400000 2.5444985954246396e-01 
33.600000 2.5218835039741616e-01 
33.800000 2.4982283597175392e-01 
34.000000 2.4736047146341086e-01 
34.200000 2.4480826418330562e-01 
34.400000 2.4217305560779254e-01 
34.600000 2.3946150639371913e-01 
34.800000 2.3668008412247088e-01 
35.000000 2.3383505353799044e-01 
35.200000 2.3093246904657222e-01 
35.400000 2.2797816925237821e-01 
35.600000 2.2497777331139637e-01 
35.800000 2.2193667889735488e-01 
36.000000 2.1886006158526106e-01 
36.200000 2.1575287547134248e-01 
36.400000 2.1261985486176974e-01 
36.600000 2.0946551687632411e-01 
36.800000 2.0629416482679253e-01 
37.000000 2.0310989224323478e-01 
37.200000 1.9991658743402871e-01 
37.400000 1.9671793847782412e-01 
37.600000 1.9351743855695774e-01 
37.800000 1.9031839155259189e-01 
38.000000 1.8712391783169890e-01 
38.200000 1.8393696016509384e-01 
38.400000 1.8076028972396299e-01 
38.600000 1.7759651210981761e-01 
38.800000 1.7444807337952745e-01 
39.000000 1.7131726603307432e-01 
39.200000 1.6820623493704379e-01 
39.400000 1.6511698316154477e-01 
39.600000 1.6205137771241332e-01 
39.800000 1.5901115514417227e-01 
40.000000 1.5599792704233534e-01 
40.200000 1.5301318536637096e-01 
40.400000 1.5005830764695749e-01 
40.600000 1.4713456203311026e-01 
40.800000 1.4424311218647476e-01 
41.000000 1.4138502202142642e-01 
41.200000 1.3856126029082089e-01 
41.400000 1.3577270501816741e-01 
41.600000 1.3302014777779539e-01 
41.800000 1.3030429782518080e-01 
42.000000 1.2762578608012179e-01 
42.200000 1.2498516896580451e-01 
42.400000 1.2238293210710280e-01 
42.600000 1.1981949389165408e-01 
42.800000 1.1729520889738580e-01 
43.000000 1.1481037119026274e-01 
43.200000 1.1236521749606609e-01 
43.400000 1.0995993025000145e-01 
43.600000 1.0759464052792941e-01 
43.800000 1.0526943086295461e-01 
44.000000 1.0298433795104441e-01 
44.200000 1.0073935524927595e-01 
44.400000 9.8534435470220630e-02 
44.600000 9.6369492975888274e-02 
44.800000 9.4244406074541723e-02 
45.000000 9.2159019223621144e-02 
45.200000 9.0113145141891532e-02 
45.400000 8.8106566833848626e-02 
45.600000 8.6139039529313677e-02 
45.800000 8.4210292541059439e-02 
46.000000 8.2320031043213393e-02 
46.200000 8.0467937773109663e-02 
46.400000 7.8653674659161080e-02 
46.600000 7.6876884377255150e-02 
46.800000 7.5137191838100761e-02 
47.000000 7.3434205607871686e-02 
47.200000 7.1767519264429036e-02 
47.400000 7.0136712691337630e-02 
47.600000 6.8541353311826425e-02 
47.800000 6.6980997264778214e-02 
48.000000 6.5455190524785323e-02 
48.200000 6.3963469968237874e-02 
48.400000 6.2505364387366036e-02 
48.600000 6.1080395454105409e-02 
48.800000 5.9688078635597740e-02 
49.000000 5.8327924063093770e-02 
49.200000 5.6999437355978518e-02 
49.400000 5.5702120402587998e-02 
49.600000 5.4435472099447026e-02 
49.800000 5.3198989050505983e-02 
50.000000 5.1992166227917871e-02 
50.200000 5.0814497595850834e-02 
50.400000 4.9665476698787375e-02 
50.600000 4.8544597215726466e-02 
50.800000 4.7451353481656328e-02 
51.000000 4.6385240977635737e-02 
51.200000 4.5345756790770415e-02 
51.400000 4.4332400045344833e-02 
51.600000 4.3344672306322267e-02 
51.800000 4.2382077956393802e-02 
52.000000 4.1444124547718626e-02 
52.200000 4.0530323129460637e-02 
52.400000 3.9640188552194255e-02 
52.600000 3.8773239750212393e-02 
52.800000 3.7929000002739549e-02 
53.000000 3.7106997175017177e-02 
53.200000 3.6306763940193963e-02 
53.400000 3.5527837982925858e-02 
53.600000 3.4769762185552118e-02 
53.800000 3.4032084797690605e-02 
54.000000 3.3314359590054063e-02 
54.200000 3.2616145993275100e-02 
54.400000 3.1937009222478545e-02 
54.600000 3.1276520388331522e-02 
54.800000 3.0634256595258643e-02 
55.000000 3.0009801027491474e-02 
55.200000 2.9402743023589813e-02 
55.400000 2.8812678140053428e-02 
55.600000 2.8239208204608884e-02 
55.800000 2.7681941359741561e-02 
56.000000 2.7140492097011734e-02 
56.200000 2.6614481282676711e-02 
56.400000 2.6103536175115700e-02 
56.600000 2.5607290434532960e-02 
56.800000 2.5125384125397915e-02 
57.000000 2.4657463712053993e-02 
57.200000 2.4203182047917601e-02 
57.400000 2.3762198358661852e-02 
57.600000 2.3334178219767954e-02 
57.800000 2.2918793528806308e-02 
58.000000 2.2515722472793973e-02 
58.200000 2.2124649490959960e-02 
58.400000 2.1745265233232974e-02 
58.600000 2.1377266514752333e-02 
58.800000 2.1020356266688578e-02 
59.000000 2.0674243483645882e-02 
59.200000 2.0338643167906803e-02 
59.400000 2.0013276270765119e-02 
59.600000 1.9697869631182831e-02 
59.800000 1.9392155911993520e-02 
60.000000 1.9095873533864993e-02 
60.200000 1.8808766607223228e-02 
60.400000 1.8530584862326817e-02 
60.600000 1.8261083577676418e-02 
60.800000 1.8000023506929214e-02 
61.000000 1.7747170804482765e-02 
61.200000 1.7502296949882999e-02 
61.400000 1.7265178671201455e-02 
61.600000 1.7035597867523500e-02 
61.800000 1.6813341530674718e-02 
62.000000 1.6598201666314320e-02 
62.200000 1.6389975214507108e-02 
62.400000 1.6188463969891497e-02 
62.600000 1.5993474501541299e-02 
62.800000 1.5804818072625036e-02 
63.000000 1.5622310559952659e-02 
63.200000 1.5445772373498881e-02 
63.400000 1.5275028375983679e-02 
63.600000 1.5109907802588862e-02 
63.800000 1.4950244180883131e-02 
64.000000 1.4795875251021851e-02 
64.200000 1.4646642886288834e-02 
64.400000 1.4502393014036389e-02 
64.600000 1.4362975537081881e-02 
64.800000 1.4228244255612216e-02 
65.000000 1.4098056789644211e-02 
65.200000 1.3972274502087524e-02 
65.400000 1.3850762422450785e-02 
65.600000 1.3733389171230646e-02 
65.800000 1.3620026885020104e-02 
66.000000 1.3510551142368477e-02 
66.200000 1.3404840890424423e-02 
66.400000 1.3302778372389931e-02 
66.600000 1.3204249055811038e-02 
66.800000 1.3109141561728814e-02 
67.000000 1.3017347594711818e-02 
67.200000 1.2928761873788970e-02 
67.400000 1.2843282064301249e-02 
67.600000 1.2760808710686201e-02 
67.800000 1.2681245170210157e-02 
68.000000 1.2604497547658996e-02 
68.200000 1.2530474630999339e-02 
68.400000 1.2459087828017273e-02 
68.600000 1.2390251103943761e-02 
68.800000 1.2323880920071717e-02 
69.000000 1.2259896173369780e-02 
69.200000 1.2198218137096987e-02 
69.400000 1.2138770402419676e-02 
69.600000 1.2081478821033009e-02 
69.800000 1.2026271448786707e-02 
70.000000 1.1973078490315016e-02 
70.200000 1.1921832244668031e-02 
70.400000 1.1872467051943843e-02 
70.600000 1.1824919240916287e-02 
70.800000 1.1779127077655521e-02 
71.000000 1.1735030715135906e-02 
71.200000 1.1692572143826479e-02 
71.400000 1.1651695143257116e-02 
71.600000 1.1612345234553879e-02 
71.800000 1.1574469633937004e-02 
72.000000 1.1538017207172497e-02 
72.200000 1.1502938424970278e-02 
72.400000 1.1469185319319142e-02 
72.600000 1.1436711440750124e-02 
72.800000 1.1405471816517881e-02 
73.000000 1.1375422909691660e-02 
73.200000 1.1346522579143653e-02 
73.400000 1.1318730040425476e-02 
73.600000 1.1292005827522012e-02 
73.800000 1.1266311755470635e-02 
74.000000 1.1241610883835221e-02 
74.200000 1.1217867481023117e-02 
74.400000 1.1195046989433566e-02 
74.600000 1.1173115991425295e-02 
74.800000 1.1152042176091751e-02 
75.000000 1.1131794306831266e-02 
75.200000 1.1112342189700558e-02 
75.400000 1.1093656642538299e-02 
75.600000 1.1075709464847242e-02 
75.800000 1.1058473408421816e-02 
76.000000 1.1041922148708694e-02 
76.200000 1.1026030256888126e-02 
76.400000 1.1010773172662804e-02 
76.600000 1.0996127177742456e-02 
76.800000 1.0982069370010478e-02 
77.000000 1.0968577638361376e-02 
77.200000 1.0955630638195482e-02 
77.400000 1.0943207767558362e-02 
77.600000 1.0931289143913369e-02 
77.800000 1.0919855581533862e-02 
78.000000 1.0908888569503727e-02 
78.200000 1.0898370250313139e-02 
78.400000 1.0888283399037486e-02 
78.600000 1.0878611403088340e-02 
78.800000 1.0869338242522840e-02 
79.000000 1.0860448470901264e-02 
79.200000 1.0851927196679538e-02 
79.400000 1.0843760065126263e-02 
79.600000 1.0835933240751985e-02 
79.800000 1.0828433390239159e-02 
80.000000 1.0821247665862347e-02 
80.200000 1.0814363689386665e-02 
80.400000 1.0807769536433623e-02 
80.600000 1.0801453721304317e-02 
80.800000 1.0795405182247596e-02 
81.000000 1.0789613267164223e-02 
81.200000 1.0784067719735779e-02 
81.400000 1.0778758665968328e-02 
81.600000 1.0773676601140154e-02 
81.800000 1.0768812377144710e-02 
82.000000 1.0764157190217536e-02 
82.200000 1.0759702569038649e-02 
82.400000 1.0755440363200563e-02 
82.600000 1.0751362732032336e-02 
82.800000 1.0747462133770430e-02 
83.000000 1.0743731315068285e-02 
83.200000 1.0740163300834242e-02 
83.400000 1.0736751384390550e-02 
83.600000 1.0733489117944054e-02 
83.800000 1.0730370303360557e-02 
84.000000 1.0727388983234510e-02 
84.200000 1.0724539432246003e-02 
84.400000 1.0721816148797402e-02 
84.600000 1.0719213846921415e-02 
84.800000 1.0716727448453849e-02 
85.000000 1.0714352075462182e-02 
85.200000 1.0712083042924795e-02 
85.400000 1.0709915851651784e-02 
85.600000 1.0707846181441757e-02 
85.800000 1.0705869884466795e-02 
86.000000 1.0703982978880131e-02 
86.200000 1.0702181642638652e-02 
86.400000 1.0700462207535467e-02 
86.600000 1.0698821153434785e-02 
86.800000 1.0697255102704348e-02 
87.000000 1.0695760814838463e-02 
87.200000 1.0694335181266867e-02 
87.400000 1.0692975220342973e-02 
87.600000 1.0691678072506500e-02 
87.800000 1.0690440995615039e-02 
88.000000 1.0689261360439073e-02 
88.200000 1.0688136646315962e-02 
88.400000 1.0687064436956994e-02 
88.600000 1.0686042416404142e-02 
88.800000 1.0685068365129837e-02 
89.000000 1.0684140156277555e-02 
89.200000 1.0683255752035858e-02 
89.400000 1.0682413200145175e-02 
89.600000 1.0681610630529203e-02 
89.800000 1.0680846252050076e-02 
90.000000 1.0680118349381276e-02 
90.200000 1.0679425279995264e-02 
90.400000 1.0678765471262152e-02 
90.600000 1.0678137417654934e-02 
90.800000 1.0677539678058665e-02 
91.000000 1.0676970873179608e-02 
91.200000 1.0676429683050969e-02 
91.400000 1.0675914844632324e-02 
91.600000 1.0675425149499150e-02 
91.800000 1.0674959441619393e-02 
92.000000 1.0674516615214499e-02 
92.200000 1.0674095612701506e-02 
92.400000 1.0673695422713986e-02 
92.600000 1.0673315078198367e-02 
92.800000 1.0672953654583405e-02 
93.000000 1.0672610268020407e-02 
93.200000 1.0672284073691489e-02 
93.400000 1.0671974264183247e-02 
93.600000 1.0671680067923947e-02 
93.800000 1.0671400747681718e-02 
94.000000 1.0671135599121797e-02 
94.200000 1.0670883949420050e-02 
94.400000 1.0670645155931725e-02 
94.600000 1.0670418604912659e-02 
94.800000 1.0670203710291291e-02 
95.000000 1.0669999912489373e-02 
95.200000 1.0669806677290550e-02 
95.400000 1.0669623494753236e-02 
95.600000 1.0669449878168419e-02 
95.800000 1.0669285363058443e-02 
96.000000 1.0669129506217082e-02 
96.200000 1.0668981884788035e-02 
96.400000 1.0668842095381541e-02 
96.600000 1.0668709753226577e-02 
96.800000 1.0668584491358064e-02 
97.000000 1.0668465959837474e-02 
97.200000 1.0668353825005450e-02 
97.400000 1.0668247768765290e-02 
97.600000 1.0668147487896639e-02 
97.800000 1.0668052693397009e-02 
98.000000 1.0667963109851280e-02 
98.200000 1.0667878474827390e-02 
98.400000 1.0667798538297420e-02 
98.600000 1.0667723062083197e-02 
98.800000 1.0667651819324983e-02 
99.000000 1.0667584593972821e-02 
99.200000 1.0667521180299698e-02 
99.400000 1.0667461382435059e-02 
99.600000 1.0667405013918300e-02 
99.800000 1.0667351897271717e-02 
100.000000 1.0667301863591439e-02 
100.200000 1.0667254752156042e-02 
100.400000 1.0667210410052154e-02 
100.600000 1.0667168691816123e-02 
100.800000 1.0667129459091637e-02 
101.000000 1.0667092580301407e-02 
101.200000 1.0667057930334251e-02 
101.400000 1.0667025390244948e-02 
101.600000 1.0666994846967927e-02 
101.800000 1.0666966193043113e-02 
102.000000 1.0666939326353982e-02 
102.200000 1.0666914149877501e-02 
102.400000 1.0666890571444690e-02 
102.600000 1.0666868503512021e-02 
102.800000 1.0666847862943233e-02 
103.000000 1.0666828570800613e-02 
103.200000 1.0666810552145668e-02 
103.400000 1.0666793735848844e-02 
103.600000 1.0666778054407905e-02 
103.800000 1.0666763443774190e-02 
104.000000 1.0666749843187152e-02 
104.200000 1.0666737195016028e-02 
104.400000 1.0666725444608963e-02 
104.600000 1.0666714540149067e-02 
104.800000 1.0666704432516714e-02 
105.000000 1.0666695075158567e-02 
105.200000 1.0666686423962320e-02 
105.400000 1.0666678437137537e-02 
105.600000 1.0666671075101429e-02 
105.800000 1.0666664300370866e-02 
106.000000 1.0666658077458256e-02 
106.200000 1.0666652372773146e-02 
106.400000 1.0666647154528221e-02 
106.600000 1.0666642392649398e-02 
106.800000 1.0666638058690524e-02 
107.000000 1.0666634125751808e-02 
107.200000 1.0666630568402224e-02 
107.400000 1.0666627362605749e-02 
107.600000 1.0666624485650637e-02 
107.800000 1.0666621916082638e-02 
108.000000 1.0666619633640894e-02 
108.200000 1.0666617619197192e-02 
108.400000 1.0666615854698155e-02 
108.600000 1.0666614323109912e-02 
108.800000 1.0666613008365704e-02 
109.000000 1.0666611895316066e-02 
109.200000 1.0666610969681084e-02 
109.400000 1.0666610218005437e-02 
109.600000 1.0666609627615025e-02 
109.800000 1.0666609186576581e-02 
110.000000 1.0666608883658227e-02 
110.200000 1.0666608708292665e-02 
110.400000 1.0666608650542236e-02 
110.600000 1.0666608701065200e-02 
110.800000 1.0666608851083977e-02 
111.000000 1.0666609092354937e-02 
111.200000 1.0666609417139882e-02 
111.400000 1.0666609818178505e-02 
111.600000 1.0666610288662734e-02 
111.800000 1.0666610822211842e-02 
112.000000 1.0666611412849353e-02 
112.200000 1.0666612054980665e-02 
112.400000 1.0666612743372075e-02 
112.600000 1.0666613473130743e-02 
112.800000 1.0666614239685700e-02 
113.000000 1.0666615038770005e-02 
113.200000 1.0666615866403273e-02 
113.400000 1.0666616718876016e-02 
113.600000 1.0666617592733744e-02 
113.800000 1.0666618484762762e-02 
114.000000 1.0666619391976141e-02 
114.200000 1.0666620311600846e-02 
114.400000 1.0666621241064888e-02 
114.600000 1.0666622177986135e-02 
114.800000 1.0666623120160718e-02 
115.000000 1.0666624065552721e-02 
115.200000 1.0666625012284136e-02 
115.400000 1.0666625958625225e-02 
115.600000 1.0666626902985926e-02 
115.800000 1.0666627843906989e-02 
116.000000 1.0666628780052210e-02 
116.200000 1.0666629710200739e-02 
116.400000 1.0666630633239948e-02 
116.600000 1.0666631548158724e-02 
116.800000 1.0666632454040714e-02 
117.000000 1.0666633350058800e-02 
117.200000 1.0666634235468930e-02 
117.400000 1.0666635109604816e-02 
117.600000 1.0666635971873036e-02 
117.800000 1.0666636821747962e-02 
118.000000 1.0666637658767259e-02 
118.200000 1.0666638482527703e-02 
118.400000 1.0666639292681147e-02 
118.600000 1.0666640088930425e-02 
118.800000 1.0666640871026024e-02 
119.000000 1.0666641638762651e-02 
119.200000 1.0666642391976025e-02 
119.400000 1.0666643130539784e-02 
119.600000 1.0666643854362664e-02 
119.800000 1.0666644563386084e-02 
120.000000 1.0666645257581261e-02 
120.200000 1.0666645936947123e-02 
120.400000 1.0666646601507894e-02 
120.600000 1.0666647251311293e-02 
120.800000 1.0666647886426397e-02 
121.000000 1.0666648506941699e-02 
121.200000 1.0666649112963599e-02 
121.400000 1.0666649704614756e-02 
121.600000 1.0666650282032487e-02 
121.800000 1.0666650845367456e-02 
122.000000 1.0666651394782220e-02 
122.200000 1.0666651930450129e-02 
122.400000 1.0666652452554161e-02 
122.600000 1.0666652961285654e-02 
122.800000 1.0666653456843598e-02 
123.000000 1.0666653939433489e-02 
123.200000 1.0666654409266410e-02 
123.400000 1.0666654866558449e-02 
123.600000 1.0666655311529667e-02 
123.800000 1.0666655744403701e-02 
124.000000 1.0666656165406775e-02 
124.200000 1.0666656574767328e-02 
124.400000 1.0666656972715431e-02 
124.600000 1.0666657359482091e-02 
124.800000 1.0666657735299094e-02 
125.000000 1.0666658100398192e-02 
125.200000 1.0666658455010988e-02 
125.400000 1.0666658799368385e-02 
125.600000 1.0666659133700417e-02 
125.800000 1.0666659458235663e-02 
126.000000 1.0666659773201265e-02 
126.200000 1.0666660078822535e-02 
126.400000 1.0666660375322577e-02 
126.600000 1.0666660662922364e-02 
126.800000 1.0666660941840342e-02 
127.000000 1.0666661212292251e-02 
127.200000 1.0666661474491152e-02 
127.400000 1.0666661728647012e-02 
127.600000 1.0666661974966771e-02 
127.800000 1.0666662213654317e-02 
128.000000 1.0666662444910163e-02 
128.200000 1.0666662668931470e-02 
128.400000 1.0666662885912025e-02 
128.600000 1.0666663096042169e-02 
128.800000 1.0666663299508612e-02 
129.000000 1.0666663496494725e-02 
129.200000 1.0666663687180009e-02 
129.400000 1.0666663871740690e-02 
129.600000 1.0666664050349097e-02 
129.800000 1.0666664223174117e-02 
130.000000 1.0666664390380963e-02 
130.200000 1.0666664552131220e-02 
130.400000 1.0666664708582952e-02 
130.600000 1.0666664859890602e-02 
130.800000 1.0666665006204995e-02 
131.000000 1.0666665147673570e-02 
131.200000 1.0666665284440191e-02 
131.400000 1.0666665416645203e-02 
131.600000 1.0666665544425663e-02 
131.800000 1.0666665667915184e-02 
132.000000 1.0666665787243989e-02 
132.200000 1.0666665902539035e-02 
132.400000 1.0666666013924075e-02 
132.600000 1.0666666121519654e-02 
132.800000 1.0666666225443067e-02 
133.000000 1.0666666325808677e-02 
133.200000 1.0666666422727643e-02 
133.400000 1.0666666516308243e-02 
133.600000 1.0666666606655700e-02 
133.800000 1.0666666693872473e-02 
134.000000 1.0666666778058193e-02 
134.200000 1.0666666859309599e-02 
134.400000 1.0666666937720769e-02 
134.600000 1.0666667013383200e-02 
134.800000 1.0666667086385716e-02 
135.000000 1.0666667156814578e-02 
135.200000 1.0666667224753571e-02 
135.400000 1.0666667290284097e-02 
135.600000 1.0666667353485055e-02 
135.800000 1.0666667414433105e-02 
136.000000 1.0666667473202650e-02 
136.200000 1.0666667529865838e-02 
136.400000 1.0666667584492617e-02 
136.600000 1.0666667637150877e-02 
136.800000 1.0666667687906405e-02 
137.000000 1.0666667736823074e-02 
137.200000 1.0666667783962606e-02 
137.400000 1.0666667829385032e-02 
137.600000 1.0666667873148386e-02 
137.800000 1.0666667915308955e-02 
138.000000 1.0666667955921198e-02 
138.200000 1.0666667995037874e-02 
138.400000 1.0666668032710130e-02 
138.600000 1.0666668068987403e-02 
138.800000 1.0666668103917606e-02 
139.000000 1.0666668137547080e-02 
139.200000 1.0666668169920668e-02 
139.400000 1.0666668201081780e-02 
139.600000 1.0666668231072353e-02 
139.800000 1.0666668259933018e-02 
140.000000 1.0666668287703062e-02 
140.200000 1.0666668314420352e-02 
140.400000 1.0666668340121642e-02 
140.600000 1.0666668364842407e-02 
140.800000 1.0666668388616888e-02 
141.000000 1.0666668411478182e-02 
141.200000 1.0666668433458369e-02 
141.400000 1.0666668454588241e-02 
141.600000 1.0666668474897781e-02 
141.800000 1.0666668494415608e-02 
142.000000 1.0666668513169631e-02 
142.200000 1.0666668531186684e-02 
142.400000 1.0666668548492632e-02 
142.600000 1.0666668565112437e-02 
142.800000 1.0666668581070120e-02 
143.000000 1.0666668596389026e-02 
143.200000 1.0666668611091452e-02 
143.400000 1.0666668625199100e-02 
143.600000 1.0666668638732675e-02 
143.800000 1.0666668651712343e-02 
144.000000 1.0666668664157362e-02 
144.200000 1.0666668676086377e-02 
144.400000 1.0666668687517327e-02 
144.600000 1.0666668698467191e-02 
144.800000 1.0666668708952470e-02 
145.000000 1.0666668718988857e-02 
145.200000 1.0666668728591653e-02 
145.400000 1.0666668737775475e-02 
145.600000 1.0666668746554430e-02 
145.800000 1.0666668754942082e-02 
146.000000 1.0666668762951626e-02 
146.200000 1.0666668770595765e-02 
146.400000 1.0666668777886756e-02 
146.600000 1.0666668784836424e-02 
146.800000 1.0666668791456375e-02 
147.000000 1.0666668797757123e-02 
147.200000 1.0666668803746974e-02 
147.400000 1.0666668809433191e-02 
147.600000 1.0666668814823895e-02 
147.800000 1.0666668819927451e-02 
148.000000 1.0666668824752578e-02 
148.200000 1.0666668829307887e-02 
148.400000 1.0666668833602526e-02 
148.600000 1.0666668837645369e-02 
148.800000 1.0666668841445452e-02 
149.000000 1.0666668845011834e-02 
149.200000 1.0666668848353487e-02 
149.400000 1.0666668851479391e-02 
149.600000 1.0666668854398364e-02 
149.800000 1.0666668857119001e-02 
