0.000000 2.6799646896382638e-02 
0.200000 2.6800065902788793e-02 
0.400000 2.6801773142170370e-02 
0.600000 2.6805569290684856e-02 
0.800000 2.6812155972337524e-02 
1.000000 2.6822149872851059e-02 
1.200000 2.6836079063869943e-02 
1.400000 2.6854408696593762e-02 
1.600000 2.6877539954237434e-02 
1.800000 2.6905865196120298e-02 
2.000000 2.6939746526188635e-02 
2.200000 2.6979509521537787e-02 
2.400000 2.7025459860799347e-02 
2.600000 2.7077881132019106e-02 
2.800000 2.7137037464803365e-02 
3.000000 2.7203179004498101e-02 
3.200000 2.7276538610096369e-02 
3.400000 2.7357372709086444e-02 
3.600000 2.7445899186587155e-02 
3.800000 2.7542317816053642e-02 
4.000000 2.7646823960741664e-02 
4.200000 2.7759604110629641e-02 
4.400000 2.7880845495134424e-02 
4.600000 2.8010735860797050e-02 
4.800000 2.8149462282390441e-02 
5.000000 2.8297217212702293e-02 
5.200000 2.8454194163302728e-02 
5.400000 2.8620593352445912e-02 
5.600000 2.8796620716254783e-02 
5.800000 2.8982486895202688e-02 
6.000000 2.9178410667069735e-02 
6.200000 2.9384616315037724e-02 
6.400000 2.9601335760998593e-02 
6.600000 2.9828808311585457e-02 
6.800000 3.0067280608194046e-02 
7.000000 3.0317009253386252e-02 
7.200000 3.0578260403458440e-02 
7.400000 3.0851311152526744e-02 
7.600000 3.1136450004309649e-02 
7.800000 3.1433977020056798e-02 
8.000000 3.1744205476110350e-02 
8.200000 3.2067461831795770e-02 
8.400000 3.2404086671852510e-02 
8.600000 3.2754435323021511e-02 
8.800000 3.3118878170941259e-02 
9.000000 3.3497801897491131e-02 
9.200000 3.3891609881560120e-02 
9.400000 3.4300723200554016e-02 
9.600000 3.4725581479150766e-02 
9.800000 3.5166643572529618e-02 
10.000000 3.5624388753303898e-02 
10.200000 3.6099317607942626e-02 
10.400000 3.6591952983842095e-02 
10.600000 3.7102841313471885e-02 
10.800000 3.7632553557567387e-02 
11.000000 3.8181686587419862e-02 
11.200000 3.8750864379761191e-02 
11.400000 3.9340739250455149e-02 
11.600000 3.9951993319430508e-02 
11.800000 4.0585339795832120e-02 
12.000000 4.1241524535352368e-02 
12.200000 4.1921327527837227e-02 
12.400000 4.2625564433719440e-02 
12.600000 4.3355088271377448e-02 
12.800000 4.4110791028240448e-02 
13.000000 4.4893605440796347e-02 
13.200000 4.5704506743978551e-02 
13.400000 4.6544514455131060e-02 
13.600000 4.7414694237036738e-02 
13.800000 4.8316159720844902e-02 
14.000000 4.9250074364666052e-02 
14.200000 5.0217653288460617e-02 
14.400000 5.1220165072927884e-02 
14.600000 5.2258933540726617e-02 
14.800000 5.3335339436777318e-02 
15.000000 5.4450822028913062e-02 
15.200000 5.5606880576507596e-02 
15.400000 5.6805075629291407e-02 
15.600000 5.8047030140048764e-02 
15.800000 5.9334430311867387e-02 
16.000000 6.0669026152309707e-02 
16.200000 6.2052631664906460e-02 
16.400000 6.3487124610128967e-02 
16.600000 6.4974445776094805e-02 
16.800000 6.6516597661261445e-02 
17.000000 6.8115642486067371e-02 
17.200000 6.9773699442372980e-02 
17.400000 7.1492941059866394e-02 
17.600000 7.3275588589869253e-02 
17.800000 7.5123906272100888e-02 
18.000000 7.7040194357455613e-02 
18.200000 7.9026780753351233e-02 
18.400000 8.1086011141260989e-02 
18.600000 8.3220237428807062e-02 
18.800000 8.5431804383083149e-02 
19.000000 8.7723034301807085e-02 
19.200000 9.0096209584433373e-02 
19.400000 9.2553553068668734e-02 
19.600000 9.5097206021529712e-02 
19.800000 9.7729203686564736e-02 
20.000000 1.0045144832064491e-01 
20.200000 1.0326567968803879e-01 
20.400000 1.0617344301870908e-01 
20.600000 1.0917605449189667e-01 
20.800000 1.1227456436305114e-01 
21.000000 1.1546971792059330e-01 
21.200000 1.1876191453587910e-01 
21.400000 1.2215116515144911e-01 
21.600000 1.2563704864447414e-01 
21.800000 1.2921866759576461e-01 
22.000000 1.3289460409182535e-01 
22.200000 1.3666287628463758e-01 
22.400000 1.4052089652557864e-01 
22.600000 1.4446543197609374e-01 
22.800000 1.4849256867054572e-01 
23.000000 1.5259768006348487e-01 
23.200000 1.5677540112961619e-01 
23.400000 1.6101960909373941e-01 
23.600000 1.6532341184766386e-01 
23.800000 1.6967914505629067e-01 
24.000000 1.7407837886269603e-01 
24.200000 1.7851193497189913e-01 
24.400000 1.8296991472282242e-01 
24.600000 1.8744173855110896e-01 
24.800000 1.9191619700469670e-01 
25.000000 1.9638151320479877e-01 
25.200000 2.0082541635597548e-01 
25.400000 2.0523522560857610e-01 
25.600000 2.0959794327722056e-01 
25.800000 2.1390035613172492e-01 
26.000000 2.1812914321446136e-01 
26.200000 2.2227098841315512e-01 
26.400000 2.2631269584094044e-01 
26.600000 2.3024130595578446e-01 
26.800000 2.3404421029536643e-01 
27.000000 2.3770926271476062e-01 
27.200000 2.4122488509306589e-01 
27.400000 2.4458016561814616e-01 
27.600000 2.4776494795965240e-01 
27.800000 2.5076990989032555e-01 
28.000000 2.5358663020301697e-01 
28.200000 2.5620764308345334e-01 
28.400000 2.5862647942324124e-01 
28.600000 2.6083769488110081e-01 
28.800000 2.6283688481093326e-01 
29.000000 2.6462068646238829e-01 
29.200000 2.6618676911485795e-01 
29.400000 2.6753381302270363e-01 
29.600000 2.6866147822417263e-01 
29.800000 2.6957036439692772e-01 
30.000000 2.7026196302965805e-01 
30.200000 2.7073860322378668e-01 
30.400000 2.7100339244528210e-01 
30.600000 2.7106015351822299e-01 
30.800000 2.7091335909451941e-01 
31.000000 2.7056806475315892e-01 
31.200000 2.7002984178336359e-01 
31.400000 2.6930471059440142e-01 
31.600000 2.6839907557538195e-01 
31.800000 2.6731966210590580e-01 
32.000000 2.6607345629657725e-01 
32.200000 2.6466764792057329e-01 
32.400000 2.6310957688606268e-01 
32.600000 2.6140668349640284e-01 
32.800000 2.5956646265186706e-01 
33.000000 2.5759642206409539e-01 
33.200000 2.5550404448281949e-01 
33.400000 2.5329675387352851e-01 
33.600000 2.5098188543448996e-01 
33.800000 2.4856665930108271e-01 
34.000000 2.4605815775414305e-01 
34.200000 2.4346330572603866e-01 
34.400000 2.4078885438256492e-01 
34.600000 2.3804136754950794e-01 
34.800000 2.3522721074900754e-01 
35.000000 2.3235254261167404e-01 
35.200000 2.2942330843500172e-01 
35.400000 2.2644523566619565e-01 
35.600000 2.2342383109741487e-01 
35.800000 2.2036437957293070e-01 
36.000000 2.1727194402044550e-01 
36.200000 2.1415136663221254e-01 
36.400000 2.1100727103528388e-01 
36.600000 2.0784406530402211e-01 
36.800000 2.0466594568143737e-01 
37.000000 2.0147690088907461e-01 
37.200000 1.9828071691758703e-01 
37.400000 1.9508098220205375e-01 
37.600000 1.9188109309707260e-01 
37.800000 1.8868425957701984e-01 
38.000000 1.8549351109627918e-01 
38.200000 1.8231170255292636e-01 
38.400000 1.7914152030719735e-01 
38.600000 1.7598548821316637e-01 
38.800000 1.7284597362841356e-01 
39.000000 1.6972519337211617e-01 
39.200000 1.6662521960703089e-01 
39.400000 1.6354798562522083e-01 
39.600000 1.6049529152130443e-01 
39.800000 1.5746880974029723e-01 
40.000000 1.5447009049010266e-01 
40.200000 1.5150056701115233e-01 
40.400000 1.4856156069788559e-01 
40.600000 1.4565428606852807e-01 
40.800000 1.4277985558119230e-01 
41.000000 1.3993928429557220e-01 
41.200000 1.3713349438057004e-01 
41.400000 1.3436331946905383e-01 
41.600000 1.3162950886163283e-01 
41.800000 1.2893273158190491e-01 
42.000000 1.2627358028604910e-01 
42.200000 1.2365257502997100e-01 
42.400000 1.2107016689745576e-01 
42.600000 1.1852674149294180e-01 
42.800000 1.1602262230265589e-01 
43.000000 1.1355807392788764e-01 
43.200000 1.1113330519422771e-01 
43.400000 1.0874847214055708e-01 
43.600000 1.0640368089157094e-01 
43.800000 1.0409899041751332e-01 
44.000000 1.0183441518479462e-01 
44.200000 9.9609927701017426e-02 
44.400000 9.7425460957889454e-02 
44.600000 9.5280910775391123e-02 
44.800000 9.3176138050465582e-02 
45.000000 9.1110970913414469e-02 
45.200000 8.9085206795065972e-02 
45.400000 8.7098614407703862e-02 
45.600000 8.5150935642637898e-02 
45.800000 8.3241887387214011e-02 
46.000000 8.1371163263966345e-02 
46.200000 7.9538435294534041e-02 
46.400000 7.7743355490884847e-02 
46.600000 7.5985557376299029e-02 
46.800000 7.4264657438512016e-02 
47.000000 7.2580256517314770e-02 
47.200000 7.0931941128875992e-02 
47.400000 6.9319284728950104e-02 
47.600000 6.7741848917105968e-02 
47.800000 6.6199184584021742e-02 
48.000000 6.4690833003854573e-02 
48.200000 6.3216326873627993e-02 
48.400000 6.1775191301529774e-02 
48.600000 6.0366944745960764e-02 
48.800000 5.8991099907123881e-02 
49.000000 5.7647164572897716e-02 
49.200000 5.6334642420685373e-02 
49.400000 5.5053033776892628e-02 
49.600000 5.3801836335630779e-02 
49.800000 5.2580545838214761e-02 
50.000000 5.1388656714960276e-02 
50.200000 5.0225662690766379e-02 
50.400000 4.9091057355906881e-02 
50.600000 4.7984334703426217e-02 
50.800000 4.6904989634493160e-02 
51.000000 4.5852518433021031e-02 
51.200000 4.4826419210830061e-02 
51.400000 4.3826192324585761e-02 
51.600000 4.2851340765713758e-02 
51.800000 4.1901370524445238e-02 
52.000000 4.0975790929124428e-02 
52.200000 4.0074114961861147e-02 
52.400000 3.9195859551581322e-02 
52.600000 3.8340545845496093e-02 
52.800000 3.7507699459971358e-02 
53.000000 3.6696850711748372e-02 
53.200000 3.5907534830433421e-02 
53.400000 3.5139292153142931e-02 
53.600000 3.4391668302155412e-02 
53.800000 3.3664214346396021e-02 
54.000000 3.2956486947546715e-02 
54.200000 3.2268048491541947e-02 
54.400000 3.1598467206190410e-02 
54.600000 3.0947317265624049e-02 
54.800000 3.0314178882258278e-02 
55.000000 2.9698638386912703e-02 
55.200000 2.9100288297722449e-02 
55.400000 2.8518727378439204e-02 
55.600000 2.7953560686700549e-02 
55.800000 2.7404399612821831e-02 
56.000000 2.6870861909640515e-02 
56.200000 2.6352571713920647e-02 
56.400000 2.5849159559805754e-02 
56.600000 2.5360262384784598e-02 
56.800000 2.4885523528616563e-02 
57.000000 2.4424592725642773e-02 
57.200000 2.3977126090888808e-02 
57.400000 2.3542786100350280e-02 
57.600000 2.3121241565831809e-02 
57.800000 2.2712167604693443e-02 
58.000000 2.2315245604844408e-02 
58.200000 2.1930163185306700e-02 
58.400000 2.1556614152654901e-02 
58.600000 2.1194298453626904e-02 
58.800000 2.0842922124184860e-02 
59.000000 2.0502197235290134e-02 
59.200000 2.0171841835649816e-02 
59.400000 1.9851579891669528e-02 
59.600000 1.9541141224846976e-02 
59.800000 1.9240261446820270e-02 
60.000000 1.8948681892280099e-02 
60.200000 1.8666149549939177e-02 
60.400000 1.8392416991749105e-02 
60.600000 1.8127242300537881e-02 
60.800000 1.7870388996237808e-02 
61.000000 1.7621625960862121e-02 
61.200000 1.7380727362380374e-02 
61.400000 1.7147472577636682e-02 
61.600000 1.6921646114442645e-02 
61.800000 1.6703037532976497e-02 
62.000000 1.6491441366605977e-02 
62.200000 1.6286657042249658e-02 
62.400000 1.6088488800385211e-02 
62.600000 1.5896745614804895e-02 
62.800000 1.5711241112214083e-02 
63.000000 1.5531793491763762e-02 
63.200000 1.5358225444600760e-02 
63.400000 1.5190364073515997e-02 
63.600000 1.5028040812764982e-02 
63.800000 1.4871091348132989e-02 
64.000000 1.4719355537307287e-02 
64.200000 1.4572677330621432e-02 
64.400000 1.4430904692228083e-02 
64.600000 1.4293889521753785e-02 
64.800000 1.4161487576487284e-02 
65.000000 1.4033558394146786e-02 
65.200000 1.3909965216271789e-02 
65.400000 1.3790574912277743e-02 
65.600000 1.3675257904212512e-02 
65.800000 1.3563888092248608e-02 
66.000000 1.3456342780943799e-02 
66.200000 1.3352502606298590e-02 
66.400000 1.3252251463637951e-02 
66.600000 1.3155476436342139e-02 
66.800000 1.3062067725448408e-02 
67.000000 1.2971918580144457e-02 
67.200000 1.2884925229170964e-02 
67.400000 1.2800986813150988e-02 
67.600000 1.2720005317859089e-02 
67.800000 1.2641885508444415e-02 
68.000000 1.2566534864617989e-02 
68.200000 1.2493863516814217e-02 
68.400000 1.2423784183334908e-02 
68.600000 1.2356212108482052e-02 
68.800000 1.2291065001685319e-02 
69.000000 1.2228262977628074e-02 
69.200000 1.2167728497375482e-02 
69.400000 1.2109386310505427e-02 
69.600000 1.2053163398244427e-02 
69.800000 1.1998988917607444e-02 
70.000000 1.1946794146540742e-02 
70.200000 1.1896512430065582e-02 
70.400000 1.1848079127420136e-02 
70.600000 1.1801431560195729e-02 
70.800000 1.1756508961463160e-02 
71.000000 1.1713252425883476e-02 
71.200000 1.1671604860798220e-02 
71.400000 1.1631510938292117e-02 
71.600000 1.1592917048221218e-02 
71.800000 1.1555771252199384e-02 
72.000000 1.1520023238534516e-02 
72.200000 1.1485624278106664e-02 
72.400000 1.1452527181178189e-02 
72.600000 1.1420686255127979e-02 
72.800000 1.1390057263097856e-02 
73.000000 1.1360597383543636e-02 
73.200000 1.1332265170678351e-02 
73.400000 1.1305020515798127e-02 
73.600000 1.1278824609478995e-02 
73.800000 1.1253639904634249e-02 
74.000000 1.1229430080420112e-02 
74.200000 1.1206160006978638e-02 
74.400000 1.1183795711005563e-02 
74.600000 1.1162304342131786e-02 
74.800000 1.1141654140105697e-02 
75.000000 1.1121814402764597e-02 
75.200000 1.1102755454782573e-02 
75.400000 1.1084448617182890e-02 
75.600000 1.1066866177601614e-02 
75.800000 1.1049981361291032e-02 
76.000000 1.1033768302849217e-02 
76.200000 1.1018202018663667e-02 
76.400000 1.1003258380056986e-02 
76.600000 1.0988914087120419e-02 
76.800000 1.0975146643224533e-02 
77.000000 1.0961934330192930e-02 
77.200000 1.0949256184127520e-02 
77.400000 1.0937091971872362e-02 
77.600000 1.0925422168103199e-02 
77.800000 1.0914227933031900e-02 
78.000000 1.0903491090711382e-02 
78.200000 1.0893194107930586e-02 
78.400000 1.0883320073686073e-02 
78.600000 1.0873852679219377e-02 
78.800000 1.0864776198607035e-02 
79.000000 1.0856075469892304e-02 
79.200000 1.0847735876746449e-02 
79.400000 1.0839743330648067e-02 
79.600000 1.0832084253568920e-02 
79.800000 1.0824745561155169e-02 
80.000000 1.0817714646392439e-02 
80.200000 1.0810979363743886e-02 
80.400000 1.0804528013750342e-02 
80.600000 1.0798349328081274e-02 
80.800000 1.0792432455026632e-02 
81.000000 1.0786766945418589e-02 
81.200000 1.0781342738972724e-02 
81.400000 1.0776150151038919e-02 
81.600000 1.0771179859751680e-02 
81.800000 1.0766422893569510e-02 
82.000000 1.0761870619194600e-02 
82.200000 1.0757514729862295e-02 
82.400000 1.0753347233991723e-02 
82.600000 1.0749360444187258e-02 
82.800000 1.0745546966583384e-02 
83.000000 1.0741899690522130e-02 
83.200000 1.0738411778555746e-02 
83.400000 1.0735076656765477e-02 
83.600000 1.0731888005387411e-02 
83.800000 1.0728839749739042e-02 
84.000000 1.0725926051435212e-02 
84.200000 1.0723141299889034e-02 
84.400000 1.0720480104087549e-02 
84.600000 1.0717937284635210e-02 
84.800000 1.0715507866057950e-02 
85.000000 1.0713187069360159e-02 
85.200000 1.0710970304827747e-02 
85.400000 1.0708853165069789e-02 
85.600000 1.0706831418292236e-02 
85.800000 1.0704901001797348e-02 
86.000000 1.0703058015701034e-02 
86.200000 1.0701298716863372e-02 
86.400000 1.0699619513024632e-02 
86.600000 1.0698016957141482e-02 
86.800000 1.0696487741917176e-02 
87.000000 1.0695028694519763e-02 
87.200000 1.0693636771482915e-02 
87.400000 1.0692309053783645e-02 
87.600000 1.0691042742091247e-02 
87.800000 1.0689835152183039e-02 
88.000000 1.0688683710520451e-02 
88.200000 1.0687585949981898e-02 
88.400000 1.0686539505746372e-02 
88.600000 1.0685542111323245e-02 
88.800000 1.0684591594724759e-02 
89.000000 1.0683685874774498e-02 
89.200000 1.0682822957549937e-02 
89.400000 1.0682000932952743e-02 
89.600000 1.0681217971403815e-02 
89.800000 1.0680472320658788e-02 
90.000000 1.0679762302739742e-02 
90.200000 1.0679086310979830e-02 
90.400000 1.0678442807176209e-02 
90.600000 1.0677830318849219e-02 
90.800000 1.0677247436602250e-02 
91.000000 1.0676692811580717e-02 
91.200000 1.0676165153025755e-02 
91.400000 1.0675663225919667e-02 
91.600000 1.0675185848720336e-02 
91.800000 1.0674731891180908e-02 
92.000000 1.0674300272252598e-02 
92.200000 1.0673889958067118e-02 
92.400000 1.0673499959996008e-02 
92.600000 1.0673129332784874e-02 
92.800000 1.0672777172758960e-02 
93.000000 1.0672442616098267e-02 
93.200000 1.0672124837179119e-02 
93.400000 1.0671823046980989e-02 
93.600000 1.0671536491554374e-02 
93.800000 1.0671264450549535e-02 
94.000000 1.0671006235802662e-02 
94.200000 1.0670761189977554e-02 
94.400000 1.0670528685261421e-02 
94.600000 1.0670308122111916e-02 
94.800000 1.0670098928054523e-02 
95.000000 1.0669900556527367e-02 
95.200000 1.0669712485772852e-02 
95.400000 1.0669534217773335e-02 
95.600000 1.0669365277230178e-02 
95.800000 1.0669205210583434e-02 
96.000000 1.0669053585071989e-02 
96.200000 1.0668909987831262e-02 
96.400000 1.0668774025028211e-02 
96.600000 1.0668645321031496e-02 
96.800000 1.0668523517615849e-02 
97.000000 1.0668408273199073e-02 
97.200000 1.0668299262110392e-02 
97.400000 1.0668196173889585e-02 
97.600000 1.0668098712614931e-02 
97.800000 1.0668006596258797e-02 
98.000000 1.0667919556071161e-02 
98.200000 1.0667837335987765e-02 
98.400000 1.0667759692064026e-02 
98.600000 1.0667686391932402e-02 
98.800000 1.0667617214282922e-02 
99.000000 1.0667551948365371e-02 
99.200000 1.0667490393513133e-02 
99.400000 1.0667432358686885e-02 
99.600000 1.0667377662038251e-02 
99.800000 1.0667326130491405e-02 
100.000000 1.0667277599343996e-02 
100.200000 1.0667231911883568e-02 
100.400000 1.0667188919021988e-02 
100.600000 1.0667148478945059e-02 
100.800000 1.0667110456777399e-02 
101.000000 1.0667074724262022e-02 
101.200000 1.0667041159454044e-02 
101.400000 1.0667009646427547e-02 
101.600000 1.0666980074995606e-02 
101.800000 1.0666952340442213e-02 
102.000000 1.0666926343266598e-02 
102.200000 1.0666901988938625e-02 
102.400000 1.0666879187664768e-02 
102.600000 1.0666857854165008e-02 
102.800000 1.0666837907459464e-02 
103.000000 1.0666819270664485e-02 
103.200000 1.0666801870797799e-02 
103.400000 1.0666785638593015e-02 
103.600000 1.0666770508321811e-02 
103.800000 1.0666756417624457e-02 
104.000000 1.0666743307348087e-02 
104.200000 1.0666731121392079e-02 
104.400000 1.0666719806560948e-02 
104.600000 1.0666709312423379e-02 
104.800000 1.0666699591178044e-02 
105.000000 1.0666690597525756e-02 
105.200000 1.0666682288546871e-02 
105.400000 1.0666674623585334e-02 
105.600000 1.0666667564136966e-02 
105.800000 1.0666661073743972e-02 
106.000000 1.0666655117893527e-02 
106.200000 1.0666649663921682e-02 
106.400000 1.0666644680921357e-02 
106.600000 1.0666640139655039e-02 
106.800000 1.0666636012471089e-02 
107.000000 1.0666632273224683e-02 
107.200000 1.0666628897201474e-02 
107.400000 1.0666625861046124e-02 
107.600000 1.0666623142693028e-02 
107.800000 1.0666620721301432e-02 
108.000000 1.0666618577192487e-02 
108.200000 1.0666616691790511e-02 
108.400000 1.0666615047566094e-02 
108.600000 1.0666613627982515e-02 
108.800000 1.0666612417444545e-02 
109.000000 1.0666611401249717e-02 
109.200000 1.0666610565541992e-02 
109.400000 1.0666609897267755e-02 
109.600000 1.0666609384133661e-02 
109.800000 1.0666609014567162e-02 
110.000000 1.0666608777678077e-02 
110.200000 1.0666608663222825e-02 
110.400000 1.0666608661570213e-02 
110.600000 1.0666608763668517e-02 
110.800000 1.0666608961014887e-02 
111.000000 1.0666609245625572e-02 
111.200000 1.0666609610008201e-02 
111.400000 1.0666610047135027e-02 
111.600000 1.0666610550417795e-02 
111.800000 1.0666611113683744e-02 
112.000000 1.0666611731152810e-02 
112.200000 1.0666612397416201e-02 
112.400000 1.0666613107415408e-02 
112.600000 1.0666613856423344e-02 
112.800000 1.0666614640025331e-02 
113.000000 1.0666615454102061e-02 
113.200000 1.0666616294812459e-02 
113.400000 1.0666617158578386e-02 
113.600000 1.0666618042069139e-02 
113.800000 1.0666618942187872e-02 
114.000000 1.0666619856057706e-02 
114.200000 1.0666620781009176e-02 
114.400000 1.0666621714568019e-02 
114.600000 1.0666622654443887e-02 
114.800000 1.0666623598519423e-02 
115.000000 1.0666624544840008e-02 
115.200000 1.0666625491604081e-02 
115.400000 1.0666626437153874e-02 
115.600000 1.0666627379966575e-02 
115.800000 1.0666628318646438e-02 
116.000000 1.0666629251916726e-02 
116.200000 1.0666630178612373e-02 
116.400000 1.0666631097673082e-02 
116.600000 1.0666632008136457e-02 
116.800000 1.0666632909132358e-02 
117.000000 1.0666633799876351e-02 
117.200000 1.0666634679664581e-02 
117.400000 1.0666635547868389e-02 
117.600000 1.0666636403929239e-02 
117.800000 1.0666637247354225e-02 
118.000000 1.0666638077711526e-02 
118.200000 1.0666638894626332e-02 
118.400000 1.0666639697776788e-02 
118.600000 1.0666640486890503e-02 
118.800000 1.0666641261740615e-02 
119.000000 1.0666642022143173e-02 
119.200000 1.0666642767953453e-02 
119.400000 1.0666643499063216e-02 
119.600000 1.0666644215398206e-02 
119.800000 1.0666644916915114e-02 
120.000000 1.0666645603599622e-02 
120.200000 1.0666646275463716e-02 
120.400000 1.0666646932543867e-02 
120.600000 1.0666647574898783e-02 
120.800000 1.0666648202607622e-02 
121.000000 1.0666648815768218e-02 
121.200000 1.0666649414495482e-02 
121.400000 1.0666649998919536e-02 
121.600000 1.0666650569184793e-02 
121.800000 1.0666651125447998e-02 
122.000000 1.0666651667877442e-02 
122.200000 1.0666652196651407e-02 
122.400000 1.0666652711957306e-02 
122.600000 1.0666653213990501e-02 
122.800000 1.0666653702953386e-02 
123.000000 1.0666654179054321e-02 
123.200000 1.0666654642507156e-02 
123.400000 1.0666655093530023e-02 
123.600000 1.0666655532344933e-02 
123.800000 1.0666655959176834e-02 
124.000000 1.0666656374253231e-02 
124.200000 1.0666656777803393e-02 
124.400000 1.0666657170058080e-02 
124.600000 1.0666657551248572e-02 
124.800000 1.0666657921606794e-02 
125.000000 1.0666658281364474e-02 
125.200000 1.0666658630752890e-02 
125.400000 1.0666658970002508e-02 
125.600000 1.0666659299342740e-02 
125.800000 1.0666659619001418e-02 
126.000000 1.0666659929204852e-02 
126.200000 1.0666660230177207e-02 
126.400000 1.0666660522140636e-02 
126.600000 1.0666660805314688e-02 
126.800000 1.0666661079916605e-02 
127.000000 1.0666661346160703e-02 
127.200000 1.0666661604258549e-02 
127.400000 1.0666661854418566e-02 
127.600000 1.0666662096846176e-02 
127.800000 1.0666662331743579e-02 
128.000000 1.0666662559309571e-02 
128.200000 1.0666662779739591e-02 
128.400000 1.0666662993225757e-02 
128.600000 1.0666663199956525e-02 
128.800000 1.0666663400116964e-02 
129.000000 1.0666663593888426e-02 
129.200000 1.0666663781448810e-02 
129.400000 1.0666663962972322e-02 
129.600000 1.0666664138629631e-02 
129.800000 1.0666664308587686e-02 
130.000000 1.0666664473009830e-02 
130.200000 1.0666664632056008e-02 
130.400000 1.0666664785882282e-02 
130.600000 1.0666664934641336e-02 
130.800000 1.0666665078482331e-02 
131.000000 1.0666665217550768e-02 
131.200000 1.0666665351988801e-02 
131.400000 1.0666665481935117e-02 
131.600000 1.0666665607524925e-02 
131.800000 1.0666665728890254e-02 
132.000000 1.0666665846159600e-02 
132.200000 1.0666665959458307e-02 
132.400000 1.0666666068908466e-02 
132.600000 1.0666666174628987e-02 
132.800000 1.0666666276735669e-02 
133.000000 1.0666666375341201e-02 
133.200000 1.0666666470555322e-02 
133.400000 1.0666666562484816e-02 
133.600000 1.0666666651233451e-02 
133.800000 1.0666666736902190e-02 
134.000000 1.0666666819589206e-02 
134.200000 1.0666666899390012e-02 
134.400000 1.0666666976397253e-02 
134.600000 1.0666667050701047e-02 
134.800000 1.0666667122388951e-02 
135.000000 1.0666667191545987e-02 
135.200000 1.0666667258254660e-02 
135.400000 1.0666667322595171e-02 
135.600000 1.0666667384645258e-02 
135.800000 1.0666667444480391e-02 
136.000000 1.0666667502173868e-02 
136.200000 1.0666667557796702e-02 
136.400000 1.0666667611417787e-02 
136.600000 1.0666667663103943e-02 
136.800000 1.0666667712919964e-02 
137.000000 1.0666667760928667e-02 
137.200000 1.0666667807190914e-02 
137.400000 1.0666667851765699e-02 
137.600000 1.0666667894710123e-02 
137.800000 1.0666667936079578e-02 
138.000000 1.0666667975927663e-02 
138.200000 1.0666668014306357e-02 
138.400000 1.0666668051265815e-02 
138.600000 1.0666668086854824e-02 
138.800000 1.0666668121120423e-02 
139.000000 1.0666668154108204e-02 
139.200000 1.0666668185862312e-02 
139.400000 1.0666668216425328e-02 
139.600000 1.0666668245838609e-02 
139.800000 1.0666668274142024e-02 
140.000000 1.0666668301374169e-02 
140.200000 1.0666668327572381e-02 
140.400000 1.0666668352772734e-02 
140.600000 1.0666668377010049e-02 
140.800000 1.0666668400318016e-02 
141.000000 1.0666668422729206e-02 
141.200000 1.0666668444275048e-02 
141.400000 1.0666668464985832e-02 
141.600000 1.0666668484891008e-02 
141.800000 1.0666668504018697e-02 
142.000000 1.0666668522396366e-02 
142.200000 1.0666668540050286e-02 
142.400000 1.0666668557005859e-02 
142.600000 1.0666668573287581e-02 
142.800000 1.0666668588919188e-02 
143.000000 1.0666668603923377e-02 
143.200000 1.0666668618322207e-02 
143.400000 1.0666668632136892e-02 
143.600000 1.0666668645387777e-02 
143.800000 1.0666668658094654e-02 
144.000000 1.0666668670276517e-02 
144.200000 1.0666668681951498e-02 
144.400000 1.0666668693137109e-02 
144.600000 1.0666668703850156e-02 
144.800000 1.0666668714106660e-02 
145.000000 1.0666668723922173e-02 
145.200000 1.0666668733311494e-02 
145.400000 1.0666668742289144e-02 
145.600000 1.0666668750868901e-02 
145.800000 1.0666668759064092e-02 
146.000000 1.0666668766887670e-02 
146.200000 1.0666668774352078e-02 
146.400000 1.0666668781469461e-02 
146.600000 1.0666668788251444e-02 
146.800000 1.0666668794709417e-02 
147.000000 1.0666668800853062e-02 
147.200000 1.0666668806689188e-02 
147.400000 1.0666668812225801e-02 
147.600000 1.0666668817471091e-02 
147.800000 1.0666668822433554e-02 
148.000000 1.0666668827121887e-02 
148.200000 1.0666668831545158e-02 
148.400000 1.0666668835712090e-02 
148.600000 1.0666668839631804e-02 
148.800000 1.0666668843313354e-02 
149.000000 1.0666668846765696e-02 
149.200000 1.0666668849997923e-02 
149.400000 1.0666668853018748e-02 
149.600000 1.0666668855837032e-02 
149.800000 1.0666668858461351e-02 
