0.000000 1.2570566281561391e-01 
0.200000 1.2569365308925284e-01 
0.400000 1.2568449760709810e-01 
0.600000 1.2567841206031427e-01 
0.800000 1.2567552946552862e-01 
1.000000 1.2567575186301505e-01 
1.200000 1.2567917025435549e-01 
1.400000 1.2568562522787985e-01 
1.600000 1.2569484062963343e-01 
1.800000 1.2570553672962959e-01 
2.000000 1.2571619486209551e-01 
2.200000 1.2572226714905499e-01 
2.400000 1.2572351522190983e-01 
2.600000 1.2572010888917340e-01 
2.800000 1.2571257245894718e-01 
3.000000 1.2570150291208382e-01 
3.200000 1.2568751112472498e-01 
3.400000 1.2567093743315949e-01 
3.600000 1.2563954951855383e-01 
3.800000 1.2560965443646488e-01 
4.000000 1.2558059590267545e-01 
4.200000 1.2555188367516190e-01 
4.400000 1.2552279886173645e-01 
4.600000 1.2549263535350152e-01 
4.800000 1.2546065235162895e-01 
5.000000 1.2542609100386348e-01 
5.200000 1.2538812858061432e-01 
5.400000 1.2534641944496205e-01 
5.600000 1.2530095754809234e-01 
5.800000 1.2525184141897083e-01 
6.000000 1.2519922590410681e-01 
6.200000 1.2514329259794754e-01 
6.400000 1.2508420595580794e-01 
6.600000 1.2502209219834470e-01 
6.800000 1.2495706355243363e-01 
7.000000 1.2488904011766144e-01 
7.200000 1.2481782638069949e-01 
7.400000 1.2474321651274956e-01 
7.600000 1.2466499947115894e-01 
7.800000 1.2458296930432966e-01 
8.000000 1.2449692973201187e-01 
8.200000 1.2440669946422922e-01 
8.400000 1.2431211208023019e-01 
8.600000 1.2421301969264398e-01 
8.800000 1.2410928293899515e-01 
9.000000 1.2400075584121784e-01 
9.200000 1.2388727706820002e-01 
9.400000 1.2376866436597189e-01 
9.600000 1.2364471178673819e-01 
9.800000 1.2351518480516488e-01 
10.000000 1.2337981358746686e-01 
10.200000 1.2323830755782494e-01 
10.400000 1.2309036159376663e-01 
10.600000 1.2293566231754038e-01 
10.800000 1.2277387260041284e-01 
11.000000 1.2260462884457102e-01 
11.200000 1.2242754172576531e-01 
11.400000 1.2224219550958781e-01 
11.600000 1.2204814608680070e-01 
11.800000 1.2184491904007455e-01 
12.000000 1.2163200751129233e-01 
12.200000 1.2140886977210441e-01 
12.400000 1.2117492619741521e-01 
12.600000 1.2092955602478117e-01 
12.800000 1.2067209420316150e-01 
13.000000 1.2040182844466063e-01 
13.200000 1.2011799632812992e-01 
13.400000 1.1981978213763644e-01 
13.600000 1.1950631349229102e-01 
13.800000 1.1917665812994072e-01 
14.000000 1.1882982043278123e-01 
14.200000 1.1846473783336897e-01 
14.400000 1.1808027697787826e-01 
14.600000 1.1767522964798272e-01 
14.800000 1.1724830852838286e-01 
15.000000 1.1679814294868085e-01 
15.200000 1.1632327469163206e-01 
15.400000 1.1582215397914086e-01 
15.600000 1.1529313574708000e-01 
15.800000 1.1473447638553336e-01 
16.000000 1.1414433111395339e-01 
16.200000 1.1352075217349600e-01 
16.400000 1.1286168801146546e-01 
16.600000 1.1216498366255079e-01 
16.800000 1.1142838254074416e-01 
17.000000 1.1064952987309906e-01 
17.200000 1.0982597798790827e-01 
17.400000 1.0895519369582662e-01 
17.600000 1.0803456798078048e-01 
17.800000 1.0706142820241760e-01 
18.000000 1.0603305298978583e-01 
18.200000 1.0494668998598733e-01 
18.400000 1.0379957656248839e-01 
18.600000 1.0258896358169767e-01 
18.800000 1.0131214224441398e-01 
19.000000 9.9966474011892847e-02 
19.200000 9.8549423539528336e-02 
19.400000 9.7058594497662631e-02 
19.600000 9.5491768088411422e-02 
19.800000 9.3846943989575937e-02 
20.000000 9.2122383365779714e-02 
20.200000 9.0316653482795717e-02 
20.400000 8.8428673344839615e-02 
20.600000 8.6457759647066923e-02 
20.800000 8.4403672203581248e-02 
21.000000 8.2266657879510041e-02 
21.200000 8.0047491936277027e-02 
21.400000 7.7747515599106087e-02 
21.600000 7.5368668588918442e-02 
21.800000 7.2913515335789492e-02 
22.000000 7.0385263618294225e-02 
22.200000 6.7787774457521155e-02 
22.400000 6.5125562239735535e-02 
22.600000 6.2403784246219507e-02 
22.800000 5.9628219028460494e-02 
23.000000 5.6805233371128083e-02 
23.200000 5.3941737923893562e-02 
23.400000 5.1045131938761923e-02 
23.600000 4.8123237907230831e-02 
23.800000 4.5184227232850427e-02 
24.000000 4.2236538382904865e-02 
24.200000 3.9288789222126308e-02 
24.400000 3.6349685429269418e-02 
24.600000 3.3427927023208293e-02 
24.800000 3.0532115074794475e-02 
25.000000 2.7670660651338830e-02 
25.200000 2.4851697936514316e-02 
25.400000 2.2083003296308967e-02 
25.600000 1.9371921832662342e-02 
25.800000 1.6725302693622934e-02 
26.000000 1.4149444107338538e-02 
26.200000 1.1650048792691714e-02 
26.400000 9.2321900855453221e-03 
26.600000 6.9002888206125546e-03 
26.800000 4.6581007346502279e-03 
27.000000 2.5087139153178173e-03 
27.200000 4.5455561708462877e-04 
27.400000 -1.5025923967566523e-03 
27.600000 -3.3615709479286604e-03 
27.800000 -5.1218140160030901e-03 
28.000000 -6.7833138775168500e-03 
28.200000 -8.3465819090898785e-03 
28.400000 -9.8126061332413084e-03 
28.600000 -1.1182806541285339e-02 
28.800000 -1.2458989162498990e-02 
29.000000 -1.3643299766892492e-02 
29.200000 -1.4738177995005319e-02 
29.400000 -1.5746312605552260e-02 
29.600000 -1.6670598425161276e-02 
29.800000 -1.7514095477102920e-02 
30.000000 -1.8279990660371670e-02 
30.200000 -1.8971562251321461e-02 
30.400000 -1.9592147406869209e-02 
30.600000 -2.0145112765587059e-02 
30.800000 -2.0633828169426383e-02 
31.000000 -2.1061643466698032e-02 
31.200000 -2.1431868305284429e-02 
31.400000 -2.1747754783686346e-02 
31.600000 -2.2012482796835708e-02 
31.800000 -2.2229147890479251e-02 
32.000000 -2.2400751424146437e-02 
32.200000 -2.2530192834849250e-02 
32.400000 -2.2620263792151207e-02 
32.600000 -2.2673644038073981e-02 
32.800000 -2.2692898712395881e-02 
33.000000 -2.2680476973536479e-02 
33.200000 -2.2638711736932382e-02 
33.400000 -2.2569820366393323e-02 
33.600000 -2.2475906167276682e-02 
33.800000 -2.2358960545278084e-02 
34.000000 -2.2220865708038828e-02 
34.200000 -2.2063397800681561e-02 
34.400000 -2.1888230379154050e-02 
34.600000 -2.1696938137314770e-02 
34.800000 -2.1491000814543304e-02 
35.000000 -2.1271807221120542e-02 
35.200000 -2.1040659327192068e-02 
35.400000 -2.0798776370006322e-02 
35.600000 -2.0547298940654379e-02 
35.800000 -2.0287293018642572e-02 
36.000000 -2.0019753927995654e-02 
36.200000 -1.9745610193850960e-02 
36.400000 -1.9465727282627243e-02 
36.600000 -1.9180911213123653e-02 
36.800000 -1.8891912028770941e-02 
37.000000 -1.8599427124594059e-02 
37.200000 -1.8304104424571255e-02 
37.400000 -1.8006545407333430e-02 
37.600000 -1.7707307979942077e-02 
37.800000 -1.7406909201104714e-02 
38.000000 -1.7105827855926958e-02 
38.200000 -1.6804506886064663e-02 
38.400000 -1.6503355679263837e-02 
38.600000 -1.6202752223459127e-02 
38.800000 -1.5903045130473609e-02 
39.000000 -1.5604555535362608e-02 
39.200000 -1.5307578877177208e-02 
39.400000 -1.5012386567149011e-02 
39.600000 -1.4719227550451686e-02 
39.800000 -1.4428329767495723e-02 
40.000000 -1.4139901520659998e-02 
40.200000 -1.3854132752243176e-02 
40.400000 -1.3571196239091698e-02 
40.600000 -1.3291248709339426e-02 
40.800000 -1.3014431886331584e-02 
41.000000 -1.2740873464483271e-02 
41.200000 -1.2470688021736398e-02 
41.400000 -1.2203977872931121e-02 
41.600000 -1.1940833868053391e-02 
41.800000 -1.1681336139344023e-02 
42.000000 -1.1425554800575166e-02 
42.200000 -1.1173550602014054e-02 
42.400000 -1.0925375544084848e-02 
42.600000 -1.0681073452549872e-02 
42.800000 -1.0440680517906031e-02 
43.000000 -1.0204225801512895e-02 
43.200000 -9.9717317106223780e-03 
43.400000 -9.7432144445004643e-03 
43.600000 -9.5186844136596616e-03 
43.800000 -9.2981466337483110e-03 
44.000000 -9.0816010961471960e-03 
44.200000 -8.8690431164891448e-03 
44.400000 -8.6604636627004850e-03 
44.600000 -8.4558496638159619e-03 
44.800000 -8.2551843008471931e-03 
45.000000 -8.0584472807380264e-03 
45.200000 -7.8656150945871500e-03 
45.400000 -7.6766612609374951e-03 
45.600000 -7.4915565551967322e-03 
45.800000 -7.3102692258959767e-03 
46.000000 -7.1327651985989837e-03 
46.200000 -6.9590082682430415e-03 
46.400000 -6.7889602804363236e-03 
46.600000 -6.6225813025695274e-03 
46.800000 -6.4598297849443737e-03 
47.000000 -6.3006627129428838e-03 
47.200000 -6.1450357503438080e-03 
47.400000 -5.9929033744723220e-03 
47.600000 -5.8442190035054714e-03 
47.800000 -5.6989351165317309e-03 
48.000000 -5.5570033665346130e-03 
48.200000 -5.4183746868137206e-03 
48.400000 -5.2829993911792800e-03 
48.600000 -5.1508272682086187e-03 
48.800000 -5.0218076698484299e-03 
49.000000 -4.8958895947619624e-03 
49.200000 -4.7730217665961916e-03 
49.400000 -4.6531527074468726e-03 
49.600000 -4.5362308068378904e-03 
49.800000 -4.4222043863436644e-03 
50.000000 -4.3110217601569079e-03 
50.200000 -4.2026312917755604e-03 
50.400000 -4.0969814470176169e-03 
50.600000 -3.9940208435696178e-03 
50.800000 -3.8936982971929240e-03 
51.000000 -3.7959628648154276e-03 
51.200000 -3.7007638846619090e-03 
51.400000 -3.6080510135547972e-03 
51.600000 -3.5177742615243313e-03 
51.800000 -3.4298840238917994e-03 
52.000000 -3.3443311110130242e-03 
52.200000 -3.2610667756130390e-03 
52.400000 -3.1800427380543617e-03 
52.600000 -3.1012112095866740e-03 
52.800000 -3.0245249135652449e-03 
53.000000 -2.9499371048968132e-03 
53.200000 -2.8774015877195552e-03 
53.400000 -2.8068727314719891e-03 
53.600000 -2.7383054853257829e-03 
53.800000 -2.6716553913098753e-03 
54.000000 -2.6068785957602189e-03 
54.200000 -2.5439318597908073e-03 
54.400000 -2.4827725682148652e-03 
54.600000 -2.4233587374666785e-03 
54.800000 -2.3656490223857365e-03 
55.000000 -2.3096027218263981e-03 
55.200000 -2.2551797834550399e-03 
55.400000 -2.2023408075041856e-03 
55.600000 -2.1510470496132750e-03 
55.800000 -2.1012604229285053e-03 
56.000000 -2.0529434993346307e-03 
56.200000 -2.0060595099906861e-03 
56.400000 -1.9605723451373361e-03 
56.600000 -1.9164465533137512e-03 
56.800000 -1.8736473398482459e-03 
57.000000 -1.8321405648529382e-03 
57.200000 -1.7918927406829904e-03 
57.400000 -1.7528710287891686e-03 
57.600000 -1.7150432362465565e-03 
57.800000 -1.6783778116523582e-03 
58.000000 -1.6428438407671414e-03 
58.200000 -1.6084110416902109e-03 
58.400000 -1.5750497596501642e-03 
58.600000 -1.5427309615540924e-03 
58.800000 -1.5114262300828102e-03 
59.000000 -1.4811077576271370e-03 
59.200000 -1.4517483398943029e-03 
59.400000 -1.4233213692601276e-03 
59.600000 -1.3958008278933259e-03 
59.800000 -1.3691612807315984e-03 
60.000000 -1.3433778681736161e-03 
60.200000 -1.3184262986779202e-03 
60.400000 -1.2942828411599966e-03 
60.600000 -1.2709243172612100e-03 
60.800000 -1.2483280935115318e-03 
61.000000 -1.2264720733318052e-03 
61.200000 -1.2053346890132793e-03 
61.400000 -1.1848948935246628e-03 
61.600000 -1.1651321523203084e-03 
61.800000 -1.1460264350722227e-03 
62.000000 -1.1275582073057358e-03 
62.200000 -1.1097084220788103e-03 
62.400000 -1.0924585115432359e-03 
62.600000 -1.0757903785816592e-03 
62.800000 -1.0596863883456167e-03 
63.000000 -1.0441293598915380e-03 
63.200000 -1.0291025576974477e-03 
63.400000 -1.0145896833273285e-03 
63.600000 -1.0005748670447664e-03 
63.800000 -9.8704265946741171e-04 
64.000000 -9.7397802329102223e-04 
64.200000 -9.6136632499584790e-04 
64.400000 -9.4919332665172745e-04 
64.600000 -9.3744517779686259e-04 
64.800000 -9.2610840730122934e-04 
65.000000 -9.1516991538952847e-04 
65.200000 -9.0461696563861466e-04 
65.400000 -8.9443717712160697e-04 
65.600000 -8.8461851661402607e-04 
65.800000 -8.7514929084499260e-04 
66.000000 -8.6601813891330759e-04 
66.200000 -8.5721402466710367e-04 
66.400000 -8.4872622934092229e-04 
66.600000 -8.4054434411052342e-04 
66.800000 -8.3265826287142602e-04 
67.000000 -8.2505817509697515e-04 
67.200000 -8.1773455871689271e-04 
67.400000 -8.1067817321230778e-04 
67.600000 -8.0388005271687935e-04 
67.800000 -7.9733149930905078e-04 
68.000000 -7.9102407629608879e-04 
68.200000 -7.8494960178697448e-04 
68.400000 -7.7910014216726886e-04 
68.600000 -7.7346800581307856e-04 
68.800000 -7.6804573688669248e-04 
69.000000 -7.6282610926370342e-04 
69.200000 -7.5780212048745521e-04 
69.400000 -7.5296698593062955e-04 
69.600000 -7.4831413302299532e-04 
69.800000 -7.4383719559503736e-04 
70.000000 -7.3953000832073512e-04 
70.200000 -7.3538660129131295e-04 
70.400000 -7.3140119468592668e-04 
70.600000 -7.2756819355505181e-04 
70.800000 -7.2388218270789256e-04 
71.000000 -7.2033792171307537e-04 
71.200000 -7.1693033998933287e-04 
71.400000 -7.1365453206184704e-04 
71.600000 -7.1050575278853306e-04 
71.800000 -7.0747941288355071e-04 
72.000000 -7.0457107435812488e-04 
72.200000 -7.0177644619857926e-04 
72.400000 -6.9909138004665972e-04 
72.600000 -6.9651186606237842e-04 
72.800000 -6.9403402882330795e-04 
73.000000 -6.9165412335319559e-04 
73.200000 -6.8936853122932712e-04 
73.400000 -6.8717375679836629e-04 
73.600000 -6.8506642349276670e-04 
73.800000 -6.8304327017314204e-04 
74.000000 -6.8110114768787228e-04 
74.200000 -6.7923701537744158e-04 
74.400000 -6.7744793776201850e-04 
74.600000 -6.7573108133582582e-04 
74.800000 -6.7408371127413574e-04 
75.000000 -6.7250318849565449e-04 
75.200000 -6.7098696653249829e-04 
75.400000 -6.6953258868379661e-04 
75.600000 -6.6813768512901522e-04 
75.800000 -6.6679997015274550e-04 
76.000000 -6.6551723950982605e-04 
76.200000 -6.6428736769708063e-04 
76.400000 -6.6310830552238076e-04 
76.600000 -6.6197807754989069e-04 
76.800000 -6.6089477970246446e-04 
77.000000 -6.5985657694388883e-04 
77.200000 -6.5886170099101887e-04 
77.400000 -6.5790844810163090e-04 
77.600000 -6.5699517693417614e-04 
77.800000 -6.5612030646542557e-04 
78.000000 -6.5528231395380054e-04 
78.200000 -6.5447973301980406e-04 
78.400000 -6.5371115166525801e-04 
78.600000 -6.5297521050477342e-04 
78.800000 -6.5227060092865052e-04 
79.000000 -6.5159606335647019e-04 
79.200000 -6.5095038559141033e-04 
79.400000 -6.5033240111704582e-04 
79.600000 -6.4974098761921145e-04 
79.800000 -6.4917506533577335e-04 
80.000000 -6.4863359562583600e-04 
80.200000 -6.4811557952147020e-04 
80.400000 -6.4762005634778907e-04 
80.600000 -6.4714610232322750e-04 
80.800000 -6.4669282927631161e-04 
81.000000 -6.4625938341203448e-04 
81.200000 -6.4584494399901743e-04 
81.400000 -6.4544872226286742e-04 
81.600000 -6.4506996020087526e-04 
81.800000 -6.4470792944452959e-04 
82.000000 -6.4436193025897009e-04 
82.200000 -6.4403129041209345e-04 
82.400000 -6.4371536422227343e-04 
82.600000 -6.4341353157420372e-04 
82.800000 -6.4312519697213438e-04 
83.000000 -6.4284978862796938e-04 
83.200000 -6.4258675759817224e-04 
83.400000 -6.4233557691305287e-04 
83.600000 -6.4209574076541653e-04 
83.800000 -6.4186676372744028e-04 
84.000000 -6.4164817997033885e-04 
84.200000 -6.4143954253000068e-04 
84.400000 -6.4124042260671477e-04 
84.600000 -6.4105040883517123e-04 
84.800000 -6.4086910667141700e-04 
85.000000 -6.4069613772320400e-04 
85.200000 -6.4053113913985910e-04 
85.400000 -6.4037376298175380e-04 
85.600000 -6.4022367570952532e-04 
85.800000 -6.4008055755179760e-04 
86.000000 -6.3994410206148766e-04 
86.200000 -6.3981401548071637e-04 
86.400000 -6.3969001634258532e-04 
86.600000 -6.3957183496438086e-04 
86.800000 -6.3945921295544689e-04 
87.000000 -6.3935190278875675e-04 
87.200000 -6.3924966739024869e-04 
87.400000 -6.3915227969172511e-04 
87.600000 -6.3905952226943341e-04 
87.800000 -6.3897118690554172e-04 
88.000000 -6.3888707428708114e-04 
88.200000 -6.3880699358886961e-04 
88.400000 -6.3873076218271679e-04 
88.600000 -6.3865820524591083e-04 
88.800000 -6.3858915550522172e-04 
89.000000 -6.3852345290638102e-04 
89.200000 -6.3846094430412142e-04 
89.400000 -6.3840148318692475e-04 
89.600000 -6.3834492944837840e-04 
89.800000 -6.3829114905607220e-04 
90.000000 -6.3824001384092666e-04 
90.200000 -6.3819140125698920e-04 
90.400000 -6.3814519412069143e-04 
90.600000 -6.3810128043605835e-04 
90.800000 -6.3805955312483398e-04 
91.000000 -6.3801990985144774e-04 
91.200000 -6.3798225282644949e-04 
91.400000 -6.3794648859772513e-04 
91.600000 -6.3791252788505948e-04 
91.800000 -6.3788028539329966e-04 
92.000000 -6.3784967964285177e-04 
92.200000 -6.3782063283485124e-04 
92.400000 -6.3779307064697893e-04 
92.600000 -6.3776692210996272e-04 
92.800000 -6.3774211948931792e-04 
93.000000 -6.3771859809330644e-04 
93.200000 -6.3769629620224338e-04 
93.400000 -6.3767515487167525e-04 
93.600000 -6.3765511787867990e-04 
93.800000 -6.3763613156187643e-04 
94.000000 -6.3761814473446699e-04 
94.200000 -6.3760110853311458e-04 
94.400000 -6.3758497640036688e-04 
94.600000 -6.3756970388867407e-04 
94.800000 -6.3755524863147450e-04 
95.000000 -6.3754157022805069e-04 
95.200000 -6.3752863015004158e-04 
95.400000 -6.3751639169350865e-04 
95.600000 -6.3750481984811702e-04 
95.800000 -6.3749388125945022e-04 
96.000000 -6.3748354413994957e-04 
96.200000 -6.3747377820031620e-04 
96.400000 -6.3746455459277179e-04 
96.600000 -6.3745584582419745e-04 
96.800000 -6.3744762573261782e-04 
97.000000 -6.3743986935588942e-04 
97.200000 -6.3743255299444912e-04 
97.400000 -6.3742565401357643e-04 
97.600000 -6.3741915093350199e-04 
97.800000 -6.3741302324565180e-04 
98.000000 -6.3740725147930916e-04 
98.200000 -6.3740181708537430e-04 
98.400000 -6.3739670241963475e-04 
98.600000 -6.3739189070245034e-04 
98.800000 -6.3738736595514434e-04 
99.000000 -6.3738311301740624e-04 
99.200000 -6.3737911743595721e-04 
99.400000 -6.3737536549387380e-04 
99.600000 -6.3737184414420361e-04 
99.800000 -6.3736854097680429e-04 
100.000000 -6.3736544422508118e-04 
100.200000 -6.3736254267342252e-04 
100.400000 -6.3735982567854343e-04 
100.600000 -6.3735728316220708e-04 
100.800000 -6.3735490550283908e-04 
101.000000 -6.3735268361318764e-04 
101.200000 -6.3735060882217504e-04 
101.400000 -6.3734867292712660e-04 
101.600000 -6.3734686812422919e-04 
101.800000 -6.3734518703160298e-04 
102.000000 -6.3734362262523464e-04 
102.200000 -6.3734216824584689e-04 
102.400000 -6.3734081758458350e-04 
102.600000 -6.3733956466208858e-04 
102.800000 -6.3733840380321427e-04 
103.000000 -6.3733732961476081e-04 
103.200000 -6.3733633702287712e-04 
103.400000 -6.3733542119442932e-04 
103.600000 -6.3733457753583495e-04 
103.800000 -6.3733380173405796e-04 
104.000000 -6.3733308968105806e-04 
104.200000 -6.3733243749318491e-04 
104.400000 -6.3733184149974975e-04 
104.600000 -6.3733129822123036e-04 
104.800000 -6.3733080436920858e-04 
105.000000 -6.3733035683598283e-04 
105.200000 -6.3732995267195419e-04 
105.400000 -6.3732958910379944e-04 
105.600000 -6.3732926349924918e-04 
105.800000 -6.3732897338102806e-04 
106.000000 -6.3732871640709982e-04 
106.200000 -6.3732849035381955e-04 
106.400000 -6.3732829315005235e-04 
106.600000 -6.3732812280533485e-04 
106.800000 -6.3732797747154124e-04 
107.000000 -6.3732785538530429e-04 
107.200000 -6.3732775490836502e-04 
107.400000 -6.3732767447522570e-04 
107.600000 -6.3732761261730414e-04 
107.800000 -6.3732756795139428e-04 
108.000000 -6.3732753917504492e-04 
108.200000 -6.3732752508182527e-04 
108.400000 -6.3732752450438440e-04 
108.600000 -6.3732753635012407e-04 
108.800000 -6.3732755963370746e-04 
109.000000 -6.3732759337695871e-04 
109.200000 -6.3732763668757075e-04 
109.400000 -6.3732768872611090e-04 
109.600000 -6.3732774871259196e-04 
109.800000 -6.3732781589967424e-04 
110.000000 -6.3732788959472431e-04 
110.200000 -6.3732796914314077e-04 
110.400000 -6.3732805395461112e-04 
110.600000 -6.3732814345351246e-04 
110.800000 -6.3732823711369624e-04 
111.000000 -6.3732833443105874e-04 
111.200000 -6.3732843495806213e-04 
111.400000 -6.3732853826124064e-04 
111.600000 -6.3732864394219074e-04 
111.800000 -6.3732875162551827e-04 
112.000000 -6.3732886096133645e-04 
112.200000 -6.3732897163677055e-04 
112.400000 -6.3732908335708410e-04 
112.600000 -6.3732919583533998e-04 
112.800000 -6.3732930882853811e-04 
113.000000 -6.3732942209358129e-04 
113.200000 -6.3732953542261495e-04 
113.400000 -6.3732964860866576e-04 
113.600000 -6.3732976146883141e-04 
113.800000 -6.3732987383530171e-04 
114.000000 -6.3732998555436626e-04 
114.200000 -6.3733009648488798e-04 
114.400000 -6.3733020650999506e-04 
114.600000 -6.3733031550007591e-04 
114.800000 -6.3733042335443330e-04 
115.000000 -6.3733052997825418e-04 
115.200000 -6.3733063528225581e-04 
115.400000 -6.3733073920332894e-04 
115.600000 -6.3733084166668619e-04 
115.800000 -6.3733094260112755e-04 
116.000000 -6.3733104197834234e-04 
116.200000 -6.3733113973213351e-04 
116.400000 -6.3733123583057522e-04 
116.600000 -6.3733133024813926e-04 
116.800000 -6.3733142293936895e-04 
117.000000 -6.3733151390822640e-04 
117.200000 -6.3733160311170434e-04 
117.400000 -6.3733169055386202e-04 
117.600000 -6.3733177621757425e-04 
117.800000 -6.3733186010371534e-04 
118.000000 -6.3733194219862260e-04 
118.200000 -6.3733202250558507e-04 
118.400000 -6.3733210104042343e-04 
118.600000 -6.3733217780495566e-04 
118.800000 -6.3733225279815481e-04 
119.000000 -6.3733232605297369e-04 
119.200000 -6.3733239756737226e-04 
119.400000 -6.3733246736555338e-04 
119.600000 -6.3733253545936869e-04 
119.800000 -6.3733260186541602e-04 
120.000000 -6.3733266660310345e-04 
120.200000 -6.3733272970446092e-04 
120.400000 -6.3733279118498992e-04 
120.600000 -6.3733285106885168e-04 
120.800000 -6.3733290938210174e-04 
121.000000 -6.3733296614430085e-04 
121.200000 -6.3733302139049042e-04 
121.400000 -6.3733307514299981e-04 
121.600000 -6.3733312741302145e-04 
121.800000 -6.3733317826220048e-04 
122.000000 -6.3733322769155692e-04 
122.200000 -6.3733327573590320e-04 
122.400000 -6.3733332241905361e-04 
122.600000 -6.3733336777726385e-04 
122.800000 -6.3733341183669356e-04 
123.000000 -6.3733345461578633e-04 
123.200000 -6.3733349614989582e-04 
123.400000 -6.3733353647305729e-04 
123.600000 -6.3733357560487314e-04 
123.800000 -6.3733361357318913e-04 
124.000000 -6.3733365039827378e-04 
124.200000 -6.3733368612761687e-04 
124.400000 -6.3733372077134226e-04 
124.600000 -6.3733375435966882e-04 
124.800000 -6.3733378692260728e-04 
125.000000 -6.3733381848146003e-04 
125.200000 -6.3733384906705659e-04 
125.400000 -6.3733387870178876e-04 
125.600000 -6.3733390740457196e-04 
125.800000 -6.3733393520779003e-04 
126.000000 -6.3733396213454252e-04 
126.200000 -6.3733398820570164e-04 
126.400000 -6.3733401344395757e-04 
126.600000 -6.3733403787770426e-04 
126.800000 -6.3733406152699512e-04 
127.000000 -6.3733408440950351e-04 
127.200000 -6.3733410654798206e-04 
127.400000 -6.3733412796864591e-04 
127.600000 -6.3733414868921701e-04 
127.800000 -6.3733416872991527e-04 
128.000000 -6.3733418810402176e-04 
128.200000 -6.3733420683981246e-04 
128.400000 -6.3733422495223374e-04 
128.600000 -6.3733424245883408e-04 
128.800000 -6.3733425937832072e-04 
129.000000 -6.3733427573503532e-04 
129.200000 -6.3733429153960824e-04 
129.400000 -6.3733430680365522e-04 
129.600000 -6.3733432154969294e-04 
129.800000 -6.3733433579692134e-04 
130.000000 -6.3733434955619978e-04 
130.200000 -6.3733436284476447e-04 
130.400000 -6.3733437567919937e-04 
130.600000 -6.3733438805988613e-04 
130.800000 -6.3733440001658564e-04 
131.000000 -6.3733441155795073e-04 
131.200000 -6.3733442269687385e-04 
131.400000 -6.3733443344984181e-04 
131.600000 -6.3733444382155918e-04 
131.800000 -6.3733445383011567e-04 
132.000000 -6.3733446348628042e-04 
132.200000 -6.3733447279927524e-04 
132.400000 -6.3733448179293523e-04 
132.600000 -6.3733449044519469e-04 
132.800000 -6.3733449880670756e-04 
133.000000 -6.3733450685787146e-04 
133.200000 -6.3733451462536644e-04 
133.400000 -6.3733452210415487e-04 
133.600000 -6.3733452932633605e-04 
133.800000 -6.3733453629096631e-04 
134.000000 -6.3733454299502723e-04 
134.200000 -6.3733454945535950e-04 
134.400000 -6.3733455568102532e-04 
134.600000 -6.3733456167532065e-04 
134.800000 -6.3733456745586337e-04 
135.000000 -6.3733457302164037e-04 
135.200000 -6.3733457838159591e-04 
135.400000 -6.3733458354784528e-04 
135.600000 -6.3733458851775171e-04 
135.800000 -6.3733459330809344e-04 
136.000000 -6.3733459791190383e-04 
136.200000 -6.3733460235956829e-04 
136.400000 -6.3733460662786234e-04 
136.600000 -6.3733461073441772e-04 
136.800000 -6.3733461469495101e-04 
137.000000 -6.3733461850328660e-04 
137.200000 -6.3733462216303965e-04 
137.400000 -6.3733462568988514e-04 
137.600000 -6.3733462909058847e-04 
137.800000 -6.3733463234826038e-04 
138.000000 -6.3733463548567432e-04 
138.200000 -6.3733463851001204e-04 
138.400000 -6.3733464141439711e-04 
138.600000 -6.3733464420145242e-04 
138.800000 -6.3733464688182917e-04 
139.000000 -6.3733464947158397e-04 
139.200000 -6.3733465194622252e-04 
139.400000 -6.3733465433403469e-04 
139.600000 -6.3733465662531297e-04 
139.800000 -6.3733465883061141e-04 
140.000000 -6.3733466094213070e-04 
140.200000 -6.3733466297304781e-04 
140.400000 -6.3733466492959384e-04 
140.600000 -6.3733466680934020e-04 
140.800000 -6.3733466861090604e-04 
141.000000 -6.3733467033597752e-04 
141.200000 -6.3733467199688504e-04 
141.400000 -6.3733467359309431e-04 
141.600000 -6.3733467512127467e-04 
141.800000 -6.3733467659110588e-04 
142.000000 -6.3733467800203281e-04 
142.200000 -6.3733467935039867e-04 
142.400000 -6.3733468065332172e-04 
142.600000 -6.3733468189446779e-04 
142.800000 -6.3733468308400931e-04 
143.000000 -6.3733468422903089e-04 
143.200000 -6.3733468532250342e-04 
143.400000 -6.3733468637584834e-04 
143.600000 -6.3733468738323695e-04 
143.800000 -6.3733468834038104e-04 
144.000000 -6.3733468926615439e-04 
144.200000 -6.3733469014812250e-04 
144.400000 -6.3733469099196138e-04 
144.600000 -6.3733469179830943e-04 
144.800000 -6.3733469257068465e-04 
145.000000 -6.3733469331551246e-04 
145.200000 -6.3733469401505011e-04 
145.400000 -6.3733469468755383e-04 
145.600000 -6.3733469532550879e-04 
145.800000 -6.3733469594438874e-04 
146.000000 -6.3733469652349495e-04 
146.200000 -6.3733469708340124e-04 
146.400000 -6.3733469761002165e-04 
146.600000 -6.3733469812496391e-04 
146.800000 -6.3733469859861974e-04 
147.000000 -6.3733469905611490e-04 
147.200000 -6.3733469948226013e-04 
147.400000 -6.3733469989397246e-04 
147.600000 -6.3733470026824945e-04 
147.800000 -6.3733470062612985e-04 
148.000000 -6.3733470096490052e-04 
148.200000 -6.3733470128731623e-04 
148.400000 -6.3733470160740741e-04 
148.600000 -6.3733470191292690e-04 
148.800000 -6.3733470217915839e-04 
149.000000 -6.3733470241967433e-04 
149.200000 -6.3733470264287773e-04 
149.400000 -6.3733470283532101e-04 
149.600000 -6.3733470301752249e-04 
149.800000 -6.3733470318376451e-04 
