0.000000 1.2572711636251765e-01 
0.200000 1.2570856847946832e-01 
0.400000 1.2569371789568717e-01 
0.600000 1.2568262055256652e-01 
0.800000 1.2567568600737156e-01 
1.000000 1.2567303116623185e-01 
1.200000 1.2567468400649462e-01 
1.400000 1.2568044764241249e-01 
1.600000 1.2569026263968497e-01 
1.800000 1.2570290154932762e-01 
2.000000 1.2571672804704248e-01 
2.200000 1.2572663695462705e-01 
2.400000 1.2573188242646050e-01 
2.600000 1.2573224747831446e-01 
2.800000 1.2572795549165960e-01 
3.000000 1.2571943226130422e-01 
3.200000 1.2570724824026025e-01 
3.400000 1.2569167204868570e-01 
3.600000 1.2565884496173341e-01 
3.800000 1.2562772766024033e-01 
4.000000 1.2559769051642677e-01 
4.200000 1.2556854353474889e-01 
4.400000 1.2553966770763569e-01 
4.600000 1.2551035450985326e-01 
4.800000 1.2547983624436509e-01 
5.000000 1.2544737360429703e-01 
5.200000 1.2541220068444436e-01 
5.400000 1.2537356328263194e-01 
5.600000 1.2533116636971031e-01 
5.800000 1.2528504279437702e-01 
6.000000 1.2523529884533557e-01 
6.200000 1.2518209675945013e-01 
6.400000 1.2512561326024829e-01 
6.600000 1.2506600909365273e-01 
6.800000 1.2500340337367755e-01 
7.000000 1.2493787529093270e-01 
7.200000 1.2486931734843432e-01 
7.400000 1.2479752907176000e-01 
7.600000 1.2472230261430917e-01 
7.800000 1.2464342581434251e-01 
8.000000 1.2456069350828691e-01 
8.200000 1.2447391188750057e-01 
8.400000 1.2438290209781699e-01 
8.600000 1.2428750082178730e-01 
8.800000 1.2418756228032002e-01 
9.000000 1.2408294656631369e-01 
9.200000 1.2397350489154901e-01 
9.400000 1.2385907163929011e-01 
9.600000 1.2373946041079487e-01 
9.800000 1.2361445659597292e-01 
10.000000 1.2348380675493520e-01 
10.200000 1.2334723880488041e-01 
10.400000 1.2320446696433041e-01 
10.600000 1.2305519939788989e-01 
10.800000 1.2289911958084976e-01 
11.000000 1.2273588362672572e-01 
11.200000 1.2256512191769997e-01 
11.400000 1.2238643942860905e-01 
11.600000 1.2219941466168915e-01 
11.800000 1.2200359770710101e-01 
12.000000 1.2179850814030069e-01 
12.200000 1.2158363278300222e-01 
12.400000 1.2135842312005518e-01 
12.600000 1.2112229226035065e-01 
12.800000 1.2087461164075375e-01 
13.000000 1.2061470792351681e-01 
13.200000 1.2034186004603731e-01 
13.400000 1.2005529630207712e-01 
13.600000 1.1975419110955332e-01 
13.800000 1.1943766167129000e-01 
14.000000 1.1910476473446130e-01 
14.200000 1.1875449308969355e-01 
14.400000 1.1838577191286337e-01 
14.600000 1.1799745487788404e-01 
14.800000 1.1758832004023889e-01 
15.000000 1.1715706560314898e-01 
15.200000 1.1670230564951034e-01 
15.400000 1.1622256597124359e-01 
15.600000 1.1571628009838186e-01 
15.800000 1.1518178565255588e-01 
16.000000 1.1461732118574675e-01 
16.200000 1.1402102368792988e-01 
16.400000 1.1339092694648834e-01 
16.600000 1.1272496093511819e-01 
16.800000 1.1202095243154964e-01 
17.000000 1.1127662708887343e-01 
17.200000 1.1048961318842232e-01 
17.400000 1.0965744729092608e-01 
17.600000 1.0877758202037136e-01 
17.800000 1.0784739619457084e-01 
18.000000 1.0686420750257175e-01 
18.200000 1.0582528790635493e-01 
18.400000 1.0472788191692639e-01 
18.600000 1.0356922785688361e-01 
18.800000 1.0234658218299819e-01 
19.000000 1.0105724689592566e-01 
19.200000 9.9698600017530170e-02 
19.400000 9.8268129061602538e-02 
19.600000 9.6763467363822797e-02 
19.800000 9.5182433065492122e-02 
20.000000 9.3523070466373426e-02 
20.200000 9.1783693368726382e-02 
20.400000 8.9962929928890101e-02 
20.600000 8.8059768412755313e-02 
20.800000 8.6073603123871911e-02 
21.000000 8.4004279639417145e-02 
21.200000 8.1852138360381188e-02 
21.400000 7.9618055263911525e-02 
21.600000 7.7303478652304025e-02 
21.800000 7.4910460632135023e-02 
22.000000 7.2441682041763933e-02 
22.200000 6.9900469581945956e-02 
22.400000 6.7290804000255999e-02 
22.600000 6.4617318335978946e-02 
22.800000 6.1885285447502603e-02 
23.000000 5.9100594312464505e-02 
23.200000 5.6269714903054435e-02 
23.400000 5.3399651781297242e-02 
23.600000 5.0497886916916479e-02 
23.800000 4.7572312586111165e-02 
24.000000 4.4631155546222878e-02 
24.200000 4.1682893981881297e-02 
24.400000 3.8736168966600593e-02 
24.600000 3.5799692369790637e-02 
24.800000 3.2882153251049484e-02 
25.000000 2.9992124818833954e-02 
25.200000 2.7137973987179764e-02 
25.400000 2.4327775447005373e-02 
25.600000 2.1569231985006487e-02 
25.800000 1.8869602545054098e-02 
26.000000 1.6235639247637379e-02 
26.200000 1.3673534278082600e-02 
26.400000 1.1188877238335615e-02 
26.600000 8.7866232453805981e-03 
26.800000 6.4710717639007154e-03 
27.000000 4.2458558919259426e-03 
27.200000 2.1139415836698427e-03 
27.400000 7.7636097831734752e-05 
27.600000 -1.8613951949205676e-03 
27.800000 -3.7021046253239431e-03 
28.000000 -5.4440317139097250e-03 
28.200000 -7.0872674261951429e-03 
28.400000 -8.6324142914145918e-03 
28.600000 -1.0080543457158142e-02 
28.800000 -1.1433149704201173e-02 
29.000000 -1.2692105376915230e-02 
29.200000 -1.3859614100444784e-02 
29.400000 -1.4938165059784514e-02 
29.600000 -1.5930488512525098e-02 
29.800000 -1.6839513099764836e-02 
30.000000 -1.7668325412572461e-02 
30.200000 -1.8420132166811598e-02 
30.400000 -1.9098225240624433e-02 
30.600000 -1.9705949738016537e-02 
30.800000 -2.0246675160272454e-02 
31.000000 -2.0723769695824679e-02 
31.200000 -2.1140577578908859e-02 
31.400000 -2.1500399417423322e-02 
31.600000 -2.1806475351403731e-02 
31.800000 -2.2061970873843206e-02 
32.000000 -2.2269965124729119e-02 
32.200000 -2.2433441456183145e-02 
32.400000 -2.2555280060158722e-02 
32.600000 -2.2638252449465768e-02 
32.800000 -2.2685017586579093e-02 
33.000000 -2.2698119462336908e-02 
33.200000 -2.2679985936615021e-02 
33.400000 -2.2632928665419216e-02 
33.600000 -2.2559143952063654e-02 
33.800000 -2.2460714374166246e-02 
34.000000 -2.2339611052595354e-02 
34.200000 -2.2197696442218084e-02 
34.400000 -2.2036727537944056e-02 
34.600000 -2.1858359402176508e-02 
34.800000 -2.1664148931659133e-02 
35.000000 -2.1455558792587703e-02 
35.200000 -2.1233961462709006e-02 
35.400000 -2.1000643328129065e-02 
35.600000 -2.0756808790470482e-02 
35.800000 -2.0503584347352111e-02 
36.000000 -2.0242022615299837e-02 
36.200000 -1.9973106269835061e-02 
36.400000 -1.9697751882576109e-02 
36.600000 -1.9416813639314134e-02 
36.800000 -1.9131086926728658e-02 
37.000000 -1.8841311779016046e-02 
37.200000 -1.8548176178007802e-02 
37.400000 -1.8252319203143796e-02 
37.600000 -1.7954334029650021e-02 
37.800000 -1.7654770774757689e-02 
38.000000 -1.7354139193590357e-02 
38.200000 -1.7052911227344092e-02 
38.400000 -1.6751523407341484e-02 
38.600000 -1.6450379119433978e-02 
38.800000 -1.6149850733718718e-02 
39.000000 -1.5850281605056582e-02 
39.200000 -1.5551987950187640e-02 
39.400000 -1.5255260607264814e-02 
39.600000 -1.4960366684066667e-02 
39.800000 -1.4667551100773696e-02 
40.000000 -1.4377038033369288e-02 
40.200000 -1.4089032263606360e-02 
40.400000 -1.3803720441099010e-02 
40.600000 -1.3521272263167378e-02 
40.800000 -1.3241841577790209e-02 
41.000000 -1.2965567414477602e-02 
41.200000 -1.2692574948134111e-02 
41.400000 -1.2422976400167207e-02 
41.600000 -1.2156871881389975e-02 
41.800000 -1.1894350180495672e-02 
42.000000 -1.1635489502001800e-02 
42.200000 -1.1380358157079523e-02 
42.400000 -1.1129015210627147e-02 
42.600000 -1.0881511087501017e-02 
42.800000 -1.0637888140939522e-02 
43.000000 -1.0398181185554078e-02 
43.200000 -1.0162417997480577e-02 
43.400000 -9.9306197839319210e-03 
43.600000 -9.7028016241484938e-03 
43.800000 -9.4789728837529896e-03 
44.000000 -9.2591376042705231e-03 
44.200000 -9.0432948693993653e-03 
44.400000 -8.8314391497046341e-03 
44.600000 -8.6235606269221277e-03 
44.800000 -8.4196454994028558e-03 
45.000000 -8.2196762696950254e-03 
45.200000 -8.0236320155714358e-03 
45.400000 -7.8314886453422633e-03 
45.600000 -7.6432191385188836e-03 
45.800000 -7.4587937727358805e-03 
46.000000 -7.2781803376410631e-03 
46.200000 -7.1013443366457485e-03 
46.400000 -6.9282491770909227e-03 
46.600000 -6.7588563496909643e-03 
46.800000 -6.5931255976599545e-03 
47.000000 -6.4310150762546814e-03 
47.200000 -6.2724815031325876e-03 
47.400000 -6.1174803002053690e-03 
47.600000 -5.9659657272473354e-03 
47.800000 -5.8178910078973967e-03 
48.000000 -5.6732084482715994e-03 
48.200000 -5.5318695488250358e-03 
48.400000 -5.3938251094468315e-03 
48.600000 -5.2590253286842192e-03 
48.800000 -5.1274198967889845e-03 
49.000000 -4.9989580834401692e-03 
49.200000 -4.8735888200388128e-03 
49.400000 -4.7512607771042076e-03 
49.600000 -4.6319224368919915e-03 
49.800000 -4.5155221615180846e-03 
50.000000 -4.4020082568561880e-03 
50.200000 -4.2913290323422920e-03 
50.400000 -4.1834328569392010e-03 
50.600000 -4.0782682115712982e-03 
50.800000 -3.9757837379534172e-03 
51.000000 -3.8759282842593945e-03 
51.200000 -3.7786509476166880e-03 
51.400000 -3.6839011137609207e-03 
51.600000 -3.5916284937409504e-03 
51.800000 -3.5017831581028308e-03 
52.000000 -3.4143155685384119e-03 
52.200000 -3.3291766071082834e-03 
52.400000 -3.2463176032627369e-03 
52.600000 -3.1656903586694055e-03 
52.800000 -3.0872471701027873e-03 
53.000000 -3.0109408503062388e-03 
53.200000 -2.9367247471262514e-03 
53.400000 -2.8645527608735719e-03 
53.600000 -2.7943793600613970e-03 
53.800000 -2.7261595956370455e-03 
54.000000 -2.6598491137126423e-03 
54.200000 -2.5954041669267597e-03 
54.400000 -2.5327816245039603e-03 
54.600000 -2.4719389810950870e-03 
54.800000 -2.4128343644087696e-03 
55.000000 -2.3554265417704973e-03 
55.200000 -2.2996749256653654e-03 
55.400000 -2.2455395782307597e-03 
55.600000 -2.1929812148741845e-03 
55.800000 -2.1419612069641172e-03 
56.000000 -2.0924415838117494e-03 
56.200000 -2.0443850336806374e-03 
56.400000 -1.9977549042814041e-03 
56.600000 -1.9525152023834869e-03 
56.800000 -1.9086305929283051e-03 
57.000000 -1.8660663974284092e-03 
57.200000 -1.8247885918619491e-03 
57.400000 -1.7847638039809530e-03 
57.600000 -1.7459593101440199e-03 
57.800000 -1.7083430316884862e-03 
58.000000 -1.6718835308092497e-03 
58.200000 -1.6365500060972621e-03 
58.400000 -1.6023122876193605e-03 
58.600000 -1.5691408316787850e-03 
58.800000 -1.5370067153056485e-03 
59.000000 -1.5058816302512407e-03 
59.200000 -1.4757378769457499e-03 
59.400000 -1.4465483579769595e-03 
59.600000 -1.4182865714248427e-03 
59.800000 -1.3909266039892204e-03 
60.000000 -1.3644431238756458e-03 
60.200000 -1.3388113734606535e-03 
60.400000 -1.3140071618705576e-03 
60.600000 -1.2900068573585277e-03 
60.800000 -1.2667873795169371e-03 
61.000000 -1.2443261914597825e-03 
61.200000 -1.2226012917654766e-03 
61.400000 -1.2015912064518783e-03 
61.600000 -1.1812749807929429e-03 
61.800000 -1.1616321710740396e-03 
62.000000 -1.1426428363281518e-03 
62.200000 -1.1242875299967703e-03 
62.400000 -1.1065472915272670e-03 
62.600000 -1.0894036380109384e-03 
62.800000 -1.0728385557518122e-03 
63.000000 -1.0568344918512121e-03 
63.200000 -1.0413743458004346e-03 
63.400000 -1.0264414610317713e-03 
63.600000 -1.0120196165944312e-03 
63.800000 -9.9809301871323086e-04 
64.000000 -9.8464629252676544e-04 
64.200000 -9.7166447375271470e-04 
64.400000 -9.5913300043553446e-04 
64.600000 -9.4703770476024102e-04 
64.800000 -9.3536480492513452e-04 
65.000000 -9.2410089704755144e-04 
65.200000 -9.1323294712657155e-04 
65.400000 -9.0274828314897831e-04 
65.600000 -8.9263458719340827e-04 
65.800000 -8.8287988763727926e-04 
66.000000 -8.7347255146793396e-04 
66.200000 -8.6440127665299293e-04 
66.400000 -8.5565508462009249e-04 
66.600000 -8.4722331280295826e-04 
66.800000 -8.3909560731190713e-04 
67.000000 -8.3126191569133506e-04 
67.200000 -8.2371247976692485e-04 
67.400000 -8.1643782858225461e-04 
67.600000 -8.0942877151563702e-04 
67.800000 -8.0267639133404373e-04 
68.000000 -7.9617203759956706e-04 
68.200000 -7.8990731991990248e-04 
68.400000 -7.8387410150253939e-04 
68.600000 -7.7806449274349376e-04 
68.800000 -7.7247084488105133e-04 
69.000000 -7.6708574386273598e-04 
69.200000 -7.6190200423859045e-04 
69.400000 -7.5691266317507583e-04 
69.600000 -7.5211097464759208e-04 
69.800000 -7.4749040362269425e-04 
70.000000 -7.4304462050676923e-04 
70.200000 -7.3876749554499521e-04 
70.400000 -7.3465309345403795e-04 
70.600000 -7.3069566807528602e-04 
70.800000 -7.2688965720388993e-04 
71.000000 -7.2322967749436501e-04 
71.200000 -7.1971051946718295e-04 
71.400000 -7.1632714264121405e-04 
71.600000 -7.1307467073570413e-04 
71.800000 -7.0994838706368163e-04 
72.000000 -7.0694372990789955e-04 
72.200000 -7.0405628810510379e-04 
72.400000 -7.0128179663277168e-04 
72.600000 -6.9861613244306259e-04 
72.800000 -6.9605531020262151e-04 
73.000000 -6.9359547830651069e-04 
73.200000 -6.9123291488232264e-04 
73.400000 -6.8896402391750711e-04 
73.600000 -6.8678533150434706e-04 
73.800000 -6.8469348215417780e-04 
74.000000 -6.8268523519754432e-04 
74.200000 -6.8075746129109965e-04 
74.400000 -6.7890713901012922e-04 
74.600000 -6.7713135150741788e-04 
74.800000 -6.7542728330224899e-04 
75.000000 -6.7379221710217596e-04 
75.200000 -6.7222353072993180e-04 
75.400000 -6.7071869415759322e-04 
75.600000 -6.6927526656055530e-04 
75.800000 -6.6789089350975661e-04 
76.000000 -6.6656330420907656e-04 
76.200000 -6.6529030880420337e-04 
76.400000 -6.6406979578403913e-04 
76.600000 -6.6289972943966990e-04 
76.800000 -6.6177814740439600e-04 
77.000000 -6.6070315824715009e-04 
77.200000 -6.5967293915596137e-04 
77.400000 -6.5868573367029726e-04 
77.600000 -6.5773984948178793e-04 
77.800000 -6.5683365631089008e-04 
78.000000 -6.5596558379751868e-04 
78.200000 -6.5513411953892903e-04 
78.400000 -6.5433780713468337e-04 
78.600000 -6.5357524421612995e-04 
78.800000 -6.5284508072715325e-04 
79.000000 -6.5214601704915998e-04 
79.200000 -6.5147680227883864e-04 
79.400000 -6.5083623261495693e-04 
79.600000 -6.5022314965688249e-04 
79.800000 -6.4963643888583944e-04 
80.000000 -6.4907502807687312e-04 
80.200000 -6.4853788590242545e-04 
80.400000 -6.4802402040766566e-04 
80.600000 -6.4753247769450129e-04 
80.800000 -6.4706234051999795e-04 
81.000000 -6.4661272704354122e-04 
81.200000 -6.4618278952129765e-04 
81.400000 -6.4577171311090004e-04 
81.600000 -6.4537871468896973e-04 
81.800000 -6.4500304168715189e-04 
82.000000 -6.4464397102785564e-04 
82.200000 -6.4430080800861877e-04 
82.400000 -6.4397288528712099e-04 
82.600000 -6.4365956188281587e-04 
82.800000 -6.4336022220849720e-04 
83.000000 -6.4307427513377036e-04 
83.200000 -6.4280115307070035e-04 
83.400000 -6.4254031111583149e-04 
83.600000 -6.4229122619291479e-04 
83.800000 -6.4205339626208918e-04 
84.000000 -6.4182633949835116e-04 
84.200000 -6.4160959351985264e-04 
84.400000 -6.4140271473681759e-04 
84.600000 -6.4120527753776940e-04 
84.800000 -6.4101687368754018e-04 
85.000000 -6.4083711158443440e-04 
85.200000 -6.4066561571830827e-04 
85.400000 -6.4050202597733946e-04 
85.600000 -6.4034599708998746e-04 
85.800000 -6.4019719802479308e-04 
86.000000 -6.4005531150915923e-04 
86.200000 -6.3992003338529668e-04 
86.400000 -6.3979107219630516e-04 
86.600000 -6.3966814864359345e-04 
86.800000 -6.3955099511445179e-04 
87.000000 -6.3943935523722711e-04 
87.200000 -6.3933298339512862e-04 
87.400000 -6.3923164437477975e-04 
87.600000 -6.3913511287854580e-04 
87.800000 -6.3904317318167619e-04 
88.000000 -6.3895561871565865e-04 
88.200000 -6.3887225174170253e-04 
88.400000 -6.3879288292929826e-04 
88.600000 -6.3871733109011758e-04 
88.800000 -6.3864542281798220e-04 
89.000000 -6.3857699215821156e-04 
89.200000 -6.3851188031700118e-04 
89.400000 -6.3844993539005634e-04 
89.600000 -6.3839101206247806e-04 
89.800000 -6.3833497132234629e-04 
90.000000 -6.3828168024002846e-04 
90.200000 -6.3823101166595592e-04 
90.400000 -6.3818284407320125e-04 
90.600000 -6.3813706121552266e-04 
90.800000 -6.3809355199951484e-04 
91.000000 -6.3805221025019232e-04 
91.200000 -6.3801293443561252e-04 
91.400000 -6.3797562759981830e-04 
91.600000 -6.3794019703850707e-04 
91.800000 -6.3790655423730941e-04 
92.000000 -6.3787461458472000e-04 
92.200000 -6.3784429728026143e-04 
92.400000 -6.3781552516955359e-04 
92.600000 -6.3778822455854561e-04 
92.800000 -6.3776232507314901e-04 
93.000000 -6.3773775953689105e-04 
93.200000 -6.3771446380749691e-04 
93.400000 -6.3769237667810758e-04 
93.600000 -6.3767143972001672e-04 
93.800000 -6.3765159717472930e-04 
94.000000 -6.3763279582476629e-04 
94.200000 -6.3761498492600349e-04 
94.400000 -6.3759811606077521e-04 
94.600000 -6.3758214302667149e-04 
94.800000 -6.3756702177993757e-04 
95.000000 -6.3755271032621408e-04 
95.200000 -6.3753916859035642e-04 
95.400000 -6.3752635839581934e-04 
95.600000 -6.3751424333881312e-04 
95.800000 -6.3750278872512500e-04 
96.000000 -6.3749196149256310e-04 
96.200000 -6.3748173012194431e-04 
96.400000 -6.3747206460228190e-04 
96.600000 -6.3746293632983148e-04 
96.800000 -6.3745431805393993e-04 
97.000000 -6.3744618383217155e-04 
97.200000 -6.3743850895310594e-04 
97.400000 -6.3743126989908305e-04 
97.600000 -6.3742444425084893e-04 
97.800000 -6.3741801070675563e-04 
98.000000 -6.3741194896135833e-04 
98.200000 -6.3740623970611615e-04 
98.400000 -6.3740086455742889e-04 
98.600000 -6.3739580603068557e-04 
98.800000 -6.3739104749291342e-04 
99.000000 -6.3738657313996278e-04 
99.200000 -6.3738236790379654e-04 
99.400000 -6.3737841750314411e-04 
99.600000 -6.3737470831749105e-04 
99.800000 -6.3737122742697078e-04 
100.000000 -6.3736796254628553e-04 
100.200000 -6.3736490200329288e-04 
100.400000 -6.3736203469751118e-04 
100.600000 -6.3735935009991140e-04 
100.800000 -6.3735683817574273e-04 
101.000000 -6.3735448944235440e-04 
101.200000 -6.3735229486263506e-04 
101.400000 -6.3735024586566297e-04 
101.600000 -6.3734833432751298e-04 
101.800000 -6.3734655251684175e-04 
102.000000 -6.3734489310506015e-04 
102.200000 -6.3734334915865887e-04 
102.400000 -6.3734191407745222e-04 
102.600000 -6.3734058159850560e-04 
102.800000 -6.3733934581219204e-04 
103.000000 -6.3733820108877876e-04 
103.200000 -6.3733714210578718e-04 
103.400000 -6.3733616380822616e-04 
103.600000 -6.3733526142650127e-04 
103.800000 -6.3733443042381793e-04 
104.000000 -6.3733366651282097e-04 
104.200000 -6.3733296563654035e-04 
104.400000 -6.3733232393711065e-04 
104.600000 -6.3733173780031183e-04 
104.800000 -6.3733120375546876e-04 
105.000000 -6.3733071857118018e-04 
105.200000 -6.3733027915071488e-04 
105.400000 -6.3732988258650980e-04 
105.600000 -6.3732952613869409e-04 
105.800000 -6.3732920718857083e-04 
106.000000 -6.3732892329197710e-04 
106.200000 -6.3732867212214911e-04 
106.400000 -6.3732845149928885e-04 
106.600000 -6.3732825935551574e-04 
106.800000 -6.3732809371444543e-04 
107.000000 -6.3732795276913445e-04 
107.200000 -6.3732783476260629e-04 
107.400000 -6.3732773807699539e-04 
107.600000 -6.3732766115237593e-04 
107.800000 -6.3732760255613696e-04 
108.000000 -6.3732756090570386e-04 
108.200000 -6.3732753492060090e-04 
108.400000 -6.3732752339656223e-04 
108.600000 -6.3732752518218250e-04 
108.800000 -6.3732753922607355e-04 
109.000000 -6.3732756450119582e-04 
109.200000 -6.3732760008300415e-04 
109.400000 -6.3732764506985867e-04 
109.600000 -6.3732769864945776e-04 
109.800000 -6.3732776003307817e-04 
110.000000 -6.3732782847778641e-04 
110.200000 -6.3732790331069017e-04 
110.400000 -6.3732798390269546e-04 
110.600000 -6.3732806962771976e-04 
110.800000 -6.3732815995405645e-04 
111.000000 -6.3732825433744644e-04 
111.200000 -6.3732835230194407e-04 
111.400000 -6.3732845339991434e-04 
111.600000 -6.3732855717371639e-04 
111.800000 -6.3732866327406712e-04 
112.000000 -6.3732877130864146e-04 
112.200000 -6.3732888093617768e-04 
112.400000 -6.3732899184714559e-04 
112.600000 -6.3732910374542789e-04 
112.800000 -6.3732921636909523e-04 
113.000000 -6.3732932944102899e-04 
113.200000 -6.3732944275190356e-04 
113.400000 -6.3732955608783448e-04 
113.600000 -6.3732966924458928e-04 
113.800000 -6.3732978203916851e-04 
114.000000 -6.3732989432505743e-04 
114.200000 -6.3733000592264971e-04 
114.400000 -6.3733011671154860e-04 
114.600000 -6.3733022657004590e-04 
114.800000 -6.3733033537587830e-04 
115.000000 -6.3733044302582281e-04 
115.200000 -6.3733054942474721e-04 
115.400000 -6.3733065449441545e-04 
115.600000 -6.3733075816717333e-04 
115.800000 -6.3733086036695669e-04 
116.000000 -6.3733096102929626e-04 
116.200000 -6.3733106011742979e-04 
116.400000 -6.3733115758687897e-04 
116.600000 -6.3733125338662211e-04 
116.800000 -6.3733134749720255e-04 
117.000000 -6.3733143988762425e-04 
117.200000 -6.3733153053831954e-04 
117.400000 -6.3733161942231692e-04 
117.600000 -6.3733170655004556e-04 
117.800000 -6.3733179189497113e-04 
118.000000 -6.3733187544080111e-04 
118.200000 -6.3733195722413122e-04 
118.400000 -6.3733203721007270e-04 
118.600000 -6.3733211542846280e-04 
118.800000 -6.3733219187071116e-04 
119.000000 -6.3733226654387465e-04 
119.200000 -6.3733233948509715e-04 
119.400000 -6.3733241067712165e-04 
119.600000 -6.3733248016617505e-04 
119.800000 -6.3733254794470090e-04 
120.000000 -6.3733261404712305e-04 
120.200000 -6.3733267848671560e-04 
120.400000 -6.3733274128379563e-04 
120.600000 -6.3733280247073310e-04 
120.800000 -6.3733286206790057e-04 
121.000000 -6.3733292008409659e-04 
121.200000 -6.3733297656905219e-04 
121.400000 -6.3733303154047544e-04 
121.600000 -6.3733308502243041e-04 
121.800000 -6.3733313703217415e-04 
122.000000 -6.3733318760666319e-04 
122.200000 -6.3733323677395842e-04 
122.400000 -6.3733328457077354e-04 
122.600000 -6.3733333099909306e-04 
122.800000 -6.3733337610977214e-04 
123.000000 -6.3733341992500137e-04 
123.200000 -6.3733346248325690e-04 
123.400000 -6.3733350378833431e-04 
123.600000 -6.3733354388348373e-04 
123.800000 -6.3733358278948715e-04 
124.000000 -6.3733362054382153e-04 
124.200000 -6.3733365717267426e-04 
124.400000 -6.3733369268813983e-04 
124.600000 -6.3733372713166425e-04 
124.800000 -6.3733376052867857e-04 
125.000000 -6.3733379290197706e-04 
125.200000 -6.3733382427050289e-04 
125.400000 -6.3733385467543147e-04 
125.600000 -6.3733388412873931e-04 
125.800000 -6.3733391266759809e-04 
126.000000 -6.3733394030138918e-04 
126.200000 -6.3733396706510542e-04 
126.400000 -6.3733399298047944e-04 
126.600000 -6.3733401806638501e-04 
126.800000 -6.3733404234869728e-04 
127.000000 -6.3733406584944030e-04 
127.200000 -6.3733408858623192e-04 
127.400000 -6.3733411059438416e-04 
127.600000 -6.3733413187964244e-04 
127.800000 -6.3733415246251118e-04 
128.000000 -6.3733417237626933e-04 
128.200000 -6.3733419163241462e-04 
128.400000 -6.3733421024442932e-04 
128.600000 -6.3733422823965269e-04 
128.800000 -6.3733424563367641e-04 
129.000000 -6.3733426245343727e-04 
129.200000 -6.3733427870233533e-04 
129.400000 -6.3733429439644801e-04 
129.600000 -6.3733430956498111e-04 
129.800000 -6.3733432422404673e-04 
130.000000 -6.3733433837224324e-04 
130.200000 -6.3733435203816580e-04 
130.400000 -6.3733436523113335e-04 
130.600000 -6.3733437797998393e-04 
130.800000 -6.3733439028428041e-04 
131.000000 -6.3733440216170306e-04 
131.200000 -6.3733441362698318e-04 
131.400000 -6.3733442469374874e-04 
131.600000 -6.3733443537037499e-04 
131.800000 -6.3733444567613123e-04 
132.000000 -6.3733445561637431e-04 
132.200000 -6.3733446520778531e-04 
132.400000 -6.3733447444654090e-04 
132.600000 -6.3733448337442711e-04 
132.800000 -6.3733449197874575e-04 
133.000000 -6.3733450027714245e-04 
133.200000 -6.3733450827709731e-04 
133.400000 -6.3733451599561064e-04 
133.600000 -6.3733452343375796e-04 
133.800000 -6.3733453060051126e-04 
134.000000 -6.3733453750870056e-04 
134.200000 -6.3733454416300267e-04 
134.400000 -6.3733455057912031e-04 
134.600000 -6.3733455675567957e-04 
134.800000 -6.3733456271281019e-04 
135.000000 -6.3733456845623676e-04 
135.200000 -6.3733457398583437e-04 
135.400000 -6.3733457931280241e-04 
135.600000 -6.3733458443344243e-04 
135.800000 -6.3733458937200588e-04 
136.000000 -6.3733459412846499e-04 
136.200000 -6.3733459870728842e-04 
136.400000 -6.3733460311002355e-04 
136.600000 -6.3733460735081876e-04 
136.800000 -6.3733461142966713e-04 
137.000000 -6.3733461536796820e-04 
137.200000 -6.3733461914744494e-04 
137.400000 -6.3733462278375841e-04 
137.600000 -6.3733462628865617e-04 
137.800000 -6.3733462965794713e-04 
138.000000 -6.3733463290172737e-04 
138.200000 -6.3733463601299556e-04 
138.400000 -6.3733463901133325e-04 
138.600000 -6.3733464189490857e-04 
138.800000 -6.3733464466401296e-04 
139.000000 -6.3733464732802086e-04 
139.200000 -6.3733464990118477e-04 
139.400000 -6.3733465236155695e-04 
139.600000 -6.3733465472611689e-04 
139.800000 -6.3733465699763320e-04 
140.000000 -6.3733465919260657e-04 
140.200000 -6.3733466129248240e-04 
140.400000 -6.3733466330852251e-04 
140.600000 -6.3733466525411897e-04 
140.800000 -6.3733466711142495e-04 
141.000000 -6.3733466889749624e-04 
141.200000 -6.3733467061732191e-04 
141.400000 -6.3733467226761986e-04 
141.600000 -6.3733467385024972e-04 
141.800000 -6.3733467537306632e-04 
142.000000 -6.3733467683519535e-04 
142.200000 -6.3733467823692130e-04 
142.400000 -6.3733467957202000e-04 
142.600000 -6.3733468085615946e-04 
142.800000 -6.3733468209469651e-04 
143.000000 -6.3733468327650117e-04 
143.200000 -6.3733468441684593e-04 
143.400000 -6.3733468550306732e-04 
143.600000 -6.3733468654384590e-04 
143.800000 -6.3733468754564176e-04 
144.000000 -6.3733468850239727e-04 
144.200000 -6.3733468942026028e-04 
144.400000 -6.3733469029066819e-04 
144.600000 -6.3733469113074620e-04 
144.800000 -6.3733469193213294e-04 
145.000000 -6.3733469269949133e-04 
145.200000 -6.3733469343092708e-04 
145.400000 -6.3733469413272681e-04 
145.600000 -6.3733469480344029e-04 
145.800000 -6.3733469543514332e-04 
146.000000 -6.3733469604636966e-04 
146.200000 -6.3733469662327624e-04 
146.400000 -6.3733469717755509e-04 
146.600000 -6.3733469770308609e-04 
146.800000 -6.3733469821031230e-04 
147.000000 -6.3733469868328813e-04 
147.200000 -6.3733469912998636e-04 
147.400000 -6.3733469956266109e-04 
147.600000 -6.3733469995649883e-04 
147.800000 -6.3733470033150441e-04 
148.000000 -6.3733470068085690e-04 
148.200000 -6.3733470102329132e-04 
148.400000 -6.3733470136304038e-04 
148.600000 -6.3733470167846168e-04 
148.800000 -6.3733470195678071e-04 
149.000000 -6.3733470221392918e-04 
149.200000 -6.3733470244443924e-04 
149.400000 -6.3733470265615877e-04 
149.600000 -6.3733470284635385e-04 
149.800000 -6.3733470302358708e-04 
