0.000000 5.9614517094351760e-03 
0.200000 5.9616039811542813e-03 
0.400000 5.9623435627401558e-03 
0.600000 5.9641976043428779e-03 
0.800000 5.9676211886893872e-03 
1.000000 5.9730117118227052e-03 
1.200000 5.9807233472180870e-03 
1.400000 5.9910663943695775e-03 
1.600000 6.0043100195621745e-03 
1.800000 6.0207006083618274e-03 
2.000000 6.0404720868902084e-03 
2.200000 6.0638401285798855e-03 
2.400000 6.0910037650165182e-03 
2.600000 6.1221511678605260e-03 
2.800000 6.1574646562728291e-03 
3.000000 6.1971209044347159e-03 
3.200000 6.2412918509170473e-03 
3.400000 6.2901560957876199e-03 
3.600000 6.3438927110934570e-03 
3.800000 6.4026720132671867e-03 
4.000000 6.4666669502333332e-03 
4.200000 6.5360572765243924e-03 
4.400000 6.6110286946999561e-03 
4.600000 6.6917748653288140e-03 
4.800000 6.7784987500556513e-03 
5.000000 6.8714153748718060e-03 
5.200000 6.9707513491143380e-03 
5.400000 7.0767465545232590e-03 
5.600000 7.1896552991457191e-03 
5.800000 7.3097483076667484e-03 
6.000000 7.4373128084035713e-03 
6.200000 7.5726541705499646e-03 
6.400000 7.7160968699054476e-03 
6.600000 7.8679861375605762e-03 
6.800000 8.0286890068731465e-03 
7.000000 8.1985961891338777e-03 
7.200000 8.3781239679256280e-03 
7.400000 8.5677158803162436e-03 
7.600000 8.7678446617517232e-03 
7.800000 8.9790141217276631e-03 
8.000000 9.2017613515349098e-03 
8.200000 9.4366588640740646e-03 
8.400000 9.6843169758560142e-03 
8.600000 9.9453862389873599e-03 
8.800000 1.0220560148212130e-02 
9.000000 1.0510577917379691e-02 
9.200000 1.0816227505242621e-02 
9.400000 1.1138348812796862e-02 
9.600000 1.1477837159870597e-02 
9.800000 1.1835646901753696e-02 
10.000000 1.2212795292843217e-02 
10.200000 1.2610366560023590e-02 
10.400000 1.3029516304246470e-02 
10.600000 1.3471476120011455e-02 
10.800000 1.3937558515423887e-02 
11.000000 1.4429162074797702e-02 
11.200000 1.4947776936780633e-02 
11.400000 1.5494990526894483e-02 
11.600000 1.6072493598594605e-02 
11.800000 1.6682086548355651e-02 
12.000000 1.7325686043958507e-02 
12.200000 1.8005331921397385e-02 
12.400000 1.8723194366403517e-02 
12.600000 1.9481581349325983e-02 
12.800000 2.0282946312589614e-02 
13.000000 2.1129896048665567e-02 
13.200000 2.2025198767640187e-02 
13.400000 2.2971792282474535e-02 
13.600000 2.3972792269314161e-02 
13.800000 2.5031500510851630e-02 
14.000000 2.6151413059534424e-02 
14.200000 2.7336228206148967e-02 
14.400000 2.8589854143706208e-02 
14.600000 2.9916416177182586e-02 
14.800000 3.1320263334273638e-02 
15.000000 3.2805974188390194e-02 
15.200000 3.4378361694026596e-02 
15.400000 3.6042476797231521e-02 
15.600000 3.7803610572821243e-02 
15.800000 3.9667294601840902e-02 
16.000000 4.1639299280940067e-02 
16.200000 4.3725629730602643e-02 
16.400000 4.5932518945725233e-02 
16.600000 4.8266417813597938e-02 
16.800000 5.0733981608478119e-02 
17.000000 5.3342052564265934e-02 
17.200000 5.6097638126493793e-02 
17.400000 5.9007884494408067e-02 
17.600000 6.2080045085257884e-02 
17.800000 6.5321443588245404e-02 
18.000000 6.8739431327402706e-02 
18.200000 7.2341338721131798e-02 
18.400000 7.6134420714051784e-02 
18.600000 8.0125796164676938e-02 
18.800000 8.4322381301341384e-02 
19.000000 8.8730817507369913e-02 
19.200000 9.3357393863952906e-02 
19.400000 9.8207965063828534e-02 
19.600000 1.0328786550600022e-01 
19.800000 1.0860182058791620e-01 
20.000000 1.1415385641916558e-01 
20.200000 1.1994720938415140e-01 
20.400000 1.2598423717042639e-01 
20.600000 1.3226633304610197e-01 
20.800000 1.3879384530293007e-01 
21.000000 1.4556600387199073e-01 
21.200000 1.5258085615583961e-01 
21.400000 1.5983521409613863e-01 
21.600000 1.6732461440159599e-01 
21.800000 1.7504329369335292e-01 
22.000000 1.8298418008181583e-01 
22.200000 1.9113890237281869e-01 
22.400000 1.9949781771794903e-01 
22.600000 2.0805005808479671e-01 
22.800000 2.1678359544182832e-01 
23.000000 2.2568532504801983e-01 
23.200000 2.3474116572962728e-01 
23.400000 2.4393617553780705e-01 
23.600000 2.5325468073315671e-01 
23.800000 2.6268041565748723e-01 
24.000000 2.7219667074703691e-01 
24.200000 2.8178644572877892e-01 
24.400000 2.9143260493128664e-01 
24.600000 3.0111803163700490e-01 
24.800000 3.1082577850159737e-01 
25.000000 3.2053921126047991e-01 
25.200000 3.3024214322067263e-01 
25.400000 3.3991895838196662e-01 
25.600000 3.4955472142693023e-01 
25.800000 3.5913527324557915e-01 
26.000000 3.6864731109826315e-01 
26.200000 3.7807845295207454e-01 
26.400000 3.8741728593585339e-01 
26.600000 3.9665339923379650e-01 
26.800000 4.0577740206775220e-01 
27.000000 4.1478092769662533e-01 
27.200000 4.2365662458420278e-01 
27.400000 4.3239813605313715e-01 
27.600000 4.4100006985423118e-01 
27.800000 4.4945795913998582e-01 
28.000000 4.5776821634461212e-01 
28.200000 4.6592808144526560e-01 
28.400000 4.7393556601785120e-01 
28.600000 4.8178939441213592e-01 
28.800000 4.8948894326190667e-01 
29.000000 4.9703418042272540e-01 
29.200000 5.0442560429847560e-01 
29.400000 5.1166418438315953e-01 
29.600000 5.1875130371089007e-01 
29.800000 5.2568870377791921e-01 
30.000000 5.3247843237881043e-01 
30.200000 5.3912279468634861e-01 
30.400000 5.4562430780277238e-01 
30.600000 5.5198565891933438e-01 
30.800000 5.5820966714205023e-01 
31.000000 5.6429924897403472e-01 
31.200000 5.7025738738814102e-01 
31.400000 5.7608710437769273e-01 
31.600000 5.8179143683644197e-01 
31.800000 5.8737341559124678e-01 
32.000000 5.9283604739088458e-01 
32.200000 5.9818229964124692e-01 
32.400000 6.0341508766980589e-01 
32.600000 6.0853726429980126e-01 
32.800000 6.1355161151633208e-01 
33.000000 6.1846083401147334e-01 
33.200000 6.2326755440315995e-01 
33.400000 6.2797430993220893e-01 
33.600000 6.3258355045284642e-01 
33.800000 6.3709763754420035e-01 
34.000000 6.4151884458281461e-01 
34.200000 6.4584935762916551e-01 
34.400000 6.5009127699409741e-01 
34.600000 6.5424661936372253e-01 
34.800000 6.5831732037373203e-01 
35.000000 6.6230523753575532e-01 
35.200000 6.6621215342967244e-01 
35.400000 6.7003977908622425e-01 
35.600000 6.7378975749403014e-01 
35.800000 6.7746366717418982e-01 
36.000000 6.8106302577381794e-01 
36.200000 6.8458929363748366e-01 
36.400000 6.8804387732225070e-01 
36.600000 6.9142813302810091e-01 
36.800000 6.9474336992104091e-01 
37.000000 6.9799085333089406e-01 
37.200000 7.0117180781012067e-01 
37.400000 7.0428742004360545e-01 
37.600000 7.0733884160267790e-01 
37.800000 7.1032719153922219e-01 
38.000000 7.1325355881826269e-01 
38.200000 7.1611900458923516e-01 
38.400000 7.1892456429788820e-01 
38.600000 7.2167124964211882e-01 
38.800000 7.2436005037607942e-01 
39.000000 7.2699193596785505e-01 
39.200000 7.2956785711660976e-01 
39.400000 7.3208874713563998e-01 
39.600000 7.3455552320813744e-01 
39.800000 7.3696908752262369e-01 
40.000000 7.3933032829522616e-01 
40.200000 7.4164012068593954e-01 
40.400000 7.4389932761593958e-01 
40.600000 7.4610880049296346e-01 
40.800000 7.4826937985157760e-01 
41.000000 7.5038189591493942e-01 
41.200000 7.5244716908439568e-01 
41.400000 7.5446601036308980e-01 
41.600000 7.5643922171933864e-01 
41.800000 7.5836759639536189e-01 
42.000000 7.6025191916656309e-01 
42.200000 7.6209296655630898e-01 
42.400000 7.6389150701083730e-01 
42.600000 7.6564830103857762e-01 
42.800000 7.6736410131798094e-01 
43.000000 7.6903965277753616e-01 
43.200000 7.7067569265148117e-01 
43.400000 7.7227295051438594e-01 
43.600000 7.7383214829756186e-01 
43.800000 7.7535400028998114e-01 
44.000000 7.7683921312618154e-01 
44.200000 7.7828848576339282e-01 
44.400000 7.7970250944993658e-01 
44.600000 7.8108196768673355e-01 
44.800000 7.8242753618356742e-01 
45.000000 7.8373988281162366e-01 
45.200000 7.8501966755361663e-01 
45.400000 7.8626754245268593e-01 
45.600000 7.8748415156112006e-01 
45.800000 7.8867013088983517e-01 
46.000000 7.8982610835938105e-01 
46.200000 7.9095270375322224e-01 
46.400000 7.9205052867384773e-01 
46.600000 7.9312018650225469e-01 
46.800000 7.9416227236120585e-01 
47.000000 7.9517737308265235e-01 
47.200000 7.9616606717955563e-01 
47.400000 7.9712892482240050e-01 
47.600000 7.9806650782050914e-01 
47.800000 7.9897936960833882e-01 
48.000000 7.9986805523677296e-01 
48.200000 8.0073310136952069e-01 
48.400000 8.0157503628456395e-01 
48.600000 8.0239437988068052e-01 
48.800000 8.0319164368894624e-01 
49.000000 8.0396733088918160e-01 
49.200000 8.0472193633120115e-01 
49.400000 8.0545594656082475e-01 
49.600000 8.0616983985042123e-01 
49.800000 8.0686408623395600e-01 
50.000000 8.0753914754629985e-01 
50.200000 8.0819547746670750e-01 
50.400000 8.0883352156626676e-01 
50.600000 8.0945371735915117e-01 
50.800000 8.1005649435752358e-01 
51.000000 8.1064227412989665e-01 
51.200000 8.1121147036277408e-01 
51.400000 8.1176448892543540e-01 
51.600000 8.1230172793760624e-01 
51.800000 8.1282357783994530e-01 
52.000000 8.1333042146708734e-01 
52.200000 8.1382263412313138e-01 
52.400000 8.1430058365937352e-01 
52.600000 8.1476463055413761e-01 
52.800000 8.1521512799456097e-01 
53.000000 8.1565242196013532e-01 
53.200000 8.1607685130790419e-01 
53.400000 8.1648874785914449e-01 
53.600000 8.1688843648739262e-01 
53.800000 8.1727623520768544e-01 
54.000000 8.1765245526688934e-01 
54.200000 8.1801740123498079e-01 
54.400000 8.1837137109716296e-01 
54.600000 8.1871465634670726e-01 
54.800000 8.1904754207839781e-01 
55.000000 8.1937030708247860e-01 
55.200000 8.1968322393900839e-01 
55.400000 8.1998655911250784e-01 
55.600000 8.2028057304682467e-01 
55.800000 8.2056552026011131e-01 
56.000000 8.2084164943985927e-01 
56.200000 8.2110920353786798e-01 
56.400000 8.2136841986511167e-01 
56.600000 8.2161953018641065e-01 
56.800000 8.2186276081484955e-01 
57.000000 8.2209833270586230e-01 
57.200000 8.2232646155094402e-01 
57.400000 8.2254735787092814e-01 
57.600000 8.2276122710875388e-01 
57.800000 8.2296826972168446e-01 
58.000000 8.2316868127296905e-01 
58.200000 8.2336265252281271e-01 
58.400000 8.2355036951871663e-01 
58.600000 8.2373201368506388e-01 
58.800000 8.2390776191195814e-01 
59.000000 8.2407778664329845e-01 
59.200000 8.2424225596397405e-01 
59.400000 8.2440133368627899e-01 
59.600000 8.2455517943538248e-01 
59.800000 8.2470394873394504e-01 
60.000000 8.2484779308577549e-01 
60.200000 8.2498686005855326e-01 
60.400000 8.2512129336558593e-01 
60.600000 8.2525123294656511e-01 
60.800000 8.2537681504733962e-01 
61.000000 8.2549817229866795e-01 
61.200000 8.2561543379392488e-01 
61.400000 8.2572872516579299e-01 
61.600000 8.2583816866188953e-01 
61.800000 8.2594388321933776e-01 
62.000000 8.2604598453826605e-01 
62.200000 8.2614458515425204e-01 
62.400000 8.2623979450966711e-01 
62.600000 8.2633171902394942e-01 
62.800000 8.2642046216280085e-01 
63.000000 8.2650612450628969e-01 
63.200000 8.2658880381584598e-01 
63.400000 8.2666859510021773e-01 
63.600000 8.2674559068029096e-01 
63.800000 8.2681988025285669e-01 
64.000000 8.2689155095327860e-01 
64.200000 8.2696068741708861e-01 
64.400000 8.2702737184049879e-01 
64.600000 8.2709168403985733e-01 
64.800000 8.2715370151001832e-01 
65.000000 8.2721349948166767e-01 
65.200000 8.2727115097757609e-01 
65.400000 8.2732672686782327e-01 
65.600000 8.2738029592397122e-01 
65.800000 8.2743192487220096e-01 
66.000000 8.2748167844543030e-01 
66.200000 8.2752961943441838e-01 
66.400000 8.2757580873784209e-01 
66.600000 8.2762030541140963e-01 
66.800000 8.2766316671594498e-01 
67.000000 8.2770444816452271e-01 
67.200000 8.2774420356862322e-01 
67.400000 8.2778248508332342e-01 
67.600000 8.2781934325155460e-01 
67.800000 8.2785482704740754e-01 
68.000000 8.2788898391851906e-01 
68.200000 8.2792185982755695e-01 
68.400000 8.2795349929276796e-01 
68.600000 8.2798394542767750e-01 
68.800000 8.2801323997987442e-01 
69.000000 8.2804142336895159e-01 
69.200000 8.2806853472357700e-01 
69.400000 8.2809461191773048e-01 
69.600000 8.2811969160610865e-01 
69.800000 8.2814380925869768e-01 
70.000000 8.2816699919457415e-01 
70.200000 8.2818929461487056e-01 
70.400000 8.2821072763498704e-01 
70.600000 8.2823132931602628e-01 
70.800000 8.2825112969547976e-01 
71.000000 8.2827015781715230e-01 
71.200000 8.2828844176037708e-01 
71.400000 8.2830600866850190e-01 
71.600000 8.2832288477667293e-01 
71.800000 8.2833909543891526e-01 
72.000000 8.2835466515455214e-01 
72.200000 8.2836961759393801e-01 
72.400000 8.2838397562354216e-01 
72.600000 8.2839776133039522e-01 
72.800000 8.2841099604588997e-01 
73.000000 8.2842370036897728e-01 
73.200000 8.2843589418874197e-01 
73.400000 8.2844759670639845e-01 
73.600000 8.2845882645668378e-01 
73.800000 8.2846960132869352e-01 
74.000000 8.2847993858616464e-01 
74.200000 8.2848985488718085e-01 
74.400000 8.2849936630337273e-01 
74.600000 8.2850848833857682e-01 
74.800000 8.2851723594697513e-01 
75.000000 8.2852562355074855e-01 
75.200000 8.2853366505722947e-01 
75.400000 8.2854137387556381e-01 
75.600000 8.2854876293291946e-01 
75.800000 8.2855584469021870e-01 
76.000000 8.2856263115744000e-01 
76.200000 8.2856913390845688e-01 
76.400000 8.2857536409547172e-01 
76.600000 8.2858133246301058e-01 
76.800000 8.2858704936152139e-01 
77.000000 8.2859252476057432e-01 
77.200000 8.2859776826165565e-01 
77.400000 8.2860278911060126e-01 
77.600000 8.2860759620965196e-01 
77.800000 8.2861219812913833e-01 
78.000000 8.2861660311882313e-01 
78.200000 8.2862081911890151e-01 
78.400000 8.2862485377065520e-01 
78.600000 8.2862871442678521e-01 
78.800000 8.2863240816143169e-01 
79.000000 8.2863594177987510e-01 
79.200000 8.2863932182793276e-01 
79.400000 8.2864255460108482e-01 
79.600000 8.2864564615327396e-01 
79.800000 8.2864860230546444e-01 
80.000000 8.2865142865390762e-01 
80.200000 8.2865413057814918e-01 
80.400000 8.2865671324878476e-01 
80.600000 8.2865918163495778e-01 
80.800000 8.2866154051161500e-01 
81.000000 8.2866379446654126e-01 
81.200000 8.2866594790713610e-01 
81.400000 8.2866800506699889e-01 
81.600000 8.2866997001227327e-01 
81.800000 8.2867184664779370e-01 
82.000000 8.2867363872302624e-01 
82.200000 8.2867534983779900e-01 
82.400000 8.2867698344786267e-01 
82.600000 8.2867854287024323e-01 
82.800000 8.2868003128842449e-01 
83.000000 8.2868145175734664e-01 
83.200000 8.2868280720824128e-01 
83.400000 8.2868410045329677e-01 
83.600000 8.2868533419016355e-01 
83.800000 8.2868651100629986e-01 
84.000000 8.2868763338317974e-01 
84.200000 8.2868870370033032e-01 
84.400000 8.2868972423925724e-01 
84.600000 8.2869069718720056e-01 
84.800000 8.2869162464079049e-01 
85.000000 8.2869250860954335e-01 
85.200000 8.2869335101925445e-01 
85.400000 8.2869415371525834e-01 
85.600000 8.2869491846557297e-01 
85.800000 8.2869564696394338e-01 
86.000000 8.2869634083275445e-01 
86.200000 8.2869700162585191e-01 
86.400000 8.2869763083125769e-01 
86.600000 8.2869822987378172e-01 
86.800000 8.2869880011755082e-01 
87.000000 8.2869934286841807e-01 
87.200000 8.2869985937632051e-01 
87.400000 8.2870035083751137e-01 
87.600000 8.2870081839672838e-01 
87.800000 8.2870126314928927e-01 
88.000000 8.2870168614309192e-01 
88.200000 8.2870208838053161e-01 
88.400000 8.2870247082038462e-01 
88.600000 8.2870283437957482e-01 
88.800000 8.2870317993490139e-01 
89.000000 8.2870350832469541e-01 
89.200000 8.2870382035039669e-01 
89.400000 8.2870411677809619e-01 
89.600000 8.2870439833999465e-01 
89.800000 8.2870466573582580e-01 
90.000000 8.2870491963420523e-01 
90.200000 8.2870516067393818e-01 
90.400000 8.2870538946527794e-01 
90.600000 8.2870560659111425e-01 
90.800000 8.2870581260815235e-01 
91.000000 8.2870600804800443e-01 
91.200000 8.2870619341827167e-01 
91.400000 8.2870636920355178e-01 
91.600000 8.2870653586644194e-01 
91.800000 8.2870669384846363e-01 
92.000000 8.2870684357098789e-01 
92.200000 8.2870698543608490e-01 
92.400000 8.2870711982737466e-01 
92.600000 8.2870724711081456e-01 
92.800000 8.2870736763548147e-01 
93.000000 8.2870748173429332e-01 
93.200000 8.2870758972472658e-01 
93.400000 8.2870769190948590e-01 
93.600000 8.2870778857715444e-01 
93.800000 8.2870788000282547e-01 
94.000000 8.2870796644868516e-01 
94.200000 8.2870804816459454e-01 
94.400000 8.2870812538863159e-01 
94.600000 8.2870819834762022e-01 
94.800000 8.2870826725762936e-01 
95.000000 8.2870833232445873e-01 
95.200000 8.2870839374409855e-01 
95.400000 8.2870845170316854e-01 
95.600000 8.2870850637934323e-01 
95.800000 8.2870855794176246e-01 
96.000000 8.2870860655140943e-01 
96.200000 8.2870865236148628e-01 
96.400000 8.2870869551776938e-01 
96.600000 8.2870873615895146e-01 
96.800000 8.2870877441695989e-01 
97.000000 8.2870881041727840e-01 
97.200000 8.2870884427923563e-01 
97.400000 8.2870887611628952e-01 
97.600000 8.2870890603630598e-01 
97.800000 8.2870893414181523e-01 
98.000000 8.2870896053026100e-01 
98.200000 8.2870898529423476e-01 
98.400000 8.2870900852171070e-01 
98.600000 8.2870903029625798e-01 
98.800000 8.2870905069724954e-01 
99.000000 8.2870906980005621e-01 
99.200000 8.2870908767624241e-01 
99.400000 8.2870910439374634e-01 
99.600000 8.2870912001705133e-01 
99.800000 8.2870913460734397e-01 
100.000000 8.2870914822268638e-01 
100.200000 8.2870916091815527e-01 
100.400000 8.2870917274598421e-01 
100.600000 8.2870918375571778e-01 
100.800000 8.2870919399431753e-01 
101.000000 8.2870920350630473e-01 
101.200000 8.2870921233387318e-01 
101.400000 8.2870922051700635e-01 
101.600000 8.2870922809358083e-01 
101.800000 8.2870923509947036e-01 
102.000000 8.2870924156864600e-01 
102.200000 8.2870924753327480e-01 
102.400000 8.2870925302380238e-01 
102.600000 8.2870925806903839e-01 
102.800000 8.2870926269624146e-01 
103.000000 8.2870926693119717e-01 
103.200000 8.2870927079829115e-01 
103.400000 8.2870927432057384e-01 
103.600000 8.2870927751983570e-01 
103.800000 8.2870928041666914e-01 
104.000000 8.2870928303052571e-01 
104.200000 8.2870928537977828e-01 
104.400000 8.2870928748177353e-01 
104.600000 8.2870928935288379e-01 
104.800000 8.2870929100856328e-01 
105.000000 8.2870929246338632e-01 
105.200000 8.2870929373109647e-01 
105.400000 8.2870929482465572e-01 
105.600000 8.2870929575627661e-01 
105.800000 8.2870929653746661e-01 
106.000000 8.2870929717906228e-01 
106.200000 8.2870929769126644e-01 
106.400000 8.2870929808367710e-01 
106.600000 8.2870929836532892e-01 
106.800000 8.2870929854471254e-01 
107.000000 8.2870929862981679e-01 
107.200000 8.2870929862813647e-01 
107.400000 8.2870929854671804e-01 
107.600000 8.2870929839217089e-01 
107.800000 8.2870929817070194e-01 
108.000000 8.2870929788812508e-01 
108.200000 8.2870929754989209e-01 
108.400000 8.2870929716110908e-01 
108.600000 8.2870929672655913e-01 
108.800000 8.2870929625071232e-01 
109.000000 8.2870929573774998e-01 
109.200000 8.2870929519158354e-01 
109.400000 8.2870929461585452e-01 
109.600000 8.2870929401397209e-01 
109.800000 8.2870929338910815e-01 
110.000000 8.2870929274421368e-01 
110.200000 8.2870929208204502e-01 
110.400000 8.2870929140515548e-01 
110.600000 8.2870929071592647e-01 
110.800000 8.2870929001655580e-01 
111.000000 8.2870928930909082e-01 
111.200000 8.2870928859541959e-01 
111.400000 8.2870928787729714e-01 
111.600000 8.2870928715632886e-01 
111.800000 8.2870928643400943e-01 
112.000000 8.2870928571170765e-01 
112.200000 8.2870928499068131e-01 
112.400000 8.2870928427208368e-01 
112.600000 8.2870928355697282e-01 
112.800000 8.2870928284631429e-01 
113.000000 8.2870928214098194e-01 
113.200000 8.2870928144178146e-01 
113.400000 8.2870928074942674e-01 
113.600000 8.2870928006457412e-01 
113.800000 8.2870927938780958e-01 
114.000000 8.2870927871965583e-01 
114.200000 8.2870927806057992e-01 
114.400000 8.2870927741099421e-01 
114.600000 8.2870927677126272e-01 
114.800000 8.2870927614170098e-01 
115.000000 8.2870927552258233e-01 
115.200000 8.2870927491413826e-01 
115.400000 8.2870927431656616e-01 
115.600000 8.2870927373002323e-01 
115.800000 8.2870927315464049e-01 
116.000000 8.2870927259051452e-01 
116.200000 8.2870927203771561e-01 
116.400000 8.2870927149628926e-01 
116.600000 8.2870927096625946e-01 
116.800000 8.2870927044762366e-01 
117.000000 8.2870926994036387e-01 
117.200000 8.2870926944444057e-01 
117.400000 8.2870926895980135e-01 
117.600000 8.2870926848637494e-01 
117.800000 8.2870926802407785e-01 
118.000000 8.2870926757281516e-01 
118.200000 8.2870926713247783e-01 
118.400000 8.2870926670294531e-01 
118.600000 8.2870926628409802e-01 
118.800000 8.2870926587579552e-01 
119.000000 8.2870926547789459e-01 
119.200000 8.2870926509024923e-01 
119.400000 8.2870926471270123e-01 
119.600000 8.2870926434509262e-01 
119.800000 8.2870926398725875e-01 
120.000000 8.2870926363903019e-01 
120.200000 8.2870926330023764e-01 
120.400000 8.2870926297070668e-01 
120.600000 8.2870926265026368e-01 
120.800000 8.2870926233872999e-01 
121.000000 8.2870926203592665e-01 
121.200000 8.2870926174167447e-01 
121.400000 8.2870926145579493e-01 
121.600000 8.2870926117811017e-01 
121.800000 8.2870926090843855e-01 
122.000000 8.2870926064660300e-01 
122.200000 8.2870926039242476e-01 
122.400000 8.2870926014572788e-01 
122.600000 8.2870925990633848e-01 
122.800000 8.2870925967408116e-01 
123.000000 8.2870925944878537e-01 
123.200000 8.2870925923027861e-01 
123.400000 8.2870925901839110e-01 
123.600000 8.2870925881296442e-01 
123.800000 8.2870925861382727e-01 
124.000000 8.2870925842081911e-01 
124.200000 8.2870925823378394e-01 
124.400000 8.2870925805256290e-01 
124.600000 8.2870925787700278e-01 
124.800000 8.2870925770695036e-01 
125.000000 8.2870925754226088e-01 
125.200000 8.2870925738278489e-01 
125.400000 8.2870925722837929e-01 
125.600000 8.2870925707890486e-01 
125.800000 8.2870925693422404e-01 
126.000000 8.2870925679420115e-01 
126.200000 8.2870925665870665e-01 
126.400000 8.2870925652760652e-01 
126.600000 8.2870925640077697e-01 
126.800000 8.2870925627809666e-01 
127.000000 8.2870925615944213e-01 
127.200000 8.2870925604469370e-01 
127.400000 8.2870925593374001e-01 
127.600000 8.2870925582646782e-01 
127.800000 8.2870925572276277e-01 
128.000000 8.2870925562252418e-01 
128.200000 8.2870925552564401e-01 
128.400000 8.2870925543202067e-01 
128.600000 8.2870925534155349e-01 
128.800000 8.2870925525414874e-01 
129.000000 8.2870925516970972e-01 
129.200000 8.2870925508814719e-01 
129.400000 8.2870925500936576e-01 
129.600000 8.2870925493328573e-01 
129.800000 8.2870925485981939e-01 
130.000000 8.2870925478888424e-01 
130.200000 8.2870925472039858e-01 
130.400000 8.2870925465428746e-01 
130.600000 8.2870925459047584e-01 
130.800000 8.2870925452888566e-01 
131.000000 8.2870925446944588e-01 
131.200000 8.2870925441209176e-01 
131.400000 8.2870925435675147e-01 
131.600000 8.2870925430335995e-01 
131.800000 8.2870925425185593e-01 
132.000000 8.2870925420217489e-01 
132.200000 8.2870925415425967e-01 
132.400000 8.2870925410804697e-01 
132.600000 8.2870925406348883e-01 
132.800000 8.2870925402051954e-01 
133.000000 8.2870925397909645e-01 
133.200000 8.2870925393916151e-01 
133.400000 8.2870925390066441e-01 
133.600000 8.2870925386356042e-01 
133.800000 8.2870925382779970e-01 
134.000000 8.2870925379334037e-01 
134.200000 8.2870925376013271e-01 
134.400000 8.2870925372814019e-01 
134.600000 8.2870925369731696e-01 
134.800000 8.2870925366762360e-01 
135.000000 8.2870925363902204e-01 
135.200000 8.2870925361147640e-01 
135.400000 8.2870925358494663e-01 
135.600000 8.2870925355939862e-01 
135.800000 8.2870925353480085e-01 
136.000000 8.2870925351111746e-01 
136.200000 8.2870925348831959e-01 
136.400000 8.2870925346637125e-01 
136.600000 8.2870925344524604e-01 
136.800000 8.2870925342491664e-01 
137.000000 8.2870925340535240e-01 
137.200000 8.2870925338652379e-01 
137.400000 8.2870925336841150e-01 
137.600000 8.2870925335098466e-01 
137.800000 8.2870925333422130e-01 
138.000000 8.2870925331809819e-01 
138.200000 8.2870925330258915e-01 
138.400000 8.2870925328767586e-01 
138.600000 8.2870925327333522e-01 
138.800000 8.2870925325954670e-01 
139.000000 8.2870925324629252e-01 
139.200000 8.2870925323355038e-01 
139.400000 8.2870925322130395e-01 
139.600000 8.2870925320953304e-01 
139.800000 8.2870925319822342e-01 
140.000000 8.2870925318735555e-01 
140.200000 8.2870925317691624e-01 
140.400000 8.2870925316688704e-01 
140.600000 8.2870925315725619e-01 
140.800000 8.2870925314800459e-01 
141.000000 8.2870925313912203e-01 
141.200000 8.2870925313059651e-01 
141.400000 8.2870925312240928e-01 
141.600000 8.2870925311455346e-01 
141.800000 8.2870925310701438e-01 
142.000000 8.2870925309977972e-01 
142.200000 8.2870925309284083e-01 
142.400000 8.2870925308618315e-01 
142.600000 8.2870925307980126e-01 
142.800000 8.2870925307368060e-01 
143.000000 8.2870925306781473e-01 
143.200000 8.2870925306219445e-01 
143.400000 8.2870925305680787e-01 
143.600000 8.2870925305164922e-01 
143.800000 8.2870925304670739e-01 
144.000000 8.2870925304197873e-01 
144.200000 8.2870925303744947e-01 
144.400000 8.2870925303311804e-01 
144.600000 8.2870925302897525e-01 
144.800000 8.2870925302501441e-01 
145.000000 8.2870925302122944e-01 
145.200000 8.2870925301761367e-01 
145.400000 8.2870925301416076e-01 
145.600000 8.2870925301086595e-01 
145.800000 8.2870925300772225e-01 
146.000000 8.2870925300472542e-01 
146.200000 8.2870925300187248e-01 
146.400000 8.2870925299915466e-01 
146.600000 8.2870925299656895e-01 
146.800000 8.2870925299410969e-01 
147.000000 8.2870925299177356e-01 
147.200000 8.2870925298955711e-01 
147.400000 8.2870925298745912e-01 
147.600000 8.2870925298547349e-01 
147.800000 8.2870925298359888e-01 
148.000000 8.2870925298183129e-01 
148.200000 8.2870925298016707e-01 
148.400000 8.2870925297860087e-01 
148.600000 8.2870925297713016e-01 
148.800000 8.2870925297575238e-01 
149.000000 8.2870925297446230e-01 
149.200000 8.2870925297325404e-01 
149.400000 8.2870925297213038e-01 
149.600000 8.2870925297108411e-01 
149.800000 8.2870925297011166e-01 
