0.000000 5.9639374003922834e-03 
0.200000 5.9640144230116232e-03 
0.400000 5.9645278353864083e-03 
0.600000 5.9660242574754319e-03 
0.800000 5.9689810360919020e-03 
1.000000 5.9738105102810270e-03 
1.200000 5.9808730138117923e-03 
1.400000 5.9904899591713932e-03 
1.600000 6.0029400263065923e-03 
1.800000 6.0184728851633944e-03 
2.000000 6.0373280684162959e-03 
2.200000 6.0597257295179237e-03 
2.400000 6.0858687275464922e-03 
2.600000 6.1159476613031069e-03 
2.800000 6.1501468397730111e-03 
3.000000 6.1886442373203041e-03 
3.200000 6.2316125488096619e-03 
3.400000 6.2792265682024180e-03 
3.600000 6.3316696380502106e-03 
3.800000 6.3891127307087771e-03 
4.000000 6.4517282008177274e-03 
4.200000 6.5196927123228714e-03 
4.400000 6.5931907911709435e-03 
4.600000 6.6724136747396967e-03 
4.800000 6.7575617146097946e-03 
5.000000 6.8488470344386584e-03 
5.200000 6.9464930015142139e-03 
5.400000 7.0507359773571551e-03 
5.600000 7.1618263637713894e-03 
5.800000 7.2800307177462642e-03 
6.000000 7.4056316635255862e-03 
6.200000 7.5389296786855450e-03 
6.400000 7.6802444617734061e-03 
6.600000 7.8299158414762808e-03 
6.800000 7.9883049151526393e-03 
7.000000 8.1557960942184142e-03 
7.200000 8.3327989373096992e-03 
7.400000 8.5197498667285137e-03 
7.600000 8.7171137821985441e-03 
7.800000 8.9253863335883709e-03 
8.000000 9.1450958803346721e-03 
8.200000 9.3768055230296389e-03 
8.400000 9.6211156108582351e-03 
8.600000 9.8786660799564437e-03 
8.800000 1.0150139109267809e-02 
9.000000 1.0436261824203281e-02 
9.200000 1.0737809290047919e-02 
9.400000 1.1055607746163184e-02 
9.600000 1.1390537866801536e-02 
9.800000 1.1743538419212600e-02 
10.000000 1.2115610053942462e-02 
10.200000 1.2507819336811539e-02 
10.400000 1.2921303022248759e-02 
10.600000 1.3357272640821840e-02 
10.800000 1.3817019355570588e-02 
11.000000 1.4301919032478853e-02 
11.200000 1.4813437653820236e-02 
11.400000 1.5353136985879812e-02 
11.600000 1.5922680525632133e-02 
11.800000 1.6523839752647526e-02 
12.000000 1.7158500684604540e-02 
12.200000 1.7828670692854136e-02 
12.400000 1.8536485618675394e-02 
12.600000 1.9284217141656963e-02 
12.800000 2.0074280401315991e-02 
13.000000 2.0909241833507907e-02 
13.200000 2.1791827186374440e-02 
13.400000 2.2724929688600230e-02 
13.600000 2.3711618285394160e-02 
13.800000 2.4755145902042194e-02 
14.000000 2.5858957631011967e-02 
14.200000 2.7026698764944682e-02 
14.400000 2.8262222544863182e-02 
14.600000 2.9569597505712884e-02 
14.800000 3.0953114252065397e-02 
15.000000 3.2417291505894889e-02 
15.200000 3.3966881214868481e-02 
15.400000 3.5606872502157799e-02 
15.600000 3.7342494210428158e-02 
15.800000 3.9179215759788576e-02 
16.000000 4.1122746020731737e-02 
16.200000 4.3179029875206248e-02 
16.400000 4.5354242113330855e-02 
16.600000 4.7654778296370257e-02 
16.800000 5.0087242197669593e-02 
17.000000 5.2658429426444837e-02 
17.200000 5.5375306832695217e-02 
17.400000 5.8244987302232633e-02 
17.600000 6.1274699566179529e-02 
17.800000 6.4471752707825375e-02 
18.000000 6.7843494948288313e-02 
18.200000 7.1397266706849635e-02 
18.400000 7.5140347583683251e-02 
18.600000 7.9079897305485480e-02 
18.800000 8.3222890697535856e-02 
19.000000 8.7576046902578988e-02 
19.200000 9.2145753230388039e-02 
19.400000 9.6937984202119090e-02 
19.600000 1.0195821654725366e-01 
19.800000 1.0721134111630633e-01 
20.000000 1.1270157287945670e-01 
20.200000 1.1843236038707734e-01 
20.400000 1.2440629626148361e-01 
20.600000 1.3062503046284279e-01 
20.800000 1.3708918821616434e-01 
21.000000 1.4379829458543106e-01 
21.200000 1.5075070773443805e-01 
21.400000 1.5794356290843514e-01 
21.600000 1.6537272909072559e-01 
21.800000 1.7303278014293258e-01 
22.000000 1.8091698201156992e-01 
22.200000 1.8901729728737127e-01 
22.400000 1.9732440803714393e-01 
22.600000 2.0582775740170536e-01 
22.800000 2.1451560998198743e-01 
23.000000 2.2337513053501115e-01 
23.200000 2.3239247999238502e-01 
23.400000 2.4155292731840639e-01 
23.600000 2.5084097526444898e-01 
23.800000 2.6024049767275820e-01 
24.000000 2.6973488565493481e-01 
24.200000 2.7930719973239215e-01 
24.400000 2.8894032488859539e-01 
24.600000 2.9861712545133234e-01 
24.800000 3.0832059679590007e-01 
25.000000 3.1803401103073337e-01 
25.200000 3.2774105408468818e-01 
25.400000 3.3742595194521169e-01 
25.600000 3.4707358418114670e-01 
25.800000 3.5666958330398851e-01 
26.000000 3.6620041895801747e-01 
26.200000 3.7565346636452368e-01 
26.400000 3.8501705886215343e-01 
26.600000 3.9428052477041658e-01 
26.800000 4.0343420914576489e-01 
27.000000 4.1246948129190397e-01 
27.200000 4.2137872912338364e-01 
27.400000 4.3015534166248204e-01 
27.600000 4.3879368107470823e-01 
27.800000 4.4728904572107292e-01 
28.000000 4.5563762572997846e-01 
28.200000 4.6383645257405337e-01 
28.400000 4.7188334408393784e-01 
28.600000 4.7977684624885675e-01 
28.800000 4.8751617304937472e-01 
29.000000 4.9510114544776973e-01 
29.200000 5.0253213053157830e-01 
29.400000 5.0980998167165203e-01 
29.600000 5.1693598042182431e-01 
29.800000 5.2391178075679579e-01 
30.000000 5.3073935612097833e-01 
30.200000 5.3742094964596332e-01 
30.400000 5.4395902778951710e-01 
30.600000 5.5035623755544028e-01 
30.800000 5.5661536737141781e-01 
31.000000 5.6273931163168533e-01 
31.200000 5.6873103885183873e-01 
31.400000 5.7459356333443357e-01 
31.600000 5.8032992020522534e-01 
31.800000 5.8594314364981148e-01 
32.000000 5.9143624815864704e-01 
32.200000 5.9681221257348194e-01 
32.400000 6.0207396671951130e-01 
32.600000 6.0722438040388627e-01 
32.800000 6.1226625456203398e-01 
33.000000 6.1720231433726347e-01 
33.200000 6.2203520388634237e-01 
33.400000 6.2676748271267169e-01 
33.600000 6.3140162333955596e-01 
33.800000 6.3594001014777746e-01 
34.000000 6.4038493921429851e-01 
34.200000 6.4473861900168106e-01 
34.400000 6.4900317176085609e-01 
34.600000 6.5318063552252648e-01 
34.800000 6.5727296656502265e-01 
35.000000 6.6128204225827414e-01 
35.200000 6.6520966419496197e-01 
35.400000 6.6905756153054763e-01 
35.600000 6.7282739446390327e-01 
35.800000 6.7652075779935850e-01 
36.000000 6.8013918453957289e-01 
36.200000 6.8368414946623268e-01 
36.400000 6.8715707267263426e-01 
36.600000 6.9055932301845480e-01 
36.800000 6.9389222148256269e-01 
37.000000 6.9715704439482784e-01 
37.200000 7.0035502653209969e-01 
37.400000 7.0348736406748902e-01 
37.600000 7.0655521736533633e-01 
37.800000 7.0955971361715631e-01 
38.000000 7.1250194931625577e-01 
38.200000 7.1538299257086013e-01 
38.400000 7.1820388525720791e-01 
38.600000 7.2096564501560945e-01 
38.800000 7.2366926709357093e-01 
39.000000 7.2631572604100969e-01 
39.200000 7.2890597726334849e-01 
39.400000 7.3144095843875967e-01 
39.600000 7.3392159080630803e-01 
39.800000 7.3634878033187867e-01 
40.000000 7.3872341875905567e-01 
40.200000 7.4104638455205085e-01 
40.400000 7.4331854373781414e-01 
40.600000 7.4554075065436509e-01 
40.800000 7.4771384861217383e-01 
41.000000 7.4983867047529673e-01 
41.200000 7.5191603916869820e-01 
41.400000 7.5394676811793859e-01 
41.600000 7.5593166162715064e-01 
41.800000 7.5787151520091323e-01 
42.000000 7.5976711581534351e-01 
42.200000 7.6161924214344523e-01 
42.400000 7.6342866473937954e-01 
42.600000 7.6519614618614251e-01 
42.800000 7.6692244121067965e-01 
43.000000 7.6860829677033460e-01 
43.200000 7.7025445211412147e-01 
43.400000 7.7186163882214009e-01 
43.600000 7.7343058082609983e-01 
43.800000 7.7496199441373925e-01 
44.000000 7.7645658821966002e-01 
44.200000 7.7791506320488946e-01 
44.400000 7.7933811262722286e-01 
44.600000 7.8072642200428854e-01 
44.800000 7.8208066907100082e-01 
45.000000 7.8340152373293381e-01 
45.200000 7.8468964801701224e-01 
45.400000 7.8594569602070286e-01 
45.600000 7.8717031386080227e-01 
45.800000 7.8836413962277052e-01 
46.000000 7.8952780331142580e-01 
46.200000 7.9066192680374425e-01 
46.400000 7.9176712380436054e-01 
46.600000 7.9284399980432141e-01 
46.800000 7.9389315204352373e-01 
47.000000 7.9491516947719598e-01 
47.200000 7.9591063274678486e-01 
47.400000 7.9688011415538984e-01 
47.600000 7.9782417764800750e-01 
47.800000 7.9874337879670232e-01 
48.000000 7.9963826479076838e-01 
48.200000 8.0050937443195069e-01 
48.400000 8.0135723813473925e-01 
48.600000 8.0218237793170799e-01 
48.800000 8.0298530748387609e-01 
49.000000 8.0376653209597404e-01 
49.200000 8.0452654873659657e-01 
49.400000 8.0526584606304918e-01 
49.600000 8.0598490445085269e-01 
49.800000 8.0668419602770203e-01 
50.000000 8.0736418471175764e-01 
50.200000 8.0802532625412815e-01 
50.400000 8.0866806828536164e-01 
50.600000 8.0929285036577459e-01 
50.800000 8.0990010403949153e-01 
51.000000 8.1049025289193832e-01 
51.200000 8.1106371261071808e-01 
51.400000 8.1162089104961543e-01 
51.600000 8.1216218829555709e-01 
51.800000 8.1268799673843717e-01 
52.000000 8.1319870114351678e-01 
52.200000 8.1369467872632373e-01 
52.400000 8.1417629922984180e-01 
52.600000 8.1464392500383198e-01 
52.800000 8.1509791108613638e-01 
53.000000 8.1553860528579414e-01 
53.200000 8.1596634826784920e-01 
53.400000 8.1638147363965374e-01 
53.600000 8.1678430803858515e-01 
53.800000 8.1717517122097982e-01 
54.000000 8.1755437615221549e-01 
54.200000 8.1792222909774692e-01 
54.400000 8.1827902971503119e-01 
54.600000 8.1862507114619110e-01 
54.800000 8.1896064011131220e-01 
55.000000 8.1928601700228287e-01 
55.200000 8.1960147597702671e-01 
55.400000 8.1990728505410415e-01 
55.600000 8.2020370620750793e-01 
55.800000 8.2049099546162074e-01 
56.000000 8.2076940298623990e-01 
56.200000 8.2103917319154751e-01 
56.400000 8.2130054482301396e-01 
56.600000 8.2155375105610751e-01 
56.800000 8.2179901959078050e-01 
57.000000 8.2203657274562625e-01 
57.200000 8.2226662755168500e-01 
57.400000 8.2248939584581826e-01 
57.600000 8.2270508436360346e-01 
57.800000 8.2291389483169186e-01 
58.000000 8.2311602405958462e-01 
58.200000 8.2331166403079403e-01 
58.400000 8.2350100199331366e-01 
58.600000 8.2368422054940071e-01 
58.800000 8.2386149774460238e-01 
59.000000 8.2403300715598937e-01 
59.200000 8.2419891797960076e-01 
59.400000 8.2435939511702394e-01 
59.600000 8.2451459926110604e-01 
59.800000 8.2466468698078754e-01 
60.000000 8.2480981080498150e-01 
60.200000 8.2495011930552864e-01 
60.400000 8.2508575717921084e-01 
60.600000 8.2521686532873362e-01 
60.800000 8.2534358094275495e-01 
61.000000 8.2546603757488479e-01 
61.200000 8.2558436522165901e-01 
61.400000 8.2569869039948152e-01 
61.600000 8.2580913622051244e-01 
61.800000 8.2591582246751405e-01 
62.000000 8.2601886566760407e-01 
62.200000 8.2611837916497111e-01 
62.400000 8.2621447319249708e-01 
62.600000 8.2630725494229607e-01 
62.800000 8.2639682863518504e-01 
63.000000 8.2648329558904687e-01 
63.200000 8.2656675428613102e-01 
63.400000 8.2664730043924006e-01 
63.600000 8.2672502705686579e-01 
63.800000 8.2680002450719614e-01 
64.000000 8.2687238058106960e-01 
64.200000 8.2694218055385038e-01 
64.400000 8.2700950724619648e-01 
64.600000 8.2707444108379724e-01 
64.800000 8.2713706015600108e-01 
65.000000 8.2719744027342157e-01 
65.200000 8.2725565502444720e-01 
65.400000 8.2731177583073556e-01 
65.600000 8.2736587200164702e-01 
65.800000 8.2741801078764554e-01 
66.000000 8.2746825743266794e-01 
66.200000 8.2751667522549166e-01 
66.400000 8.2756332555006673e-01 
66.600000 8.2760826793487530e-01 
66.800000 8.2765156010127372e-01 
67.000000 8.2769325801087024e-01 
67.200000 8.2773341591192362e-01 
67.400000 8.2777208638478161e-01 
67.600000 8.2780932038637134e-01 
67.800000 8.2784516729375146e-01 
68.000000 8.2787967494672543e-01 
68.200000 8.2791288968955123e-01 
68.400000 8.2794485641174376e-01 
68.600000 8.2797561858795921e-01 
68.800000 8.2800521831704255e-01 
69.000000 8.2803369636016011e-01 
69.200000 8.2806109217810653e-01 
69.400000 8.2808744396773537e-01 
69.600000 8.2811278869759186e-01 
69.800000 8.2813716214268840e-01 
70.000000 8.2816059891849492e-01 
70.200000 8.2818313251412834e-01 
70.400000 8.2820479532474867e-01 
70.600000 8.2822561868319033e-01 
70.800000 8.2824563289083686e-01 
71.000000 8.2826486724774551e-01 
71.200000 8.2828335008203535e-01 
71.400000 8.2830110877855856e-01 
71.600000 8.2831816980686923e-01 
71.800000 8.2833455874846917e-01 
72.000000 8.2835030032341195e-01 
72.200000 8.2836541841619504e-01 
72.400000 8.2837993610102134e-01 
72.600000 8.2839387566638911e-01 
72.800000 8.2840725863908027e-01 
73.000000 8.2842010580748526e-01 
73.200000 8.2843243724436022e-01 
73.400000 8.2844427232894802e-01 
73.600000 8.2845562976854437e-01 
73.800000 8.2846652761946493e-01 
74.000000 8.2847698330745767e-01 
74.200000 8.2848701364758170e-01 
74.400000 8.2849663486350955e-01 
74.600000 8.2850586260634240e-01 
74.800000 8.2851471197287219e-01 
75.000000 8.2852319752336245e-01 
75.200000 8.2853133329882467e-01 
75.400000 8.2853913283780678e-01 
75.600000 8.2854660919272105e-01 
75.800000 8.2855377494569127e-01 
76.000000 8.2856064222396819e-01 
76.200000 8.2856722271488659e-01 
76.400000 8.2857352768039738e-01 
76.600000 8.2857956797118160e-01 
76.800000 8.2858535404034517e-01 
77.000000 8.2859089595671709e-01 
77.200000 8.2859620341775686e-01 
77.400000 8.2860128576207426e-01 
77.600000 8.2860615198157217e-01 
77.800000 8.2861081073324294e-01 
78.000000 8.2861527035059213e-01 
78.200000 8.2861953885471307e-01 
78.400000 8.2862362396505129e-01 
78.600000 8.2862753310980308e-01 
78.800000 8.2863127343601972e-01 
79.000000 8.2863485181938579e-01 
79.200000 8.2863827487371411e-01 
79.400000 8.2864154896010878e-01 
79.600000 8.2864468019586879e-01 
79.800000 8.2864767446311083e-01 
80.000000 8.2865053741709471e-01 
80.200000 8.2865327449430859e-01 
80.400000 8.2865589092028513e-01 
80.600000 8.2865839171716804e-01 
80.800000 8.2866078171102553e-01 
81.000000 8.2866306553893987e-01 
81.200000 8.2866524765586347e-01 
81.400000 8.2866733234122902e-01 
81.600000 8.2866932370538005e-01 
81.800000 8.2867122569575669e-01 
82.000000 8.2867304210288273e-01 
82.200000 8.2867477656616728e-01 
82.400000 8.2867643257949508e-01 
82.600000 8.2867801349663417e-01 
82.800000 8.2867952253646437e-01 
83.000000 8.2868096278802783e-01 
83.200000 8.2868233721539908e-01 
83.400000 8.2868364866239252e-01 
83.600000 8.2868489985711757e-01 
83.800000 8.2868609341635557e-01 
84.000000 8.2868723184981286e-01 
84.200000 8.2868831756419026e-01 
84.400000 8.2868935286715095e-01 
84.600000 8.2869033997110941e-01 
84.800000 8.2869128099691503e-01 
85.000000 8.2869217797739336e-01 
85.200000 8.2869303286075502e-01 
85.400000 8.2869384751391328e-01 
85.600000 8.2869462372563030e-01 
85.800000 8.2869536320960135e-01 
86.000000 8.2869606760739678e-01 
86.200000 8.2869673849131642e-01 
86.400000 8.2869737736711424e-01 
86.600000 8.2869798567665787e-01 
86.800000 8.2869856480045989e-01 
87.000000 8.2869911606013658e-01 
87.200000 8.2869964072075208e-01 
87.400000 8.2870013999311132e-01 
87.600000 8.2870061503593728e-01 
87.800000 8.2870106695796897e-01 
88.000000 8.2870149682000460e-01 
88.200000 8.2870190563683854e-01 
88.400000 8.2870229437914578e-01 
88.600000 8.2870266397527714e-01 
88.800000 8.2870301531301205e-01 
89.000000 8.2870334924121358e-01 
89.200000 8.2870366657144268e-01 
89.400000 8.2870396807950109e-01 
89.600000 8.2870425450691698e-01 
89.800000 8.2870452656236704e-01 
90.000000 8.2870478492305755e-01 
90.200000 8.2870503023603481e-01 
90.400000 8.2870526311945603e-01 
90.600000 8.2870548416380230e-01 
90.800000 8.2870569393305504e-01 
91.000000 8.2870589296581298e-01 
91.200000 8.2870608177636673e-01 
91.400000 8.2870626085574517e-01 
91.600000 8.2870643067270156e-01 
91.800000 8.2870659167467042e-01 
92.000000 8.2870674428868196e-01 
92.200000 8.2870688892224209e-01 
92.400000 8.2870702596417190e-01 
92.600000 8.2870715578543186e-01 
92.800000 8.2870727873987193e-01 
93.000000 8.2870739516500369e-01 
93.200000 8.2870750538269844e-01 
93.400000 8.2870760969987234e-01 
93.600000 8.2870770840914876e-01 
93.800000 8.2870780178948744e-01 
94.000000 8.2870789010678125e-01 
94.200000 8.2870797361444204e-01 
94.400000 8.2870805255395275e-01 
94.600000 8.2870812715539355e-01 
94.800000 8.2870819763795700e-01 
95.000000 8.2870826421043398e-01 
95.200000 8.2870832707167663e-01 
95.400000 8.2870838641104894e-01 
95.600000 8.2870844240885333e-01 
95.800000 8.2870849523674261e-01 
96.000000 8.2870854505811009e-01 
96.200000 8.2870859202846481e-01 
96.400000 8.2870863629579095e-01 
96.600000 8.2870867800089243e-01 
96.800000 8.2870871727772877e-01 
97.000000 8.2870875425371104e-01 
97.200000 8.2870878905002965e-01 
97.400000 8.2870882178191418e-01 
97.600000 8.2870885255893068e-01 
97.800000 8.2870888148523558e-01 
98.000000 8.2870890865982660e-01 
98.200000 8.2870893417679103e-01 
98.400000 8.2870895812552381e-01 
98.600000 8.2870898059096021e-01 
98.800000 8.2870900165377581e-01 
99.000000 8.2870902139059333e-01 
99.200000 8.2870903987417333e-01 
99.400000 8.2870905717359511e-01 
99.600000 8.2870907335443422e-01 
99.800000 8.2870908847893066e-01 
100.000000 8.2870910260614072e-01 
100.200000 8.2870911579210405e-01 
100.400000 8.2870912808997432e-01 
100.600000 8.2870913955016334e-01 
100.800000 8.2870915022048008e-01 
101.000000 8.2870916014624485e-01 
101.200000 8.2870916937042205e-01 
101.400000 8.2870917793372612e-01 
101.600000 8.2870918587473652e-01 
101.800000 8.2870919323000158e-01 
102.000000 8.2870920003413540e-01 
102.200000 8.2870920631991840e-01 
102.400000 8.2870921211838500e-01 
102.600000 8.2870921745890769e-01 
102.800000 8.2870922236928291e-01 
103.000000 8.2870922687581250e-01 
103.200000 8.2870923100337301e-01 
103.400000 8.2870923477548608e-01 
103.600000 8.2870923821439568e-01 
103.800000 8.2870924134112378e-01 
104.000000 8.2870924417553349e-01 
104.200000 8.2870924673639212e-01 
104.400000 8.2870924904142429e-01 
104.600000 8.2870925110736438e-01 
104.800000 8.2870925295000997e-01 
105.000000 8.2870925458426625e-01 
105.200000 8.2870925602419565e-01 
105.400000 8.2870925728306200e-01 
105.600000 8.2870925837336240e-01 
105.800000 8.2870925930688522e-01 
106.000000 8.2870926009473489e-01 
106.200000 8.2870926074735818e-01 
106.400000 8.2870926127460509e-01 
106.600000 8.2870926168573733e-01 
106.800000 8.2870926198947359e-01 
107.000000 8.2870926219400631e-01 
107.200000 8.2870926230703823e-01 
107.400000 8.2870926233580977e-01 
107.600000 8.2870926228711805e-01 
107.800000 8.2870926216734575e-01 
108.000000 8.2870926198248085e-01 
108.200000 8.2870926173813653e-01 
108.400000 8.2870926143957635e-01 
108.600000 8.2870926109173071e-01 
108.800000 8.2870926069921313e-01 
109.000000 8.2870926026634617e-01 
109.200000 8.2870925979716448e-01 
109.400000 8.2870925929544759e-01 
109.600000 8.2870925876471591e-01 
109.800000 8.2870925820825625e-01 
110.000000 8.2870925762913583e-01 
110.200000 8.2870925703021425e-01 
110.400000 8.2870925641414683e-01 
110.600000 8.2870925578340682e-01 
110.800000 8.2870925514029359e-01 
111.000000 8.2870925448693800e-01 
111.200000 8.2870925382531624e-01 
111.400000 8.2870925315725952e-01 
111.600000 8.2870925248446436e-01 
111.800000 8.2870925180848531e-01 
112.000000 8.2870925113077321e-01 
112.200000 8.2870925045265054e-01 
112.400000 8.2870924977534055e-01 
112.600000 8.2870924909996191e-01 
112.800000 8.2870924842753979e-01 
113.000000 8.2870924775901122e-01 
113.200000 8.2870924709522975e-01 
113.400000 8.2870924643697086e-01 
113.600000 8.2870924578494010e-01 
113.800000 8.2870924513977151e-01 
114.000000 8.2870924450203520e-01 
114.200000 8.2870924387224487e-01 
114.400000 8.2870924325085416e-01 
114.600000 8.2870924263827273e-01 
114.800000 8.2870924203485219e-01 
115.000000 8.2870924144090741e-01 
115.200000 8.2870924085670772e-01 
115.400000 8.2870924028247972e-01 
115.600000 8.2870923971842214e-01 
115.800000 8.2870923916469386e-01 
116.000000 8.2870923862142565e-01 
116.200000 8.2870923808871622e-01 
116.400000 8.2870923756664072e-01 
116.600000 8.2870923705525179e-01 
116.800000 8.2870923655457096e-01 
117.000000 8.2870923606460767e-01 
117.200000 8.2870923558534915e-01 
117.400000 8.2870923511676231e-01 
117.600000 8.2870923465880231e-01 
117.800000 8.2870923421140608e-01 
118.000000 8.2870923377449768e-01 
118.200000 8.2870923334799240e-01 
118.400000 8.2870923293179155e-01 
118.600000 8.2870923252578355e-01 
118.800000 8.2870923212985348e-01 
119.000000 8.2870923174387534e-01 
119.200000 8.2870923136771757e-01 
119.400000 8.2870923100123906e-01 
119.600000 8.2870923064429691e-01 
119.800000 8.2870923029674148e-01 
120.000000 8.2870922995841867e-01 
120.200000 8.2870922962917071e-01 
120.400000 8.2870922930883906e-01 
120.600000 8.2870922899725896e-01 
120.800000 8.2870922869426467e-01 
121.000000 8.2870922839969308e-01 
121.200000 8.2870922811337178e-01 
121.400000 8.2870922783513634e-01 
121.600000 8.2870922756481658e-01 
121.800000 8.2870922730224117e-01 
122.000000 8.2870922704724570e-01 
122.200000 8.2870922679965864e-01 
122.400000 8.2870922655931534e-01 
122.600000 8.2870922632604360e-01 
122.800000 8.2870922609968356e-01 
123.000000 8.2870922588007023e-01 
123.200000 8.2870922566703986e-01 
123.400000 8.2870922546042847e-01 
123.600000 8.2870922526008517e-01 
123.800000 8.2870922506584654e-01 
124.000000 8.2870922487755994e-01 
124.200000 8.2870922469507091e-01 
124.400000 8.2870922451823148e-01 
124.600000 8.2870922434689154e-01 
124.800000 8.2870922418090931e-01 
125.000000 8.2870922402013625e-01 
125.200000 8.2870922386443513e-01 
125.400000 8.2870922371366573e-01 
125.600000 8.2870922356769527e-01 
125.800000 8.2870922342638842e-01 
126.000000 8.2870922328961516e-01 
126.200000 8.2870922315724982e-01 
126.400000 8.2870922302916494e-01 
126.600000 8.2870922290524285e-01 
126.800000 8.2870922278535808e-01 
127.000000 8.2870922266939651e-01 
127.200000 8.2870922255724311e-01 
127.400000 8.2870922244878797e-01 
127.600000 8.2870922234392008e-01 
127.800000 8.2870922224253263e-01 
128.000000 8.2870922214452314e-01 
128.200000 8.2870922204979081e-01 
128.400000 8.2870922195823371e-01 
128.600000 8.2870922186975671e-01 
128.800000 8.2870922178426742e-01 
129.000000 8.2870922170167349e-01 
129.200000 8.2870922162188509e-01 
129.400000 8.2870922154481508e-01 
129.600000 8.2870922147037784e-01 
129.800000 8.2870922139849357e-01 
130.000000 8.2870922132908142e-01 
130.200000 8.2870922126206104e-01 
130.400000 8.2870922119736068e-01 
130.600000 8.2870922113490286e-01 
130.800000 8.2870922107461675e-01 
131.000000 8.2870922101643452e-01 
131.200000 8.2870922096028610e-01 
131.400000 8.2870922090610633e-01 
131.600000 8.2870922085383414e-01 
131.800000 8.2870922080340459e-01 
132.000000 8.2870922075475439e-01 
132.200000 8.2870922070783404e-01 
132.400000 8.2870922066257680e-01 
132.600000 8.2870922061893337e-01 
132.800000 8.2870922057685048e-01 
133.000000 8.2870922053627305e-01 
133.200000 8.2870922049715312e-01 
133.400000 8.2870922045944007e-01 
133.600000 8.2870922042308948e-01 
133.800000 8.2870922038805306e-01 
134.000000 8.2870922035428785e-01 
134.200000 8.2870922032174943e-01 
134.400000 8.2870922029039695e-01 
134.600000 8.2870922026018934e-01 
134.800000 8.2870922023108839e-01 
135.000000 8.2870922020305304e-01 
135.200000 8.2870922017605386e-01 
135.400000 8.2870922015004789e-01 
135.600000 8.2870922012500303e-01 
135.800000 8.2870922010088943e-01 
136.000000 8.2870922007766912e-01 
136.200000 8.2870922005531256e-01 
136.400000 8.2870922003379177e-01 
136.600000 8.2870922001307601e-01 
136.800000 8.2870921999313785e-01 
137.000000 8.2870921997394975e-01 
137.200000 8.2870921995548541e-01 
137.400000 8.2870921993771718e-01 
137.600000 8.2870921992062085e-01 
137.800000 8.2870921990417656e-01 
138.000000 8.2870921988835844e-01 
138.200000 8.2870921987314283e-01 
138.400000 8.2870921985850809e-01 
138.600000 8.2870921984443524e-01 
138.800000 8.2870921983090495e-01 
139.000000 8.2870921981789669e-01 
139.200000 8.2870921980538970e-01 
139.400000 8.2870921979336742e-01 
139.600000 8.2870921978181356e-01 
139.800000 8.2870921977071033e-01 
140.000000 8.2870921976004297e-01 
140.200000 8.2870921974979084e-01 
140.400000 8.2870921973994183e-01 
140.600000 8.2870921973048317e-01 
140.800000 8.2870921972139810e-01 
141.000000 8.2870921971267320e-01 
141.200000 8.2870921970429867e-01 
141.400000 8.2870921969625622e-01 
141.600000 8.2870921968853806e-01 
141.800000 8.2870921968113065e-01 
142.000000 8.2870921967402233e-01 
142.200000 8.2870921966720146e-01 
142.400000 8.2870921966065914e-01 
142.600000 8.2870921965438638e-01 
142.800000 8.2870921964836997e-01 
143.000000 8.2870921964260269e-01 
143.200000 8.2870921963707667e-01 
143.400000 8.2870921963177924e-01 
143.600000 8.2870921962670685e-01 
143.800000 8.2870921962184763e-01 
144.000000 8.2870921961719346e-01 
144.200000 8.2870921961273958e-01 
144.400000 8.2870921960847821e-01 
144.600000 8.2870921960440147e-01 
144.800000 8.2870921960050281e-01 
145.000000 8.2870921959677757e-01 
145.200000 8.2870921959321797e-01 
145.400000 8.2870921958981980e-01 
145.600000 8.2870921958657473e-01 
145.800000 8.2870921958347998e-01 
146.000000 8.2870921958052923e-01 
146.200000 8.2870921957771559e-01 
146.400000 8.2870921957503885e-01 
146.600000 8.2870921957249077e-01 
146.800000 8.2870921957006649e-01 
147.000000 8.2870921956776400e-01 
147.200000 8.2870921956557819e-01 
147.400000 8.2870921956350840e-01 
147.600000 8.2870921956155097e-01 
147.800000 8.2870921955970100e-01 
148.000000 8.2870921955795618e-01 
148.200000 8.2870921955631272e-01 
148.400000 8.2870921955476562e-01 
148.600000 8.2870921955331300e-01 
148.800000 8.2870921955195254e-01 
149.000000 8.2870921955067711e-01 
149.200000 8.2870921954948673e-01 
149.400000 8.2870921954837584e-01 
149.600000 8.2870921954734222e-01 
149.800000 8.2870921954638099e-01 
