0.000000 5.9633746247571891e-03 
0.200000 5.9636083650399614e-03 
0.400000 5.9645862938607673e-03 
0.600000 5.9668080957744124e-03 
0.800000 5.9707184114291519e-03 
1.000000 5.9767014942028844e-03 
1.200000 5.9850933609514410e-03 
1.400000 5.9961939524377193e-03 
1.600000 6.0102665911495037e-03 
1.800000 6.0275556077133445e-03 
2.000000 6.0482859246048922e-03 
2.200000 6.0726692129038995e-03 
2.400000 6.1009035610479654e-03 
2.600000 6.1331748182053072e-03 
2.800000 6.1696616060645760e-03 
3.000000 6.2105396688948563e-03 
3.200000 6.2559817558274751e-03 
3.400000 6.3061710696852109e-03 
3.600000 6.3612803864943439e-03 
3.800000 6.4214818927157951e-03 
4.000000 6.4869508654408692e-03 
4.200000 6.5578673026933610e-03 
4.400000 6.6344189812976859e-03 
4.600000 6.7168023709297487e-03 
4.800000 6.8052240828961061e-03 
5.000000 6.8999015051227726e-03 
5.200000 7.0010649358293875e-03 
5.400000 7.1089583313683931e-03 
5.600000 7.2238406816053534e-03 
5.800000 7.3459867683810850e-03 
6.000000 7.4756888396600458e-03 
6.200000 7.6132576461163913e-03 
6.400000 7.7590234127853383e-03 
6.600000 7.9133370443136355e-03 
6.800000 8.0765721091616664e-03 
7.000000 8.2491263199430936e-03 
7.200000 8.4314234358528351e-03 
7.400000 8.6239149172731219e-03 
7.600000 8.8270820103675939e-03 
7.800000 9.0414376363942908e-03 
8.000000 9.2675285979364041e-03 
8.200000 9.5059377201357400e-03 
8.400000 9.7572863435753943e-03 
8.600000 1.0022236780191329e-02 
8.800000 1.0301495054376110e-02 
9.000000 1.0595813705735820e-02 
9.200000 1.0905994917128597e-02 
9.400000 1.1232893766490535e-02 
9.600000 1.1577421739041204e-02 
9.800000 1.1940550403393042e-02 
10.000000 1.2323315381151225e-02 
10.200000 1.2726820453678518e-02 
10.400000 1.3152242039203659e-02 
10.600000 1.3600833892473225e-02 
10.800000 1.4073932125506925e-02 
11.000000 1.4572960422741260e-02 
11.200000 1.5099435596274465e-02 
11.400000 1.5654973404739803e-02 
11.600000 1.6241294689541320e-02 
11.800000 1.6860231757092847e-02 
12.000000 1.7513735087241317e-02 
12.200000 1.8203880311567926e-02 
12.400000 1.8932875479333384e-02 
12.600000 1.9703068550185693e-02 
12.800000 2.0516955139688292e-02 
13.000000 2.1377186462865606e-02 
13.200000 2.2286577436397031e-02 
13.400000 2.3248114891551361e-02 
13.600000 2.4264965833752893e-02 
13.800000 2.5340485678611496e-02 
14.000000 2.6478226369638917e-02 
14.200000 2.7681944274079665e-02 
14.400000 2.8955607732380421e-02 
14.600000 3.0303404120678418e-02 
14.800000 3.1729746259348712e-02 
15.000000 3.3239277981099234e-02 
15.200000 3.4836878646735930e-02 
15.400000 3.6527666372309642e-02 
15.600000 3.8316999702831096e-02 
15.800000 4.0210477442966908e-02 
16.000000 4.2213936328839262e-02 
16.200000 4.4333446201837434e-02 
16.400000 4.6575302320925639e-02 
16.600000 4.8946014434348081e-02 
16.800000 5.1452292216492890e-02 
17.000000 5.4101026671682470e-02 
17.200000 5.6899267106216046e-02 
17.400000 5.9854193284919879e-02 
17.600000 6.2973082412226225e-02 
17.800000 6.6263270618916847e-02 
18.000000 6.9732108690112163e-02 
18.200000 7.3386911845347000e-02 
18.400000 7.7234903474209332e-02 
18.600000 8.1283152845572762e-02 
18.800000 8.5538506941801165e-02 
19.000000 9.0007516724211270e-02 
19.200000 9.4696358308272832e-02 
19.400000 9.9610749715871971e-02 
19.600000 1.0475586407155638e-01 
19.800000 1.1013624031768270e-01 
20.000000 1.1575569273013549e-01 
20.200000 1.2161722071695373e-01 
20.400000 1.2772292056573584e-01 
20.600000 1.3407390096454327e-01 
20.800000 1.4067020424292642e-01 
21.000000 1.4751073535626344e-01 
21.200000 1.5459320065686488e-01 
21.400000 1.6191405845196474e-01 
21.600000 1.6946848323412764e-01 
21.800000 1.7725034528092293e-01 
22.000000 1.8525220705663423e-01 
22.200000 1.9346533751330589e-01 
22.400000 2.0187974498831654e-01 
22.600000 2.1048422894323021e-01 
22.800000 2.1926645029909925e-01 
23.000000 2.2821301961574353e-01 
23.200000 2.3730960185782304e-01 
23.400000 2.4654103601109392e-01 
23.600000 2.5589146737986346e-01 
23.800000 2.6534449003155169e-01 
24.000000 2.7488329657305643e-01 
24.200000 2.8449083225903787e-01 
24.400000 2.9414995035141278e-01 
24.600000 3.0384356567422816e-01 
24.800000 3.1355480343449182e-01 
25.000000 3.2326714059887213e-01 
25.200000 3.3296453741479698e-01 
25.400000 3.4263155702623460e-01 
25.600000 3.5225347154048325e-01 
25.800000 3.6181635333369855e-01 
26.000000 3.7130715082074850e-01 
26.200000 3.8071374834204136e-01 
26.400000 3.9002501022126884e-01 
26.600000 3.9923080941124595e-01 
26.800000 4.0832204146127471e-01 
27.000000 4.1729062480251938e-01 
27.200000 4.2612948855505445e-01 
27.400000 4.3483254921096642e-01 
27.600000 4.4339467764454116e-01 
27.800000 4.5181165794680905e-01 
28.000000 4.6008013958286909e-01 
28.200000 4.6819758433288322e-01 
28.400000 4.7616220940784648e-01 
28.600000 4.8397292803629394e-01 
28.800000 4.9162928870446942e-01 
29.000000 4.9913141410649059e-01 
29.200000 5.0647994072819780e-01 
29.400000 5.1367595985361525e-01 
29.600000 5.2072096065030193e-01 
29.800000 5.2761677586261180e-01 
30.000000 5.3436553052251345e-01 
30.200000 5.4096959397794331e-01 
30.400000 5.4743153543979273e-01 
30.600000 5.5375408316122254e-01 
30.800000 5.5994008728715572e-01 
31.000000 5.6599248634735744e-01 
31.200000 5.7191427731299171e-01 
31.400000 5.7770848909318517e-01 
31.600000 5.8337815931416059e-01 
31.800000 5.8892631419808339e-01 
32.000000 5.9435595134061969e-01 
32.200000 5.9967002517489154e-01 
32.400000 6.0487143490350515e-01 
32.600000 6.0996301467922365e-01 
32.800000 6.1494752581748335e-01 
33.000000 6.1982765082979230e-01 
33.200000 6.2460598907525422e-01 
33.400000 6.2928505383746380e-01 
33.600000 6.3386727064552228e-01 
33.800000 6.3835497667001007e-01 
34.000000 6.4275042103762314e-01 
34.200000 6.4705576592104830e-01 
34.400000 6.5127308827354013e-01 
34.600000 6.5540438209027763e-01 
34.800000 6.5945156109073855e-01 
35.000000 6.6341646172798230e-01 
35.200000 6.6730084644166487e-01 
35.400000 6.7110640708203007e-01 
35.600000 6.7483476844148982e-01 
35.800000 6.7848749183941814e-01 
36.000000 6.8206607871365998e-01 
36.200000 6.8557197417970517e-01 
36.400000 6.8900657052496950e-01 
36.600000 6.9237121061159268e-01 
36.800000 6.9566719116643294e-01 
37.000000 6.9889576594150049e-01 
37.200000 7.0205814873226879e-01 
37.400000 7.0515551624475026e-01 
37.600000 7.0818901080538532e-01 
37.800000 7.1115974291034922e-01 
38.000000 7.1406879361319808e-01 
38.200000 7.1691721675158471e-01 
38.400000 7.1970604101540936e-01 
38.600000 7.2243627185999193e-01 
38.800000 7.2510889326893713e-01 
39.000000 7.2772486937213754e-01 
39.200000 7.3028514592500116e-01 
39.400000 7.3279065165545909e-01 
39.600000 7.3524229948558895e-01 
39.800000 7.3764098763492914e-01 
40.000000 7.3998760061260704e-01 
40.200000 7.4228301010542963e-01 
40.400000 7.4452807576900948e-01 
40.600000 7.4672364592887774e-01 
40.800000 7.4887055819833159e-01 
41.000000 7.5096964001957789e-01 
41.200000 7.5302170913447819e-01 
41.400000 7.5502757399090126e-01 
41.600000 7.5698803409046544e-01 
41.800000 7.5890388028308309e-01 
42.000000 7.6077589501349296e-01 
42.200000 7.6260485252458432e-01 
42.400000 7.6439151902208813e-01 
42.600000 7.6613665280484811e-01 
42.800000 7.6784100436464531e-01 
43.000000 7.6950531645921638e-01 
43.200000 7.7113032416188121e-01 
43.400000 7.7271675489088454e-01 
43.600000 7.7426532842132068e-01 
43.800000 7.7577675688231007e-01 
44.000000 7.7725174474176495e-01 
44.200000 7.7869098878099541e-01 
44.400000 7.8009517806110662e-01 
44.600000 7.8146499388296575e-01 
44.800000 7.8280110974238548e-01 
45.000000 7.8410419128194342e-01 
45.200000 7.8537489624073120e-01 
45.400000 7.8661387440318908e-01 
45.600000 7.8782176754803002e-01 
45.800000 7.8899920939813117e-01 
46.000000 7.9014682557218974e-01 
46.200000 7.9126523353880174e-01 
46.400000 7.9235504257351907e-01 
46.600000 7.9341685371941850e-01 
46.800000 7.9445125975154929e-01 
47.000000 7.9545884514558807e-01 
47.200000 7.9644018605103684e-01 
47.400000 7.9739585026908444e-01 
47.600000 7.9832639723535403e-01 
47.800000 7.9923237800763525e-01 
48.000000 8.0011433525864561e-01 
48.200000 8.0097280327386133e-01 
48.400000 8.0180830795444091e-01 
48.600000 8.0262136682516505e-01 
48.800000 8.0341248904737050e-01 
49.000000 8.0418217543677351e-01 
49.200000 8.0493091848609277e-01 
49.400000 8.0565920239235833e-01 
49.600000 8.0636750308875427e-01 
49.800000 8.0705628828090048e-01 
50.000000 8.0772601748736117e-01 
50.200000 8.0837714208426437e-01 
50.400000 8.0901010535384854e-01 
50.600000 8.0962534253677698e-01 
50.800000 8.1022328088802376e-01 
51.000000 8.1080433973620381e-01 
51.200000 8.1136893054610537e-01 
51.400000 8.1191745698431161e-01 
51.600000 8.1245031498769116e-01 
51.800000 8.1296789283462523e-01 
52.000000 8.1347057121875088e-01 
52.200000 8.1395872332510588e-01 
52.400000 8.1443271490847091e-01 
52.600000 8.1489290437376782e-01 
52.800000 8.1533964285834226e-01 
53.000000 8.1577327431600666e-01 
53.200000 8.1619413560265419e-01 
53.400000 8.1660255656333658e-01 
53.600000 8.1699886012064837e-01 
53.800000 8.1738336236428333e-01 
54.000000 8.1775637264163425e-01 
54.200000 8.1811819364932914e-01 
54.400000 8.1846912152556317e-01 
54.600000 8.1880944594310368e-01 
54.800000 8.1913945020290180e-01 
55.000000 8.1945941132814892e-01 
55.200000 8.1976960015872391e-01 
55.400000 8.2007028144590399e-01 
55.600000 8.2036171394727853e-01 
55.800000 8.2064415052173645e-01 
56.000000 8.2091783822449005e-01 
56.200000 8.2118301840201302e-01 
56.400000 8.2143992678686562e-01 
56.600000 8.2168879359229163e-01 
56.800000 8.2192984360654187e-01 
57.000000 8.2216329628686446e-01 
57.200000 8.2238936585309086e-01 
57.400000 8.2260826138076371e-01 
57.600000 8.2282018689376313e-01 
57.800000 8.2302534145636141e-01 
58.000000 8.2322391926469385e-01 
58.200000 8.2341610973754376e-01 
58.400000 8.2360209760648040e-01 
58.600000 8.2378206300522372e-01 
58.800000 8.2395618155827866e-01 
59.000000 8.2412462446874435e-01 
59.200000 8.2428755860530512e-01 
59.400000 8.2444514658836221e-01 
59.600000 8.2459754687527986e-01 
59.800000 8.2474491384470960e-01 
60.000000 8.2488739787999776e-01 
60.200000 8.2502514545162353e-01 
60.400000 8.2515829919868211e-01 
60.600000 8.2528699800935335e-01 
60.800000 8.2541137710038359e-01 
61.000000 8.2553156809554307e-01 
61.200000 8.2564769910305980e-01 
61.400000 8.2575989479197864e-01 
61.600000 8.2586827646750993e-01 
61.800000 8.2597296214529103e-01 
62.000000 8.2607406662458771e-01 
62.200000 8.2617170156040776e-01 
62.400000 8.2626597553457448e-01 
62.600000 8.2635699412566033e-01 
62.800000 8.2644485997789119e-01 
63.000000 8.2652967286892709e-01 
63.200000 8.2661152977656893e-01 
63.400000 8.2669052494438111e-01 
63.600000 8.2676674994622268e-01 
63.800000 8.2684029374968937e-01 
64.000000 8.2691124277849015e-01 
64.200000 8.2697968097372232e-01 
64.400000 8.2704568985408922e-01 
64.600000 8.2710934857504803e-01 
64.800000 8.2717073398687502e-01 
65.000000 8.2722992069169532e-01 
65.200000 8.2728698109943710e-01 
65.400000 8.2734198548276205e-01 
65.600000 8.2739500203093408e-01 
65.800000 8.2744609690267601e-01 
66.000000 8.2749533427799327e-01 
66.200000 8.2754277640898621e-01 
66.400000 8.2758848366966264e-01 
66.600000 8.2763251460473186e-01 
66.800000 8.2767492597745418e-01 
67.000000 8.2771577281647013e-01 
67.200000 8.2775510846169342e-01 
67.400000 8.2779298460922635e-01 
67.600000 8.2782945135536123e-01 
67.800000 8.2786455723961450e-01 
68.000000 8.2789834928685058e-01 
68.200000 8.2793087304851642e-01 
68.400000 8.2796217264293315e-01 
68.600000 8.2799229079474390e-01 
68.800000 8.2802126887345617e-01 
69.000000 8.2804914693112641e-01 
69.200000 8.2807596373921577e-01 
69.400000 8.2810175682456399e-01 
69.600000 8.2812656250457084e-01 
69.800000 8.2815041592155902e-01 
70.000000 8.2817335107630663e-01 
70.200000 8.2819540086082932e-01 
70.400000 8.2821659709036211e-01 
70.600000 8.2823697053456891e-01 
70.800000 8.2825655094802331e-01 
71.000000 8.2827536709993244e-01 
71.200000 8.2829344680313932e-01 
71.400000 8.2831081694240893e-01 
71.600000 8.2832750350201367e-01 
71.800000 8.2834353159263019e-01 
72.000000 8.2835892547755330e-01 
72.200000 8.2837370859824822e-01 
72.400000 8.2838790359926839e-01 
72.600000 8.2840153235248282e-01 
72.800000 8.2841461598074229e-01 
73.000000 8.2842717488087336e-01 
73.200000 8.2843922874610521e-01 
73.400000 8.2845079658787979e-01 
73.600000 8.2846189675709858e-01 
73.800000 8.2847254696479899e-01 
74.000000 8.2848276430225287e-01 
74.200000 8.2849256526056636e-01 
74.400000 8.2850196574969015e-01 
74.600000 8.2851098111694554e-01 
74.800000 8.2851962616503594e-01 
75.000000 8.2852791516953672e-01 
75.200000 8.2853586189591844e-01 
75.400000 8.2854347961608299e-01 
75.600000 8.2855078112443359e-01 
75.800000 8.2855777875348324e-01 
76.000000 8.2856448438902341e-01 
76.200000 8.2857090948485246e-01 
76.400000 8.2857706507708107e-01 
76.600000 8.2858296179801572e-01 
76.800000 8.2858860988964345e-01 
77.000000 8.2859401921670883e-01 
77.200000 8.2859919927942705e-01 
77.400000 8.2860415922578123e-01 
77.600000 8.2860890786349350e-01 
77.800000 8.2861345367159955e-01 
78.000000 8.2861780481170744e-01 
78.200000 8.2862196913888431e-01 
78.400000 8.2862595421222573e-01 
78.600000 8.2862976730510696e-01 
78.800000 8.2863341541509272e-01 
79.000000 8.2863690527357370e-01 
79.200000 8.2864024335507236e-01 
79.400000 8.2864343588627520e-01 
79.600000 8.2864648885477421e-01 
79.800000 8.2864940801753528e-01 
80.000000 8.2865219890908859e-01 
80.200000 8.2865486684947176e-01 
80.400000 8.2865741695189987e-01 
80.600000 8.2865985413020715e-01 
80.800000 8.2866218310603768e-01 
81.000000 8.2866440841579092e-01 
81.200000 8.2866653441737481e-01 
81.400000 8.2866856529668453e-01 
81.600000 8.2867050507392204e-01 
81.800000 8.2867235760966174e-01 
82.000000 8.2867412661075490e-01 
82.200000 8.2867581563598613e-01 
82.400000 8.2867742810159573e-01 
82.600000 8.2867896728657120e-01 
82.800000 8.2868043633777877e-01 
83.000000 8.2868183827491892e-01 
83.200000 8.2868317599531660e-01 
83.400000 8.2868445227853182e-01 
83.600000 8.2868566979082658e-01 
83.800000 8.2868683108946850e-01 
84.000000 8.2868793862689105e-01 
84.200000 8.2868899475469604e-01 
84.400000 8.2869000172753882e-01 
84.600000 8.2869096170684764e-01 
84.800000 8.2869187676443312e-01 
85.000000 8.2869274888596256e-01 
85.200000 8.2869357997430804e-01 
85.400000 8.2869437185277961e-01 
85.600000 8.2869512626823738e-01 
85.800000 8.2869584489409109e-01 
86.000000 8.2869652933320204e-01 
86.200000 8.2869718112066637e-01 
86.400000 8.2869780172649044e-01 
86.600000 8.2869839255820266e-01 
86.800000 8.2869895496332213e-01 
87.000000 8.2869949023177258e-01 
87.200000 8.2869999959819629e-01 
87.400000 8.2870048424416443e-01 
87.600000 8.2870094530034055e-01 
87.800000 8.2870138384852632e-01 
88.000000 8.2870180092365575e-01 
88.200000 8.2870219751569796e-01 
88.400000 8.2870257457150476e-01 
88.600000 8.2870293299656639e-01 
88.800000 8.2870327365671703e-01 
89.000000 8.2870359737977883e-01 
89.200000 8.2870390495711677e-01 
89.400000 8.2870419714516874e-01 
89.600000 8.2870447466688402e-01 
89.800000 8.2870473821312363e-01 
90.000000 8.2870498844401430e-01 
90.200000 8.2870522599022223e-01 
90.400000 8.2870545145420083e-01 
90.600000 8.2870566541138024e-01 
90.800000 8.2870586841131866e-01 
91.000000 8.2870606097877852e-01 
91.200000 8.2870624361480882e-01 
91.400000 8.2870641679773993e-01 
91.600000 8.2870658098415573e-01 
91.800000 8.2870673660984517e-01 
92.000000 8.2870688409066862e-01 
92.200000 8.2870702382344297e-01 
92.400000 8.2870715618675372e-01 
92.600000 8.2870728154174700e-01 
92.800000 8.2870740023289535e-01 
93.000000 8.2870751258871422e-01 
93.200000 8.2870761892246791e-01 
93.400000 8.2870771953283751e-01 
93.600000 8.2870781470456500e-01 
93.800000 8.2870790470906097e-01 
94.000000 8.2870798980499849e-01 
94.200000 8.2870807023887860e-01 
94.400000 8.2870814624557576e-01 
94.600000 8.2870821804884331e-01 
94.800000 8.2870828586182732e-01 
95.000000 8.2870834988753062e-01 
95.200000 8.2870841031926656e-01 
95.400000 8.2870846734111159e-01 
95.600000 8.2870852112830728e-01 
95.800000 8.2870857184766045e-01 
96.000000 8.2870861965794329e-01 
96.200000 8.2870866471023807e-01 
96.400000 8.2870870714830502e-01 
96.600000 8.2870874710890452e-01 
96.800000 8.2870878472212850e-01 
97.000000 8.2870882011170577e-01 
97.200000 8.2870885339528788e-01 
97.400000 8.2870888468474391e-01 
97.600000 8.2870891408641467e-01 
97.800000 8.2870894170138221e-01 
98.000000 8.2870896762570323e-01 
98.200000 8.2870899195065562e-01 
98.400000 8.2870901476295855e-01 
98.600000 8.2870903614498415e-01 
98.800000 8.2870905617496060e-01 
99.000000 8.2870907492717638e-01 
99.200000 8.2870909247216196e-01 
99.400000 8.2870910887687055e-01 
99.600000 8.2870912420484022e-01 
99.800000 8.2870913851637329e-01 
100.000000 8.2870915186867566e-01 
100.200000 8.2870916431601727e-01 
100.400000 8.2870917590986426e-01 
100.600000 8.2870918669901894e-01 
100.800000 8.2870919672975207e-01 
101.000000 8.2870920604592124e-01 
101.200000 8.2870921468908854e-01 
101.400000 8.2870922269863523e-01 
101.600000 8.2870923011186515e-01 
101.800000 8.2870923696411358e-01 
102.000000 8.2870924328883711e-01 
102.200000 8.2870924911770971e-01 
102.400000 8.2870925448070709e-01 
102.600000 8.2870925940620122e-01 
102.800000 8.2870926392103017e-01 
103.000000 8.2870926805057521e-01 
103.200000 8.2870927181884568e-01 
103.400000 8.2870927524853366e-01 
103.600000 8.2870927836108399e-01 
103.800000 8.2870928117676335e-01 
104.000000 8.2870928371471930e-01 
104.200000 8.2870928599302796e-01 
104.400000 8.2870928802876143e-01 
104.600000 8.2870928983802750e-01 
104.800000 8.2870929143602790e-01 
105.000000 8.2870929283710093e-01 
105.200000 8.2870929405477201e-01 
105.400000 8.2870929510178382e-01 
105.600000 8.2870929599014920e-01 
105.800000 8.2870929673118288e-01 
106.000000 8.2870929733554088e-01 
106.200000 8.2870929781325298e-01 
106.400000 8.2870929817375971e-01 
106.600000 8.2870929842593644e-01 
106.800000 8.2870929857813336e-01 
107.000000 8.2870929863819509e-01 
107.200000 8.2870929861349063e-01 
107.400000 8.2870929851093988e-01 
107.600000 8.2870929833704288e-01 
107.800000 8.2870929809788418e-01 
108.000000 8.2870929779918168e-01 
108.200000 8.2870929744628929e-01 
108.400000 8.2870929704421603e-01 
108.600000 8.2870929659765558e-01 
108.800000 8.2870929611100042e-01 
109.000000 8.2870929558835271e-01 
109.200000 8.2870929503354096e-01 
109.400000 8.2870929445015140e-01 
109.600000 8.2870929384151515e-01 
109.800000 8.2870929321074538e-01 
110.000000 8.2870929256073911e-01 
110.200000 8.2870929189419074e-01 
110.400000 8.2870929121360748e-01 
110.600000 8.2870929052131426e-01 
110.800000 8.2870928981947189e-01 
111.000000 8.2870928911007680e-01 
111.200000 8.2870928839498126e-01 
111.400000 8.2870928767589569e-01 
111.600000 8.2870928695439805e-01 
111.800000 8.2870928623194329e-01 
112.000000 8.2870928550986744e-01 
112.200000 8.2870928478940109e-01 
112.400000 8.2870928407167177e-01 
112.600000 8.2870928335770855e-01 
112.800000 8.2870928264844712e-01 
113.000000 8.2870928194474947e-01 
113.200000 8.2870928124738685e-01 
113.400000 8.2870928055706472e-01 
113.600000 8.2870927987441312e-01 
113.800000 8.2870927920000304e-01 
114.000000 8.2870927853433907e-01 
114.200000 8.2870927787787618e-01 
114.400000 8.2870927723100862e-01 
114.600000 8.2870927659408977e-01 
114.800000 8.2870927596741806e-01 
115.000000 8.2870927535126326e-01 
115.200000 8.2870927474583977e-01 
115.400000 8.2870927415133311e-01 
115.600000 8.2870927356789981e-01 
115.800000 8.2870927299565478e-01 
116.000000 8.2870927243468839e-01 
116.200000 8.2870927188506627e-01 
116.400000 8.2870927134682582e-01 
116.600000 8.2870927081998169e-01 
116.800000 8.2870927030452901e-01 
117.000000 8.2870926980044335e-01 
117.200000 8.2870926930768218e-01 
117.400000 8.2870926882618734e-01 
117.600000 8.2870926835588143e-01 
117.800000 8.2870926789667898e-01 
118.000000 8.2870926744848017e-01 
118.200000 8.2870926701118031e-01 
118.400000 8.2870926658465005e-01 
118.600000 8.2870926616876361e-01 
118.800000 8.2870926576338699e-01 
119.000000 8.2870926536836864e-01 
119.200000 8.2870926498356390e-01 
119.400000 8.2870926460881111e-01 
119.600000 8.2870926424395308e-01 
119.800000 8.2870926388882526e-01 
120.000000 8.2870926354325247e-01 
120.200000 8.2870926320706861e-01 
120.400000 8.2870926288009805e-01 
120.600000 8.2870926256216537e-01 
120.800000 8.2870926225309027e-01 
121.000000 8.2870926195269856e-01 
121.200000 8.2870926166080627e-01 
121.400000 8.2870926137723722e-01 
121.600000 8.2870926110181198e-01 
121.800000 8.2870926083435104e-01 
122.000000 8.2870926057467564e-01 
122.200000 8.2870926032260916e-01 
122.400000 8.2870926007797541e-01 
122.600000 8.2870925984059773e-01 
122.800000 8.2870925961030539e-01 
123.000000 8.2870925938692597e-01 
123.200000 8.2870925917028870e-01 
123.400000 8.2870925896022551e-01 
123.600000 8.2870925875657342e-01 
123.800000 8.2870925855916855e-01 
124.000000 8.2870925836784859e-01 
124.200000 8.2870925818245389e-01 
124.400000 8.2870925800283435e-01 
124.600000 8.2870925782883176e-01 
124.800000 8.2870925766029446e-01 
125.000000 8.2870925749707713e-01 
125.200000 8.2870925733903356e-01 
125.400000 8.2870925718602473e-01 
125.600000 8.2870925703790499e-01 
125.800000 8.2870925689454067e-01 
126.000000 8.2870925675579876e-01 
126.200000 8.2870925662154582e-01 
126.400000 8.2870925649165472e-01 
126.600000 8.2870925636599990e-01 
126.800000 8.2870925624445779e-01 
127.000000 8.2870925612690727e-01 
127.200000 8.2870925601323375e-01 
127.400000 8.2870925590331956e-01 
127.600000 8.2870925579705845e-01 
127.800000 8.2870925569433385e-01 
128.000000 8.2870925559504682e-01 
128.200000 8.2870925549908603e-01 
128.400000 8.2870925540635654e-01 
128.600000 8.2870925531675754e-01 
128.800000 8.2870925523019223e-01 
129.000000 8.2870925514656668e-01 
129.200000 8.2870925506579207e-01 
129.400000 8.2870925498777648e-01 
129.600000 8.2870925491243708e-01 
129.800000 8.2870925483968683e-01 
130.000000 8.2870925476944646e-01 
130.200000 8.2870925470163359e-01 
130.400000 8.2870925463617251e-01 
130.600000 8.2870925457298672e-01 
130.800000 8.2870925451200761e-01 
131.000000 8.2870925445316046e-01 
131.200000 8.2870925439637355e-01 
131.400000 8.2870925434158826e-01 
131.600000 8.2870925428873188e-01 
131.800000 8.2870925423774455e-01 
132.000000 8.2870925418856378e-01 
132.200000 8.2870925414112906e-01 
132.400000 8.2870925409538843e-01 
132.600000 8.2870925405127593e-01 
132.800000 8.2870925400874740e-01 
133.000000 8.2870925396774497e-01 
133.200000 8.2870925392821837e-01 
133.400000 8.2870925389011707e-01 
133.600000 8.2870925385339522e-01 
133.800000 8.2870925381800109e-01 
134.000000 8.2870925378389626e-01 
134.200000 8.2870925375103444e-01 
134.400000 8.2870925371937254e-01 
134.600000 8.2870925368886894e-01 
134.800000 8.2870925365948667e-01 
135.000000 8.2870925363118486e-01 
135.200000 8.2870925360392711e-01 
135.400000 8.2870925357767511e-01 
135.600000 8.2870925355239677e-01 
135.800000 8.2870925352805946e-01 
136.000000 8.2870925350462243e-01 
136.200000 8.2870925348206825e-01 
136.400000 8.2870925346035629e-01 
136.600000 8.2870925343945634e-01 
136.800000 8.2870925341934076e-01 
137.000000 8.2870925339998580e-01 
137.200000 8.2870925338136237e-01 
137.400000 8.2870925336344403e-01 
137.600000 8.2870925334620438e-01 
137.800000 8.2870925332962220e-01 
138.000000 8.2870925331367284e-01 
138.200000 8.2870925329833456e-01 
138.400000 8.2870925328358258e-01 
138.600000 8.2870925326939981e-01 
138.800000 8.2870925325576217e-01 
139.000000 8.2870925324265299e-01 
139.200000 8.2870925323005196e-01 
139.400000 8.2870925321794076e-01 
139.600000 8.2870925320630107e-01 
139.800000 8.2870925319511457e-01 
140.000000 8.2870925318437016e-01 
140.200000 8.2870925317404698e-01 
140.400000 8.2870925316412969e-01 
140.600000 8.2870925315460708e-01 
140.800000 8.2870925314546040e-01 
141.000000 8.2870925313667954e-01 
141.200000 8.2870925312824895e-01 
141.400000 8.2870925312015598e-01 
141.600000 8.2870925311239041e-01 
141.800000 8.2870925310493637e-01 
142.000000 8.2870925309778620e-01 
142.200000 8.2870925309092591e-01 
142.400000 8.2870925308434795e-01 
142.600000 8.2870925307804111e-01 
142.800000 8.2870925307199161e-01 
143.000000 8.2870925306619614e-01 
143.200000 8.2870925306063969e-01 
143.400000 8.2870925305531784e-01 
143.600000 8.2870925305022147e-01 
143.800000 8.2870925304533904e-01 
144.000000 8.2870925304066712e-01 
144.200000 8.2870925303619569e-01 
144.400000 8.2870925303191745e-01 
144.600000 8.2870925302782505e-01 
144.800000 8.2870925302391374e-01 
145.000000 8.2870925302017662e-01 
145.200000 8.2870925301660725e-01 
145.400000 8.2870925301319875e-01 
145.600000 8.2870925300994680e-01 
145.800000 8.2870925300684539e-01 
146.000000 8.2870925300388942e-01 
146.200000 8.2870925300107334e-01 
146.400000 8.2870925299839182e-01 
146.600000 8.2870925299584119e-01 
146.800000 8.2870925299341802e-01 
147.000000 8.2870925299111675e-01 
147.200000 8.2870925298893239e-01 
147.400000 8.2870925298686593e-01 
147.600000 8.2870925298491160e-01 
147.800000 8.2870925298306719e-01 
148.000000 8.2870925298132858e-01 
148.200000 8.2870925297969189e-01 
148.400000 8.2870925297815312e-01 
148.600000 8.2870925297670850e-01 
148.800000 8.2870925297535314e-01 
149.000000 8.2870925297408660e-01 
149.200000 8.2870925297290365e-01 
149.400000 8.2870925297180109e-01 
149.600000 8.2870925297077569e-01 
149.800000 8.2870925296982445e-01 
