0.000000 5.9620459936766158e-03 
0.200000 5.9622230303973886e-03 
0.400000 5.9630372838379193e-03 
0.600000 5.9650098729115758e-03 
0.800000 5.9685959916152042e-03 
1.000000 5.9741889665502904e-03 
1.200000 5.9821326584593567e-03 
1.400000 5.9927339356203486e-03 
1.600000 6.0062621118753753e-03 
1.800000 6.0229629173844616e-03 
2.000000 6.0430649065032959e-03 
2.200000 6.0667824318640590e-03 
2.400000 6.0943156741315434e-03 
2.600000 6.1258520053304368e-03 
2.800000 6.1615710853153653e-03 
3.000000 6.2016492996611692e-03 
3.200000 6.2462597307659205e-03 
3.400000 6.2955823804852597e-03 
3.600000 6.3497937458944012e-03 
3.800000 6.4090650339202263e-03 
4.000000 6.4735701827613110e-03 
4.200000 6.5434878740152124e-03 
4.400000 6.6190052180615418e-03 
4.600000 6.7003169854165786e-03 
4.800000 6.7876275261769363e-03 
5.000000 6.8811519357631626e-03 
5.200000 6.9811185936159096e-03 
5.400000 7.0877688540133639e-03 
5.600000 7.2013586694364678e-03 
5.800000 7.3221597240800389e-03 
6.000000 7.4504613078696146e-03 
6.200000 7.5865706614564868e-03 
6.400000 7.7308142685091619e-03 
6.600000 7.8835390464867591e-03 
6.800000 8.0451144798631344e-03 
7.000000 8.2159337056207076e-03 
7.200000 8.3964154864596911e-03 
7.400000 8.5870061311826285e-03 
7.600000 8.7881812671885273e-03 
7.800000 9.0004478884390966e-03 
8.000000 9.2243463725180819e-03 
8.200000 9.4604528045818849e-03 
8.400000 9.7093812719595673e-03 
8.600000 9.9717863979567091e-03 
8.800000 1.0248365954761883e-02 
9.000000 1.0539863751470516e-02 
9.200000 1.0847072625158525e-02 
9.400000 1.1170837708182182e-02 
9.600000 1.1512059862732085e-02 
9.800000 1.1871699370560792e-02 
10.000000 1.2250779784831330e-02 
10.200000 1.2650392064975568e-02 
10.400000 1.3071698955049831e-02 
10.600000 1.3515939672649977e-02 
10.800000 1.3984434827336217e-02 
11.000000 1.4478591638396114e-02 
11.200000 1.4999909405437249e-02 
11.400000 1.5549985296682544e-02 
11.600000 1.6130520401181365e-02 
11.800000 1.6743326089300691e-02 
12.000000 1.7390330648395822e-02 
12.200000 1.8073586223171290e-02 
12.400000 1.8795276014983351e-02 
12.600000 1.9557721746819790e-02 
12.800000 2.0363391359248563e-02 
13.000000 2.1214906926463946e-02 
13.200000 2.2115052724178880e-02 
13.400000 2.3066783430336649e-02 
13.600000 2.4073232380384918e-02 
13.800000 2.5137719817829168e-02 
14.000000 2.6263761035092568e-02 
14.200000 2.7455074320990348e-02 
14.400000 2.8715588583268503e-02 
14.600000 3.0049450514185002e-02 
14.800000 3.1461031128348693e-02 
15.000000 3.2954931501260158e-02 
15.200000 3.4535987494402676e-02 
15.400000 3.6209273238609764e-02 
15.600000 3.7980103110828417e-02 
15.800000 3.9854031925916675e-02 
16.000000 4.1836853028942342e-02 
16.200000 4.3934593952391028e-02 
16.400000 4.6153509280477907e-02 
16.600000 4.8500070343080730e-02 
16.800000 5.0980951348528578e-02 
17.000000 5.3603011555704905e-02 
17.200000 5.6373273087045185e-02 
17.400000 5.9298893994833637e-02 
17.600000 6.2387136215864600e-02 
17.800000 6.5645328086313404e-02 
18.000000 6.9080821141379437e-02 
18.200000 7.2700940995450797e-02 
18.400000 7.6512932187968841e-02 
18.600000 8.0523896990195201e-02 
18.800000 8.4740728298462922e-02 
19.000000 8.9170036890457716e-02 
19.200000 9.3818073490343198e-02 
19.400000 9.8690646274116930e-02 
19.600000 1.0379303464533593e-01 
19.800000 1.0912990031739637e-01 
20.000000 1.1470519694682958e-01 
20.200000 1.2052207976380074e-01 
20.400000 1.2658281683399089e-01 
20.600000 1.3288870374956785e-01 
20.800000 1.3943998367682722e-01 
21.000000 1.4623577477336000e-01 
21.200000 1.5327400701910671e-01 
21.400000 1.6055137047426021e-01 
21.600000 1.6806327687600836e-01 
21.800000 1.7580383631096982e-01 
22.000000 1.8376585044991886e-01 
22.200000 1.9194082350839964e-01 
22.400000 2.0031899170797551e-01 
22.600000 2.0888937156879753e-01 
22.800000 2.1763982688025169e-01 
23.000000 2.2655715369044593e-01 
23.200000 2.3562718214855727e-01 
23.400000 2.4483489354825635e-01 
23.600000 2.5416455047801922e-01 
23.800000 2.6359983760528255e-01 
24.000000 2.7312401032382572e-01 
24.200000 2.8272004829079417e-01 
24.400000 2.9237081077972898e-01 
24.600000 3.0205919078158405e-01 
24.800000 3.1176826489412707e-01 
25.000000 3.2148143624326092e-01 
25.200000 3.3118256796515250e-01 
25.400000 3.4085610512946557e-01 
25.600000 3.5048718338343332e-01 
25.800000 3.6006172302460648e-01 
26.000000 3.6956650764817484e-01 
26.200000 3.7898924694488312e-01 
26.400000 3.8831862363261116e-01 
26.600000 3.9754432487558977e-01 
26.800000 4.0665705887059794e-01 
27.000000 4.1564855755258329e-01 
27.200000 4.2451156658955680e-01 
27.400000 4.3323982399765626e-01 
27.600000 4.4182802881348682e-01 
27.800000 4.5027180131596239e-01 
28.000000 4.5856763629886133e-01 
28.200000 4.6671285086432152e-01 
28.400000 4.7470552814315375e-01 
28.600000 4.8254445825698267e-01 
28.800000 4.9022907772654700e-01 
29.000000 4.9775940840634736e-01 
29.200000 5.0513599689384026e-01 
29.400000 5.1235985522669369e-01 
29.600000 5.1943240354825859e-01 
29.800000 5.2635541529304675e-01 
30.000000 5.3313096532298943e-01 
30.200000 5.3976138133373819e-01 
30.400000 5.4624919874936784e-01 
30.600000 5.5259711923426591e-01 
30.800000 5.5880797287315964e-01 
31.000000 5.6488468400360281e-01 
31.200000 5.7083024062987109e-01 
31.400000 5.7664766730201167e-01 
31.600000 5.8234000130821229e-01 
31.800000 5.8791027200166590e-01 
32.000000 5.9336148306383041e-01 
32.200000 5.9869659749335502e-01 
32.400000 6.0391852510310795e-01 
32.600000 6.0903011230581605e-01 
32.800000 6.1403413397075290e-01 
33.000000 6.1893328713930984e-01 
33.200000 6.2373018639498068e-01 
33.400000 6.2842736069318950e-01 
33.600000 6.3302725146740857e-01 
33.800000 6.3753221184025943e-01 
34.000000 6.4194450678087012e-01 
34.200000 6.4626631406274415e-01 
34.400000 6.5049972588925453e-01 
34.600000 6.5464675106657322e-01 
34.800000 6.5870931761608076e-01 
35.000000 6.6268927573005387e-01 
35.200000 6.6658840098555805e-01 
35.400000 6.7040839774184524e-01 
35.600000 6.7415090265632105e-01 
35.800000 6.7781748826301391e-01 
36.000000 6.8140966656574664e-01 
36.200000 6.8492889260557832e-01 
36.400000 6.8837656796887681e-01 
36.600000 6.9175404420838049e-01 
36.800000 6.9506262615496572e-01 
37.000000 6.9830357510263963e-01 
37.200000 7.0147811185341580e-01 
37.400000 7.0458741961239246e-01 
37.600000 7.0763264672653059e-01 
37.800000 7.1061490926328419e-01 
38.000000 7.1353529342764055e-01 
38.200000 7.1639485781795464e-01 
38.400000 7.1919463552271068e-01 
38.600000 7.2193563606154176e-01 
38.800000 7.2461884717505809e-01 
39.000000 7.2724523646872385e-01 
39.200000 7.2981575291684864e-01 
39.400000 7.3233132823312164e-01 
39.600000 7.3479287811449956e-01 
39.800000 7.3720130336547129e-01 
40.000000 7.3955749090984690e-01 
40.200000 7.4186231469721686e-01 
40.400000 7.4411663651114945e-01 
40.600000 7.4632130668610741e-01 
40.800000 7.4847716473991643e-01 
41.000000 7.5058503992833003e-01 
41.200000 7.5264575172805404e-01 
41.400000 7.5466011025433732e-01 
41.600000 7.5662891661888154e-01 
41.800000 7.5855296323362675e-01 
42.000000 7.6043303406556917e-01 
42.200000 7.6226990484753809e-01 
42.400000 7.6406434324952555e-01 
42.600000 7.6581710901484124e-01 
42.800000 7.6752895406513300e-01 
43.000000 7.6920062257795452e-01 
43.200000 7.7083285104033006e-01 
43.400000 7.7242636828149969e-01 
43.600000 7.7398189548775509e-01 
43.800000 7.7550014620202146e-01 
44.000000 7.7698182631066659e-01 
44.200000 7.7842763401973192e-01 
44.400000 7.7983825982260357e-01 
44.600000 7.8121438646098762e-01 
44.800000 7.8255668888076169e-01 
45.000000 7.8386583418426603e-01 
45.200000 7.8514248158027056e-01 
45.400000 7.8638728233284727e-01 
45.600000 7.8760087971013870e-01 
45.800000 7.8878390893397554e-01 
46.000000 7.8993699713108667e-01 
46.200000 7.9106076328665942e-01 
46.400000 7.9215581820076308e-01 
46.600000 7.9322276444818574e-01 
46.800000 7.9426219634211914e-01 
47.000000 7.9527469990197786e-01 
47.200000 7.9626085282570802e-01 
47.400000 7.9722122446675547e-01 
47.600000 7.9815637581586829e-01 
47.800000 7.9906685948788025e-01 
48.000000 7.9995321971352285e-01 
48.200000 8.0081599233630141e-01 
48.400000 8.0165570481445703e-01 
48.600000 8.0247287622797037e-01 
48.800000 8.0326801729056641e-01 
49.000000 8.0404163036662246e-01 
49.200000 8.0479420949290548e-01 
49.400000 8.0552624040501242e-01 
49.600000 8.0623820056838469e-01 
49.800000 8.0693055921375267e-01 
50.000000 8.0760377737689282e-01 
50.200000 8.0825830794246289e-01 
50.400000 8.0889459569186017e-01 
50.600000 8.0951307735482747e-01 
50.800000 8.1011418166469717e-01 
51.000000 8.1069832941708597e-01 
51.200000 8.1126593353185450e-01 
51.400000 8.1181739911815887e-01 
51.600000 8.1235312354243283e-01 
51.800000 8.1287349649911167e-01 
52.000000 8.1337890008392033e-01 
52.200000 8.1386970886959897e-01 
52.400000 8.1434628998383340e-01 
52.600000 8.1480900318929483e-01 
52.800000 8.1525820096558876e-01 
53.000000 8.1569422859297502e-01 
53.200000 8.1611742423770839e-01 
53.400000 8.1652811903885936e-01 
53.600000 8.1692663719646297e-01 
53.800000 8.1731329606086534e-01 
54.000000 8.1768840622316086e-01 
54.200000 8.1805227160654803e-01 
54.400000 8.1840518955852060e-01 
54.600000 8.1874745094378198e-01 
54.800000 8.1907934023772988e-01 
55.000000 8.1940113562045869e-01 
55.200000 8.1971310907113037e-01 
55.400000 8.2001552646265552e-01 
55.600000 8.2030864765657674e-01 
55.800000 8.2059272659804039e-01 
56.000000 8.2086801141084198e-01 
56.200000 8.2113474449237023e-01 
56.400000 8.2139316260847506e-01 
56.600000 8.2164349698810279e-01 
56.800000 8.2188597341768155e-01 
57.000000 8.2212081233518552e-01 
57.200000 8.2234822892379811e-01 
57.400000 8.2256843320513162e-01 
57.600000 8.2278163013195249e-01 
57.800000 8.2298801968035062e-01 
58.000000 8.2318779694131794e-01 
58.200000 8.2338115221167463e-01 
58.400000 8.2356827108432773e-01 
58.600000 8.2374933453778154e-01 
58.800000 8.2392451902491637e-01 
59.000000 8.2409399656095172e-01 
59.200000 8.2425793481060217e-01 
59.400000 8.2441649717436105e-01 
59.600000 8.2456984287391799e-01 
59.800000 8.2471812703666347e-01 
60.000000 8.2486150077926279e-01 
60.200000 8.2500011129028350e-01 
60.400000 8.2513410191185199e-01 
60.600000 8.2526361222031119e-01 
60.800000 8.2538877810590927e-01 
61.000000 8.2550973185142729e-01 
61.200000 8.2562660220979500e-01 
61.400000 8.2573951448069682e-01 
61.600000 8.2584859058606375e-01 
61.800000 8.2595394914456099e-01 
62.000000 8.2605570554498198e-01 
62.200000 8.2615397201857155e-01 
62.400000 8.2624885771028234e-01 
62.600000 8.2634046874893152e-01 
62.800000 8.2642890831629734e-01 
63.000000 8.2651427671509869e-01 
63.200000 8.2659667143591364e-01 
63.400000 8.2667618722300529e-01 
63.600000 8.2675291613903468e-01 
63.800000 8.2682694762873832e-01 
64.000000 8.2689836858147658e-01 
64.200000 8.2696726339272841e-01 
64.400000 8.2703371402450099e-01 
64.600000 8.2709780006466938e-01 
64.800000 8.2715959878525791e-01 
65.000000 8.2721918519964732e-01 
65.200000 8.2727663211874070e-01 
65.400000 8.2733201020607228e-01 
65.600000 8.2738538803188511e-01 
65.800000 8.2743683212616537e-01 
66.000000 8.2748640703066234e-01 
66.200000 8.2753417534988893e-01 
66.400000 8.2758019780111391e-01 
66.600000 8.2762453326335361e-01 
66.800000 8.2766723882538895e-01 
67.000000 8.2770836983278251e-01 
67.200000 8.2774797993394655e-01 
67.400000 8.2778612112525207e-01 
67.600000 8.2782284379517612e-01 
67.800000 8.2785819676752448e-01 
68.000000 8.2789222734373780e-01 
68.200000 8.2792498134426196e-01 
68.400000 8.2795650314904290e-01 
68.600000 8.2798683573711185e-01 
68.800000 8.2801602072529523e-01 
69.000000 8.2804409840607807e-01 
69.200000 8.2807110778457316e-01 
69.400000 8.2809708661470216e-01 
69.600000 8.2812207143449446e-01 
69.800000 8.2814609760060320e-01 
70.000000 8.2816919932200994e-01 
70.200000 8.2819140969292027e-01 
70.400000 8.2821276072490646e-01 
70.600000 8.2823328337825741e-01 
70.800000 8.2825300759260068e-01 
71.000000 8.2827196231674616e-01 
71.200000 8.2829017553784268e-01 
71.400000 8.2830767430978025e-01 
71.600000 8.2832448478091680e-01 
71.800000 8.2834063222108734e-01 
72.000000 8.2835614104796240e-01 
72.200000 8.2837103485270835e-01 
72.400000 8.2838533642500978e-01 
72.600000 8.2839906777746142e-01 
72.800000 8.2841225016930076e-01 
73.000000 8.2842490412954384e-01 
73.200000 8.2843704947950969e-01 
73.400000 8.2844870535474668e-01 
73.600000 8.2845989022638256e-01 
73.800000 8.2847062192190302e-01 
74.000000 8.2848091764536780e-01 
74.200000 8.2849079399707326e-01 
74.400000 8.2850026699270773e-01 
74.600000 8.2850935208194287e-01 
74.800000 8.2851806416653950e-01 
75.000000 8.2852641761794488e-01 
75.200000 8.2853442629440044e-01 
75.400000 8.2854210355755054e-01 
75.600000 8.2854946228861492e-01 
75.800000 8.2855651490407756e-01 
76.000000 8.2856327337093183e-01 
76.200000 8.2856974922149906e-01 
76.400000 8.2857595356779346e-01 
76.600000 8.2858189711550656e-01 
76.800000 8.2858759017754113e-01 
77.000000 8.2859304268718625e-01 
77.200000 8.2859826421087412e-01 
77.400000 8.2860326396057060e-01 
77.600000 8.2860805080579436e-01 
77.800000 8.2861263328527690e-01 
78.000000 8.2861701961826639e-01 
78.200000 8.2862121771548625e-01 
78.400000 8.2862523518977138e-01 
78.600000 8.2862907936635544e-01 
78.800000 8.2863275729287489e-01 
79.000000 8.2863627574902610e-01 
79.200000 8.2863964125594936e-01 
79.400000 8.2864286008529997e-01 
79.600000 8.2864593826805355e-01 
79.800000 8.2864888160301908e-01 
80.000000 8.2865169566507224e-01 
80.200000 8.2865438581316009e-01 
80.400000 8.2865695719800903e-01 
80.600000 8.2865941476961169e-01 
80.800000 8.2866176328446006e-01 
81.000000 8.2866400731254519e-01 
81.200000 8.2866615124412779e-01 
81.400000 8.2866819929629199e-01 
81.600000 8.2867015551927037e-01 
81.800000 8.2867202380257421e-01 
82.000000 8.2867380788090583e-01 
82.200000 8.2867551133988748e-01 
82.400000 8.2867713762158524e-01 
82.600000 8.2867869002984740e-01 
82.800000 8.2868017173548125e-01 
83.000000 8.2868158578122397e-01 
83.200000 8.2868293508656010e-01 
83.400000 8.2868422245237783e-01 
83.600000 8.2868545056545828e-01 
83.800000 8.2868662200280696e-01 
84.000000 8.2868773923583450e-01 
84.200000 8.2868880463439643e-01 
84.400000 8.2868982047069917e-01 
84.600000 8.2869078892304515e-01 
84.800000 8.2869171207946379e-01 
85.000000 8.2869259194121014e-01 
85.200000 8.2869343042613919e-01 
85.400000 8.2869422937195969e-01 
85.600000 8.2869499053936169e-01 
85.800000 8.2869571561504030e-01 
86.000000 8.2869640621461960e-01 
86.200000 8.2869706388544939e-01 
86.400000 8.2869769010931416e-01 
86.600000 8.2869828630503239e-01 
86.800000 8.2869885383097552e-01 
87.000000 8.2869939398748960e-01 
87.200000 8.2869990801919979e-01 
87.400000 8.2870039711727950e-01 
87.600000 8.2870086242158747e-01 
87.800000 8.2870130502276051e-01 
88.000000 8.2870172596420266e-01 
88.200000 8.2870212624400452e-01 
88.400000 8.2870250681681112e-01 
88.600000 8.2870286859558417e-01 
88.800000 8.2870321245332923e-01 
89.000000 8.2870353922472595e-01 
89.200000 8.2870384970772959e-01 
89.400000 8.2870414466508324e-01 
89.600000 8.2870442482578388e-01 
89.800000 8.2870469088649046e-01 
90.000000 8.2870494351287560e-01 
90.200000 8.2870518334092402e-01 
90.400000 8.2870541097818495e-01 
90.600000 8.2870562700496797e-01 
90.800000 8.2870583197549508e-01 
91.000000 8.2870602641900859e-01 
91.200000 8.2870621084083851e-01 
91.400000 8.2870638572341027e-01 
91.600000 8.2870655152723538e-01 
91.800000 8.2870670869184970e-01 
92.000000 8.2870685763671359e-01 
92.200000 8.2870699876207565e-01 
92.400000 8.2870713244981353e-01 
92.600000 8.2870725906421627e-01 
92.800000 8.2870737895276236e-01 
93.000000 8.2870749244684716e-01 
93.200000 8.2870759986248421e-01 
93.400000 8.2870770150098405e-01 
93.600000 8.2870779764960012e-01 
93.800000 8.2870788858214539e-01 
94.000000 8.2870797455959155e-01 
94.200000 8.2870805583063467e-01 
94.400000 8.2870813263224175e-01 
94.600000 8.2870820519016908e-01 
94.800000 8.2870827371947886e-01 
95.000000 8.2870833842499181e-01 
95.200000 8.2870839950178143e-01 
95.400000 8.2870845713557606e-01 
95.600000 8.2870851150321156e-01 
95.800000 8.2870856277301697e-01 
96.000000 8.2870861110520810e-01 
96.200000 8.2870865665225524e-01 
96.400000 8.2870869955923376e-01 
96.600000 8.2870873996416539e-01 
96.800000 8.2870877799834530e-01 
97.000000 8.2870881378664463e-01 
97.200000 8.2870884744780893e-01 
97.400000 8.2870887909475277e-01 
97.600000 8.2870890883480497e-01 
97.800000 8.2870893676999458e-01 
98.000000 8.2870896299728702e-01 
98.200000 8.2870898760882084e-01 
98.400000 8.2870901069212966e-01 
98.600000 8.2870903233037130e-01 
98.800000 8.2870905260251937e-01 
99.000000 8.2870907158356732e-01 
99.200000 8.2870908934472742e-01 
99.400000 8.2870910595359026e-01 
99.600000 8.2870912147431330e-01 
99.800000 8.2870913596777729e-01 
100.000000 8.2870914949174523e-01 
100.200000 8.2870916210101753e-01 
100.400000 8.2870917384755849e-01 
100.600000 8.2870918478065658e-01 
100.800000 8.2870919494703321e-01 
101.000000 8.2870920439097884e-01 
101.200000 8.2870921315447033e-01 
101.400000 8.2870922127728019e-01 
101.600000 8.2870922879708442e-01 
101.800000 8.2870923574957311e-01 
102.000000 8.2870924216854125e-01 
102.200000 8.2870924808597857e-01 
102.400000 8.2870925353217229e-01 
102.600000 8.2870925853577659e-01 
102.800000 8.2870926312390736e-01 
103.000000 8.2870926732220995e-01 
103.200000 8.2870927115493720e-01 
103.400000 8.2870927464501476e-01 
103.600000 8.2870927781411596e-01 
103.800000 8.2870928068272065e-01 
104.000000 8.2870928327017157e-01 
104.200000 8.2870928559473866e-01 
104.400000 8.2870928767367524e-01 
104.600000 8.2870928952326350e-01 
104.800000 8.2870929115886494e-01 
105.000000 8.2870929259497617e-01 
105.200000 8.2870929384526471e-01 
105.400000 8.2870929492261436e-01 
105.600000 8.2870929583917141e-01 
105.800000 8.2870929660637127e-01 
106.000000 8.2870929723499198e-01 
106.200000 8.2870929773517576e-01 
106.400000 8.2870929811646621e-01 
106.600000 8.2870929838784246e-01 
106.800000 8.2870929855774556e-01 
107.000000 8.2870929863411169e-01 
107.200000 8.2870929862439802e-01 
107.400000 8.2870929853560271e-01 
107.600000 8.2870929837429885e-01 
107.800000 8.2870929814665173e-01 
108.000000 8.2870929785844016e-01 
108.200000 8.2870929751507982e-01 
108.400000 8.2870929712164898e-01 
108.600000 8.2870929668289428e-01 
108.800000 8.2870929620326172e-01 
109.000000 8.2870929568690566e-01 
109.200000 8.2870929513770497e-01 
109.400000 8.2870929455928655e-01 
109.600000 8.2870929395502946e-01 
109.800000 8.2870929332808507e-01 
110.000000 8.2870929268138938e-01 
110.200000 8.2870929201767007e-01 
110.400000 8.2870929133947313e-01 
110.600000 8.2870929064915311e-01 
110.800000 8.2870928994889914e-01 
111.000000 8.2870928924073950e-01 
111.200000 8.2870928852655101e-01 
111.400000 8.2870928780806630e-01 
111.600000 8.2870928708689728e-01 
111.800000 8.2870928636450703e-01 
112.000000 8.2870928564226243e-01 
112.200000 8.2870928492141083e-01 
112.400000 8.2870928420309464e-01 
112.600000 8.2870928348836170e-01 
112.800000 8.2870928277816980e-01 
113.000000 8.2870928207338845e-01 
113.200000 8.2870928137480604e-01 
113.400000 8.2870928068314065e-01 
113.600000 8.2870927999903488e-01 
113.800000 8.2870927932307104e-01 
114.000000 8.2870927865576882e-01 
114.200000 8.2870927799758354e-01 
114.400000 8.2870927734892741e-01 
114.600000 8.2870927671015648e-01 
114.800000 8.2870927608158562e-01 
115.000000 8.2870927546348250e-01 
115.200000 8.2870927485607382e-01 
115.400000 8.2870927425955432e-01 
115.600000 8.2870927367407743e-01 
115.800000 8.2870927309977416e-01 
116.000000 8.2870927253673299e-01 
116.200000 8.2870927198502664e-01 
116.400000 8.2870927144469630e-01 
116.600000 8.2870927091576241e-01 
116.800000 8.2870927039822184e-01 
117.000000 8.2870926989205362e-01 
117.200000 8.2870926939721878e-01 
117.400000 8.2870926891366203e-01 
117.600000 8.2870926844130910e-01 
117.800000 8.2870926798007893e-01 
118.000000 8.2870926752987217e-01 
118.200000 8.2870926709058079e-01 
118.400000 8.2870926666208655e-01 
118.600000 8.2870926624425845e-01 
118.800000 8.2870926583696281e-01 
119.000000 8.2870926544005719e-01 
119.200000 8.2870926505338938e-01 
119.400000 8.2870926467680861e-01 
119.600000 8.2870926431014802e-01 
119.800000 8.2870926395324640e-01 
120.000000 8.2870926360593433e-01 
120.200000 8.2870926326804151e-01 
120.400000 8.2870926293939606e-01 
120.600000 8.2870926261981859e-01 
120.800000 8.2870926230913289e-01 
121.000000 8.2870926200716144e-01 
121.200000 8.2870926171372572e-01 
121.400000 8.2870926142864387e-01 
121.600000 8.2870926115173960e-01 
121.800000 8.2870926088283003e-01 
122.000000 8.2870926062174055e-01 
122.200000 8.2870926036829140e-01 
122.400000 8.2870926012230706e-01 
122.600000 8.2870925988361377e-01 
122.800000 8.2870925965203490e-01 
123.000000 8.2870925942739837e-01 
123.200000 8.2870925920953942e-01 
123.400000 8.2870925899828352e-01 
123.600000 8.2870925879346768e-01 
123.800000 8.2870925859492939e-01 
124.000000 8.2870925840250409e-01 
124.200000 8.2870925821603603e-01 
124.400000 8.2870925803536877e-01 
124.600000 8.2870925786034644e-01 
124.800000 8.2870925769081893e-01 
125.000000 8.2870925752663760e-01 
125.200000 8.2870925736765677e-01 
125.400000 8.2870925721373456e-01 
125.600000 8.2870925706472798e-01 
125.800000 8.2870925692050268e-01 
126.000000 8.2870925678092211e-01 
126.200000 8.2870925664585460e-01 
126.400000 8.2870925651517402e-01 
126.600000 8.2870925638875137e-01 
126.800000 8.2870925626646330e-01 
127.000000 8.2870925614818847e-01 
127.200000 8.2870925603381573e-01 
127.400000 8.2870925592321976e-01 
127.600000 8.2870925581629595e-01 
127.800000 8.2870925571293252e-01 
128.000000 8.2870925561302011e-01 
128.200000 8.2870925551645958e-01 
128.400000 8.2870925542314555e-01 
128.600000 8.2870925533297912e-01 
128.800000 8.2870925524586347e-01 
129.000000 8.2870925516170646e-01 
129.200000 8.2870925508041471e-01 
129.400000 8.2870925500190029e-01 
129.600000 8.2870925492607583e-01 
129.800000 8.2870925485285651e-01 
130.000000 8.2870925478216106e-01 
130.200000 8.2870925471390999e-01 
130.400000 8.2870925464802292e-01 
130.600000 8.2870925458442735e-01 
130.800000 8.2870925452304922e-01 
131.000000 8.2870925446381505e-01 
131.200000 8.2870925440665599e-01 
131.400000 8.2870925435150700e-01 
131.600000 8.2870925429830133e-01 
131.800000 8.2870925424697472e-01 
132.000000 8.2870925419746810e-01 
132.200000 8.2870925414971963e-01 
132.400000 8.2870925410367158e-01 
132.600000 8.2870925405926443e-01 
132.800000 8.2870925401645101e-01 
133.000000 8.2870925397517081e-01 
133.200000 8.2870925393537609e-01 
133.400000 8.2870925389701711e-01 
133.600000 8.2870925386004612e-01 
133.800000 8.2870925382441174e-01 
134.000000 8.2870925379007376e-01 
134.200000 8.2870925375698890e-01 
134.400000 8.2870925372510862e-01 
134.600000 8.2870925369439585e-01 
134.800000 8.2870925366481019e-01 
135.000000 8.2870925363631331e-01 
135.200000 8.2870925360886627e-01 
135.400000 8.2870925358243375e-01 
135.600000 8.2870925355697922e-01 
135.800000 8.2870925353247138e-01 
136.000000 8.2870925350887170e-01 
136.200000 8.2870925348615898e-01 
136.400000 8.2870925346429347e-01 
136.600000 8.2870925344324531e-01 
136.800000 8.2870925342298885e-01 
137.000000 8.2870925340349733e-01 
137.200000 8.2870925338474177e-01 
137.400000 8.2870925336669432e-01 
137.600000 8.2870925334933421e-01 
137.800000 8.2870925333263323e-01 
138.000000 8.2870925331656897e-01 
138.200000 8.2870925330111933e-01 
138.400000 8.2870925328626266e-01 
138.600000 8.2870925327197564e-01 
138.800000 8.2870925325824096e-01 
139.000000 8.2870925324503575e-01 
139.200000 8.2870925323234346e-01 
139.400000 8.2870925322014299e-01 
139.600000 8.2870925320841649e-01 
139.800000 8.2870925319715028e-01 
140.000000 8.2870925318632638e-01 
140.200000 8.2870925317592647e-01 
140.400000 8.2870925316593613e-01 
140.600000 8.2870925315634136e-01 
140.800000 8.2870925314712884e-01 
141.000000 8.2870925313828037e-01 
141.200000 8.2870925312978660e-01 
141.400000 8.2870925312163290e-01 
141.600000 8.2870925311380672e-01 
141.800000 8.2870925310629751e-01 
142.000000 8.2870925309909371e-01 
142.200000 8.2870925309218146e-01 
142.400000 8.2870925308555143e-01 
142.600000 8.2870925307919541e-01 
142.800000 8.2870925307310062e-01 
143.000000 8.2870925306725784e-01 
143.200000 8.2870925306165988e-01 
143.400000 8.2870925305629539e-01 
143.600000 8.2870925305115783e-01 
143.800000 8.2870925304623777e-01 
144.000000 8.2870925304152621e-01 
144.200000 8.2870925303701959e-01 
144.400000 8.2870925303270693e-01 
144.600000 8.2870925302858034e-01 
144.800000 8.2870925302463672e-01 
145.000000 8.2870925302086829e-01 
145.200000 8.2870925301726883e-01 
145.400000 8.2870925301383080e-01 
145.600000 8.2870925301055254e-01 
145.800000 8.2870925300742171e-01 
146.000000 8.2870925300444043e-01 
146.200000 8.2870925300159959e-01 
146.400000 8.2870925299889397e-01 
146.600000 8.2870925299632070e-01 
146.800000 8.2870925299387321e-01 
147.000000 8.2870925299154863e-01 
147.200000 8.2870925298934439e-01 
147.400000 8.2870925298725684e-01 
147.600000 8.2870925298528342e-01 
147.800000 8.2870925298341835e-01 
148.000000 8.2870925298166165e-01 
148.200000 8.2870925298000531e-01 
148.400000 8.2870925297844988e-01 
148.600000 8.2870925297698772e-01 
148.800000 8.2870925297561682e-01 
149.000000 8.2870925297433484e-01 
149.200000 8.2870925297313558e-01 
149.400000 8.2870925297201914e-01 
149.600000 8.2870925297098075e-01 
149.800000 8.2870925297001719e-01 
