0.000000 6.1255104903915770e-03 
0.200000 6.1257474784070500e-03 
0.400000 6.1267396519359843e-03 
0.600000 6.1289945971194377e-03 
0.800000 6.1329589658493024e-03 
1.000000 6.1390184984606525e-03 
1.200000 6.1475129372140416e-03 
1.400000 6.1587419024607898e-03 
1.600000 6.1729700650361551e-03 
1.800000 6.1904471859257895e-03 
2.000000 6.2114045368573722e-03 
2.200000 6.2360574570752125e-03 
2.400000 6.2646099224242168e-03 
2.600000 6.2972557737005020e-03 
2.800000 6.3341792959377046e-03 
3.000000 6.3755602961075774e-03 
3.200000 6.4215759858348258e-03 
3.400000 6.4724157311210123e-03 
3.600000 6.5282582149808052e-03 
3.800000 6.5892811210090749e-03 
4.000000 6.6556652643052945e-03 
4.200000 6.7275970718340796e-03 
4.400000 6.8052709332015382e-03 
4.600000 6.8888900495874244e-03 
4.800000 6.9786673939254635e-03 
5.000000 7.0748273973254179e-03 
5.200000 7.1776073660268086e-03 
5.400000 7.2872591856246770e-03 
5.600000 7.4040504251971472e-03 
5.800000 7.5283407732486662e-03 
6.000000 7.6603769482652510e-03 
6.200000 7.8004684038743147e-03 
6.400000 7.9489450981304142e-03 
6.600000 8.1061587478784784e-03 
6.800000 8.2724848619708594e-03 
7.000000 8.4483241487888633e-03 
7.200000 8.6341038904037947e-03 
7.400000 8.8302799688997936e-03 
7.600000 9.0373383752171254e-03 
7.800000 9.2557974307403233e-03 
8.000000 9.4862099906506039e-03 
8.200000 9.7291655892651936e-03 
8.400000 9.9852930508574338e-03 
8.600000 1.0255262000011997e-02 
8.800000 1.0539786984624690e-02 
9.000000 1.0839629362055054e-02 
9.200000 1.1155602104075572e-02 
9.400000 1.1488571314915723e-02 
9.600000 1.1839459736649212e-02 
9.800000 1.2209250802300000e-02 
10.000000 1.2598992516989552e-02 
10.200000 1.3009801646044872e-02 
10.400000 1.3442868173922302e-02 
10.600000 1.3899460007720332e-02 
10.800000 1.4380927960053210e-02 
11.000000 1.4888711018561941e-02 
11.200000 1.5424341864402611e-02 
11.400000 1.5989452675404327e-02 
11.600000 1.6585781254392772e-02 
11.800000 1.7215177352859004e-02 
12.000000 1.7879609361004731e-02 
12.200000 1.8581171184896956e-02 
12.400000 1.9322089439730197e-02 
12.600000 2.0104730845801562e-02 
12.800000 2.0931609876352598e-02 
13.000000 2.1805396584953691e-02 
13.200000 2.2728924583835696e-02 
13.400000 2.3705199104052589e-02 
13.600000 2.4737405079994283e-02 
13.800000 2.5828915181431995e-02 
14.000000 2.6983297695406003e-02 
14.200000 2.8204324155312856e-02 
14.400000 2.9495976590890569e-02 
14.600000 3.0862454248907739e-02 
14.800000 3.2308179625365245e-02 
15.000000 3.3837803617348547e-02 
15.200000 3.5456209584121760e-02 
15.400000 3.7168516080235407e-02 
15.600000 3.8980077996323199e-02 
15.800000 4.0896485813760437e-02 
16.000000 4.2923562661072903e-02 
16.200000 4.5067358834078967e-02 
16.400000 4.7334143427592373e-02 
16.600000 4.9730392702622417e-02 
16.800000 5.2262774803407581e-02 
17.000000 5.4938130436638179e-02 
17.200000 5.7763449128546356e-02 
17.400000 6.0745840691331016e-02 
17.600000 6.3892501558572720e-02 
17.800000 6.7210675691115163e-02 
18.000000 7.0707609812918917e-02 
18.200000 7.4390502812034506e-02 
18.400000 7.8266449238900027e-02 
18.600000 8.2342376947542817e-02 
18.800000 8.6624979062055990e-02 
19.000000 9.1120640599941183e-02 
19.200000 9.5835360258662960e-02 
19.400000 1.0077466805597410e-01 
19.600000 1.0594353971226257e-01 
19.800000 1.1134630886257396e-01 
20.000000 1.1698657838569616e-01 
20.200000 1.2286713232967586e-01 
20.400000 1.2898985008687008e-01 
20.600000 1.3535562461829337e-01 
20.800000 1.4196428663716287e-01 
21.000000 1.4881453672527420e-01 
21.200000 1.5590388736411839e-01 
21.400000 1.6322861680749631e-01 
21.600000 1.7078373659840887e-01 
21.800000 1.7856297433638141e-01 
22.000000 1.8655877303332616e-01 
22.200000 1.9476230805938363e-01 
22.400000 2.0316352228394030e-01 
22.600000 2.1175117957212544e-01 
22.800000 2.2051293631991323e-01 
23.000000 2.2943543021935101e-01 
23.200000 2.3850438496063231e-01 
23.400000 2.4770472912067337e-01 
23.600000 2.5702072707955942e-01 
23.800000 2.6643611946529538e-01 
24.000000 2.7593427036934903e-01 
24.200000 2.8549831841176032e-01 
24.400000 2.9511132867120371e-01 
24.600000 3.0475644253320866e-01 
24.800000 3.1441702264417731e-01 
25.000000 3.2407679038068632e-01 
25.200000 3.3371995353945638e-01 
25.400000 3.4333132230727798e-01 
25.600000 3.5289641196404187e-01 
25.800000 3.6240153118761326e-01 
26.000000 3.7183385524877954e-01 
26.200000 3.8118148379157790e-01 
26.400000 3.9043348327514493e-01 
26.600000 3.9957991449662117e-01 
26.800000 4.0861184591226080e-01 
27.000000 4.1752135372071408e-01 
27.200000 4.2630150986594223e-01 
27.400000 4.3494635925759784e-01 
27.600000 4.4345088759621609e-01 
27.800000 4.5181098123315411e-01 
28.000000 4.6002338049597125e-01 
28.200000 4.6808562787493924e-01 
28.400000 4.7599601240173794e-01 
28.600000 4.8375351146360801e-01 
28.800000 4.9135773119128878e-01 
29.000000 4.9880884644268286e-01 
29.200000 5.0610754128132063e-01 
29.400000 5.1325495072370120e-01 
29.600000 5.2025260440614074e-01 
29.800000 5.2710237270262739e-01 
30.000000 5.3380641571274279e-01 
30.200000 5.4036713543449122e-01 
30.400000 5.4678713134196111e-01 
30.600000 5.5306915950287772e-01 
30.800000 5.5921609529629890e-01 
31.000000 5.6523089972627649e-01 
31.200000 5.7111658927256725e-01 
31.400000 5.7687620917427906e-01 
31.600000 5.8251281000585964e-01 
31.800000 5.8802942737645758e-01 
32.000000 5.9342906456280575e-01 
32.200000 5.9871467787100741e-01 
32.400000 6.0388916451413988e-01 
32.600000 6.0895535278856128e-01 
32.800000 6.1391599433223776e-01 
33.000000 6.1877375825221337e-01 
33.200000 6.2353122691496066e-01 
33.400000 6.2819089320223398e-01 
33.600000 6.3275515904548019e-01 
33.800000 6.3722633506361703e-01 
34.000000 6.4160664114151045e-01 
34.200000 6.4589820779934926e-01 
34.400000 6.5010307821623436e-01 
34.600000 6.5422321078428702e-01 
34.800000 6.5826048208222421e-01 
35.000000 6.6221669016956886e-01 
35.200000 6.6609355811430582e-01 
35.400000 6.6989273767773472e-01 
35.600000 6.7361581309052010e-01 
35.800000 6.7726430486339229e-01 
36.000000 6.8083967358460262e-01 
36.200000 6.8434332366416706e-01 
36.400000 6.8777660699204601e-01 
36.600000 6.9114082648373343e-01 
36.800000 6.9443723949248648e-01 
37.000000 6.9766706107230381e-01 
37.200000 7.0083146708022681e-01 
37.400000 7.0393159711024311e-01 
37.600000 7.0696855725432128e-01 
37.800000 7.0994342268888799e-01 
38.000000 7.1285724008731166e-01 
38.200000 7.1571102986086566e-01 
38.400000 7.1850578823222899e-01 
38.600000 7.2124248914670708e-01 
38.800000 7.2392208602743402e-01 
39.000000 7.2654551338136086e-01 
39.200000 7.2911368826346878e-01 
39.400000 7.3162751160685047e-01 
39.600000 7.3408786942650484e-01 
39.800000 7.3649563390471628e-01 
40.000000 7.3885166436579353e-01 
40.200000 7.4115680814784723e-01 
40.400000 7.4341190137891966e-01 
40.600000 7.4561776966473559e-01 
40.800000 7.4777522869477231e-01 
41.000000 7.4988508477326754e-01 
41.200000 7.5194813528122806e-01 
41.400000 7.5396516907531252e-01 
41.600000 7.5593696682904810e-01 
41.800000 7.5786430132150151e-01 
42.000000 7.5974793767821391e-01 
42.200000 7.6158863356892559e-01 
42.400000 7.6338713936626046e-01 
42.600000 7.6514419826935642e-01 
42.800000 7.6686054639603540e-01 
43.000000 7.6853691284702197e-01 
43.200000 7.7017401974535626e-01 
43.400000 7.7177258225400913e-01 
43.600000 7.7333330857447458e-01 
43.800000 7.7485689992895479e-01 
44.000000 7.7634405052851385e-01 
44.200000 7.7779544752949081e-01 
44.400000 7.7921177098023220e-01 
44.600000 7.8059369376004883e-01 
44.800000 7.8194188151221322e-01 
45.000000 7.8325699257260728e-01 
45.200000 7.8453967789547485e-01 
45.400000 7.8579058097771548e-01 
45.600000 7.8701033778285445e-01 
45.800000 7.8819957666582730e-01 
46.000000 7.8935891829957883e-01 
46.200000 7.9048897560427256e-01 
46.400000 7.9159035367994512e-01 
46.600000 7.9266364974316106e-01 
46.800000 7.9370945306830021e-01 
47.000000 7.9472834493387035e-01 
47.200000 7.9572089857426587e-01 
47.400000 7.9668767913722183e-01 
47.600000 7.9762924364720622e-01 
47.800000 7.9854614097491106e-01 
48.000000 7.9943891181288784e-01 
48.200000 8.0030808865744618e-01 
48.400000 8.0115419579671721e-01 
48.600000 8.0197774930489862e-01 
48.800000 8.0277925704255981e-01 
49.000000 8.0355921866290081e-01 
49.200000 8.0431812562381044e-01 
49.400000 8.0505646120556573e-01 
49.600000 8.0577470053397493e-01 
49.800000 8.0647331060878558e-01 
50.000000 8.0715275033710487e-01 
50.200000 8.0781347057166475e-01 
50.400000 8.0845591415366203e-01 
50.600000 8.0908051595996733e-01 
50.800000 8.0968770295445802e-01 
51.000000 8.1027789424327679e-01 
51.200000 8.1085150113373183e-01 
51.400000 8.1140892719667412e-01 
51.600000 8.1195056833209633e-01 
51.800000 8.1247681283773476e-01 
52.000000 8.1298804148048476e-01 
52.200000 8.1348462757042095e-01 
52.400000 8.1396693703719869e-01 
52.600000 8.1443532850869427e-01 
52.800000 8.1489015339165238e-01 
53.000000 8.1533175595419760e-01 
53.200000 8.1576047341002944e-01 
53.400000 8.1617663600413048e-01 
53.600000 8.1658056709985805e-01 
53.800000 8.1697258326724798e-01 
54.000000 8.1735299437238873e-01 
54.200000 8.1772210366776310e-01 
54.400000 8.1808020788339453e-01 
54.600000 8.1842759731869319e-01 
54.800000 8.1876455593489550e-01 
55.000000 8.1909136144795192e-01 
55.200000 8.1940828542183863e-01 
55.400000 8.1971559336207345e-01 
55.600000 8.2001354480947031e-01 
55.800000 8.2030239343396627e-01 
56.000000 8.2058238712845066e-01 
56.200000 8.2085376810254895e-01 
56.400000 8.2111677297624774e-01 
56.600000 8.2137163287331516e-01 
56.800000 8.2161857351446144e-01 
57.000000 8.2185781531013180e-01 
57.200000 8.2208957345293754e-01 
57.400000 8.2231405800961244e-01 
57.600000 8.2253147401248627e-01 
57.800000 8.2274202155040066e-01 
58.000000 8.2294589585902900e-01 
58.200000 8.2314328741057252e-01 
58.400000 8.2333438200276865e-01 
58.600000 8.2351936084719324e-01 
58.800000 8.2369840065681821e-01 
59.000000 8.2387167373278247e-01 
59.200000 8.2403934805036094e-01 
59.400000 8.2420158734410365e-01 
59.600000 8.2435855119209178e-01 
59.800000 8.2451039509933899e-01 
60.000000 8.2465727058024862e-01 
60.200000 8.2479932524018273e-01 
60.400000 8.2493670285605269e-01 
60.600000 8.2506954345597239e-01 
60.800000 8.2519798339791306e-01 
61.000000 8.2532215544737431e-01 
61.200000 8.2544218885407095e-01 
61.400000 8.2555820942756519e-01 
61.600000 8.2567033961191316e-01 
61.800000 8.2577869855925279e-01 
62.000000 8.2588340220237655e-01 
62.200000 8.2598456332621972e-01 
62.400000 8.2608229163834257e-01 
62.600000 8.2617669383832371e-01 
62.800000 8.2626787368611276e-01 
63.000000 8.2635593206931202e-01 
63.200000 8.2644096706940484e-01 
63.400000 8.2652307402691527e-01 
63.600000 8.2660234560551527e-01 
63.800000 8.2667887185504796e-01 
64.000000 8.2675274027353629e-01 
64.200000 8.2682403586807995e-01 
64.400000 8.2689284121474826e-01 
64.600000 8.2695923651739345e-01 
64.800000 8.2702329966543808e-01 
65.000000 8.2708510629060861e-01 
65.200000 8.2714472982264498e-01 
65.400000 8.2720224154398203e-01 
65.600000 8.2725771064340514e-01 
65.800000 8.2731120426869942e-01 
66.000000 8.2736278757828585e-01 
66.200000 8.2741252379186814e-01 
66.400000 8.2746047424007285e-01 
66.600000 8.2750669841313829e-01 
66.800000 8.2755125400859997e-01 
67.000000 8.2759419697802827e-01 
67.200000 8.2763558157281802e-01 
67.400000 8.2767546038903195e-01 
67.600000 8.2771388441129889e-01 
67.800000 8.2775090305580823e-01 
68.000000 8.2778656421239050e-01 
68.200000 8.2782091428567761e-01 
68.400000 8.2785399823540440e-01 
68.600000 8.2788585961580574e-01 
68.800000 8.2791654061416819e-01 
69.000000 8.2794608208850529e-01 
69.200000 8.2797452360440571e-01 
69.400000 8.2800190347104641e-01 
69.600000 8.2802825877638775e-01 
69.800000 8.2805362542154692e-01 
70.000000 8.2807803815439951e-01 
70.200000 8.2810153060237723e-01 
70.400000 8.2812413530450368e-01 
70.600000 8.2814588374267395e-01 
70.800000 8.2816680637217732e-01 
71.000000 8.2818693265150123e-01 
71.200000 8.2820629107138444e-01 
71.400000 8.2822490918320513e-01 
71.600000 8.2824281362662344e-01 
71.800000 8.2826003015656768e-01 
72.000000 8.2827658366954571e-01 
72.200000 8.2829249822927886e-01 
72.400000 8.2830779709170488e-01 
72.600000 8.2832250272933305e-01 
72.800000 8.2833663685497372e-01 
73.000000 8.2835022044486750e-01 
73.200000 8.2836327376119245e-01 
73.400000 8.2837581637400148e-01 
73.600000 8.2838786718257484e-01 
73.800000 8.2839944443618929e-01 
74.000000 8.2841056575437155e-01 
74.200000 8.2842124814656404e-01 
74.400000 8.2843150803129462e-01 
74.600000 8.2844136125480083e-01 
74.800000 8.2845082310915741e-01 
75.000000 8.2845990834989980e-01 
75.200000 8.2846863121315828e-01 
75.400000 8.2847700543232139e-01 
75.600000 8.2848504425422653e-01 
75.800000 8.2849276045489495e-01 
76.000000 8.2850016635481893e-01 
76.200000 8.2850727383382272e-01 
76.400000 8.2851409434547796e-01 
76.600000 8.2852063893112871e-01 
76.800000 8.2852691823348712e-01 
77.000000 8.2853294250984799e-01 
77.200000 8.2853872164489406e-01 
77.400000 8.2854426516317681e-01 
77.600000 8.2854958224113973e-01 
77.800000 8.2855468171887781e-01 
78.000000 8.2855957211147124e-01 
78.200000 8.2856426162002894e-01 
78.400000 8.2856875814236186e-01 
78.600000 8.2857306928335273e-01 
78.800000 8.2857720236499832e-01 
79.000000 8.2858116443615970e-01 
79.200000 8.2858496228197775e-01 
79.400000 8.2858860243303845e-01 
79.600000 8.2859209117421639e-01 
79.800000 8.2859543455326634e-01 
80.000000 8.2859863838914039e-01 
80.200000 8.2860170828001045e-01 
80.400000 8.2860464961109259e-01 
80.600000 8.2860746756216896e-01 
80.800000 8.2861016711490043e-01 
81.000000 8.2861275305988724e-01 
81.200000 8.2861523000351678e-01 
81.400000 8.2861760237456439e-01 
81.600000 8.2861987443060303e-01 
81.800000 8.2862205026419200e-01 
82.000000 8.2862413380885602e-01 
82.200000 8.2862612884488362e-01 
82.400000 8.2862803900490689e-01 
82.600000 8.2862986777932590e-01 
82.800000 8.2863161852152323e-01 
83.000000 8.2863329445292266e-01 
83.200000 8.2863489866786355e-01 
83.400000 8.2863643413831833e-01 
83.600000 8.2863790371843982e-01 
83.800000 8.2863931014897541e-01 
84.000000 8.2864065606149306e-01 
84.200000 8.2864194398250035e-01 
84.400000 8.2864317633738083e-01 
84.600000 8.2864435545424076e-01 
84.800000 8.2864548356757217e-01 
85.000000 8.2864656282182603e-01 
85.200000 8.2864759527483389e-01 
85.400000 8.2864858290113130e-01 
85.600000 8.2864952759513988e-01 
85.800000 8.2865043117425685e-01 
86.000000 8.2865129538181681e-01 
86.200000 8.2865212188996284e-01 
86.400000 8.2865291230240201e-01 
86.600000 8.2865366815707231e-01 
86.800000 8.2865439092869830e-01 
87.000000 8.2865508203126714e-01 
87.200000 8.2865574282041821e-01 
87.400000 8.2865637459571706e-01 
87.600000 8.2865697860288146e-01 
87.800000 8.2865755603590585e-01 
88.000000 8.2865810803910689e-01 
88.200000 8.2865863570909770e-01 
88.400000 8.2865914009668806e-01 
88.600000 8.2865962220872080e-01 
88.800000 8.2866008300981009e-01 
89.000000 8.2866052342406304e-01 
89.200000 8.2866094433668924e-01 
89.400000 8.2866134659557411e-01 
89.600000 8.2866173101279339e-01 
89.800000 8.2866209836605831e-01 
90.000000 8.2866244940010980e-01 
90.200000 8.2866278482806399e-01 
90.400000 8.2866310533270648e-01 
90.600000 8.2866341156772183e-01 
90.800000 8.2866370415889745e-01 
91.000000 8.2866398370525851e-01 
91.200000 8.2866425078018591e-01 
91.400000 8.2866450593245511e-01 
91.600000 8.2866474968726922e-01 
91.800000 8.2866498254722776e-01 
92.000000 8.2866520499327090e-01 
92.200000 8.2866541748557421e-01 
92.400000 8.2866562046442316e-01 
92.600000 8.2866581435103615e-01 
92.800000 8.2866599954836584e-01 
93.000000 8.2866617644187457e-01 
93.200000 8.2866634540025219e-01 
93.400000 8.2866650677613940e-01 
93.600000 8.2866666090680063e-01 
93.800000 8.2866680811476101e-01 
94.000000 8.2866694870845659e-01 
94.200000 8.2866708298281166e-01 
94.400000 8.2866721121981901e-01 
94.600000 8.2866733368910062e-01 
94.800000 8.2866745064841363e-01 
95.000000 8.2866756234419126e-01 
95.200000 8.2866766901199185e-01 
95.400000 8.2866777087699284e-01 
95.600000 8.2866786815442584e-01 
95.800000 8.2866796104999729e-01 
96.000000 8.2866804976032193e-01 
96.200000 8.2866813447329701e-01 
96.400000 8.2866821536848112e-01 
96.600000 8.2866829261746311e-01 
96.800000 8.2866836638420394e-01 
97.000000 8.2866843682536828e-01 
97.200000 8.2866850409064829e-01 
97.400000 8.2866856832305336e-01 
97.600000 8.2866862965922095e-01 
97.800000 8.2866868822967998e-01 
98.000000 8.2866874415912772e-01 
98.200000 8.2866879756668199e-01 
98.400000 8.2866884856612411e-01 
98.600000 8.2866889726613935e-01 
98.800000 8.2866894377053690e-01 
99.000000 8.2866898817847123e-01 
99.200000 8.2866903058463492e-01 
99.400000 8.2866907107947196e-01 
99.600000 8.2866910974935315e-01 
99.800000 8.2866914667676517e-01 
100.000000 8.2866918194048134e-01 
100.200000 8.2866921561571916e-01 
100.400000 8.2866924777430484e-01 
100.600000 8.2866927848483241e-01 
100.800000 8.2866930781278847e-01 
101.000000 8.2866933582071045e-01 
101.200000 8.2866936256830559e-01 
101.400000 8.2866938811258195e-01 
101.600000 8.2866941250797033e-01 
101.800000 8.2866943580643648e-01 
102.000000 8.2866945805759784e-01 
102.200000 8.2866947930882007e-01 
102.400000 8.2866949960532965e-01 
102.600000 8.2866951899029584e-01 
102.800000 8.2866953750493599e-01 
103.000000 8.2866955518859631e-01 
103.200000 8.2866957207884273e-01 
103.400000 8.2866958821153125e-01 
103.600000 8.2866960362089692e-01 
103.800000 8.2866961833961383e-01 
104.000000 8.2866963239888114e-01 
104.200000 8.2866964582847735e-01 
104.400000 8.2866965865682773e-01 
104.600000 8.2866967091107246e-01 
104.800000 8.2866968261711238e-01 
105.000000 8.2866969379967592e-01 
105.200000 8.2866970448237132e-01 
105.400000 8.2866971468772721e-01 
105.600000 8.2866972443725961e-01 
105.800000 8.2866973375149655e-01 
106.000000 8.2866974265004245e-01 
106.200000 8.2866975115160768e-01 
106.400000 8.2866975927405173e-01 
106.600000 8.2866976703443085e-01 
106.800000 8.2866977444901724e-01 
107.000000 8.2866978153335513e-01 
107.200000 8.2866978830227533e-01 
107.400000 8.2866979476993696e-01 
107.600000 8.2866980094986242e-01 
107.800000 8.2866980685495717e-01 
108.000000 8.2866981249754301e-01 
108.200000 8.2866981788938399e-01 
108.400000 8.2866982304170811e-01 
108.600000 8.2866982796523747e-01 
108.800000 8.2866983267021010e-01 
109.000000 8.2866983716640175e-01 
109.200000 8.2866984146313893e-01 
109.400000 8.2866984556933354e-01 
109.600000 8.2866984949349487e-01 
109.800000 8.2866985324374276e-01 
110.000000 8.2866985682783578e-01 
110.200000 8.2866986025318101e-01 
110.400000 8.2866986352684613e-01 
110.600000 8.2866986665558995e-01 
110.800000 8.2866986964585532e-01 
111.000000 8.2866987250380775e-01 
111.200000 8.2866987523532487e-01 
111.400000 8.2866987784602397e-01 
111.600000 8.2866988034126865e-01 
111.800000 8.2866988272618669e-01 
112.000000 8.2866988500566852e-01 
112.200000 8.2866988718438706e-01 
112.400000 8.2866988926680929e-01 
112.600000 8.2866989125719648e-01 
112.800000 8.2866989315962181e-01 
113.000000 8.2866989497797983e-01 
113.200000 8.2866989671598468e-01 
113.400000 8.2866989837718863e-01 
113.600000 8.2866989996498130e-01 
113.800000 8.2866990148260389e-01 
114.000000 8.2866990293315457e-01 
114.200000 8.2866990431959164e-01 
114.400000 8.2866990564474108e-01 
114.600000 8.2866990691129883e-01 
114.800000 8.2866990812185315e-01 
115.000000 8.2866990927886308e-01 
115.200000 8.2866991038468862e-01 
115.400000 8.2866991144158253e-01 
115.600000 8.2866991245169208e-01 
115.800000 8.2866991341707652e-01 
116.000000 8.2866991433970061e-01 
116.200000 8.2866991522144418e-01 
116.400000 8.2866991606410034e-01 
116.600000 8.2866991686938585e-01 
116.800000 8.2866991763894027e-01 
117.000000 8.2866991837433135e-01 
117.200000 8.2866991907706145e-01 
117.400000 8.2866991974855830e-01 
117.600000 8.2866992039019260e-01 
117.800000 8.2866992100327541e-01 
118.000000 8.2866992158905617e-01 
118.200000 8.2866992214873159e-01 
118.400000 8.2866992268345052e-01 
118.600000 8.2866992319429778e-01 
118.800000 8.2866992368232761e-01 
119.000000 8.2866992414853580e-01 
119.200000 8.2866992459388045e-01 
119.400000 8.2866992501927339e-01 
119.600000 8.2866992542559104e-01 
119.800000 8.2866992581366949e-01 
120.000000 8.2866992618430513e-01 
120.200000 8.2866992653826799e-01 
120.400000 8.2866992687628604e-01 
120.600000 8.2866992719906052e-01 
120.800000 8.2866992750725632e-01 
121.000000 8.2866992780151671e-01 
121.200000 8.2866992808245032e-01 
121.400000 8.2866992835064590e-01 
121.600000 8.2866992860666255e-01 
121.800000 8.2866992885103374e-01 
122.000000 8.2866992908427128e-01 
122.200000 8.2866992930686501e-01 
122.400000 8.2866992951928653e-01 
122.600000 8.2866992972197884e-01 
122.800000 8.2866992991537558e-01 
123.000000 8.2866993009988321e-01 
123.200000 8.2866993027589442e-01 
123.400000 8.2866993044378590e-01 
123.600000 8.2866993060391414e-01 
123.800000 8.2866993075662565e-01 
124.000000 8.2866993090224816e-01 
124.200000 8.2866993104109132e-01 
124.400000 8.2866993117345977e-01 
124.600000 8.2866993129964117e-01 
124.800000 8.2866993141990808e-01 
125.000000 8.2866993153452495e-01 
125.200000 8.2866993164374492e-01 
125.400000 8.2866993174780568e-01 
125.600000 8.2866993184693671e-01 
125.800000 8.2866993194136418e-01 
126.000000 8.2866993203129347e-01 
126.200000 8.2866993211692641e-01 
126.400000 8.2866993219845764e-01 
126.600000 8.2866993227607144e-01 
126.800000 8.2866993234994113e-01 
127.000000 8.2866993242023901e-01 
127.200000 8.2866993248712562e-01 
127.400000 8.2866993255075372e-01 
127.600000 8.2866993261127353e-01 
127.800000 8.2866993266882338e-01 
128.000000 8.2866993272353984e-01 
128.200000 8.2866993277555279e-01 
128.400000 8.2866993282498247e-01 
128.600000 8.2866993287195101e-01 
128.800000 8.2866993291656854e-01 
129.000000 8.2866993295894453e-01 
129.200000 8.2866993299918179e-01 
129.400000 8.2866993303737668e-01 
129.600000 8.2866993307362935e-01 
129.800000 8.2866993310802273e-01 
130.000000 8.2866993314064830e-01 
130.200000 8.2866993317158566e-01 
130.400000 8.2866993320091586e-01 
130.600000 8.2866993322871429e-01 
130.800000 8.2866993325505289e-01 
131.000000 8.2866993327999661e-01 
131.200000 8.2866993330361671e-01 
131.400000 8.2866993332597372e-01 
131.600000 8.2866993334712491e-01 
131.800000 8.2866993336713246e-01 
132.000000 8.2866993338604777e-01 
132.200000 8.2866993340392647e-01 
132.400000 8.2866993342081652e-01 
132.600000 8.2866993343676376e-01 
132.800000 8.2866993345181794e-01 
133.000000 8.2866993346602191e-01 
133.200000 8.2866993347941487e-01 
133.400000 8.2866993349203610e-01 
133.600000 8.2866993350392870e-01 
133.800000 8.2866993351512541e-01 
134.000000 8.2866993352566010e-01 
134.200000 8.2866993353556628e-01 
134.400000 8.2866993354487761e-01 
134.600000 8.2866993355362317e-01 
134.800000 8.2866993356182772e-01 
135.000000 8.2866993356952656e-01 
135.200000 8.2866993357673890e-01 
135.400000 8.2866993358349361e-01 
135.600000 8.2866993358981322e-01 
135.800000 8.2866993359571894e-01 
136.000000 8.2866993360123631e-01 
136.200000 8.2866993360638130e-01 
136.400000 8.2866993361117702e-01 
136.600000 8.2866993361563945e-01 
136.800000 8.2866993361979113e-01 
137.000000 8.2866993362364305e-01 
137.200000 8.2866993362721542e-01 
137.400000 8.2866993363052299e-01 
137.600000 8.2866993363357999e-01 
137.800000 8.2866993363640307e-01 
138.000000 8.2866993363899966e-01 
138.200000 8.2866993364138686e-01 
138.400000 8.2866993364357888e-01 
138.600000 8.2866993364558028e-01 
138.800000 8.2866993364740893e-01 
139.000000 8.2866993364907260e-01 
139.200000 8.2866993365057917e-01 
139.400000 8.2866993365194186e-01 
139.600000 8.2866993365316566e-01 
139.800000 8.2866993365426245e-01 
140.000000 8.2866993365523933e-01 
140.200000 8.2866993365610564e-01 
140.400000 8.2866993365686348e-01 
140.600000 8.2866993365752561e-01 
140.800000 8.2866993365809627e-01 
141.000000 8.2866993365858277e-01 
141.200000 8.2866993365898645e-01 
141.400000 8.2866993365931974e-01 
141.600000 8.2866993365958497e-01 
141.800000 8.2866993365978525e-01 
142.000000 8.2866993365992947e-01 
142.200000 8.2866993366001884e-01 
142.400000 8.2866993366006081e-01 
142.600000 8.2866993366005770e-01 
142.800000 8.2866993366001174e-01 
143.000000 8.2866993365992780e-01 
143.200000 8.2866993365981190e-01 
143.400000 8.2866993365966457e-01 
143.600000 8.2866993365949237e-01 
143.800000 8.2866993365929231e-01 
144.000000 8.2866993365907393e-01 
144.200000 8.2866993365883268e-01 
144.400000 8.2866993365857944e-01 
144.600000 8.2866993365830943e-01 
144.800000 8.2866993365802744e-01 
145.000000 8.2866993365773856e-01 
145.200000 8.2866993365743991e-01 
145.400000 8.2866993365713837e-01 
145.600000 8.2866993365683139e-01 
145.800000 8.2866993365652419e-01 
146.000000 8.2866993365621422e-01 
146.200000 8.2866993365590702e-01 
146.400000 8.2866993365560260e-01 
146.600000 8.2866993365530239e-01 
146.800000 8.2866993365500830e-01 
147.000000 8.2866993365471830e-01 
147.200000 8.2866993365443598e-01 
147.400000 8.2866993365416131e-01 
147.600000 8.2866993365390096e-01 
147.800000 8.2866993365364905e-01 
148.000000 8.2866993365341268e-01 
148.200000 8.2866993365318820e-01 
148.400000 8.2866993365298092e-01 
148.600000 8.2866993365278929e-01 
148.800000 8.2866993365261221e-01 
149.000000 8.2866993365245123e-01 
149.200000 8.2866993365230190e-01 
149.400000 8.2866993365216635e-01 
149.600000 8.2866993365204145e-01 
149.800000 8.2866993365192776e-01 
