0.000000 4.1487019038886422e-03 
0.200000 4.1487012727764927e-03 
0.400000 4.1486879813212654e-03 
0.600000 4.1486496869895858e-03 
0.800000 4.1485753164706186e-03 
1.000000 4.1484554477188382e-03 
1.200000 4.1482818325693028e-03 
1.400000 4.1480472416644950e-03 
1.600000 4.1477453300953022e-03 
1.800000 4.1473714023319667e-03 
2.000000 4.1469217073619837e-03 
2.200000 4.1463931568217049e-03 
2.400000 4.1457831504312734e-03 
2.600000 4.1450894732056156e-03 
2.800000 4.1443103830815743e-03 
3.000000 4.1434446759407760e-03 
3.200000 4.1424991311585406e-03 
3.400000 4.1414749586611167e-03 
3.600000 4.1403714351786105e-03 
3.800000 4.1391861779238887e-03 
4.000000 4.1379169922405382e-03 
4.200000 4.1365619725021296e-03 
4.400000 4.1351193026391139e-03 
4.600000 4.1335874532610287e-03 
4.800000 4.1319651537359524e-03 
5.000000 4.1302514238167306e-03 
5.200000 4.1284454713273015e-03 
5.400000 4.1265468303984280e-03 
5.600000 4.1245552069590647e-03 
5.800000 4.1225165351207096e-03 
6.000000 4.1204089549804045e-03 
6.200000 4.1182361029633930e-03 
6.400000 4.1160011283916682e-03 
6.600000 4.1137067098055737e-03 
6.800000 4.1113554031324056e-03 
7.000000 4.1089494172864907e-03 
7.200000 4.1064906215566585e-03 
7.400000 4.1039808032615746e-03 
7.600000 4.1014215046348695e-03 
7.800000 4.0988141708439788e-03 
8.000000 4.0961601797526526e-03 
8.200000 4.0934608682466379e-03 
8.400000 4.0907176478010478e-03 
8.600000 4.0879313049425325e-03 
8.800000 4.0851025658650104e-03 
9.000000 4.0822324519894310e-03 
9.200000 4.0793225369592989e-03 
9.400000 4.0763740263160837e-03 
9.600000 4.0733878974109081e-03 
9.800000 4.0703650822619232e-03 
10.000000 4.0673064613194051e-03 
10.200000 4.0642128699494209e-03 
10.400000 4.0610851252966974e-03 
10.600000 4.0579240211235388e-03 
10.800000 4.0547303374980940e-03 
11.000000 4.0515048589293452e-03 
11.200000 4.0482483709630710e-03 
11.400000 4.0449616663652977e-03 
11.600000 4.0416455593339055e-03 
11.800000 4.0383008791194394e-03 
12.000000 4.0349284697457580e-03 
12.200000 4.0315291971228752e-03 
12.400000 4.0281039566421890e-03 
12.600000 4.0246536728862125e-03 
12.800000 4.0211793005027292e-03 
13.000000 4.0176818297694280e-03 
13.200000 4.0141622953898332e-03 
13.400000 4.0106217793437135e-03 
13.600000 4.0070614146797308e-03 
13.800000 4.0034823893289623e-03 
14.000000 3.9998859452970627e-03 
14.200000 3.9962733769571936e-03 
14.400000 3.9926460281999631e-03 
14.600000 3.9890052845379925e-03 
14.800000 3.9853525634712646e-03 
15.000000 3.9816893012889400e-03 
15.200000 3.9780169343510835e-03 
15.400000 3.9743368775184045e-03 
15.600000 3.9706504965881457e-03 
15.800000 3.9669590754824692e-03 
16.000000 3.9632637776147650e-03 
16.200000 3.9595656005893733e-03 
16.400000 3.9558653259009272e-03 
16.600000 3.9521634634346351e-03 
16.800000 3.9484601906566536e-03 
17.000000 3.9447552879885023e-03 
17.200000 3.9410480714885529e-03 
17.400000 3.9373373240079428e-03 
17.600000 3.9336212270323148e-03 
17.800000 3.9298972955854519e-03 
18.000000 3.9261623184891070e-03 
18.200000 3.9224123072259150e-03 
18.400000 3.9186424563885103e-03 
18.600000 3.9148471189833370e-03 
18.800000 3.9110198003889339e-03 
19.000000 3.9071531740387817e-03 
19.200000 3.9032391222371542e-03 
19.400000 3.8992688049621620e-03 
19.600000 3.8952327590913577e-03 
19.800000 3.8911210298488022e-03 
20.000000 3.8869233353001922e-03 
20.200000 3.8826292637118448e-03 
20.400000 3.8782285025152768e-03 
20.600000 3.8737110962515729e-03 
20.800000 3.8690677294608024e-03 
21.000000 3.8642900291340427e-03 
21.200000 3.8593708799041747e-03 
21.400000 3.8543047438341065e-03 
21.600000 3.8490879755553216e-03 
21.800000 3.8437191225630723e-03 
22.000000 3.8381991998529107e-03 
22.200000 3.8325319278661968e-03 
22.400000 3.8267239228349840e-03 
22.600000 3.8207848292658463e-03 
22.800000 3.8147273853651287e-03 
23.000000 3.8085674137343737e-03 
23.200000 3.8023237316289283e-03 
23.400000 3.7960179773750885e-03 
23.600000 3.7896743521316739e-03 
23.800000 3.7833192789601109e-03 
24.000000 3.7769809839977094e-03 
24.200000 3.7706890073096995e-03 
24.400000 3.7644736536111179e-03 
24.600000 3.7583653953676094e-03 
24.800000 3.7523942427194540e-03 
25.000000 3.7465890961443302e-03 
25.200000 3.7409770987097170e-03 
25.400000 3.7355830051385768e-03 
25.600000 3.7304285847074227e-03 
25.800000 3.7255320742182823e-03 
26.000000 3.7209076959762604e-03 
26.200000 3.7165652539060978e-03 
26.400000 3.7125098187239217e-03 
26.600000 3.7087415105276000e-03 
26.800000 3.7052553843646640e-03 
27.000000 3.7020414213834022e-03 
27.200000 3.6990846251714455e-03 
27.400000 3.6963652199369134e-03 
27.600000 3.6938589443927662e-03 
27.800000 3.6915374326620394e-03 
28.000000 3.6893686713094583e-03 
28.200000 3.6873175198034618e-03 
28.400000 3.6853462803705379e-03 
28.600000 3.6834153023633863e-03 
28.800000 3.6814836059339898e-03 
29.000000 3.6795095099825758e-03 
29.200000 3.6774512500053419e-03 
29.400000 3.6752675725472655e-03 
29.600000 3.6729182944079150e-03 
29.800000 3.6703648164751320e-03 
30.000000 3.6675705839827842e-03 
30.200000 3.6645014870207698e-03 
30.400000 3.6611261971774183e-03 
30.600000 3.6574164381906063e-03 
30.800000 3.6533471903542744e-03 
31.000000 3.6488968301155184e-03 
31.200000 3.6440472077645778e-03 
31.400000 3.6387836673359105e-03 
31.600000 3.6330950137948743e-03 
31.800000 3.6269734332763457e-03 
32.000000 3.6204143725839123e-03 
32.200000 3.6134163843676999e-03 
32.400000 3.6059809444022395e-03 
32.600000 3.5981122472121120e-03 
32.800000 3.5898169859752329e-03 
33.000000 3.5811041222025431e-03 
33.200000 3.5719846501811423e-03 
33.400000 3.5624713606024990e-03 
33.600000 3.5525786072052759e-03 
33.800000 3.5423220796672061e-03 
34.000000 3.5317185853960633e-03 
34.200000 3.5207858423170458e-03 
34.400000 3.5095422842383911e-03 
34.600000 3.4980068799092467e-03 
34.800000 3.4861989664679454e-03 
35.000000 3.4741380976157222e-03 
35.200000 3.4618439065421491e-03 
35.400000 3.4493359833712364e-03 
35.600000 3.4366337666886506e-03 
35.800000 3.4237564485473638e-03 
36.000000 3.4107228922266473e-03 
36.200000 3.3975515619323847e-03 
36.400000 3.3842604635717548e-03 
36.600000 3.3708670957064845e-03 
36.800000 3.3573884097824074e-03 
37.000000 3.3438407787452109e-03 
37.200000 3.3302399731768915e-03 
37.400000 3.3166011441259297e-03 
37.600000 3.3029388118474452e-03 
37.800000 3.2892668597209749e-03 
38.000000 3.2755985326664030e-03 
38.200000 3.2619464394342376e-03 
38.400000 3.2483225582010632e-03 
38.600000 3.2347382449561530e-03 
38.800000 3.2212042442167220e-03 
39.000000 3.2077307016595822e-03 
39.200000 3.1943271783045259e-03 
39.400000 3.1810026659269161e-03 
39.600000 3.1677656034195187e-03 
39.800000 3.1546238938579920e-03 
40.000000 3.1415849220603497e-03 
40.200000 3.1286555724588266e-03 
40.400000 3.1158422471311066e-03 
40.600000 3.1031508838608403e-03 
40.800000 3.0905869741190040e-03 
41.000000 3.0781555808762837e-03 
41.200000 3.0658613561727714e-03 
41.400000 3.0537085583852560e-03 
41.600000 3.0417010691448417e-03 
41.800000 3.0298424098676902e-03 
42.000000 3.0181357578709165e-03 
42.200000 3.0065839620529011e-03 
42.400000 2.9951895581235783e-03 
42.600000 2.9839547833759974e-03 
42.800000 2.9728815909941223e-03 
43.000000 2.9619716638960890e-03 
43.200000 2.9512264281144917e-03 
43.400000 2.9406470657183065e-03 
43.600000 2.9302345272819181e-03 
43.800000 2.9199895439095428e-03 
44.000000 2.9099126388230359e-03 
44.200000 2.9000041385228640e-03 
44.400000 2.8902641835325126e-03 
44.600000 2.8806927387364234e-03 
44.800000 2.8712896033226570e-03 
45.000000 2.8620544203408920e-03 
45.200000 2.8529866858868335e-03 
45.400000 2.8440857579239750e-03 
45.600000 2.8353508647532932e-03 
45.800000 2.8267811131418279e-03 
46.000000 2.8183754961203598e-03 
46.200000 2.8101329004604730e-03 
46.400000 2.8020521138412296e-03 
46.600000 2.7941318317149253e-03 
46.800000 2.7863706638818629e-03 
47.000000 2.7787671407831075e-03 
47.200000 2.7713197195205347e-03 
47.400000 2.7640267896129477e-03 
47.600000 2.7568866784968746e-03 
47.800000 2.7498976567804545e-03 
48.000000 2.7430579432585946e-03 
48.200000 2.7363657096972729e-03 
48.400000 2.7298190853950006e-03 
48.600000 2.7234161615286041e-03 
48.800000 2.7171549952911675e-03 
49.000000 2.7110336138289020e-03 
49.200000 2.7050500179843008e-03 
49.400000 2.6992021858521149e-03 
49.600000 2.6934880761550740e-03 
49.800000 2.6879056314456397e-03 
50.000000 2.6824527811403439e-03 
50.200000 2.6771274443925853e-03 
50.400000 2.6719275328103060e-03 
50.600000 2.6668509530240756e-03 
50.800000 2.6618956091113938e-03 
51.000000 2.6570594048829742e-03 
51.200000 2.6523402460361042e-03 
51.400000 2.6477360421806621e-03 
51.600000 2.6432447087426109e-03 
51.800000 2.6388641687503877e-03 
52.000000 2.6345923545085153e-03 
52.200000 2.6304272091636307e-03 
52.400000 2.6263666881671498e-03 
52.600000 2.6224087606392184e-03 
52.800000 2.6185514106380776e-03 
53.000000 2.6147926383392837e-03 
53.200000 2.6111304611283349e-03 
53.400000 2.6075629146112985e-03 
53.600000 2.6040880535464469e-03 
53.800000 2.6007039527011764e-03 
54.000000 2.5974087076374563e-03 
54.200000 2.5942004354291334e-03 
54.400000 2.5910772753145912e-03 
54.600000 2.5880373892878165e-03 
54.800000 2.5850789626308416e-03 
55.000000 2.5822002043907597e-03 
55.200000 2.5793993478037528e-03 
55.400000 2.5766746506692283e-03 
55.600000 2.5740243956765018e-03 
55.800000 2.5714468906864029e-03 
56.000000 2.5689404689705209e-03 
56.200000 2.5665034894101863e-03 
56.400000 2.5641343366573973e-03 
56.600000 2.5618314212599684e-03 
56.800000 2.5595931797527194e-03 
57.000000 2.5574180747169523e-03 
57.200000 2.5553045948096906e-03 
57.400000 2.5532512547648562e-03 
57.600000 2.5512565953678115e-03 
57.800000 2.5493191834049839e-03 
58.000000 2.5474376115902199e-03 
58.200000 2.5456104984691789e-03 
58.400000 2.5438364883033468e-03 
58.600000 2.5421142509348613e-03 
58.800000 2.5404424816335845e-03 
59.000000 2.5388199009276197e-03 
59.200000 2.5372452544183180e-03 
59.400000 2.5357173125809757e-03 
59.600000 2.5342348705524455e-03 
59.800000 2.5327967479062646e-03 
60.000000 2.5314017884167099e-03 
60.200000 2.5300488598123407e-03 
60.400000 2.5287368535200725e-03 
60.600000 2.5274646844006083e-03 
60.800000 2.5262312904758928e-03 
61.000000 2.5250356326494109e-03 
61.200000 2.5238766944200245e-03 
61.400000 2.5227534815900478e-03 
61.600000 2.5216650219680365e-03 
61.800000 2.5206103650671574e-03 
62.000000 2.5195885817993354e-03 
62.200000 2.5185987641661110e-03 
62.400000 2.5176400249465052e-03 
62.600000 2.5167114973821910e-03 
62.800000 2.5158123348608765e-03 
63.000000 2.5149417105979083e-03 
63.200000 2.5140988173167332e-03 
63.400000 2.5132828669284690e-03 
63.600000 2.5124930902110519e-03 
63.800000 2.5117287364881760e-03 
64.000000 2.5109890733084959e-03 
64.200000 2.5102733861252381e-03 
64.400000 2.5095809779765378e-03 
64.600000 2.5089111691669061e-03 
64.800000 2.5082632969498364e-03 
65.000000 2.5076367152119697e-03 
65.200000 2.5070307941590197e-03 
65.400000 2.5064449200034658e-03 
65.600000 2.5058784946544862e-03 
65.800000 2.5053309354101327e-03 
66.000000 2.5048016746518861e-03 
66.200000 2.5042901595418985e-03 
66.400000 2.5037958517229097e-03 
66.600000 2.5033182270210478e-03 
66.800000 2.5028567751516407e-03 
67.000000 2.5024109994280829e-03 
67.200000 2.5019804164739244e-03 
67.400000 2.5015645559382429e-03 
67.600000 2.5011629602144660e-03 
67.800000 2.5007751841625058e-03 
68.000000 2.5004007948346042e-03 
68.200000 2.5000393712045475e-03 
68.400000 2.4996905039007958e-03 
68.600000 2.4993537949430404e-03 
68.800000 2.4990288574826894e-03 
69.000000 2.4987153155470714e-03 
69.200000 2.4984128037874110e-03 
69.400000 2.4981209672307139e-03 
69.600000 2.4978394610354507e-03 
69.800000 2.4975679502511612e-03 
70.000000 2.4973061095819268e-03 
70.200000 2.4970536231537781e-03 
70.400000 2.4968101842859419e-03 
70.600000 2.4965754952660721e-03 
70.800000 2.4963492671293487e-03 
71.000000 2.4961312194414311e-03 
71.200000 2.4959210800854256e-03 
71.400000 2.4957185850526032e-03 
71.600000 2.4955234782370514e-03 
71.800000 2.4953355112341457e-03 
72.000000 2.4951544431428751e-03 
72.200000 2.4949800403719483e-03 
72.400000 2.4948120764496694e-03 
72.600000 2.4946503318376109e-03 
72.800000 2.4944945937479509e-03 
73.000000 2.4943446559645677e-03 
73.200000 2.4942003186677552e-03 
73.400000 2.4940613882625719e-03 
73.600000 2.4939276772107913e-03 
73.800000 2.4937990038664038e-03 
74.000000 2.4936751923146155e-03 
74.200000 2.4935560722144090e-03 
74.400000 2.4934414786443784e-03 
74.600000 2.4933312519521485e-03 
74.800000 2.4932252376070499e-03 
75.000000 2.4931232860560728e-03 
75.200000 2.4930252525831578e-03 
75.400000 2.4929309971717210e-03 
75.600000 2.4928403843702683e-03 
75.800000 2.4927532831612144e-03 
76.000000 2.4926695668327841e-03 
76.200000 2.4925891128539132e-03 
76.400000 2.4925118027522074e-03 
76.600000 2.4924375219947336e-03 
76.800000 2.4923661598718664e-03 
77.000000 2.4922976093838169e-03 
77.200000 2.4922317671301794e-03 
77.400000 2.4921685332019105e-03 
77.600000 2.4921078110763713e-03 
77.800000 2.4920495075147937e-03 
78.000000 2.4919935324624440e-03 
78.200000 2.4919397989512917e-03 
78.400000 2.4918882230053128e-03 
78.600000 2.4918387235481607e-03 
78.800000 2.4917912223132018e-03 
79.000000 2.4917456437561652e-03 
79.200000 2.4917019149698098e-03 
79.400000 2.4916599656011422e-03 
79.600000 2.4916197277706567e-03 
79.800000 2.4915811359939501e-03 
80.000000 2.4915441271053480e-03 
80.200000 2.4915086401836599e-03 
80.400000 2.4914746164800524e-03 
80.600000 2.4914419993478385e-03 
80.800000 2.4914107341743128e-03 
81.000000 2.4913807683144529e-03 
81.200000 2.4913520510265663e-03 
81.400000 2.4913245334096537e-03 
81.600000 2.4912981683427567e-03 
81.800000 2.4912729104258806e-03 
82.000000 2.4912487159227175e-03 
82.200000 2.4912255427050798e-03 
82.400000 2.4912033501988460e-03 
82.600000 2.4911820993316516e-03 
82.800000 2.4911617524820233e-03 
83.000000 2.4911422734300807e-03 
83.200000 2.4911236273097194e-03 
83.400000 2.4911057805622441e-03 
83.600000 2.4910887008913838e-03 
83.800000 2.4910723572197134e-03 
84.000000 2.4910567196463991e-03 
84.200000 2.4910417594062335e-03 
84.400000 2.4910274488299908e-03 
84.600000 2.4910137613059625e-03 
84.800000 2.4910006712427274e-03 
85.000000 2.4909881540331183e-03 
85.200000 2.4909761860192792e-03 
85.400000 2.4909647444588453e-03 
85.600000 2.4909538074922538e-03 
85.800000 2.4909433541111053e-03 
86.000000 2.4909333641273948e-03 
86.200000 2.4909238181440095e-03 
86.400000 2.4909146975259366e-03 
86.600000 2.4909059843725746e-03 
86.800000 2.4908976614908714e-03 
87.000000 2.4908897123694057e-03 
87.200000 2.4908821211532778e-03 
87.400000 2.4908748726198767e-03 
87.600000 2.4908679521555028e-03 
87.800000 2.4908613457326543e-03 
88.000000 2.4908550398881559e-03 
88.200000 2.4908490217020766e-03 
88.400000 2.4908432787772803e-03 
88.600000 2.4908377992197807e-03 
88.800000 2.4908325716195634e-03 
89.000000 2.4908275850324094e-03 
89.200000 2.4908228289619930e-03 
89.400000 2.4908182933428649e-03 
89.600000 2.4908139685238901e-03 
89.800000 2.4908098452523413e-03 
90.000000 2.4908059146585104e-03 
90.200000 2.4908021682408534e-03 
90.400000 2.4907985978517345e-03 
90.600000 2.4907951956836365e-03 
90.800000 2.4907919542558254e-03 
91.000000 2.4907888664015584e-03 
91.200000 2.4907859252557619e-03 
91.400000 2.4907831242430758e-03 
91.600000 2.4907804570664010e-03 
91.800000 2.4907779176958950e-03 
92.000000 2.4907755003582659e-03 
92.200000 2.4907731995265411e-03 
92.400000 2.4907710099101969e-03 
92.600000 2.4907689264456801e-03 
92.800000 2.4907669442872241e-03 
93.000000 2.4907650587980214e-03 
93.200000 2.4907632655418320e-03 
93.400000 2.4907615602747261e-03 
93.600000 2.4907599389372903e-03 
93.800000 2.4907583976470655e-03 
94.000000 2.4907569326912639e-03 
94.200000 2.4907555405198371e-03 
94.400000 2.4907542177386882e-03 
94.600000 2.4907529611032475e-03 
94.800000 2.4907517675122992e-03 
95.000000 2.4907506340019173e-03 
95.200000 2.4907495577398374e-03 
95.400000 2.4907485360198662e-03 
95.600000 2.4907475662566104e-03 
95.800000 2.4907466459803992e-03 
96.000000 2.4907457728323996e-03 
96.200000 2.4907449445598726e-03 
96.400000 2.4907441590117240e-03 
96.600000 2.4907434141341485e-03 
96.800000 2.4907427079664812e-03 
97.000000 2.4907420386371878e-03 
97.200000 2.4907414043600687e-03 
97.400000 2.4907408034305699e-03 
97.600000 2.4907402342222188e-03 
97.800000 2.4907396951833207e-03 
98.000000 2.4907391848336250e-03 
98.200000 2.4907387017613137e-03 
98.400000 2.4907382446199022e-03 
98.600000 2.4907378121254643e-03 
98.800000 2.4907374030538453e-03 
99.000000 2.4907370162380450e-03 
99.200000 2.4907366505657128e-03 
99.400000 2.4907363049766541e-03 
99.600000 2.4907359784606354e-03 
99.800000 2.4907356700550475e-03 
100.000000 2.4907353788428612e-03 
100.200000 2.4907351039505552e-03 
100.400000 2.4907348445461618e-03 
100.600000 2.4907345998374090e-03 
100.800000 2.4907343690699127e-03 
101.000000 2.4907341515255266e-03 
101.200000 2.4907339465205874e-03 
101.400000 2.4907337534044701e-03 
101.600000 2.4907335715579899e-03 
101.800000 2.4907334003920400e-03 
102.000000 2.4907332393461325e-03 
102.200000 2.4907330878871712e-03 
102.400000 2.4907329455081126e-03 
102.600000 2.4907328117268410e-03 
102.800000 2.4907326860849283e-03 
103.000000 2.4907325681466138e-03 
103.200000 2.4907324574977023e-03 
103.400000 2.4907323537445738e-03 
103.600000 2.4907322565132397e-03 
103.800000 2.4907321654483545e-03 
104.000000 2.4907320802124299e-03 
104.200000 2.4907320004849427e-03 
104.400000 2.4907319259615209e-03 
104.600000 2.4907318563532148e-03 
104.800000 2.4907317913857247e-03 
105.000000 2.4907317307987899e-03 
105.200000 2.4907316743453659e-03 
105.400000 2.4907316217911190e-03 
105.600000 2.4907315729138027e-03 
105.800000 2.4907315275025975e-03 
106.000000 2.4907314853576308e-03 
106.200000 2.4907314462894372e-03 
106.400000 2.4907314101184313e-03 
106.600000 2.4907313766744316e-03 
106.800000 2.4907313457962215e-03 
107.000000 2.4907313173310559e-03 
107.200000 2.4907312911343518e-03 
107.400000 2.4907312670691584e-03 
107.600000 2.4907312450058437e-03 
107.800000 2.4907312248217688e-03 
108.000000 2.4907312064008703e-03 
108.200000 2.4907311896333610e-03 
108.400000 2.4907311744154269e-03 
108.600000 2.4907311606489108e-03 
108.800000 2.4907311482410413e-03 
109.000000 2.4907311371041544e-03 
109.200000 2.4907311271554307e-03 
109.400000 2.4907311183166407e-03 
109.600000 2.4907311105139651e-03 
109.800000 2.4907311036776883e-03 
110.000000 2.4907310977420423e-03 
110.200000 2.4907310926450027e-03 
110.400000 2.4907310883280722e-03 
110.600000 2.4907310847360857e-03 
110.800000 2.4907310818171051e-03 
111.000000 2.4907310795221640e-03 
111.200000 2.4907310778051975e-03 
111.400000 2.4907310766227992e-03 
111.600000 2.4907310759341582e-03 
111.800000 2.4907310757008869e-03 
112.000000 2.4907310758868892e-03 
112.200000 2.4907310764582663e-03 
112.400000 2.4907310773831528e-03 
112.600000 2.4907310786316450e-03 
112.800000 2.4907310801757080e-03 
113.000000 2.4907310819890084e-03 
113.200000 2.4907310840468688e-03 
113.400000 2.4907310863262334e-03 
113.600000 2.4907310888054412e-03 
113.800000 2.4907310914642597e-03 
114.000000 2.4907310942837773e-03 
114.200000 2.4907310972463056e-03 
114.400000 2.4907311003353567e-03 
114.600000 2.4907311035355360e-03 
114.800000 2.4907311068324599e-03 
115.000000 2.4907311102128110e-03 
115.200000 2.4907311136641089e-03 
115.400000 2.4907311171748093e-03 
115.600000 2.4907311207341860e-03 
115.800000 2.4907311243322632e-03 
116.000000 2.4907311279598432e-03 
116.200000 2.4907311316083604e-03 
116.400000 2.4907311352699345e-03 
116.600000 2.4907311389372991e-03 
116.800000 2.4907311426037326e-03 
117.000000 2.4907311462630697e-03 
117.200000 2.4907311499096562e-03 
117.400000 2.4907311535383191e-03 
117.600000 2.4907311571442975e-03 
117.800000 2.4907311607232736e-03 
118.000000 2.4907311642713334e-03 
118.200000 2.4907311677849170e-03 
118.400000 2.4907311712607646e-03 
118.600000 2.4907311746960345e-03 
118.800000 2.4907311780880906e-03 
119.000000 2.4907311814346446e-03 
119.200000 2.4907311847336432e-03 
119.400000 2.4907311879832591e-03 
119.600000 2.4907311911819257e-03 
119.800000 2.4907311943282761e-03 
120.000000 2.4907311974211679e-03 
120.200000 2.4907312004595794e-03 
120.400000 2.4907312034427222e-03 
120.600000 2.4907312063699341e-03 
120.800000 2.4907312092406989e-03 
121.000000 2.4907312120546672e-03 
121.200000 2.4907312148115804e-03 
121.400000 2.4907312175113322e-03 
121.600000 2.4907312201538677e-03 
121.800000 2.4907312227392948e-03 
122.000000 2.4907312252677731e-03 
122.200000 2.4907312277395472e-03 
122.400000 2.4907312301549506e-03 
122.600000 2.4907312325143749e-03 
122.800000 2.4907312348182889e-03 
123.000000 2.4907312370672030e-03 
123.200000 2.4907312392616881e-03 
123.400000 2.4907312414023594e-03 
123.600000 2.4907312434898896e-03 
123.800000 2.4907312455249415e-03 
124.000000 2.4907312475082829e-03 
124.200000 2.4907312494406365e-03 
124.400000 2.4907312513227980e-03 
124.600000 2.4907312531555945e-03 
124.800000 2.4907312549398335e-03 
125.000000 2.4907312566763325e-03 
125.200000 2.4907312583659766e-03 
125.400000 2.4907312600096327e-03 
125.600000 2.4907312616081695e-03 
125.800000 2.4907312631624627e-03 
126.000000 2.4907312646734077e-03 
126.200000 2.4907312661418763e-03 
126.400000 2.4907312675687878e-03 
126.600000 2.4907312689550006e-03 
126.800000 2.4907312703014244e-03 
127.000000 2.4907312716089293e-03 
127.200000 2.4907312728783991e-03 
127.400000 2.4907312741106915e-03 
127.600000 2.4907312753067049e-03 
127.800000 2.4907312764672657e-03 
128.000000 2.4907312775932491e-03 
128.200000 2.4907312786854631e-03 
128.400000 2.4907312797447833e-03 
128.600000 2.4907312807719885e-03 
128.800000 2.4907312817679245e-03 
129.000000 2.4907312827333579e-03 
129.200000 2.4907312836690838e-03 
129.400000 2.4907312845758953e-03 
129.600000 2.4907312854545228e-03 
129.800000 2.4907312863057243e-03 
130.000000 2.4907312871302388e-03 
130.200000 2.4907312879287919e-03 
130.400000 2.4907312887020921e-03 
130.600000 2.4907312894508118e-03 
130.800000 2.4907312901756517e-03 
131.000000 2.4907312908772784e-03 
131.200000 2.4907312915563302e-03 
131.400000 2.4907312922134487e-03 
131.600000 2.4907312928492877e-03 
131.800000 2.4907312934644289e-03 
132.000000 2.4907312940594755e-03 
132.200000 2.4907312946350047e-03 
132.400000 2.4907312951916003e-03 
132.600000 2.4907312957298303e-03 
132.800000 2.4907312962502131e-03 
133.000000 2.4907312967532937e-03 
133.200000 2.4907312972395866e-03 
133.400000 2.4907312977096052e-03 
133.600000 2.4907312981638299e-03 
133.800000 2.4907312986027557e-03 
134.000000 2.4907312990268366e-03 
134.200000 2.4907312994365215e-03 
134.400000 2.4907312998322848e-03 
134.600000 2.4907313002145303e-03 
134.800000 2.4907313005836989e-03 
135.000000 2.4907313009401833e-03 
135.200000 2.4907313012843858e-03 
135.400000 2.4907313016167020e-03 
135.600000 2.4907313019375027e-03 
135.800000 2.4907313022471582e-03 
136.000000 2.4907313025460220e-03 
136.200000 2.4907313028344441e-03 
136.400000 2.4907313031127631e-03 
136.600000 2.4907313033812844e-03 
136.800000 2.4907313036403606e-03 
137.000000 2.4907313038902740e-03 
137.200000 2.4907313041313338e-03 
137.400000 2.4907313043638327e-03 
137.600000 2.4907313045880275e-03 
137.800000 2.4907313048042326e-03 
138.000000 2.4907313050126913e-03 
138.200000 2.4907313052136642e-03 
138.400000 2.4907313054073977e-03 
138.600000 2.4907313055941415e-03 
138.800000 2.4907313057741173e-03 
139.000000 2.4907313059475736e-03 
139.200000 2.4907313061147069e-03 
139.400000 2.4907313062757508e-03 
139.600000 2.4907313064309201e-03 
139.800000 2.4907313065803830e-03 
140.000000 2.4907313067243459e-03 
140.200000 2.4907313068630184e-03 
140.400000 2.4907313069965735e-03 
140.600000 2.4907313071251768e-03 
140.800000 2.4907313072489927e-03 
141.000000 2.4907313073682107e-03 
141.200000 2.4907313074829761e-03 
141.400000 2.4907313075934519e-03 
141.600000 2.4907313076997801e-03 
141.800000 2.4907313078021088e-03 
142.000000 2.4907313079005873e-03 
142.200000 2.4907313079953297e-03 
142.400000 2.4907313080865011e-03 
142.600000 2.4907313081741923e-03 
142.800000 2.4907313082585480e-03 
143.000000 2.4907313083396784e-03 
143.200000 2.4907313084177058e-03 
143.400000 2.4907313084927291e-03 
143.600000 2.4907313085648663e-03 
143.800000 2.4907313086342223e-03 
144.000000 2.4907313087008838e-03 
144.200000 2.4907313087649623e-03 
144.400000 2.4907313088265398e-03 
144.600000 2.4907313088857082e-03 
144.800000 2.4907313089425611e-03 
145.000000 2.4907313089971806e-03 
145.200000 2.4907313090496382e-03 
145.400000 2.4907313091000285e-03 
145.600000 2.4907313091484117e-03 
145.800000 2.4907313091948654e-03 
146.000000 2.4907313092394651e-03 
146.200000 2.4907313092822651e-03 
146.400000 2.4907313093233433e-03 
146.600000 2.4907313093627459e-03 
146.800000 2.4907313094005520e-03 
147.000000 2.4907313094368199e-03 
147.200000 2.4907313094715967e-03 
147.400000 2.4907313095049364e-03 
147.600000 2.4907313095368865e-03 
147.800000 2.4907313095674909e-03 
148.000000 2.4907313095968147e-03 
148.200000 2.4907313096249151e-03 
148.400000 2.4907313096518067e-03 
148.600000 2.4907313096775505e-03 
148.800000 2.4907313097021861e-03 
149.000000 2.4907313097257433e-03 
149.200000 2.4907313097482790e-03 
149.400000 2.4907313097697957e-03 
149.600000 2.4907313097903322e-03 
149.800000 2.4907313098099389e-03 
