0.000000 4.1303324796661874e-03 
0.200000 4.1303322229947629e-03 
0.400000 4.1303235260109648e-03 
0.600000 4.1302930981766120e-03 
0.800000 4.1302293272202821e-03 
1.000000 4.1301223563986770e-03 
1.200000 4.1299633250981693e-03 
1.400000 4.1297444996618434e-03 
1.600000 4.1294591278349252e-03 
1.800000 4.1291020673427537e-03 
2.000000 4.1286693413205939e-03 
2.200000 4.1281577157609509e-03 
2.400000 4.1275645125600181e-03 
2.600000 4.1268876533085497e-03 
2.800000 4.1261254305584331e-03 
3.000000 4.1252766129177458e-03 
3.200000 4.1243451916544039e-03 
3.400000 4.1233351888207417e-03 
3.600000 4.1222460536174512e-03 
3.800000 4.1210755311174340e-03 
4.000000 4.1198215216777393e-03 
4.200000 4.1184819852919845e-03 
4.400000 4.1170549139454291e-03 
4.600000 4.1155385651226641e-03 
4.800000 4.1139316553153614e-03 
5.000000 4.1122332184939572e-03 
5.200000 4.1104424208755572e-03 
5.400000 4.1085587660139762e-03 
5.600000 4.1065820861304397e-03 
5.800000 4.1045124434901199e-03 
6.000000 4.1023498429016694e-03 
6.200000 4.1000943085654148e-03 
6.400000 4.0977458927471747e-03 
6.600000 4.0953046636328112e-03 
6.800000 4.0927705541551644e-03 
7.000000 4.0901435490017686e-03 
7.200000 4.0874236153681321e-03 
7.400000 4.0846106837554262e-03 
7.600000 4.0817047133046820e-03 
7.800000 4.0787057061651803e-03 
8.000000 4.0756136738724861e-03 
8.200000 4.0724286052960020e-03 
8.400000 4.0691504953308004e-03 
8.600000 4.0657793437788138e-03 
8.800000 4.0623151335079195e-03 
9.000000 4.0587578067435171e-03 
9.200000 4.0551072725332543e-03 
9.400000 4.0513633936992994e-03 
9.600000 4.0475259675187558e-03 
9.800000 4.0435947150155929e-03 
10.000000 4.0395692944390441e-03 
10.200000 4.0354493065979519e-03 
10.400000 4.0312342888029215e-03 
10.600000 4.0269237113237108e-03 
10.800000 4.0225169872743875e-03 
11.000000 4.0180134758067230e-03 
11.200000 4.0134124775841520e-03 
11.400000 4.0087132302828116e-03 
11.600000 4.0039149113168691e-03 
11.800000 3.9990166369725947e-03 
12.000000 3.9940174579665352e-03 
12.200000 3.9889163560550972e-03 
12.400000 3.9837122458892737e-03 
12.600000 3.9784039743580319e-03 
12.800000 3.9729903195186286e-03 
13.000000 3.9674699881192127e-03 
13.200000 3.9618416163538410e-03 
13.400000 3.9561037683216310e-03 
13.600000 3.9502549334111351e-03 
13.800000 3.9442935216334827e-03 
14.000000 3.9382178595086907e-03 
14.200000 3.9320261829728026e-03 
14.400000 3.9257166277610984e-03 
14.600000 3.9192872162809407e-03 
14.800000 3.9127358424950803e-03 
15.000000 3.9060602523439550e-03 
15.200000 3.8992580198047425e-03 
15.400000 3.8923265177453481e-03 
15.600000 3.8852628845975146e-03 
15.800000 3.8780639845342503e-03 
16.000000 3.8707263618730963e-03 
16.200000 3.8632461897738484e-03 
16.400000 3.8556192127534241e-03 
16.600000 3.8478406833692626e-03 
16.800000 3.8399052936840686e-03 
17.000000 3.8318071025417264e-03 
17.200000 3.8235394595314697e-03 
17.400000 3.8150949272456360e-03 
17.600000 3.8064652038346022e-03 
17.800000 3.7976410483150586e-03 
18.000000 3.7886122112196761e-03 
18.200000 3.7793673737516603e-03 
18.400000 3.7698940989330017e-03 
18.600000 3.7601787985407456e-03 
18.800000 3.7502067196652855e-03 
19.000000 3.7399619548563207e-03 
19.200000 3.7294274798257143e-03 
19.400000 3.7185852224344913e-03 
19.600000 3.7074161662260076e-03 
19.800000 3.6959004912512439e-03 
20.000000 3.6840177541955722e-03 
20.200000 3.6717471088730316e-03 
20.400000 3.6590675669854254e-03 
20.600000 3.6459582978125961e-03 
20.800000 3.6323989641258887e-03 
21.000000 3.6183700901543207e-03 
21.200000 3.6038534559182079e-03 
21.400000 3.5888325108194225e-03 
21.600000 3.5732927980448234e-03 
21.800000 3.5572223801795247e-03 
22.000000 3.5406122554950585e-03 
22.200000 3.5234567537989693e-03 
22.400000 3.5057539005017013e-03 
22.600000 3.4875057377546786e-03 
22.800000 3.4687185921189949e-03 
23.000000 3.4494032792957482e-03 
23.200000 3.4295752379166645e-03 
23.400000 3.4092545862368538e-03 
23.600000 3.3884660976929832e-03 
23.800000 3.3672390936346731e-03 
24.000000 3.3456072539767936e-03 
24.200000 3.3236083489604157e-03 
24.400000 3.3012838975250845e-03 
24.600000 3.2786787599034120e-03 
24.800000 3.2558406738454754e-03 
25.000000 3.2328197453057902e-03 
25.200000 3.2096679054183044e-03 
25.400000 3.1864383461413016e-03 
25.600000 3.1631849470586935e-03 
25.800000 3.1399617055043049e-03 
26.000000 3.1168221814781758e-03 
26.200000 3.0938189677987542e-03 
26.400000 3.0710031946533027e-03 
26.600000 3.0484240762391015e-03 
26.800000 3.0261285056059906e-03 
27.000000 3.0041607021847375e-03 
27.200000 2.9825619148777325e-03 
27.400000 2.9613701820538703e-03 
27.600000 2.9406201483729113e-03 
27.800000 2.9203429371001100e-03 
28.000000 2.9005660754812608e-03 
28.200000 2.8813134698468137e-03 
28.400000 2.8626054264039684e-03 
28.600000 2.8444587131562370e-03 
28.800000 2.8268866580490916e-03 
29.000000 2.8098992782647153e-03 
29.200000 2.7935034355608544e-03 
29.400000 2.7777030126461279e-03 
29.600000 2.7624991057881758e-03 
29.800000 2.7478902291374944e-03 
30.000000 2.7338725266007786e-03 
30.200000 2.7204399874911234e-03 
30.400000 2.7075846626038293e-03 
30.600000 2.6952968777975762e-03 
30.800000 2.6835654425912524e-03 
31.000000 2.6723778517039210e-03 
31.200000 2.6617204778620982e-03 
31.400000 2.6515787545682091e-03 
31.600000 2.6419373478616596e-03 
31.800000 2.6327803164085729e-03 
32.000000 2.6240912595244356e-03 
32.200000 2.6158534529674080e-03 
32.400000 2.6080499725390969e-03 
32.600000 2.6006638056959444e-03 
32.800000 2.5936779515100730e-03 
33.000000 2.5870755094266787e-03 
33.200000 2.5808397573478473e-03 
33.400000 2.5749542196332824e-03 
33.600000 2.5694027256497869e-03 
33.800000 2.5641694595259740e-03 
34.000000 2.5592390017793133e-03 
34.200000 2.5545963634814300e-03 
34.400000 2.5502270136170116e-03 
34.600000 2.5461169002737342e-03 
34.800000 2.5422524662762811e-03 
35.000000 2.5386206598495093e-03 
35.200000 2.5352089408639130e-03 
35.400000 2.5320052831832593e-03 
35.600000 2.5289981735992966e-03 
35.800000 2.5261766078033560e-03 
36.000000 2.5235300838094428e-03 
36.200000 2.5210485932091122e-03 
36.400000 2.5187226106048164e-03 
36.600000 2.5165430815364269e-03 
36.800000 2.5145014091845271e-03 
37.000000 2.5125894401055245e-03 
37.200000 2.5107994492257592e-03 
37.400000 2.5091241242964895e-03 
37.600000 2.5075565499879616e-03 
37.800000 2.5060901917781341e-03 
38.000000 2.5047188797724844e-03 
38.200000 2.5034367925715721e-03 
38.400000 2.5022384412871058e-03 
38.600000 2.5011186537914130e-03 
38.800000 2.5000725592716579e-03 
39.000000 2.4990955731474885e-03 
39.200000 2.4981833824000267e-03 
39.400000 2.4973319313498789e-03 
39.600000 2.4965374079135129e-03 
39.800000 2.4957962303591560e-03 
40.000000 2.4951050345772561e-03 
40.200000 2.4944606618740816e-03 
40.400000 2.4938601472924570e-03 
40.600000 2.4933007084590032e-03 
40.800000 2.4927797349538062e-03 
41.000000 2.4922947781949724e-03 
41.200000 2.4918435418285752e-03 
41.400000 2.4914238726115373e-03 
41.600000 2.4910337517740711e-03 
41.800000 2.4906712868465568e-03 
42.000000 2.4903347039347467e-03 
42.200000 2.4900223404264251e-03 
42.400000 2.4897326381124046e-03 
42.600000 2.4894641367039835e-03 
42.800000 2.4892154677293755e-03 
43.000000 2.4889853487912506e-03 
43.200000 2.4887725781679334e-03 
43.400000 2.4885760297409104e-03 
43.600000 2.4883946482319517e-03 
43.800000 2.4882274447331014e-03 
44.000000 2.4880734925138101e-03 
44.200000 2.4879319230896638e-03 
44.400000 2.4878019225377281e-03 
44.600000 2.4876827280444413e-03 
44.800000 2.4875736246723961e-03 
45.000000 2.4874739423325332e-03 
45.200000 2.4873830529499189e-03 
45.400000 2.4873003678107506e-03 
45.600000 2.4872253350797309e-03 
45.800000 2.4871574374768792e-03 
46.000000 2.4870961901039858e-03 
46.200000 2.4870411384109656e-03 
46.400000 2.4869918562933787e-03 
46.600000 2.4869479443124535e-03 
46.800000 2.4869090280298651e-03 
47.000000 2.4868747564497518e-03 
47.200000 2.4868448005608778e-03 
47.400000 2.4868188519725004e-03 
47.600000 2.4867966216377056e-03 
47.800000 2.4867778386584538e-03 
48.000000 2.4867622491670542e-03 
48.200000 2.4867496152787888e-03 
48.400000 2.4867397141112436e-03 
48.600000 2.4867323368657143e-03 
48.800000 2.4867272879667418e-03 
49.000000 2.4867243842557896e-03 
49.200000 2.4867234542356410e-03 
49.400000 2.4867243373620051e-03 
49.600000 2.4867268833794194e-03 
49.800000 2.4867309516982514e-03 
50.000000 2.4867364108104306e-03 
50.200000 2.4867431377411792e-03 
50.400000 2.4867510175343652e-03 
50.600000 2.4867599427694244e-03 
50.800000 2.4867698131077593e-03 
51.000000 2.4867805348666237e-03 
51.200000 2.4867920206188454e-03 
51.400000 2.4868041888166719e-03 
51.600000 2.4868169634382153e-03 
51.800000 2.4868302736550181e-03 
52.000000 2.4868440535194985e-03 
52.200000 2.4868582416709625e-03 
52.400000 2.4868727810589751e-03 
52.600000 2.4868876186831274e-03 
52.800000 2.4869027053480842e-03 
53.000000 2.4869179954330029e-03 
53.200000 2.4869334466745014e-03 
53.400000 2.4869490199621834e-03 
53.600000 2.4869646791461984e-03 
53.800000 2.4869803908558817e-03 
54.000000 2.4869961243289191e-03 
54.200000 2.4870118512504797e-03 
54.400000 2.4870275456015550e-03 
54.600000 2.4870431835160526e-03 
54.800000 2.4870587431462081e-03 
55.000000 2.4870742045355705e-03 
55.200000 2.4870895494995444e-03 
55.400000 2.4871047615125674e-03 
55.600000 2.4871198256019205e-03 
55.800000 2.4871347282475506e-03 
56.000000 2.4871494572877456e-03 
56.200000 2.4871640018301476e-03 
56.400000 2.4871783521679598e-03 
56.600000 2.4871924997009664e-03 
56.800000 2.4872064368610725e-03 
57.000000 2.4872201570422100e-03 
57.200000 2.4872336545343258e-03 
57.400000 2.4872469244610687e-03 
57.600000 2.4872599627212629e-03 
57.800000 2.4872727659337708e-03 
58.000000 2.4872853313854890e-03 
58.200000 2.4872976569825125e-03 
58.400000 2.4873097412041328e-03 
58.600000 2.4873215830595679e-03 
58.800000 2.4873331820473065e-03 
59.000000 2.4873445381168257e-03 
59.200000 2.4873556516326373e-03 
59.400000 2.4873665233405800e-03 
59.600000 2.4873771543360056e-03 
59.800000 2.4873875460340957e-03 
60.000000 2.4873977001418838e-03 
60.200000 2.4874076186320502e-03 
60.400000 2.4874173037183643e-03 
60.600000 2.4874267578327016e-03 
60.800000 2.4874359836034644e-03 
61.000000 2.4874449838354221e-03 
61.200000 2.4874537614908709e-03 
61.400000 2.4874623196719835e-03 
61.600000 2.4874706616043853e-03 
61.800000 2.4874787906217347e-03 
62.000000 2.4874867101514720e-03 
62.200000 2.4874944237014249e-03 
62.400000 2.4875019348474278e-03 
62.600000 2.4875092472217159e-03 
62.800000 2.4875163645023089e-03 
63.000000 2.4875232904029276e-03 
63.200000 2.4875300286638742e-03 
63.400000 2.4875365830434866e-03 
63.600000 2.4875429573102182e-03 
63.800000 2.4875491552353991e-03 
64.000000 2.4875551805865048e-03 
64.200000 2.4875610371210455e-03 
64.400000 2.4875667285809101e-03 
64.600000 2.4875722586871346e-03 
64.800000 2.4875776311352469e-03 
65.000000 2.4875828495909340e-03 
65.200000 2.4875879176861331e-03 
65.400000 2.4875928390155171e-03 
65.600000 2.4875976171332389e-03 
65.800000 2.4876022555501871e-03 
66.000000 2.4876067577312877e-03 
66.200000 2.4876111270933188e-03 
66.400000 2.4876153670028724e-03 
66.600000 2.4876194807746115e-03 
66.800000 2.4876234716696877e-03 
67.000000 2.4876273428944980e-03 
67.200000 2.4876310975995163e-03 
67.400000 2.4876347388783963e-03 
67.600000 2.4876382697672033e-03 
67.800000 2.4876416932438517e-03 
68.000000 2.4876450122276275e-03 
68.200000 2.4876482295788948e-03 
68.400000 2.4876513480989624e-03 
68.600000 2.4876543705299359e-03 
68.800000 2.4876572995548843e-03 
69.000000 2.4876601377979068e-03 
69.200000 2.4876628878243955e-03 
69.400000 2.4876655521413630e-03 
69.600000 2.4876681331978774e-03 
69.800000 2.4876706333854894e-03 
70.000000 2.4876730550387944e-03 
70.200000 2.4876754004360081e-03 
70.400000 2.4876776717996222e-03 
70.600000 2.4876798712971243e-03 
70.800000 2.4876820010416851e-03 
71.000000 2.4876840630929180e-03 
71.200000 2.4876860594577493e-03 
71.400000 2.4876879920911889e-03 
71.600000 2.4876898628971920e-03 
71.800000 2.4876916737295385e-03 
72.000000 2.4876934263927657e-03 
72.200000 2.4876951226430171e-03 
72.400000 2.4876967641889792e-03 
72.600000 2.4876983526928164e-03 
72.800000 2.4876998897711269e-03 
73.000000 2.4877013769958401e-03 
73.200000 2.4877028158951939e-03 
73.400000 2.4877042079546516e-03 
73.600000 2.4877055546178562e-03 
73.800000 2.4877068572875735e-03 
74.000000 2.4877081173266158e-03 
74.200000 2.4877093360587818e-03 
74.400000 2.4877105147697565e-03 
74.600000 2.4877116547080439e-03 
74.800000 2.4877127570858810e-03 
75.000000 2.4877138230800771e-03 
75.200000 2.4877148538329993e-03 
75.400000 2.4877158504533108e-03 
75.600000 2.4877168140169546e-03 
75.800000 2.4877177455679303e-03 
76.000000 2.4877186461191476e-03 
76.200000 2.4877195166532109e-03 
76.400000 2.4877203581233341e-03 
76.600000 2.4877211714539665e-03 
76.800000 2.4877219575417109e-03 
77.000000 2.4877227172560180e-03 
77.200000 2.4877234514399599e-03 
77.400000 2.4877241609109241e-03 
77.600000 2.4877248464613829e-03 
77.800000 2.4877255088595284e-03 
78.000000 2.4877261488500347e-03 
78.200000 2.4877267671546514e-03 
78.400000 2.4877273644729535e-03 
78.600000 2.4877279414828504e-03 
78.800000 2.4877284988413283e-03 
79.000000 2.4877290371849870e-03 
79.200000 2.4877295571306825e-03 
79.400000 2.4877300592760785e-03 
79.600000 2.4877305442002097e-03 
79.800000 2.4877310124640402e-03 
80.000000 2.4877314646110055e-03 
80.200000 2.4877319011675264e-03 
80.400000 2.4877323226435324e-03 
80.600000 2.4877327295329049e-03 
80.800000 2.4877331223140510e-03 
81.000000 2.4877335014502730e-03 
81.200000 2.4877338673903048e-03 
81.400000 2.4877342205686993e-03 
81.600000 2.4877345614062801e-03 
81.800000 2.4877348903105706e-03 
82.000000 2.4877352076761688e-03 
82.200000 2.4877355138852074e-03 
82.400000 2.4877358093076370e-03 
82.600000 2.4877360943016853e-03 
82.800000 2.4877363692141956e-03 
83.000000 2.4877366343809396e-03 
83.200000 2.4877368901270237e-03 
83.400000 2.4877371367671699e-03 
83.600000 2.4877373746060609e-03 
83.800000 2.4877376039386221e-03 
84.000000 2.4877378250503651e-03 
84.200000 2.4877380382176601e-03 
84.400000 2.4877382437080075e-03 
84.600000 2.4877384417803343e-03 
84.800000 2.4877386326852650e-03 
85.000000 2.4877388166653670e-03 
85.200000 2.4877389939553666e-03 
85.400000 2.4877391647824721e-03 
85.600000 2.4877393293665940e-03 
85.800000 2.4877394879204693e-03 
86.000000 2.4877396406500279e-03 
86.200000 2.4877397877545132e-03 
86.400000 2.4877399294267436e-03 
86.600000 2.4877400658532682e-03 
86.800000 2.4877401972145854e-03 
87.000000 2.4877403236853585e-03 
87.200000 2.4877404454345317e-03 
87.400000 2.4877405626255950e-03 
87.600000 2.4877406754166605e-03 
87.800000 2.4877407839607622e-03 
88.000000 2.4877408884058450e-03 
88.200000 2.4877409888950756e-03 
88.400000 2.4877410855668998e-03 
88.600000 2.4877411785552590e-03 
88.800000 2.4877412679896347e-03 
89.000000 2.4877413539953160e-03 
89.200000 2.4877414366934339e-03 
89.400000 2.4877415162011269e-03 
89.600000 2.4877415926316546e-03 
89.800000 2.4877416660945674e-03 
90.000000 2.4877417366957312e-03 
90.200000 2.4877418045375212e-03 
90.400000 2.4877418697189287e-03 
90.600000 2.4877419323356192e-03 
90.800000 2.4877419924800820e-03 
91.000000 2.4877420502417316e-03 
91.200000 2.4877421057069192e-03 
91.400000 2.4877421589591833e-03 
91.600000 2.4877422100792021e-03 
91.800000 2.4877422591449466e-03 
92.000000 2.4877423062317746e-03 
92.200000 2.4877423514124649e-03 
92.400000 2.4877423947573490e-03 
92.600000 2.4877424363343565e-03 
92.800000 2.4877424762091288e-03 
93.000000 2.4877425144450380e-03 
93.200000 2.4877425511032965e-03 
93.400000 2.4877425862430262e-03 
93.600000 2.4877426199213229e-03 
93.800000 2.4877426521932853e-03 
94.000000 2.4877426831121491e-03 
94.200000 2.4877427127292752e-03 
94.400000 2.4877427410942587e-03 
94.600000 2.4877427682549647e-03 
94.800000 2.4877427942575883e-03 
95.000000 2.4877428191466930e-03 
95.200000 2.4877428429653033e-03 
95.400000 2.4877428657549281e-03 
95.600000 2.4877428875555779e-03 
95.800000 2.4877429084059050e-03 
96.000000 2.4877429283431344e-03 
96.200000 2.4877429474031835e-03 
96.400000 2.4877429656206995e-03 
96.600000 2.4877429830290941e-03 
96.800000 2.4877429996605551e-03 
97.000000 2.4877430155461201e-03 
97.200000 2.4877430307157049e-03 
97.400000 2.4877430451981427e-03 
97.600000 2.4877430590212199e-03 
97.800000 2.4877430722116895e-03 
98.000000 2.4877430847953679e-03 
98.200000 2.4877430967970666e-03 
98.400000 2.4877431082407269e-03 
98.600000 2.4877431191493776e-03 
98.800000 2.4877431295451963e-03 
99.000000 2.4877431394495541e-03 
99.200000 2.4877431488829955e-03 
99.400000 2.4877431578653152e-03 
99.600000 2.4877431664155473e-03 
99.800000 2.4877431745519807e-03 
100.000000 2.4877431822922999e-03 
100.200000 2.4877431896534064e-03 
100.400000 2.4877431966516279e-03 
100.600000 2.4877432033026301e-03 
100.800000 2.4877432096214922e-03 
101.000000 2.4877432156227065e-03 
101.200000 2.4877432213201794e-03 
101.400000 2.4877432267273046e-03 
101.600000 2.4877432318569431e-03 
101.800000 2.4877432367214499e-03 
102.000000 2.4877432413326754e-03 
102.200000 2.4877432457020205e-03 
102.400000 2.4877432498404141e-03 
102.600000 2.4877432537583765e-03 
102.800000 2.4877432574659762e-03 
103.000000 2.4877432609728719e-03 
103.200000 2.4877432642883457e-03 
103.400000 2.4877432674213014e-03 
103.600000 2.4877432703802947e-03 
103.800000 2.4877432731734966e-03 
104.000000 2.4877432758087393e-03 
104.200000 2.4877432782935563e-03 
104.400000 2.4877432806351624e-03 
104.600000 2.4877432828404491e-03 
104.800000 2.4877432849160427e-03 
105.000000 2.4877432868682702e-03 
105.200000 2.4877432887031930e-03 
105.400000 2.4877432904266274e-03 
105.600000 2.4877432920441286e-03 
105.800000 2.4877432935610016e-03 
106.000000 2.4877432949823391e-03 
106.200000 2.4877432963129999e-03 
106.400000 2.4877432975576545e-03 
106.600000 2.4877432987207094e-03 
106.800000 2.4877432998064455e-03 
107.000000 2.4877433008189068e-03 
107.200000 2.4877433017619671e-03 
107.400000 2.4877433026393161e-03 
107.600000 2.4877433034545156e-03 
107.800000 2.4877433042109270e-03 
108.000000 2.4877433049117631e-03 
108.200000 2.4877433055600826e-03 
108.400000 2.4877433061588185e-03 
108.600000 2.4877433067107655e-03 
108.800000 2.4877433072185789e-03 
109.000000 2.4877433076847823e-03 
109.200000 2.4877433081117893e-03 
109.400000 2.4877433085019017e-03 
109.600000 2.4877433088573084e-03 
109.800000 2.4877433091800676e-03 
110.000000 2.4877433094721607e-03 
110.200000 2.4877433097354848e-03 
110.400000 2.4877433099718023e-03 
110.600000 2.4877433101828236e-03 
110.800000 2.4877433103701633e-03 
111.000000 2.4877433105353311e-03 
111.200000 2.4877433106797872e-03 
111.400000 2.4877433108049093e-03 
111.600000 2.4877433109120090e-03 
111.800000 2.4877433110023031e-03 
112.000000 2.4877433110769725e-03 
112.200000 2.4877433111371245e-03 
112.400000 2.4877433111837985e-03 
112.600000 2.4877433112180003e-03 
112.800000 2.4877433112406649e-03 
113.000000 2.4877433112526748e-03 
113.200000 2.4877433112548424e-03 
113.400000 2.4877433112479993e-03 
113.600000 2.4877433112328513e-03 
113.800000 2.4877433112101316e-03 
114.000000 2.4877433111804717e-03 
114.200000 2.4877433111445118e-03 
114.400000 2.4877433111028147e-03 
114.600000 2.4877433110559563e-03 
114.800000 2.4877433110044259e-03 
115.000000 2.4877433109487227e-03 
115.200000 2.4877433108893140e-03 
115.400000 2.4877433108265925e-03 
115.600000 2.4877433107609753e-03 
115.800000 2.4877433106928202e-03 
116.000000 2.4877433106224927e-03 
116.200000 2.4877433105502961e-03 
116.400000 2.4877433104765526e-03 
116.600000 2.4877433104015241e-03 
116.800000 2.4877433103254847e-03 
117.000000 2.4877433102486672e-03 
117.200000 2.4877433101713085e-03 
117.400000 2.4877433100935860e-03 
117.600000 2.4877433100157251e-03 
117.800000 2.4877433099378993e-03 
118.000000 2.4877433098602309e-03 
118.200000 2.4877433097829109e-03 
118.400000 2.4877433097060669e-03 
118.600000 2.4877433096298124e-03 
118.800000 2.4877433095542656e-03 
119.000000 2.4877433094795285e-03 
119.200000 2.4877433094056970e-03 
119.400000 2.4877433093328442e-03 
119.600000 2.4877433092610544e-03 
119.800000 2.4877433091903913e-03 
120.000000 2.4877433091209213e-03 
120.200000 2.4877433090526885e-03 
120.400000 2.4877433089857326e-03 
120.600000 2.4877433089200945e-03 
120.800000 2.4877433088558122e-03 
121.000000 2.4877433087929120e-03 
121.200000 2.4877433087314160e-03 
121.400000 2.4877433086713404e-03 
121.600000 2.4877433086127011e-03 
121.800000 2.4877433085554908e-03 
122.000000 2.4877433084997441e-03 
122.200000 2.4877433084454451e-03 
122.400000 2.4877433083925920e-03 
122.600000 2.4877433083411748e-03 
122.800000 2.4877433082912100e-03 
123.000000 2.4877433082426646e-03 
123.200000 2.4877433081955309e-03 
123.400000 2.4877433081497984e-03 
123.600000 2.4877433081054705e-03 
123.800000 2.4877433080624915e-03 
124.000000 2.4877433080208720e-03 
124.200000 2.4877433079805865e-03 
124.400000 2.4877433079416034e-03 
124.600000 2.4877433079039070e-03 
124.800000 2.4877433078674825e-03 
125.000000 2.4877433078322915e-03 
125.200000 2.4877433077983152e-03 
125.400000 2.4877433077655272e-03 
125.600000 2.4877433077339097e-03 
125.800000 2.4877433077034185e-03 
126.000000 2.4877433076740374e-03 
126.200000 2.4877433076457554e-03 
126.400000 2.4877433076185172e-03 
126.600000 2.4877433075923086e-03 
126.800000 2.4877433075671030e-03 
127.000000 2.4877433075428780e-03 
127.200000 2.4877433075195994e-03 
127.400000 2.4877433074972288e-03 
127.600000 2.4877433074757625e-03 
127.800000 2.4877433074551743e-03 
128.000000 2.4877433074354158e-03 
128.200000 2.4877433074164774e-03 
128.400000 2.4877433073983300e-03 
128.600000 2.4877433073809481e-03 
128.800000 2.4877433073643086e-03 
129.000000 2.4877433073483821e-03 
129.200000 2.4877433073331474e-03 
129.400000 2.4877433073185874e-03 
129.600000 2.4877433073046728e-03 
129.800000 2.4877433072913692e-03 
130.000000 2.4877433072786762e-03 
130.200000 2.4877433072665652e-03 
130.400000 2.4877433072550015e-03 
130.600000 2.4877433072439765e-03 
130.800000 2.4877433072334736e-03 
131.000000 2.4877433072234747e-03 
131.200000 2.4877433072139463e-03 
131.400000 2.4877433072048789e-03 
131.600000 2.4877433071962478e-03 
131.800000 2.4877433071880508e-03 
132.000000 2.4877433071802593e-03 
132.200000 2.4877433071728472e-03 
132.400000 2.4877433071658142e-03 
132.600000 2.4877433071591455e-03 
132.800000 2.4877433071528159e-03 
133.000000 2.4877433071468086e-03 
133.200000 2.4877433071411230e-03 
133.400000 2.4877433071357410e-03 
133.600000 2.4877433071306371e-03 
133.800000 2.4877433071258137e-03 
134.000000 2.4877433071212479e-03 
134.200000 2.4877433071169323e-03 
134.400000 2.4877433071128600e-03 
134.600000 2.4877433071090107e-03 
134.800000 2.4877433071053799e-03 
135.000000 2.4877433071019551e-03 
135.200000 2.4877433070987238e-03 
135.400000 2.4877433070956984e-03 
135.600000 2.4877433070928431e-03 
135.800000 2.4877433070901525e-03 
136.000000 2.4877433070876215e-03 
136.200000 2.4877433070852307e-03 
136.400000 2.4877433070829903e-03 
136.600000 2.4877433070808904e-03 
136.800000 2.4877433070789180e-03 
137.000000 2.4877433070770645e-03 
137.200000 2.4877433070753375e-03 
137.400000 2.4877433070737229e-03 
137.600000 2.4877433070722090e-03 
137.800000 2.4877433070707969e-03 
138.000000 2.4877433070694538e-03 
138.200000 2.4877433070682109e-03 
138.400000 2.4877433070670573e-03 
138.600000 2.4877433070659826e-03 
138.800000 2.4877433070649739e-03 
139.000000 2.4877433070640237e-03 
139.200000 2.4877433070631572e-03 
139.400000 2.4877433070623618e-03 
139.600000 2.4877433070616150e-03 
139.800000 2.4877433070609124e-03 
140.000000 2.4877433070602702e-03 
140.200000 2.4877433070596704e-03 
140.400000 2.4877433070591187e-03 
140.600000 2.4877433070585983e-03 
140.800000 2.4877433070581243e-03 
141.000000 2.4877433070576707e-03 
141.200000 2.4877433070572691e-03 
141.400000 2.4877433070568892e-03 
141.600000 2.4877433070565336e-03 
141.800000 2.4877433070562126e-03 
142.000000 2.4877433070559190e-03 
142.200000 2.4877433070556731e-03 
142.400000 2.4877433070554268e-03 
142.600000 2.4877433070551814e-03 
142.800000 2.4877433070549628e-03 
143.000000 2.4877433070547589e-03 
143.200000 2.4877433070546072e-03 
143.400000 2.4877433070544545e-03 
143.600000 2.4877433070542992e-03 
143.800000 2.4877433070541722e-03 
144.000000 2.4877433070540325e-03 
144.200000 2.4877433070538933e-03 
144.400000 2.4877433070537506e-03 
144.600000 2.4877433070536587e-03 
144.800000 2.4877433070535832e-03 
145.000000 2.4877433070535078e-03 
145.200000 2.4877433070534328e-03 
145.400000 2.4877433070533547e-03 
145.600000 2.4877433070532788e-03 
145.800000 2.4877433070532038e-03 
146.000000 2.4877433070531626e-03 
146.200000 2.4877433070531535e-03 
146.400000 2.4877433070531144e-03 
146.600000 2.4877433070530581e-03 
146.800000 2.4877433070529891e-03 
147.000000 2.4877433070529223e-03 
147.200000 2.4877433070528651e-03 
147.400000 2.4877433070527965e-03 
147.600000 2.4877433070527237e-03 
147.800000 2.4877433070526569e-03 
148.000000 2.4877433070526283e-03 
148.200000 2.4877433070526257e-03 
148.400000 2.4877433070526235e-03 
148.600000 2.4877433070526200e-03 
148.800000 2.4877433070526131e-03 
149.000000 2.4877433070526066e-03 
149.200000 2.4877433070525992e-03 
149.400000 2.4877433070525905e-03 
149.600000 2.4877433070525832e-03 
149.800000 2.4877433070525762e-03 
