0.000000 4.1302458214136847e-03 
0.200000 4.1302451945211659e-03 
0.400000 4.1302300183654857e-03 
0.600000 4.1301877694938875e-03 
0.800000 4.1301078009229018e-03 
1.000000 4.1299805533178474e-03 
1.200000 4.1297976795587011e-03 
1.400000 4.1295518946529389e-03 
1.600000 4.1292370100467438e-03 
1.800000 4.1288485240915029e-03 
2.000000 4.1283828230409114e-03 
2.200000 4.1278369188802342e-03 
2.400000 4.1272084593818427e-03 
2.600000 4.1264954570125068e-03 
2.800000 4.1256963961822518e-03 
3.000000 4.1248102266138549e-03 
3.200000 4.1238452048442753e-03 
3.400000 4.1228014582051740e-03 
3.600000 4.1216775794990172e-03 
3.800000 4.1204714601133620e-03 
4.000000 4.1191809682641434e-03 
4.200000 4.1178039893831194e-03 
4.400000 4.1163385925536674e-03 
4.600000 4.1147833776344588e-03 
4.800000 4.1131371921175946e-03 
5.000000 4.1113990243473392e-03 
5.200000 4.1095681971771323e-03 
5.400000 4.1076444510369367e-03 
5.600000 4.1056277131290529e-03 
5.800000 4.1035179899589370e-03 
6.000000 4.1013152985147237e-03 
6.200000 4.0990197151304433e-03 
6.400000 4.0966313029729435e-03 
6.600000 4.0941500320540204e-03 
6.800000 4.0915758556412558e-03 
7.000000 4.0889087501280556e-03 
7.200000 4.0861486881490633e-03 
7.400000 4.0832956055739562e-03 
7.600000 4.0803494655095923e-03 
7.800000 4.0773102768978707e-03 
8.000000 4.0741780552975464e-03 
8.200000 4.0709527884933419e-03 
8.400000 4.0676344649808538e-03 
8.600000 4.0642230773045226e-03 
8.800000 4.0607185997936007e-03 
9.000000 4.0571209597629002e-03 
9.200000 4.0534300458027351e-03 
9.400000 4.0496456900844064e-03 
9.600000 4.0457676613365233e-03 
9.800000 4.0417956516246309e-03 
10.000000 4.0377292917250715e-03 
10.200000 4.0335681525074957e-03 
10.400000 4.0293117449163585e-03 
10.600000 4.0249595134041419e-03 
10.800000 4.0205108460578121e-03 
11.000000 4.0159650754003975e-03 
11.200000 4.0113214768170797e-03 
11.400000 4.0065792615054212e-03 
11.600000 4.0017375796988263e-03 
11.800000 3.9967955186587271e-03 
12.000000 3.9917521003574527e-03 
12.200000 3.9866062765915970e-03 
12.400000 3.9813569331666699e-03 
12.600000 3.9760028870269694e-03 
12.800000 3.9705428844802222e-03 
13.000000 3.9649756019472611e-03 
13.200000 3.9592996449161729e-03 
13.400000 3.9535135453515951e-03 
13.600000 3.9476157581784903e-03 
13.800000 3.9416046579642218e-03 
14.000000 3.9354785330432311e-03 
14.200000 3.9292355769961771e-03 
14.400000 3.9228738775225107e-03 
14.600000 3.9163914031263925e-03 
14.800000 3.9097859857719734e-03 
15.000000 3.9030552992517188e-03 
15.200000 3.8961968330041572e-03 
15.400000 3.8892078614365575e-03 
15.600000 3.8820854076520037e-03 
15.800000 3.8748262011112887e-03 
16.000000 3.8674266293970520e-03 
16.200000 3.8598826842284589e-03 
16.400000 3.8521899014168168e-03 
16.600000 3.8443432951304484e-03 
16.800000 3.8363372873020558e-03 
17.000000 3.8281656333141525e-03 
17.200000 3.8198213450292640e-03 
17.400000 3.8112966128924638e-03 
17.600000 3.8025827293346418e-03 
17.800000 3.7936700161041339e-03 
18.000000 3.7845477582652202e-03 
18.200000 3.7752041482163952e-03 
18.400000 3.7656262432909093e-03 
18.600000 3.7557999408849522e-03 
18.800000 3.7457099749426807e-03 
19.000000 3.7353399378115375e-03 
19.200000 3.7246723312953215e-03 
19.400000 3.7136886505308789e-03 
19.600000 3.7023695036994182e-03 
19.800000 3.6906947700291455e-03 
20.000000 3.6786437976721572e-03 
20.200000 3.6661956420774877e-03 
20.400000 3.6533293442007069e-03 
20.600000 3.6400242466303758e-03 
20.800000 3.6262603442638844e-03 
21.000000 3.6120186647306731e-03 
21.200000 3.5972816722024820e-03 
21.400000 3.5820336868936879e-03 
21.600000 3.5662613112688586e-03 
21.800000 3.5499538528957703e-03 
22.000000 3.5331037331187668e-03 
22.200000 3.5157068702877789e-03 
22.400000 3.4977630262353603e-03 
22.600000 3.4792761050603705e-03 
22.800000 3.4602543941028062e-03 
23.000000 3.4407107382400152e-03 
23.200000 3.4206626402764864e-03 
23.400000 3.4001322821694451e-03 
23.600000 3.3791464640725772e-03 
23.800000 3.3577364605768727e-03 
24.000000 3.3359377959814888e-03 
24.200000 3.3137899428236852e-03 
24.400000 3.2913359501351171e-03 
24.600000 3.2686220098725269e-03 
24.800000 3.2456969716101710e-03 
25.000000 3.2226118168183237e-03 
25.200000 3.1994191048564540e-03 
25.400000 3.1761724031634693e-03 
25.600000 3.1529257140411795e-03 
25.800000 3.1297329099339477e-03 
26.000000 3.1066471882569605e-03 
26.200000 3.0837205556795027e-03 
26.400000 3.0610033503952329e-03 
26.600000 3.0385438093832027e-03 
26.800000 3.0163876860538731e-03 
27.000000 2.9945779220479666e-03 
27.200000 2.9731543753760354e-03 
27.400000 2.9521536055970485e-03 
27.600000 2.9316087153830436e-03 
27.800000 2.9115492466256060e-03 
28.000000 2.8920011282327980e-03 
28.200000 2.8729866719474574e-03 
28.400000 2.8545246118934346e-03 
28.600000 2.8366301831168794e-03 
28.800000 2.8193152341243468e-03 
29.000000 2.8025883683112248e-03 
29.200000 2.7864551092035934e-03 
29.400000 2.7709180845846030e-03 
29.600000 2.7559772248187410e-03 
29.800000 2.7416299710053531e-03 
30.000000 2.7278714889644798e-03 
30.200000 2.7146948854662309e-03 
30.400000 2.7020914235422831e-03 
30.600000 2.6900507341500132e-03 
30.800000 2.6785610218863854e-03 
31.000000 2.6676092628568418e-03 
31.200000 2.6571813931905918e-03 
31.400000 2.6472624870491485e-03 
31.600000 2.6378369232987133e-03 
31.800000 2.6288885403049854e-03 
32.000000 2.6204007785624434e-03 
32.200000 2.6123568110877596e-03 
32.400000 2.6047396616915254e-03 
32.600000 2.5975323113952907e-03 
32.800000 2.5907177933835548e-03 
33.000000 2.5842792769774988e-03 
33.200000 2.5782001411896165e-03 
33.400000 2.5724640384702882e-03 
33.600000 2.5670549492909935e-03 
33.800000 2.5619572282267154e-03 
34.000000 2.5571556422057115e-03 
34.200000 2.5526354015887329e-03 
34.400000 2.5483821847260470e-03 
34.600000 2.5443821566196131e-03 
34.800000 2.5406219822914555e-03 
35.000000 2.5370888354295539e-03 
35.200000 2.5337704028499395e-03 
35.400000 2.5306548852795357e-03 
35.600000 2.5277309949289792e-03 
35.800000 2.5249879502899563e-03 
36.000000 2.5224154685560139e-03 
36.200000 2.5200037560325485e-03 
36.400000 2.5177434968679333e-03 
36.600000 2.5156258404069550e-03 
36.800000 2.5136423874370459e-03 
37.000000 2.5117851755700315e-03 
37.200000 2.5100466639749390e-03 
37.400000 2.5084197176533491e-03 
37.600000 2.5068975914249859e-03 
37.800000 2.5054739137708175e-03 
38.000000 2.5041426706606429e-03 
38.200000 2.5028981894751621e-03 
38.400000 2.5017351231156957e-03 
38.600000 2.5006484343804507e-03 
38.800000 2.4996333806728511e-03 
39.000000 2.4986854990958055e-03 
39.200000 2.4978005919750121e-03 
39.400000 2.4969747128452914e-03 
39.600000 2.4962041529255062e-03 
39.800000 2.4954854281003199e-03 
40.000000 2.4948152664211114e-03 
40.200000 2.4941905961322450e-03 
40.400000 2.4936085342246962e-03 
40.600000 2.4930663755148345e-03 
40.800000 2.4925615822426069e-03 
41.000000 2.4920917741807123e-03 
41.200000 2.4916547192438349e-03 
41.400000 2.4912483245852347e-03 
41.600000 2.4908706281661693e-03 
41.800000 2.4905197907828403e-03 
42.000000 2.4901940885343446e-03 
42.200000 2.4898919057143886e-03 
42.400000 2.4896117281096564e-03 
42.600000 2.4893521366867971e-03 
42.800000 2.4891118016505389e-03 
43.000000 2.4888894768550847e-03 
43.200000 2.4886839945515945e-03 
43.400000 2.4884942604545112e-03 
43.600000 2.4883192491099346e-03 
43.800000 2.4881579995499948e-03 
44.000000 2.4880096112173643e-03 
44.200000 2.4878732401446505e-03 
44.400000 2.4877480953742950e-03 
44.600000 2.4876334356045879e-03 
44.800000 2.4875285660488147e-03 
45.000000 2.4874328354944839e-03 
45.200000 2.4873456335504497e-03 
45.400000 2.4872663880705606e-03 
45.600000 2.4871945627426531e-03 
45.800000 2.4871296548327122e-03 
46.000000 2.4870711930741686e-03 
46.200000 2.4870187356932495e-03 
46.400000 2.4869718685616546e-03 
46.600000 2.4869302034681083e-03 
46.800000 2.4868933765014533e-03 
47.000000 2.4868610465376560e-03 
47.200000 2.4868328938241202e-03 
47.400000 2.4868086186549824e-03 
47.600000 2.4867879401311035e-03 
47.800000 2.4867705949995805e-03 
48.000000 2.4867563365671762e-03 
48.200000 2.4867449336830015e-03 
48.400000 2.4867361697856871e-03 
48.600000 2.4867298420110703e-03 
48.800000 2.4867257603559487e-03 
49.000000 2.4867237468946587e-03 
49.200000 2.4867236350446993e-03 
49.400000 2.4867252688782178e-03 
49.600000 2.4867285024764122e-03 
49.800000 2.4867331993240109e-03 
50.000000 2.4867392317411046e-03 
50.200000 2.4867464803500264e-03 
50.400000 2.4867548335749346e-03 
50.600000 2.4867641871719492e-03 
50.800000 2.4867744437878933e-03 
51.000000 2.4867855125458240e-03 
51.200000 2.4867973086555896e-03 
51.400000 2.4868097530478051e-03 
51.600000 2.4868227720298173e-03 
51.800000 2.4868362969622066e-03 
52.000000 2.4868502639545519e-03 
52.200000 2.4868646135792023e-03 
52.400000 2.4868792906021057e-03 
52.600000 2.4868942437293721e-03 
52.800000 2.4869094253687943e-03 
53.000000 2.4869247914053308e-03 
53.200000 2.4869403009897305e-03 
53.400000 2.4869559163394474e-03 
53.600000 2.4869716025511823e-03 
53.800000 2.4869873274242548e-03 
54.000000 2.4870030612942290e-03 
54.200000 2.4870187768761438e-03 
54.400000 2.4870344491168574e-03 
54.600000 2.4870500550557353e-03 
54.800000 2.4870655736936886e-03 
55.000000 2.4870809858693090e-03 
55.200000 2.4870962741425154e-03 
55.400000 2.4871114226846483e-03 
55.600000 2.4871264171750416e-03 
55.800000 2.4871412447034099e-03 
56.000000 2.4871558936779324e-03 
56.200000 2.4871703537386091e-03 
56.400000 2.4871846156755873e-03 
56.600000 2.4871986713522680e-03 
56.800000 2.4872125136327266e-03 
57.000000 2.4872261363135281e-03 
57.200000 2.4872395340592946e-03 
57.400000 2.4872527023421472e-03 
57.600000 2.4872656373846756e-03 
57.800000 2.4872783361061797e-03 
58.000000 2.4872907960721228e-03 
58.200000 2.4873030154465769e-03 
58.400000 2.4873149929473676e-03 
58.600000 2.4873267278040755e-03 
58.800000 2.4873382197183494e-03 
59.000000 2.4873494688267515e-03 
59.200000 2.4873604756657322e-03 
59.400000 2.4873712411388311e-03 
59.600000 2.4873817664857797e-03 
59.800000 2.4873920532536078e-03 
60.000000 2.4874021032694044e-03 
60.200000 2.4874119186149481e-03 
60.400000 2.4874215016027980e-03 
60.600000 2.4874308547538681e-03 
60.800000 2.4874399807766207e-03 
61.000000 2.4874488825474116e-03 
61.200000 2.4874575630922111e-03 
61.400000 2.4874660255694652e-03 
61.600000 2.4874742732541818e-03 
61.800000 2.4874823095229906e-03 
62.000000 2.4874901378402832e-03 
62.200000 2.4874977617452918e-03 
62.400000 2.4875051848400214e-03 
62.600000 2.4875124107781197e-03 
62.800000 2.4875194432544675e-03 
63.000000 2.4875262859955908e-03 
63.200000 2.4875329427506902e-03 
63.400000 2.4875394172834851e-03 
63.600000 2.4875457133645249e-03 
63.800000 2.4875518347642154e-03 
64.000000 2.4875577852463697e-03 
64.200000 2.4875635685622541e-03 
64.400000 2.4875691884451751e-03 
64.600000 2.4875746486054833e-03 
64.800000 2.4875799527260497e-03 
65.000000 2.4875851044581661e-03 
65.200000 2.4875901074177379e-03 
65.400000 2.4875949651819891e-03 
65.600000 2.4875996812863434e-03 
65.800000 2.4876042592217287e-03 
66.000000 2.4876087024321416e-03 
66.200000 2.4876130143124931e-03 
66.400000 2.4876171982067159e-03 
66.600000 2.4876212574060697e-03 
66.800000 2.4876251951477541e-03 
67.000000 2.4876290146136873e-03 
67.200000 2.4876327189293861e-03 
67.400000 2.4876363111632875e-03 
67.600000 2.4876397943258844e-03 
67.800000 2.4876431713693422e-03 
68.000000 2.4876464451870331e-03 
68.200000 2.4876496186133387e-03 
68.400000 2.4876526944235086e-03 
68.600000 2.4876556753336545e-03 
68.800000 2.4876585640008575e-03 
69.000000 2.4876613630233349e-03 
69.200000 2.4876640749407564e-03 
69.400000 2.4876667022345773e-03 
69.600000 2.4876692473284685e-03 
69.800000 2.4876717125888429e-03 
70.000000 2.4876741003254273e-03 
70.200000 2.4876764127918245e-03 
70.400000 2.4876786521862253e-03 
70.600000 2.4876808206521057e-03 
70.800000 2.4876829202789877e-03 
71.000000 2.4876849531031988e-03 
71.200000 2.4876869211086991e-03 
71.400000 2.4876888262279186e-03 
71.600000 2.4876906703426450e-03 
71.800000 2.4876924552848707e-03 
72.000000 2.4876941828377071e-03 
72.200000 2.4876958547362972e-03 
72.400000 2.4876974726687523e-03 
72.600000 2.4876990382770802e-03 
72.800000 2.4877005531580600e-03 
73.000000 2.4877020188643173e-03 
73.200000 2.4877034369051349e-03 
73.400000 2.4877048087474500e-03 
73.600000 2.4877061358168045e-03 
73.800000 2.4877074194982573e-03 
74.000000 2.4877086611373514e-03 
74.200000 2.4877098620409823e-03 
74.400000 2.4877110234783656e-03 
74.600000 2.4877121466819327e-03 
74.800000 2.4877132328482016e-03 
75.000000 2.4877142831387375e-03 
75.200000 2.4877152986809499e-03 
75.400000 2.4877162805689921e-03 
75.600000 2.4877172298646529e-03 
75.800000 2.4877181475981285e-03 
76.000000 2.4877190347688976e-03 
76.200000 2.4877198923465280e-03 
76.400000 2.4877207212714659e-03 
76.600000 2.4877215224558104e-03 
76.800000 2.4877222967841133e-03 
77.000000 2.4877230451141271e-03 
77.200000 2.4877237682775200e-03 
77.400000 2.4877244670806179e-03 
77.600000 2.4877251423051079e-03 
77.800000 2.4877257947087663e-03 
78.000000 2.4877264250260825e-03 
78.200000 2.4877270339689430e-03 
78.400000 2.4877276222273169e-03 
78.600000 2.4877281904698116e-03 
78.800000 2.4877287393443594e-03 
79.000000 2.4877292694788023e-03 
79.200000 2.4877297814814691e-03 
79.400000 2.4877302759417305e-03 
79.600000 2.4877307534306200e-03 
79.800000 2.4877312145012887e-03 
80.000000 2.4877316596896176e-03 
80.200000 2.4877320895147037e-03 
80.400000 2.4877325044793271e-03 
80.600000 2.4877329050705353e-03 
80.800000 2.4877332917599654e-03 
81.000000 2.4877336650044731e-03 
81.200000 2.4877340252464799e-03 
81.400000 2.4877343729144369e-03 
81.600000 2.4877347084232555e-03 
81.800000 2.4877350321747130e-03 
82.000000 2.4877353445578380e-03 
82.200000 2.4877356459493665e-03 
82.400000 2.4877359367140440e-03 
82.600000 2.4877362172050169e-03 
82.800000 2.4877364877641988e-03 
83.000000 2.4877367487226220e-03 
83.200000 2.4877370004007778e-03 
83.400000 2.4877372431089066e-03 
83.600000 2.4877374771473458e-03 
83.800000 2.4877377028068516e-03 
84.000000 2.4877379203688587e-03 
84.200000 2.4877381301057610e-03 
84.400000 2.4877383322812877e-03 
84.600000 2.4877385271506406e-03 
84.800000 2.4877387149608373e-03 
85.000000 2.4877388959509915e-03 
85.200000 2.4877390703524709e-03 
85.400000 2.4877392383892212e-03 
85.600000 2.4877394002779389e-03 
85.800000 2.4877395562283786e-03 
86.000000 2.4877397064434555e-03 
86.200000 2.4877398511195621e-03 
86.400000 2.4877399904467143e-03 
86.600000 2.4877401246087625e-03 
86.800000 2.4877402537836057e-03 
87.000000 2.4877403781433664e-03 
87.200000 2.4877404978545506e-03 
87.400000 2.4877406130782730e-03 
87.600000 2.4877407239703494e-03 
87.800000 2.4877408306815418e-03 
88.000000 2.4877409333576832e-03 
88.200000 2.4877410321398345e-03 
88.400000 2.4877411271644195e-03 
88.600000 2.4877412185634064e-03 
88.800000 2.4877413064643824e-03 
89.000000 2.4877413909908078e-03 
89.200000 2.4877414722620332e-03 
89.400000 2.4877415503934161e-03 
89.600000 2.4877416254966240e-03 
89.800000 2.4877416976795239e-03 
90.000000 2.4877417670464436e-03 
90.200000 2.4877418336982423e-03 
90.400000 2.4877418977324269e-03 
90.600000 2.4877419592432429e-03 
90.800000 2.4877420183217979e-03 
91.000000 2.4877420750561477e-03 
91.200000 2.4877421295313876e-03 
91.400000 2.4877421818297945e-03 
91.600000 2.4877422320308089e-03 
91.800000 2.4877422802112460e-03 
92.000000 2.4877423264453103e-03 
92.200000 2.4877423708046919e-03 
92.400000 2.4877424133586466e-03 
92.600000 2.4877424541740784e-03 
92.800000 2.4877424933156251e-03 
93.000000 2.4877425308456754e-03 
93.200000 2.4877425668245311e-03 
93.400000 2.4877426013103863e-03 
93.600000 2.4877426343594715e-03 
93.800000 2.4877426660260141e-03 
94.000000 2.4877426963624584e-03 
94.200000 2.4877427254193368e-03 
94.400000 2.4877427532454823e-03 
94.600000 2.4877427798880125e-03 
94.800000 2.4877428053924071e-03 
95.000000 2.4877428298025290e-03 
95.200000 2.4877428531607255e-03 
95.400000 2.4877428755078466e-03 
95.600000 2.4877428968832879e-03 
95.800000 2.4877429173250391e-03 
96.000000 2.4877429368697765e-03 
96.200000 2.4877429555528441e-03 
96.400000 2.4877429734083186e-03 
96.600000 2.4877429904690707e-03 
96.800000 2.4877430067667856e-03 
97.000000 2.4877430223319954e-03 
97.200000 2.4877430371941186e-03 
97.400000 2.4877430513815320e-03 
97.600000 2.4877430649215561e-03 
97.800000 2.4877430778405232e-03 
98.000000 2.4877430901638084e-03 
98.200000 2.4877431019158258e-03 
98.400000 2.4877431131200929e-03 
98.600000 2.4877431237993004e-03 
98.800000 2.4877431339752265e-03 
99.000000 2.4877431436688942e-03 
99.200000 2.4877431529004910e-03 
99.400000 2.4877431616894827e-03 
99.600000 2.4877431700545852e-03 
99.800000 2.4877431780137987e-03 
100.000000 2.4877431855844559e-03 
100.200000 2.4877431927832140e-03 
100.400000 2.4877431996260958e-03 
100.600000 2.4877432061285063e-03 
100.800000 2.4877432123052577e-03 
101.000000 2.4877432181705755e-03 
101.200000 2.4877432237381761e-03 
101.400000 2.4877432290211676e-03 
101.600000 2.4877432340322052e-03 
101.800000 2.4877432387834116e-03 
102.000000 2.4877432432864376e-03 
102.200000 2.4877432475524774e-03 
102.400000 2.4877432515922750e-03 
102.600000 2.4877432554161324e-03 
102.800000 2.4877432590339485e-03 
103.000000 2.4877432624552300e-03 
103.200000 2.4877432656890759e-03 
103.400000 2.4877432687442336e-03 
103.600000 2.4877432716290627e-03 
103.800000 2.4877432743516119e-03 
104.000000 2.4877432769195907e-03 
104.200000 2.4877432793403566e-03 
104.400000 2.4877432816210045e-03 
104.600000 2.4877432837682825e-03 
104.800000 2.4877432857887136e-03 
105.000000 2.4877432876884895e-03 
105.200000 2.4877432894735616e-03 
105.400000 2.4877432911496150e-03 
105.600000 2.4877432927221219e-03 
105.800000 2.4877432941962847e-03 
106.000000 2.4877432955770834e-03 
106.200000 2.4877432968692841e-03 
106.400000 2.4877432980774578e-03 
106.600000 2.4877432992059527e-03 
106.800000 2.4877433002589181e-03 
107.000000 2.4877433012403497e-03 
107.200000 2.4877433021540467e-03 
107.400000 2.4877433030036163e-03 
107.600000 2.4877433037925438e-03 
107.800000 2.4877433045241001e-03 
108.000000 2.4877433052014706e-03 
108.200000 2.4877433058276264e-03 
108.400000 2.4877433064054493e-03 
108.600000 2.4877433069376721e-03 
108.800000 2.4877433074268845e-03 
109.000000 2.4877433078755828e-03 
109.200000 2.4877433082861030e-03 
109.400000 2.4877433086607039e-03 
109.600000 2.4877433090015120e-03 
109.800000 2.4877433093105816e-03 
110.000000 2.4877433095898236e-03 
110.200000 2.4877433098410857e-03 
110.400000 2.4877433100660923e-03 
110.600000 2.4877433102665383e-03 
110.800000 2.4877433104439814e-03 
111.000000 2.4877433105998884e-03 
111.200000 2.4877433107357190e-03 
111.400000 2.4877433108527838e-03 
111.600000 2.4877433109523782e-03 
111.800000 2.4877433110356865e-03 
112.000000 2.4877433111038941e-03 
112.200000 2.4877433111580205e-03 
112.400000 2.4877433111991252e-03 
112.600000 2.4877433112281701e-03 
112.800000 2.4877433112460798e-03 
113.000000 2.4877433112536988e-03 
113.200000 2.4877433112518513e-03 
113.400000 2.4877433112412963e-03 
113.600000 2.4877433112227734e-03 
113.800000 2.4877433111969438e-03 
114.000000 2.4877433111644806e-03 
114.200000 2.4877433111259572e-03 
114.400000 2.4877433110819611e-03 
114.600000 2.4877433110330233e-03 
114.800000 2.4877433109796294e-03 
115.000000 2.4877433109222712e-03 
115.200000 2.4877433108613789e-03 
115.400000 2.4877433107973650e-03 
115.600000 2.4877433107306141e-03 
115.800000 2.4877433106614980e-03 
116.000000 2.4877433105903344e-03 
116.200000 2.4877433105174574e-03 
116.400000 2.4877433104431366e-03 
116.600000 2.4877433103676679e-03 
116.800000 2.4877433102912772e-03 
117.000000 2.4877433102142186e-03 
117.200000 2.4877433101366982e-03 
117.400000 2.4877433100589357e-03 
117.600000 2.4877433099810748e-03 
117.800000 2.4877433099033098e-03 
118.000000 2.4877433098258032e-03 
118.200000 2.4877433097487108e-03 
118.400000 2.4877433096721141e-03 
118.600000 2.4877433095961778e-03 
118.800000 2.4877433095210019e-03 
119.000000 2.4877433094466612e-03 
119.200000 2.4877433093732689e-03 
119.400000 2.4877433093008954e-03 
119.600000 2.4877433092296121e-03 
119.800000 2.4877433091594833e-03 
120.000000 2.4877433090905593e-03 
120.200000 2.4877433090228890e-03 
120.400000 2.4877433089565337e-03 
120.600000 2.4877433088914950e-03 
120.800000 2.4877433088278346e-03 
121.000000 2.4877433087655619e-03 
121.200000 2.4877433087046961e-03 
121.400000 2.4877433086452545e-03 
121.600000 2.4877433085872549e-03 
121.800000 2.4877433085307111e-03 
122.000000 2.4877433084755981e-03 
122.200000 2.4877433084219362e-03 
122.400000 2.4877433083697327e-03 
122.600000 2.4877433083189647e-03 
122.800000 2.4877433082696261e-03 
123.000000 2.4877433082217092e-03 
123.200000 2.4877433081752116e-03 
123.400000 2.4877433081301088e-03 
123.600000 2.4877433080863682e-03 
123.800000 2.4877433080440032e-03 
124.000000 2.4877433080029814e-03 
124.200000 2.4877433079632644e-03 
124.400000 2.4877433079248607e-03 
124.600000 2.4877433078877363e-03 
124.800000 2.4877433078518574e-03 
125.000000 2.4877433078171990e-03 
125.200000 2.4877433077837557e-03 
125.400000 2.4877433077514950e-03 
125.600000 2.4877433077203741e-03 
125.800000 2.4877433076903781e-03 
126.000000 2.4877433076614885e-03 
126.200000 2.4877433076336670e-03 
126.400000 2.4877433076068828e-03 
126.600000 2.4877433075811283e-03 
126.800000 2.4877433075563538e-03 
127.000000 2.4877433075325534e-03 
127.200000 2.4877433075096772e-03 
127.400000 2.4877433074877143e-03 
127.600000 2.4877433074666356e-03 
127.800000 2.4877433074464183e-03 
128.000000 2.4877433074270219e-03 
128.200000 2.4877433074084370e-03 
128.400000 2.4877433073906296e-03 
128.600000 2.4877433073735794e-03 
128.800000 2.4877433073572518e-03 
129.000000 2.4877433073416367e-03 
129.200000 2.4877433073267020e-03 
129.400000 2.4877433073124235e-03 
129.600000 2.4877433072987834e-03 
129.800000 2.4877433072857539e-03 
130.000000 2.4877433072733181e-03 
130.200000 2.4877433072614478e-03 
130.400000 2.4877433072501244e-03 
130.600000 2.4877433072393340e-03 
130.800000 2.4877433072290531e-03 
131.000000 2.4877433072192628e-03 
131.200000 2.4877433072099360e-03 
131.400000 2.4877433072010638e-03 
131.600000 2.4877433071926274e-03 
131.800000 2.4877433071846034e-03 
132.000000 2.4877433071769854e-03 
132.200000 2.4877433071697377e-03 
132.400000 2.4877433071628695e-03 
132.600000 2.4877433071563435e-03 
132.800000 2.4877433071501596e-03 
133.000000 2.4877433071442984e-03 
133.200000 2.4877433071387473e-03 
133.400000 2.4877433071334941e-03 
133.600000 2.4877433071285090e-03 
133.800000 2.4877433071237996e-03 
134.000000 2.4877433071193496e-03 
134.200000 2.4877433071151412e-03 
134.400000 2.4877433071111604e-03 
134.600000 2.4877433071074117e-03 
134.800000 2.4877433071038750e-03 
135.000000 2.4877433071005344e-03 
135.200000 2.4877433070973989e-03 
135.400000 2.4877433070944464e-03 
135.600000 2.4877433070916635e-03 
135.800000 2.4877433070890349e-03 
136.000000 2.4877433070865759e-03 
136.200000 2.4877433070842475e-03 
136.400000 2.4877433070820665e-03 
136.600000 2.4877433070800252e-03 
136.800000 2.4877433070781075e-03 
137.000000 2.4877433070763016e-03 
137.200000 2.4877433070746363e-03 
137.400000 2.4877433070730555e-03 
137.600000 2.4877433070715966e-03 
137.800000 2.4877433070702041e-03 
138.000000 2.4877433070689048e-03 
138.200000 2.4877433070677048e-03 
138.400000 2.4877433070665854e-03 
138.600000 2.4877433070655390e-03 
138.800000 2.4877433070645562e-03 
139.000000 2.4877433070636403e-03 
139.200000 2.4877433070628159e-03 
139.400000 2.4877433070620413e-03 
139.600000 2.4877433070612928e-03 
139.800000 2.4877433070606401e-03 
140.000000 2.4877433070600082e-03 
140.200000 2.4877433070594436e-03 
140.400000 2.4877433070588932e-03 
140.600000 2.4877433070584045e-03 
140.800000 2.4877433070579213e-03 
141.000000 2.4877433070574833e-03 
141.200000 2.4877433070571104e-03 
141.400000 2.4877433070567378e-03 
141.600000 2.4877433070563822e-03 
141.800000 2.4877433070560877e-03 
142.000000 2.4877433070558132e-03 
142.200000 2.4877433070555834e-03 
142.400000 2.4877433070553050e-03 
142.600000 2.4877433070550864e-03 
142.800000 2.4877433070548704e-03 
143.000000 2.4877433070546948e-03 
143.200000 2.4877433070545434e-03 
143.400000 2.4877433070543899e-03 
143.600000 2.4877433070542463e-03 
143.800000 2.4877433070541093e-03 
144.000000 2.4877433070539692e-03 
144.200000 2.4877433070538322e-03 
144.400000 2.4877433070536999e-03 
144.600000 2.4877433070536262e-03 
144.800000 2.4877433070535507e-03 
145.000000 2.4877433070534766e-03 
145.200000 2.4877433070534002e-03 
145.400000 2.4877433070533243e-03 
145.600000 2.4877433070532476e-03 
145.800000 2.4877433070531708e-03 
146.000000 2.4877433070531617e-03 
146.200000 2.4877433070531292e-03 
146.400000 2.4877433070530832e-03 
146.600000 2.4877433070530216e-03 
146.800000 2.4877433070529540e-03 
147.000000 2.4877433070528915e-03 
147.200000 2.4877433070528256e-03 
147.400000 2.4877433070527614e-03 
147.600000 2.4877433070526990e-03 
147.800000 2.4877433070526287e-03 
148.000000 2.4877433070526274e-03 
148.200000 2.4877433070526248e-03 
148.400000 2.4877433070526231e-03 
148.600000 2.4877433070526192e-03 
148.800000 2.4877433070526127e-03 
149.000000 2.4877433070526066e-03 
149.200000 2.4877433070525992e-03 
149.400000 2.4877433070525905e-03 
149.600000 2.4877433070525840e-03 
149.800000 2.4877433070525775e-03 
