0.000000 4.1302866859147264e-03 
0.200000 4.1302866055295253e-03 
0.400000 4.1302832387369879e-03 
0.600000 4.1302626408762748e-03 
0.800000 4.1302126277347629e-03 
1.000000 4.1301228566040394e-03 
1.200000 4.1299840295335958e-03 
1.400000 4.1297880305912046e-03 
1.600000 4.1295277731495540e-03 
1.800000 4.1291974432967459e-03 
2.000000 4.1287927526514941e-03 
2.200000 4.1283102330138830e-03 
2.400000 4.1277470137040008e-03 
2.600000 4.1271008491962063e-03 
2.800000 4.1263698568510384e-03 
3.000000 4.1255526273226801e-03 
3.200000 4.1246497934403154e-03 
3.400000 4.1236683978345201e-03 
3.600000 4.1226082178000834e-03 
3.800000 4.1214674668210542e-03 
4.000000 4.1202440235493937e-03 
4.200000 4.1189357806548756e-03 
4.400000 4.1175406597521585e-03 
4.600000 4.1160568131164300e-03 
4.800000 4.1144828543583358e-03 
5.000000 4.1128177060856192e-03 
5.200000 4.1110604228852517e-03 
5.400000 4.1092104069976633e-03 
5.600000 4.1072674136955617e-03 
5.800000 4.1052314324655313e-03 
6.000000 4.1031024720849544e-03 
6.200000 4.1008805611513115e-03 
6.400000 4.0985657525911441e-03 
6.600000 4.0961581195585756e-03 
6.800000 4.0936576037869446e-03 
7.000000 4.0910642026104616e-03 
7.200000 4.0883778836365448e-03 
7.400000 4.0855985707329559e-03 
7.600000 4.0827262168060307e-03 
7.800000 4.0797608194090727e-03 
8.000000 4.0767023865344483e-03 
8.200000 4.0735509046103671e-03 
8.400000 4.0703063699252902e-03 
8.600000 4.0669687873947829e-03 
8.800000 4.0635381454100583e-03 
9.000000 4.0600143955382556e-03 
9.200000 4.0563974622273595e-03 
9.400000 4.0526872309139391e-03 
9.600000 4.0488835227122204e-03 
9.800000 4.0449860815784345e-03 
10.000000 4.0409945885688629e-03 
10.200000 4.0369086673997757e-03 
10.400000 4.0327278777170213e-03 
10.600000 4.0284517111043279e-03 
10.800000 4.0240796014458253e-03 
11.000000 4.0196109287047076e-03 
11.200000 4.0150450146127087e-03 
11.400000 4.0103811182682124e-03 
11.600000 4.0056184393000398e-03 
11.800000 4.0007561171105290e-03 
12.000000 3.9957932262106900e-03 
12.200000 3.9907287725222231e-03 
12.400000 3.9855616950010874e-03 
12.600000 3.9802908657147933e-03 
12.800000 3.9749150876619574e-03 
13.000000 3.9694330929005810e-03 
13.200000 3.9638435433852403e-03 
13.400000 3.9581450296662744e-03 
13.600000 3.9523360685768290e-03 
13.800000 3.9464150989778381e-03 
14.000000 3.9403804782934078e-03 
14.200000 3.9342304761571037e-03 
14.400000 3.9279632656994672e-03 
14.600000 3.9215769115126279e-03 
14.800000 3.9150693557501674e-03 
15.000000 3.9084383999745745e-03 
15.200000 3.9016816828116147e-03 
15.400000 3.8947966525876322e-03 
15.600000 3.8877805356947312e-03 
15.800000 3.8806302990693903e-03 
16.000000 3.8733426068184897e-03 
16.200000 3.8659137705979721e-03 
16.400000 3.8583396945869762e-03 
16.600000 3.8506158140830175e-03 
16.800000 3.8427370287313078e-03 
17.000000 3.8346976312422366e-03 
17.200000 3.8264912323346125e-03 
17.400000 3.8181106833716119e-03 
17.600000 3.8095479985581476e-03 
17.800000 3.8007942790123980e-03 
18.000000 3.7918396411545595e-03 
18.200000 3.7826731524430706e-03 
18.400000 3.7732827778431837e-03 
18.600000 3.7636553407368431e-03 
18.800000 3.7537765020342843e-03 
19.000000 3.7436307614793149e-03 
19.200000 3.7332014851225600e-03 
19.400000 3.7224709628021660e-03 
19.600000 3.7114204990459396e-03 
19.800000 3.7000305403786537e-03 
20.000000 3.6882808413108911e-03 
20.200000 3.6761506704515836e-03 
20.400000 3.6636190570423356e-03 
20.600000 3.6506650770604097e-03 
20.800000 3.6372681766674367e-03 
21.000000 3.6234085293731827e-03 
21.200000 3.6090674217458311e-03 
21.400000 3.5942276610718455e-03 
21.600000 3.5788739969699569e-03 
21.800000 3.5629935477524835e-03 
22.000000 3.5465762212846278e-03 
22.200000 3.5296151194018337e-03 
22.400000 3.5121069145739696e-03 
22.600000 3.4940521875572398e-03 
22.800000 3.4754557152160072e-03 
23.000000 3.4563266986219177e-03 
23.200000 3.4366789228677387e-03 
23.400000 3.4165308417354314e-03 
23.600000 3.3959055824034426e-03 
23.800000 3.3748308676496948e-03 
24.000000 3.3533388554296503e-03 
24.200000 3.3314658981529058e-03 
24.400000 3.3092522263598006e-03 
24.600000 3.2867415636909075e-03 
24.800000 3.2639806819611426e-03 
25.000000 3.2410189067077814e-03 
25.200000 3.2179075847376809e-03 
25.400000 3.1946995259092329e-03 
25.600000 3.1714484316500324e-03 
25.800000 3.1482083225349107e-03 
26.000000 3.1250329766827202e-03 
26.200000 3.1019753898141995e-03 
26.400000 3.0790872666126975e-03 
26.600000 3.0564185516194285e-03 
26.800000 3.0340170063451236e-03 
27.000000 3.0119278376616104e-03 
27.200000 2.9901933809144254e-03 
27.400000 2.9688528396327259e-03 
27.600000 2.9479420822496214e-03 
27.800000 2.9274934949234293e-03 
28.000000 2.9075358883965778e-03 
28.200000 2.8880944558589677e-03 
28.400000 2.8691907780052390e-03 
28.600000 2.8508428708881963e-03 
28.800000 2.8330652717685877e-03 
29.000000 2.8158691579289212e-03 
29.200000 2.7992624933402587e-03 
29.400000 2.7832501981268133e-03 
29.600000 2.7678343359413206e-03 
29.800000 2.7530143146239994e-03 
30.000000 2.7387870958481696e-03 
30.200000 2.7251474098360295e-03 
30.400000 2.7120879716416913e-03 
30.600000 2.6995996959276350e-03 
30.800000 2.6876719075925766e-03 
31.000000 2.6762925460324040e-03 
31.200000 2.6654483612197342e-03 
31.400000 2.6551251001684390e-03 
31.600000 2.6453076826980487e-03 
31.800000 2.6359803657301363e-03 
32.000000 2.6271268956295879e-03 
32.200000 2.6187306483495352e-03 
32.400000 2.6107747573498982e-03 
32.600000 2.6032422294371273e-03 
32.800000 2.5961160488192857e-03 
33.000000 2.5893792697878905e-03 
33.200000 2.5830150985299252e-03 
33.400000 2.5770069646410161e-03 
33.600000 2.5713385829594731e-03 
33.800000 2.5659940063700584e-03 
34.000000 2.5609576702427758e-03 
34.200000 2.5562144291739648e-03 
34.400000 2.5517495866897505e-03 
34.600000 2.5475489185566693e-03 
34.800000 2.5435986903213715e-03 
35.000000 2.5398856696751903e-03 
35.200000 2.5363971342080962e-03 
35.400000 2.5331208750841053e-03 
35.600000 2.5300451971355374e-03 
35.800000 2.5271589158380090e-03 
36.000000 2.5244513515940460e-03 
36.200000 2.5219123217169459e-03 
36.400000 2.5195321304737907e-03 
36.600000 2.5173015575133406e-03 
36.800000 2.5152118449733789e-03 
37.000000 2.5132546835324658e-03 
37.200000 2.5114221976429768e-03 
37.400000 2.5097069301561348e-03 
37.600000 2.5081018265253360e-03 
37.800000 2.5066002187513338e-03 
38.000000 2.5051958092122207e-03 
38.200000 2.5038826545016359e-03 
38.400000 2.5026551493817187e-03 
38.600000 2.5015080109406832e-03 
38.800000 2.5004362630314881e-03 
39.000000 2.4994352210543145e-03 
39.200000 2.4985004771346381e-03 
39.400000 2.4976278857378582e-03 
39.600000 2.4968135497529373e-03 
39.800000 2.4960538070687732e-03 
40.000000 2.4953452176605028e-03 
40.200000 2.4946845511966032e-03 
40.400000 2.4940687751720527e-03 
40.600000 2.4934950435689524e-03 
40.800000 2.4929606860410922e-03 
41.000000 2.4924631976166746e-03 
41.200000 2.4920002289098631e-03 
41.400000 2.4915695768300329e-03 
41.600000 2.4911691757754659e-03 
41.800000 2.4907970892969998e-03 
42.000000 2.4904515022157398e-03 
42.200000 2.4901307131784617e-03 
42.400000 2.4898331276332836e-03 
42.600000 2.4895572512083218e-03 
42.800000 2.4893016834754761e-03 
43.000000 2.4890651120816443e-03 
43.200000 2.4888463072297667e-03 
43.400000 2.4886441164924042e-03 
43.600000 2.4884574599406593e-03 
43.800000 2.4882853255719984e-03 
44.000000 2.4881267650206504e-03 
44.200000 2.4879808895350917e-03 
44.400000 2.4878468662075121e-03 
44.600000 2.4877239144405570e-03 
44.800000 2.4876113026378859e-03 
45.000000 2.4875083451047887e-03 
45.200000 2.4874143991466175e-03 
45.400000 2.4873288623526407e-03 
45.600000 2.4872511700541767e-03 
45.800000 2.4871807929458495e-03 
46.000000 2.4871172348600581e-03 
46.200000 2.4870600306845752e-03 
46.400000 2.4870087444145415e-03 
46.600000 2.4869629673297806e-03 
46.800000 2.4869223162897959e-03 
47.000000 2.4868864321384012e-03 
47.200000 2.4868549782110861e-03 
47.400000 2.4868276389383506e-03 
47.600000 2.4868041185385631e-03 
47.800000 2.4867841397946755e-03 
48.000000 2.4867674429090948e-03 
48.200000 2.4867537844315770e-03 
48.400000 2.4867429362553676e-03 
48.600000 2.4867346846770685e-03 
48.800000 2.4867288295158867e-03 
49.000000 2.4867251832886030e-03 
49.200000 2.4867235704362461e-03 
49.400000 2.4867238265993590e-03 
49.600000 2.4867257979384366e-03 
49.800000 2.4867293404966673e-03 
50.000000 2.4867343196022539e-03 
50.200000 2.4867406093075309e-03 
50.400000 2.4867480918627006e-03 
50.600000 2.4867566572217615e-03 
50.800000 2.4867662025786432e-03 
51.000000 2.4867766319315093e-03 
51.200000 2.4867878556735575e-03 
51.400000 2.4867997902084226e-03 
51.600000 2.4868123575887717e-03 
51.800000 2.4868254851765463e-03 
52.000000 2.4868391053234590e-03 
52.200000 2.4868531550705330e-03 
52.400000 2.4868675758654701e-03 
52.600000 2.4868823132967008e-03 
52.800000 2.4868973168431095e-03 
53.000000 2.4869125396384281e-03 
53.200000 2.4869279382494979e-03 
53.400000 2.4869434724674507e-03 
53.600000 2.4869591051110357e-03 
53.800000 2.4869748018414230e-03 
54.000000 2.4869905309876923e-03 
54.200000 2.4870062633825150e-03 
54.400000 2.4870219722072269e-03 
54.600000 2.4870376328459420e-03 
54.800000 2.4870532227480500e-03 
55.000000 2.4870687212984661e-03 
55.200000 2.4870841096957252e-03 
55.400000 2.4870993708366630e-03 
55.600000 2.4871144892079956e-03 
55.800000 2.4871294507840774e-03 
56.000000 2.4871442429304511e-03 
56.200000 2.4871588543130627e-03 
56.400000 2.4871732748126701e-03 
56.600000 2.4871874954441008e-03 
56.800000 2.4872015082803059e-03 
57.000000 2.4872153063807073e-03 
57.200000 2.4872288837237142e-03 
57.400000 2.4872422351432319e-03 
57.600000 2.4872553562687201e-03 
57.800000 2.4872682434688908e-03 
58.000000 2.4872808937986511e-03 
58.200000 2.4872933049491191e-03 
58.400000 2.4873054752006570e-03 
58.600000 2.4873174033786653e-03 
58.800000 2.4873290888119486e-03 
59.000000 2.4873405312936894e-03 
59.200000 2.4873517310446472e-03 
59.400000 2.4873626886786327e-03 
59.600000 2.4873734051700821e-03 
59.800000 2.4873838818236329e-03 
60.000000 2.4873941202454767e-03 
60.200000 2.4874041223166541e-03 
60.400000 2.4874138901678478e-03 
60.600000 2.4874234261558219e-03 
60.800000 2.4874327328414164e-03 
61.000000 2.4874418129688892e-03 
61.200000 2.4874506694465550e-03 
61.400000 2.4874593053287679e-03 
61.600000 2.4874677237990595e-03 
61.800000 2.4874759281543922e-03 
62.000000 2.4874839217904243e-03 
62.200000 2.4874917081879190e-03 
62.400000 2.4874992908999281e-03 
62.600000 2.4875066735399291e-03 
62.800000 2.4875138597708906e-03 
63.000000 2.4875208532950115e-03 
63.200000 2.4875276578442095e-03 
63.400000 2.4875342771714178e-03 
63.600000 2.4875407150424253e-03 
63.800000 2.4875469752284121e-03 
64.000000 2.4875530614990667e-03 
64.200000 2.4875589776161859e-03 
64.400000 2.4875647273279173e-03 
64.600000 2.4875703143633684e-03 
64.800000 2.4875757424277535e-03 
65.000000 2.4875810151979271e-03 
65.200000 2.4875861363183329e-03 
65.400000 2.4875911093973709e-03 
65.600000 2.4875959380040755e-03 
65.800000 2.4876006256650913e-03 
66.000000 2.4876051758620523e-03 
66.200000 2.4876095920292008e-03 
66.400000 2.4876138775512774e-03 
66.600000 2.4876180357616797e-03 
66.800000 2.4876220699408414e-03 
67.000000 2.4876259833148512e-03 
67.200000 2.4876297790542507e-03 
67.400000 2.4876334602730909e-03 
67.600000 2.4876370300280655e-03 
67.800000 2.4876404913178763e-03 
68.000000 2.4876438470827992e-03 
68.200000 2.4876471002042381e-03 
68.400000 2.4876502535045768e-03 
68.600000 2.4876533097470603e-03 
68.800000 2.4876562716357685e-03 
69.000000 2.4876591418158301e-03 
69.200000 2.4876619228735176e-03 
69.400000 2.4876646173366411e-03 
69.600000 2.4876672276748740e-03 
69.800000 2.4876697563001862e-03 
70.000000 2.4876722055674444e-03 
70.200000 2.4876745777748558e-03 
70.400000 2.4876768751647444e-03 
70.600000 2.4876790999240721e-03 
70.800000 2.4876812541852907e-03 
71.000000 2.4876833400270114e-03 
71.200000 2.4876853594748426e-03 
71.400000 2.4876873145021853e-03 
71.600000 2.4876892070310893e-03 
71.800000 2.4876910389331117e-03 
72.000000 2.4876928120302192e-03 
72.200000 2.4876945280956826e-03 
72.400000 2.4876961888549982e-03 
72.600000 2.4876977959867870e-03 
72.800000 2.4876993511237446e-03 
73.000000 2.4877008558536460e-03 
73.200000 2.4877023117201341e-03 
73.400000 2.4877037202238007e-03 
73.600000 2.4877050828230958e-03 
73.800000 2.4877064009351962e-03 
74.000000 2.4877076759370603e-03 
74.200000 2.4877089091662535e-03 
74.400000 2.4877101019219164e-03 
74.600000 2.4877112554656869e-03 
74.800000 2.4877123710226011e-03 
75.000000 2.4877134497819937e-03 
75.200000 2.4877144928983552e-03 
75.400000 2.4877155014922749e-03 
75.600000 2.4877164766512090e-03 
75.800000 2.4877174194304578e-03 
76.000000 2.4877183308538563e-03 
76.200000 2.4877192119147377e-03 
76.400000 2.4877200635766610e-03 
76.600000 2.4877208867741989e-03 
76.800000 2.4877216824138008e-03 
77.000000 2.4877224513744616e-03 
77.200000 2.4877231945085658e-03 
77.400000 2.4877239126425456e-03 
77.600000 2.4877246065776507e-03 
77.800000 2.4877252770906131e-03 
78.000000 2.4877259249344356e-03 
78.200000 2.4877265508388932e-03 
78.400000 2.4877271555113832e-03 
78.600000 2.4877277396374406e-03 
78.800000 2.4877283038814250e-03 
79.000000 2.4877288488871110e-03 
79.200000 2.4877293752783042e-03 
79.400000 2.4877298836594158e-03 
79.600000 2.4877303746160349e-03 
79.800000 2.4877308487154977e-03 
80.000000 2.4877313065073993e-03 
80.200000 2.4877317485241476e-03 
80.400000 2.4877321752814542e-03 
80.600000 2.4877325872788708e-03 
80.800000 2.4877329850002310e-03 
81.000000 2.4877333689141560e-03 
81.200000 2.4877337394744962e-03 
81.400000 2.4877340971207647e-03 
81.600000 2.4877344422786591e-03 
81.800000 2.4877347753603681e-03 
82.000000 2.4877350967650079e-03 
82.200000 2.4877354068790899e-03 
82.400000 2.4877357060768615e-03 
82.600000 2.4877359947206822e-03 
82.800000 2.4877362731613667e-03 
83.000000 2.4877365417385802e-03 
83.200000 2.4877368007812143e-03 
83.400000 2.4877370506075813e-03 
83.600000 2.4877372915259109e-03 
83.800000 2.4877375238345680e-03 
84.000000 2.4877377478223521e-03 
84.200000 2.4877379637688541e-03 
84.400000 2.4877381719446887e-03 
84.600000 2.4877383726117932e-03 
84.800000 2.4877385660236990e-03 
85.000000 2.4877387524257885e-03 
85.200000 2.4877389320555753e-03 
85.400000 2.4877391051428806e-03 
85.600000 2.4877392719101854e-03 
85.800000 2.4877394325727282e-03 
86.000000 2.4877395873388430e-03 
86.200000 2.4877397364101187e-03 
86.400000 2.4877398799816220e-03 
86.600000 2.4877400182420893e-03 
86.800000 2.4877401513741610e-03 
87.000000 2.4877402795545379e-03 
87.200000 2.4877404029541657e-03 
87.400000 2.4877405217384558e-03 
87.600000 2.4877406360674197e-03 
87.800000 2.4877407460958392e-03 
88.000000 2.4877408519734675e-03 
88.200000 2.4877409538451309e-03 
88.400000 2.4877410518509375e-03 
88.600000 2.4877411461264017e-03 
88.800000 2.4877412368025762e-03 
89.000000 2.4877413240062302e-03 
89.200000 2.4877414078599233e-03 
89.400000 2.4877414884822086e-03 
89.600000 2.4877415659877080e-03 
89.800000 2.4877416404872582e-03 
90.000000 2.4877417120880347e-03 
90.200000 2.4877417808936244e-03 
90.400000 2.4877418470042054e-03 
90.600000 2.4877419105166208e-03 
90.800000 2.4877419715244502e-03 
91.000000 2.4877420301181838e-03 
91.200000 2.4877420863852772e-03 
91.400000 2.4877421404102314e-03 
91.600000 2.4877421922747155e-03 
91.800000 2.4877422420576745e-03 
92.000000 2.4877422898353669e-03 
92.200000 2.4877423356814716e-03 
92.400000 2.4877423796671790e-03 
92.600000 2.4877424218612753e-03 
92.800000 2.4877424623301857e-03 
93.000000 2.4877425011380597e-03 
93.200000 2.4877425383469129e-03 
93.400000 2.4877425740165620e-03 
93.600000 2.4877426082048201e-03 
93.800000 2.4877426409675007e-03 
94.000000 2.4877426723584773e-03 
94.200000 2.4877427024297340e-03 
94.400000 2.4877427312315560e-03 
94.600000 2.4877427588123622e-03 
94.800000 2.4877427852189452e-03 
95.000000 2.4877428104964363e-03 
95.200000 2.4877428346884150e-03 
95.400000 2.4877428578368881e-03 
95.600000 2.4877428799824327e-03 
95.800000 2.4877429011641388e-03 
96.000000 2.4877429214197363e-03 
96.200000 2.4877429407856215e-03 
96.400000 2.4877429592968848e-03 
96.600000 2.4877429769873316e-03 
96.800000 2.4877429938896124e-03 
97.000000 2.4877430100351643e-03 
97.200000 2.4877430254542951e-03 
97.400000 2.4877430401761963e-03 
97.600000 2.4877430542290377e-03 
97.800000 2.4877430676399537e-03 
98.000000 2.4877430804350529e-03 
98.200000 2.4877430926395017e-03 
98.400000 2.4877431042775607e-03 
98.600000 2.4877431153725736e-03 
98.800000 2.4877431259470043e-03 
99.000000 2.4877431360225267e-03 
99.200000 2.4877431456199629e-03 
99.400000 2.4877431547593513e-03 
99.600000 2.4877431634600209e-03 
99.800000 2.4877431717405338e-03 
100.000000 2.4877431796187436e-03 
100.200000 2.4877431871118483e-03 
100.400000 2.4877431942363693e-03 
100.600000 2.4877432010082020e-03 
100.800000 2.4877432074426422e-03 
101.000000 2.4877432135543736e-03 
101.200000 2.4877432193575167e-03 
101.400000 2.4877432248656397e-03 
101.600000 2.4877432300917986e-03 
101.800000 2.4877432350485121e-03 
102.000000 2.4877432397478064e-03 
102.200000 2.4877432442012579e-03 
102.400000 2.4877432484199484e-03 
102.600000 2.4877432524145300e-03 
102.800000 2.4877432561952206e-03 
103.000000 2.4877432597718778e-03 
103.200000 2.4877432631538712e-03 
103.400000 2.4877432663502467e-03 
103.600000 2.4877432693696626e-03 
103.800000 2.4877432722204482e-03 
104.000000 2.4877432749105385e-03 
104.200000 2.4877432774475911e-03 
104.400000 2.4877432798389104e-03 
104.600000 2.4877432820915096e-03 
104.800000 2.4877432842121180e-03 
105.000000 2.4877432862071471e-03 
105.200000 2.4877432880827661e-03 
105.400000 2.4877432898448805e-03 
105.600000 2.4877432914991019e-03 
105.800000 2.4877432930508615e-03 
106.000000 2.4877432945053218e-03 
106.200000 2.4877432958674154e-03 
106.400000 2.4877432971418655e-03 
106.600000 2.4877432983331886e-03 
106.800000 2.4877432994457054e-03 
107.000000 2.4877433004835323e-03 
107.200000 2.4877433014506151e-03 
107.400000 2.4877433023507058e-03 
107.600000 2.4877433031874202e-03 
107.800000 2.4877433039641626e-03 
108.000000 2.4877433046842125e-03 
108.200000 2.4877433053506824e-03 
108.400000 2.4877433059665600e-03 
108.600000 2.4877433065346650e-03 
108.800000 2.4877433070577206e-03 
109.000000 2.4877433075382984e-03 
109.200000 2.4877433079788353e-03 
109.400000 2.4877433083816654e-03 
109.600000 2.4877433087490404e-03 
109.800000 2.4877433090830414e-03 
110.000000 2.4877433093857164e-03 
110.200000 2.4877433096589440e-03 
110.400000 2.4877433099045501e-03 
110.600000 2.4877433101242784e-03 
110.800000 2.4877433103197553e-03 
111.000000 2.4877433104925481e-03 
111.200000 2.4877433106441204e-03 
111.400000 2.4877433107758709e-03 
111.600000 2.4877433108891518e-03 
111.800000 2.4877433109852000e-03 
112.000000 2.4877433110652115e-03 
112.200000 2.4877433111303326e-03 
112.400000 2.4877433111816227e-03 
112.600000 2.4877433112200833e-03 
112.800000 2.4877433112466792e-03 
113.000000 2.4877433112623086e-03 
113.200000 2.4877433112678411e-03 
113.400000 2.4877433112640542e-03 
113.600000 2.4877433112517277e-03 
113.800000 2.4877433112315663e-03 
114.000000 2.4877433112042531e-03 
114.200000 2.4877433111704043e-03 
114.400000 2.4877433111306418e-03 
114.600000 2.4877433110855230e-03 
114.800000 2.4877433110355594e-03 
115.000000 2.4877433109812509e-03 
115.200000 2.4877433109230635e-03 
115.400000 2.4877433108614340e-03 
115.600000 2.4877433107967683e-03 
115.800000 2.4877433107294449e-03 
116.000000 2.4877433106598131e-03 
116.200000 2.4877433105882272e-03 
116.400000 2.4877433105149767e-03 
116.600000 2.4877433104403424e-03 
116.800000 2.4877433103646109e-03 
117.000000 2.4877433102880220e-03 
117.200000 2.4877433102107938e-03 
117.400000 2.4877433101331641e-03 
117.600000 2.4877433100553249e-03 
117.800000 2.4877433099774185e-03 
118.000000 2.4877433098996708e-03 
118.200000 2.4877433098221976e-03 
118.400000 2.4877433097451433e-03 
118.600000 2.4877433096686481e-03 
118.800000 2.4877433095928186e-03 
119.000000 2.4877433095177657e-03 
119.200000 2.4877433094435907e-03 
119.400000 2.4877433093703685e-03 
119.600000 2.4877433092981836e-03 
119.800000 2.4877433092271029e-03 
120.000000 2.4877433091571809e-03 
120.200000 2.4877433090884919e-03 
120.400000 2.4877433090210645e-03 
120.600000 2.4877433089549373e-03 
120.800000 2.4877433088901645e-03 
121.000000 2.4877433088267642e-03 
121.200000 2.4877433087647565e-03 
121.400000 2.4877433087041583e-03 
121.600000 2.4877433086450025e-03 
121.800000 2.4877433085872692e-03 
122.000000 2.4877433085309982e-03 
122.200000 2.4877433084761697e-03 
122.400000 2.4877433084227931e-03 
122.600000 2.4877433083708611e-03 
122.800000 2.4877433083203781e-03 
123.000000 2.4877433082713214e-03 
123.200000 2.4877433082236846e-03 
123.400000 2.4877433081774533e-03 
123.600000 2.4877433081326133e-03 
123.800000 2.4877433080891485e-03 
124.000000 2.4877433080470446e-03 
124.200000 2.4877433080062890e-03 
124.400000 2.4877433079668358e-03 
124.600000 2.4877433079286810e-03 
124.800000 2.4877433078917999e-03 
125.000000 2.4877433078561713e-03 
125.200000 2.4877433078217604e-03 
125.400000 2.4877433077885539e-03 
125.600000 2.4877433077565123e-03 
125.800000 2.4877433077256225e-03 
126.000000 2.4877433076958564e-03 
126.200000 2.4877433076671671e-03 
126.400000 2.4877433076395624e-03 
126.600000 2.4877433076129852e-03 
126.800000 2.4877433075874231e-03 
127.000000 2.4877433075628451e-03 
127.200000 2.4877433075392269e-03 
127.400000 2.4877433075165358e-03 
127.600000 2.4877433074947616e-03 
127.800000 2.4877433074738582e-03 
128.000000 2.4877433074538048e-03 
128.200000 2.4877433074345732e-03 
128.400000 2.4877433074161461e-03 
128.600000 2.4877433073984966e-03 
128.800000 2.4877433073815878e-03 
129.000000 2.4877433073654128e-03 
129.200000 2.4877433073499300e-03 
129.400000 2.4877433073351332e-03 
129.600000 2.4877433073209792e-03 
129.800000 2.4877433073074704e-03 
130.000000 2.4877433072945615e-03 
130.200000 2.4877433072822380e-03 
130.400000 2.4877433072704788e-03 
130.600000 2.4877433072592768e-03 
130.800000 2.4877433072485844e-03 
131.000000 2.4877433072384072e-03 
131.200000 2.4877433072287101e-03 
131.400000 2.4877433072194753e-03 
131.600000 2.4877433072106958e-03 
131.800000 2.4877433072023423e-03 
132.000000 2.4877433071944029e-03 
132.200000 2.4877433071868603e-03 
132.400000 2.4877433071796950e-03 
132.600000 2.4877433071728967e-03 
132.800000 2.4877433071664517e-03 
133.000000 2.4877433071603303e-03 
133.200000 2.4877433071545290e-03 
133.400000 2.4877433071490377e-03 
133.600000 2.4877433071438444e-03 
133.800000 2.4877433071389160e-03 
134.000000 2.4877433071342535e-03 
134.200000 2.4877433071298582e-03 
134.400000 2.4877433071256996e-03 
134.600000 2.4877433071217800e-03 
134.800000 2.4877433071180703e-03 
135.000000 2.4877433071145757e-03 
135.200000 2.4877433071112676e-03 
135.400000 2.4877433071081615e-03 
135.600000 2.4877433071052459e-03 
135.800000 2.4877433071024873e-03 
136.000000 2.4877433070998769e-03 
136.200000 2.4877433070974600e-03 
136.400000 2.4877433070951659e-03 
136.600000 2.4877433070930296e-03 
136.800000 2.4877433070909939e-03 
137.000000 2.4877433070890935e-03 
137.200000 2.4877433070873262e-03 
137.400000 2.4877433070857307e-03 
137.600000 2.4877433070841378e-03 
137.800000 2.4877433070826733e-03 
138.000000 2.4877433070813327e-03 
138.200000 2.4877433070800564e-03 
138.400000 2.4877433070788668e-03 
138.600000 2.4877433070777636e-03 
138.800000 2.4877433070767136e-03 
139.000000 2.4877433070757630e-03 
139.200000 2.4877433070749104e-03 
139.400000 2.4877433070741180e-03 
139.600000 2.4877433070732789e-03 
139.800000 2.4877433070725216e-03 
140.000000 2.4877433070718850e-03 
140.200000 2.4877433070713086e-03 
140.400000 2.4877433070707154e-03 
140.600000 2.4877433070701451e-03 
140.800000 2.4877433070696997e-03 
141.000000 2.4877433070692738e-03 
141.200000 2.4877433070688054e-03 
141.400000 2.4877433070684138e-03 
141.600000 2.4877433070680985e-03 
141.800000 2.4877433070677056e-03 
142.000000 2.4877433070674584e-03 
142.200000 2.4877433070671505e-03 
142.400000 2.4877433070669163e-03 
142.600000 2.4877433070666886e-03 
142.800000 2.4877433070664332e-03 
143.000000 2.4877433070662467e-03 
143.200000 2.4877433070660394e-03 
143.400000 2.4877433070658920e-03 
143.600000 2.4877433070657250e-03 
143.800000 2.4877433070655945e-03 
144.000000 2.4877433070654808e-03 
144.200000 2.4877433070653356e-03 
144.400000 2.4877433070652042e-03 
144.600000 2.4877433070651139e-03 
144.800000 2.4877433070650112e-03 
145.000000 2.4877433070649114e-03 
145.200000 2.4877433070648238e-03 
145.400000 2.4877433070647588e-03 
145.600000 2.4877433070646911e-03 
145.800000 2.4877433070646213e-03 
146.000000 2.4877433070645571e-03 
146.200000 2.4877433070645012e-03 
146.400000 2.4877433070644548e-03 
146.600000 2.4877433070644057e-03 
146.800000 2.4877433070643511e-03 
147.000000 2.4877433070643025e-03 
147.200000 2.4877433070642518e-03 
147.400000 2.4877433070642067e-03 
147.600000 2.4877433070641585e-03 
147.800000 2.4877433070641143e-03 
148.000000 2.4877433070640748e-03 
148.200000 2.4877433070640419e-03 
148.400000 2.4877433070639990e-03 
148.600000 2.4877433070639573e-03 
148.800000 2.4877433070639278e-03 
149.000000 2.4877433070638944e-03 
149.200000 2.4877433070638589e-03 
149.400000 2.4877433070638242e-03 
149.600000 2.4877433070638003e-03 
149.800000 2.4877433070637760e-03 
