0.000000 4.1303187766822307e-03 
0.200000 4.1303185725087028e-03 
0.400000 4.1303111939146840e-03 
0.600000 4.1302831894899812e-03 
0.800000 4.1302228134124921e-03 
1.000000 4.1301200803510411e-03 
1.200000 4.1299660256224812e-03 
1.400000 4.1297528219318841e-03 
1.600000 4.1294736388304259e-03 
1.800000 4.1291231626883890e-03 
2.000000 4.1286973412351753e-03 
2.200000 4.1281928840956536e-03 
2.400000 4.1276070680325233e-03 
2.600000 4.1269377698806833e-03 
2.800000 4.1261832402722512e-03 
3.000000 4.1253422053776209e-03 
3.200000 4.1244178167541045e-03 
3.400000 4.1234148539464983e-03 
3.600000 4.1223328675089486e-03 
3.800000 4.1211696712182859e-03 
4.000000 4.1199231805088502e-03 
4.200000 4.1185913417030899e-03 
4.400000 4.1171721278566486e-03 
4.600000 4.1156637417449132e-03 
4.800000 4.1140649160361165e-03 
5.000000 4.1123746454158469e-03 
5.200000 4.1105920676025491e-03 
5.400000 4.1087166424987435e-03 
5.600000 4.1067482146366352e-03 
5.800000 4.1046868112722930e-03 
6.000000 4.1025324420246060e-03 
6.200000 4.1002851205380461e-03 
6.400000 4.0979449194168179e-03 
6.600000 4.0955118977501976e-03 
6.800000 4.0929860136587745e-03 
7.000000 4.0903672116312986e-03 
7.200000 4.0876554524767522e-03 
7.400000 4.0848507193865990e-03 
7.600000 4.0819529575154235e-03 
7.800000 4.0789621429210962e-03 
8.000000 4.0758782815419102e-03 
8.200000 4.0727013941348868e-03 
8.400000 4.0694314683447893e-03 
8.600000 4.0660684905602443e-03 
8.800000 4.0626124421977231e-03 
9.000000 4.0590632877626634e-03 
9.200000 4.0554209351583740e-03 
9.400000 4.0516852444074858e-03 
9.600000 4.0478560165944149e-03 
9.800000 4.0439329898097551e-03 
10.000000 4.0399158236796573e-03 
10.200000 4.0358041238600269e-03 
10.400000 4.0315974327991408e-03 
10.600000 4.0272952262091878e-03 
10.800000 4.0228969227427145e-03 
11.000000 4.0184018862170134e-03 
11.200000 4.0138094221679075e-03 
11.400000 4.0091187736240553e-03 
11.600000 4.0043291236966823e-03 
11.800000 3.9994395940602919e-03 
12.000000 3.9944492410797245e-03 
12.200000 3.9893570524916844e-03 
12.400000 3.9841619489088863e-03 
12.600000 3.9788627834681477e-03 
12.800000 3.9734583401218933e-03 
13.000000 3.9679473318211186e-03 
13.200000 3.9623284009232635e-03 
13.400000 3.9566001182076696e-03 
13.600000 3.9507609796189860e-03 
13.800000 3.9448094022238415e-03 
14.000000 3.9387437201020645e-03 
14.200000 3.9325621776375545e-03 
14.400000 3.9262629197062398e-03 
14.600000 3.9198439791526098e-03 
14.800000 3.9133032618659898e-03 
15.000000 3.9066385276730698e-03 
15.200000 3.8998473665518263e-03 
15.400000 3.8929271701604630e-03 
15.600000 3.8858750987014203e-03 
15.800000 3.8786880418497736e-03 
16.000000 3.8713625737690997e-03 
16.200000 3.8638949019304887e-03 
16.400000 3.8562808103295007e-03 
16.600000 3.8485155967210158e-03 
16.800000 3.8405940045612612e-03 
17.000000 3.8325101503817668e-03 
17.200000 3.8242574480847748e-03 
17.400000 3.8158285313185194e-03 
17.600000 3.8072151759503325e-03 
17.800000 3.7984082248971106e-03 
18.000000 3.7893975182610551e-03 
18.200000 3.7801718316379665e-03 
18.400000 3.7707188261049255e-03 
18.600000 3.7610250135603515e-03 
18.800000 3.7510757414878880e-03 
19.000000 3.7408552009021738e-03 
19.200000 3.7303464615218410e-03 
19.400000 3.7195315379253526e-03 
19.600000 3.7083914899830022e-03 
19.800000 3.6969065603799684e-03 
20.000000 3.6850563512996646e-03 
20.200000 3.6728200414267247e-03 
20.400000 3.6601766432676651e-03 
20.600000 3.6471052995758748e-03 
20.800000 3.6335856162895562e-03 
21.000000 3.6195980279410457e-03 
21.200000 3.6051241899797120e-03 
21.400000 3.5901473910225573e-03 
21.600000 3.5746529766938163e-03 
21.800000 3.5586287755418034e-03 
22.000000 3.5420655165685740e-03 
22.200000 3.5249572272900466e-03 
22.400000 3.5073016009930808e-03 
22.600000 3.4891003220046020e-03 
22.800000 3.4703593383638189e-03 
23.000000 3.4510890723179716e-03 
23.200000 3.4313045605013763e-03 
23.400000 3.4110255174658382e-03 
23.600000 3.3902763183336669e-03 
23.800000 3.3690858986727937e-03 
24.000000 3.3474875721317345e-03 
24.200000 3.3255187688137388e-03 
24.400000 3.3032206997005470e-03 
24.600000 3.2806379545659834e-03 
24.800000 3.2578180426470968e-03 
25.000000 3.2348108867978121e-03 
25.200000 3.2116682828836371e-03 
25.400000 3.1884433367690024e-03 
25.600000 3.1651898913905860e-03 
25.800000 3.1419619561290700e-03 
26.000000 3.1188131500206472e-03 
26.200000 3.0957961693521634e-03 
26.400000 3.0729622889205514e-03 
26.600000 3.0503609047821713e-03 
26.800000 3.0280391247413732e-03 
27.000000 3.0060414112025773e-03 
27.200000 2.9844092793987888e-03 
27.400000 2.9631810524669172e-03 
27.600000 2.9423916734114797e-03 
27.800000 2.9220725727193992e-03 
28.000000 2.9022515892830445e-03 
28.200000 2.8829529413699618e-03 
28.400000 2.8641972436521004e-03 
28.600000 2.8460015657709656e-03 
28.800000 2.8283795275602527e-03 
29.000000 2.8113414258581992e-03 
29.200000 2.7948943878010816e-03 
29.400000 2.7790425455782295e-03 
29.600000 2.7637872278230198e-03 
29.800000 2.7491271630957670e-03 
30.000000 2.7350586912598101e-03 
30.200000 2.7215759789431726e-03 
30.400000 2.7086712356975432e-03 
30.600000 2.6963349278971401e-03 
30.800000 2.6845559878510509e-03 
31.000000 2.6733220160213714e-03 
31.200000 2.6626194746382391e-03 
31.400000 2.6524338713745611e-03 
31.600000 2.6427499320848297e-03 
31.800000 2.6335517619186710e-03 
32.000000 2.6248229943918529e-03 
32.200000 2.6165469282338053e-03 
32.400000 2.6087066520326359e-03 
32.600000 2.6012851568675628e-03 
32.800000 2.5942654372572136e-03 
33.000000 2.5876305808624606e-03 
33.200000 2.5813638474674857e-03 
33.400000 2.5754487378250659e-03 
33.600000 2.5698690529952326e-03 
33.800000 2.5646089448319994e-03 
34.000000 2.5596529582848962e-03 
34.200000 2.5549860661817970e-03 
34.400000 2.5505936971495723e-03 
34.600000 2.5464617573116026e-03 
34.800000 2.5425766463779611e-03 
35.000000 2.5389252687151387e-03 
35.200000 2.5354950399520135e-03 
35.400000 2.5322738896444452e-03 
35.600000 2.5292502604864794e-03 
35.800000 2.5264131045211078e-03 
36.000000 2.5237518767680968e-03 
36.200000 2.5212565266521225e-03 
36.400000 2.5189174875807955e-03 
36.600000 2.5167256649898640e-03 
36.800000 2.5146724231419710e-03 
37.000000 2.5127495709361593e-03 
37.200000 2.5109493469579751e-03 
37.400000 2.5092644039738789e-03 
37.600000 2.5076877930500807e-03 
37.800000 2.5062129474537898e-03 
38.000000 2.5048336664741664e-03 
38.200000 2.5035440992816895e-03 
38.400000 2.5023387289281078e-03 
38.600000 2.5012123565728746e-03 
38.800000 2.5001600860086685e-03 
39.000000 2.4991773085457549e-03 
39.200000 2.4982596883039998e-03 
39.400000 2.4974031479508912e-03 
39.600000 2.4966038549157550e-03 
39.800000 2.4958582081019793e-03 
40.000000 2.4951628251126613e-03 
40.200000 2.4945145299989030e-03 
40.400000 2.4939103415350349e-03 
40.600000 2.4933474620206343e-03 
40.800000 2.4928232666052695e-03 
41.000000 2.4923352931291985e-03 
41.200000 2.4918812324699457e-03 
41.400000 2.4914589193833301e-03 
41.600000 2.4910663238251235e-03 
41.800000 2.4907015427384064e-03 
42.000000 2.4903627922907984e-03 
42.200000 2.4900484005445636e-03 
42.400000 2.4897568005425919e-03 
42.600000 2.4894865237923007e-03 
42.800000 2.4892361941301396e-03 
43.000000 2.4890045219485958e-03 
43.200000 2.4887902987685050e-03 
43.400000 2.4885923921390178e-03 
43.600000 2.4884097408487201e-03 
43.800000 2.4882413504310171e-03 
44.000000 2.4880862889478774e-03 
44.200000 2.4879436830366657e-03 
44.400000 2.4878127142047728e-03 
44.600000 2.4876926153580468e-03 
44.800000 2.4875826675490567e-03 
45.000000 2.4874821969322739e-03 
45.200000 2.4873905719134696e-03 
45.400000 2.4873072004816094e-03 
45.600000 2.4872315277119509e-03 
45.800000 2.4871630334294833e-03 
46.000000 2.4871012300228712e-03 
46.200000 2.4870456603991215e-03 
46.400000 2.4869958960700793e-03 
46.600000 2.4869515353622327e-03 
46.800000 2.4869122017419252e-03 
47.000000 2.4868775422483237e-03 
47.200000 2.4868472260272914e-03 
47.400000 2.4868209429593324e-03 
47.600000 2.4867984023756846e-03 
47.800000 2.4867793318565467e-03 
48.000000 2.4867634761060698e-03 
48.200000 2.4867505958990929e-03 
48.400000 2.4867404670949386e-03 
48.600000 2.4867328797135444e-03 
48.800000 2.4867276370701694e-03 
49.000000 2.4867245549645861e-03 
49.200000 2.4867234609211655e-03 
49.400000 2.4867241934765994e-03 
49.600000 2.4867266015120497e-03 
49.800000 2.4867305436267425e-03 
50.000000 2.4867358875504454e-03 
50.200000 2.4867425095922093e-03 
50.400000 2.4867502941228574e-03 
50.600000 2.4867591330893350e-03 
50.800000 2.4867689255586045e-03 
51.000000 2.4867795772891693e-03 
51.200000 2.4867910003287699e-03 
51.400000 2.4868031126360816e-03 
51.600000 2.4868158377253551e-03 
51.800000 2.4868291043321470e-03 
52.000000 2.4868428460991516e-03 
52.200000 2.4868570012806161e-03 
52.400000 2.4868715124642870e-03 
52.600000 2.4868863263097906e-03 
52.800000 2.4869013933024025e-03 
53.000000 2.4869166675212527e-03 
53.200000 2.4869321064211669e-03 
53.400000 2.4869476706271326e-03 
53.600000 2.4869633237408532e-03 
53.800000 2.4869790321584689e-03 
54.000000 2.4869947648988211e-03 
54.200000 2.4870104934417410e-03 
54.400000 2.4870261915756271e-03 
54.600000 2.4870418352538250e-03 
54.800000 2.4870574024592933e-03 
55.000000 2.4870728730770264e-03 
55.200000 2.4870882287738707e-03 
55.400000 2.4871034528852081e-03 
55.600000 2.4871185303081706e-03 
55.800000 2.4871334474010211e-03 
56.000000 2.4871481918882434e-03 
56.200000 2.4871627527711763e-03 
56.400000 2.4871771202437895e-03 
56.600000 2.4871912856132151e-03 
56.800000 2.4872052412250110e-03 
57.000000 2.4872189803926488e-03 
57.200000 2.4872324973311275e-03 
57.400000 2.4872457870944277e-03 
57.600000 2.4872588455166289e-03 
57.800000 2.4872716691564383e-03 
58.000000 2.4872842552449673e-03 
58.200000 2.4872966016366957e-03 
58.400000 2.4873087067630623e-03 
58.600000 2.4873205695891843e-03 
58.800000 2.4873321895727586e-03 
59.000000 2.4873435666257532e-03 
59.200000 2.4873547010781567e-03 
59.400000 2.4873655936441326e-03 
59.600000 2.4873762453900060e-03 
59.800000 2.4873866577044628e-03 
60.000000 2.4873968322703306e-03 
60.200000 2.4874067710383267e-03 
60.400000 2.4874164762023138e-03 
60.600000 2.4874259501761762e-03 
60.800000 2.4874351955721271e-03 
61.000000 2.4874442151804591e-03 
61.200000 2.4874530119505345e-03 
61.400000 2.4874615889731236e-03 
61.600000 2.4874699494637645e-03 
61.800000 2.4874780967473753e-03 
62.000000 2.4874860342438019e-03 
62.200000 2.4874937654544324e-03 
62.400000 2.4875012939496776e-03 
62.600000 2.4875086233573417e-03 
62.800000 2.4875157573518471e-03 
63.000000 2.4875226996442339e-03 
63.200000 2.4875294539728281e-03 
63.400000 2.4875360240947217e-03 
63.600000 2.4875424137777813e-03 
63.800000 2.4875486267933551e-03 
64.000000 2.4875546669095088e-03 
64.200000 2.4875605378848332e-03 
64.400000 2.4875662434627696e-03 
64.600000 2.4875717873663527e-03 
64.800000 2.4875771732934693e-03 
65.000000 2.4875824049125500e-03 
65.200000 2.4875874858586093e-03 
65.400000 2.4875924197296567e-03 
65.600000 2.4875972100834496e-03 
65.800000 2.4876018604347281e-03 
66.000000 2.4876063742524917e-03 
66.200000 2.4876107549577620e-03 
66.400000 2.4876150059215218e-03 
66.600000 2.4876191304630032e-03 
66.800000 2.4876231318480269e-03 
67.000000 2.4876270132877841e-03 
67.200000 2.4876307779376052e-03 
67.400000 2.4876344288960930e-03 
67.600000 2.4876379692043197e-03 
67.800000 2.4876414018452473e-03 
68.000000 2.4876447297432339e-03 
68.200000 2.4876479557637710e-03 
68.400000 2.4876510827132364e-03 
68.600000 2.4876541133389061e-03 
68.800000 2.4876570503289076e-03 
69.000000 2.4876598963124532e-03 
69.200000 2.4876626538599764e-03 
69.400000 2.4876653254835529e-03 
69.600000 2.4876679136372143e-03 
69.800000 2.4876704207174908e-03 
70.000000 2.4876728490638572e-03 
70.200000 2.4876752009594010e-03 
70.400000 2.4876774786314051e-03 
70.600000 2.4876796842520695e-03 
70.800000 2.4876818199392426e-03 
71.000000 2.4876838877571483e-03 
71.200000 2.4876858897172204e-03 
71.400000 2.4876878277789423e-03 
71.600000 2.4876897038506257e-03 
71.800000 2.4876915197903850e-03 
72.000000 2.4876932774069681e-03 
72.200000 2.4876949784606614e-03 
72.400000 2.4876966246642198e-03 
72.600000 2.4876982176838115e-03 
72.800000 2.4876997591399305e-03 
73.000000 2.4877012506083320e-03 
73.200000 2.4877026936209854e-03 
73.400000 2.4877040896670250e-03 
73.600000 2.4877054401936842e-03 
73.800000 2.4877067466072080e-03 
74.000000 2.4877080102738551e-03 
74.200000 2.4877092325207226e-03 
74.400000 2.4877104146368025e-03 
74.600000 2.4877115578737295e-03 
74.800000 2.4877126634468769e-03 
75.000000 2.4877137325360890e-03 
75.200000 2.4877147662866468e-03 
75.400000 2.4877157658101238e-03 
75.600000 2.4877167321852461e-03 
75.800000 2.4877176664587337e-03 
76.000000 2.4877185696461578e-03 
76.200000 2.4877194427327335e-03 
76.400000 2.4877202866741529e-03 
76.600000 2.4877211023973463e-03 
76.800000 2.4877218908012705e-03 
77.000000 2.4877226527577115e-03 
77.200000 2.4877233891119946e-03 
77.400000 2.4877241006837094e-03 
77.600000 2.4877247882674185e-03 
77.800000 2.4877254526334248e-03 
78.000000 2.4877260945283838e-03 
78.200000 2.4877267146760375e-03 
78.400000 2.4877273137777988e-03 
78.600000 2.4877278925134619e-03 
78.800000 2.4877284515417890e-03 
79.000000 2.4877289915011132e-03 
79.200000 2.4877295130099949e-03 
79.400000 2.4877300166677102e-03 
79.600000 2.4877305030548769e-03 
79.800000 2.4877309727340444e-03 
80.000000 2.4877314262500907e-03 
80.200000 2.4877318641309174e-03 
80.400000 2.4877322868878502e-03 
80.600000 2.4877326950161426e-03 
80.800000 2.4877330889955078e-03 
81.000000 2.4877334692905493e-03 
81.200000 2.4877338363512398e-03 
81.400000 2.4877341906133369e-03 
81.600000 2.4877345324988281e-03 
81.800000 2.4877348624163906e-03 
82.000000 2.4877351807617056e-03 
82.200000 2.4877354879179595e-03 
82.400000 2.4877357842561587e-03 
82.600000 2.4877360701355280e-03 
82.800000 2.4877363459038671e-03 
83.000000 2.4877366118979047e-03 
83.200000 2.4877368684436550e-03 
83.400000 2.4877371158567117e-03 
83.600000 2.4877373544426179e-03 
83.800000 2.4877375844971372e-03 
84.000000 2.4877378063065635e-03 
84.200000 2.4877380201480648e-03 
84.400000 2.4877382262898850e-03 
84.600000 2.4877384249916905e-03 
84.800000 2.4877386165048044e-03 
85.000000 2.4877388010724590e-03 
85.200000 2.4877389789300926e-03 
85.400000 2.4877391503055441e-03 
85.600000 2.4877393154192984e-03 
85.800000 2.4877394744847658e-03 
86.000000 2.4877396277084162e-03 
86.200000 2.4877397752900684e-03 
86.400000 2.4877399174230825e-03 
86.600000 2.4877400542945480e-03 
86.800000 2.4877401860854860e-03 
87.000000 2.4877403129710345e-03 
87.200000 2.4877404351206457e-03 
87.400000 2.4877405526982791e-03 
87.600000 2.4877406658624862e-03 
87.800000 2.4877407747667182e-03 
88.000000 2.4877408795593902e-03 
88.200000 2.4877409803840509e-03 
88.400000 2.4877410773795528e-03 
88.600000 2.4877411706802030e-03 
88.800000 2.4877412604159062e-03 
89.000000 2.4877413467122660e-03 
89.200000 2.4877414296907876e-03 
89.400000 2.4877415094689309e-03 
89.600000 2.4877415861603090e-03 
89.800000 2.4877416598747559e-03 
90.000000 2.4877417307184804e-03 
90.200000 2.4877417987941583e-03 
90.400000 2.4877418642010362e-03 
90.600000 2.4877419270350918e-03 
90.800000 2.4877419873890788e-03 
91.000000 2.4877420453526394e-03 
91.200000 2.4877421010124413e-03 
91.400000 2.4877421544522199e-03 
91.600000 2.4877422057529011e-03 
91.800000 2.4877422549927069e-03 
92.000000 2.4877423022471941e-03 
92.200000 2.4877423475893790e-03 
92.400000 2.4877423910897871e-03 
92.600000 2.4877424328165715e-03 
92.800000 2.4877424728355340e-03 
93.000000 2.4877425112102640e-03 
93.200000 2.4877425480021565e-03 
93.400000 2.4877425832705012e-03 
93.600000 2.4877426170725712e-03 
93.800000 2.4877426494636437e-03 
94.000000 2.4877426804970995e-03 
94.200000 2.4877427102244659e-03 
94.400000 2.4877427386954896e-03 
94.600000 2.4877427659581583e-03 
94.800000 2.4877427920588385e-03 
95.000000 2.4877428170422353e-03 
95.200000 2.4877428409514867e-03 
95.400000 2.4877428638282106e-03 
95.600000 2.4877428857125994e-03 
95.800000 2.4877429066433661e-03 
96.000000 2.4877429266578891e-03 
96.200000 2.4877429457921948e-03 
96.400000 2.4877429640810284e-03 
96.600000 2.4877429815579038e-03 
96.800000 2.4877429982551047e-03 
97.000000 2.4877430142038045e-03 
97.200000 2.4877430294339789e-03 
97.400000 2.4877430439745611e-03 
97.600000 2.4877430578534323e-03 
97.800000 2.4877430710974384e-03 
98.000000 2.4877430837324513e-03 
98.200000 2.4877430957833770e-03 
98.400000 2.4877431072742517e-03 
98.600000 2.4877431182281614e-03 
98.800000 2.4877431286673725e-03 
99.000000 2.4877431386132868e-03 
99.200000 2.4877431480865610e-03 
99.400000 2.4877431571070359e-03 
99.600000 2.4877431656937983e-03 
99.800000 2.4877431738652548e-03 
100.000000 2.4877431816390529e-03 
100.200000 2.4877431890322336e-03 
100.400000 2.4877431960611276e-03 
100.600000 2.4877432027414830e-03 
100.800000 2.4877432090884360e-03 
101.000000 2.4877432151164925e-03 
101.200000 2.4877432208396397e-03 
101.400000 2.4877432262713083e-03 
101.600000 2.4877432314244028e-03 
101.800000 2.4877432363113201e-03 
102.000000 2.4877432409439446e-03 
102.200000 2.4877432453337318e-03 
102.400000 2.4877432494916493e-03 
102.600000 2.4877432534282343e-03 
102.800000 2.4877432571535937e-03 
103.000000 2.4877432606774377e-03 
103.200000 2.4877432640090917e-03 
103.400000 2.4877432671574799e-03 
103.600000 2.4877432701311563e-03 
103.800000 2.4877432729383479e-03 
104.000000 2.4877432755869284e-03 
104.200000 2.4877432780844606e-03 
104.400000 2.4877432804381546e-03 
104.600000 2.4877432826549517e-03 
104.800000 2.4877432847414901e-03 
105.000000 2.4877432867041250e-03 
105.200000 2.4877432885489609e-03 
105.400000 2.4877432902818040e-03 
105.600000 2.4877432919082295e-03 
105.800000 2.4877432934335936e-03 
106.000000 2.4877432948630040e-03 
106.200000 2.4877432962013071e-03 
106.400000 2.4877432974532055e-03 
106.600000 2.4877432986231476e-03 
106.800000 2.4877432997154020e-03 
107.000000 2.4877433007340346e-03 
107.200000 2.4877433016829431e-03 
107.400000 2.4877433025658445e-03 
107.600000 2.4877433033862772e-03 
107.800000 2.4877433041476465e-03 
108.000000 2.4877433048531498e-03 
108.200000 2.4877433055058976e-03 
108.400000 2.4877433061088160e-03 
108.600000 2.4877433066647155e-03 
108.800000 2.4877433071762265e-03 
109.000000 2.4877433076459341e-03 
109.200000 2.4877433080762517e-03 
109.400000 2.4877433084694671e-03 
109.600000 2.4877433088277851e-03 
109.800000 2.4877433091532934e-03 
110.000000 2.4877433094479756e-03 
110.200000 2.4877433097137045e-03 
110.400000 2.4877433099522932e-03 
110.600000 2.4877433101654438e-03 
110.800000 2.4877433103547672e-03 
111.000000 2.4877433105218011e-03 
111.200000 2.4877433106679950e-03 
111.400000 2.4877433107947438e-03 
111.600000 2.4877433109033406e-03 
111.800000 2.4877433109950580e-03 
112.000000 2.4877433110710259e-03 
112.200000 2.4877433111323960e-03 
112.400000 2.4877433111802072e-03 
112.600000 2.4877433112154589e-03 
112.800000 2.4877433112390729e-03 
113.000000 2.4877433112519714e-03 
113.200000 2.4877433112549790e-03 
113.400000 2.4877433112488832e-03 
113.600000 2.4877433112344260e-03 
113.800000 2.4877433112123377e-03 
114.000000 2.4877433111832486e-03 
114.200000 2.4877433111478021e-03 
114.400000 2.4877433111065994e-03 
114.600000 2.4877433110601578e-03 
114.800000 2.4877433110090286e-03 
115.000000 2.4877433109536679e-03 
115.200000 2.4877433108945542e-03 
115.400000 2.4877433108321137e-03 
115.600000 2.4877433107667194e-03 
115.800000 2.4877433106987850e-03 
116.000000 2.4877433106286271e-03 
116.200000 2.4877433105565936e-03 
116.400000 2.4877433104829681e-03 
116.600000 2.4877433104080471e-03 
116.800000 2.4877433103320831e-03 
117.000000 2.4877433102553272e-03 
117.200000 2.4877433101780006e-03 
117.400000 2.4877433101003149e-03 
117.600000 2.4877433100224553e-03 
117.800000 2.4877433099446083e-03 
118.000000 2.4877433098669396e-03 
118.200000 2.4877433097895878e-03 
118.400000 2.4877433097126862e-03 
118.600000 2.4877433096363814e-03 
118.800000 2.4877433095607704e-03 
119.000000 2.4877433094859626e-03 
119.200000 2.4877433094120478e-03 
119.400000 2.4877433093391135e-03 
119.600000 2.4877433092672296e-03 
119.800000 2.4877433091964689e-03 
120.000000 2.4877433091268926e-03 
120.200000 2.4877433090585497e-03 
120.400000 2.4877433089914806e-03 
120.600000 2.4877433089257241e-03 
120.800000 2.4877433088613277e-03 
121.000000 2.4877433087983113e-03 
121.200000 2.4877433087366887e-03 
121.400000 2.4877433086764851e-03 
121.600000 2.4877433086177279e-03 
121.800000 2.4877433085604087e-03 
122.000000 2.4877433085045194e-03 
122.200000 2.4877433084500964e-03 
122.400000 2.4877433083971205e-03 
122.600000 2.4877433083455819e-03 
122.800000 2.4877433082954787e-03 
123.000000 2.4877433082468163e-03 
123.200000 2.4877433081995715e-03 
123.400000 2.4877433081537145e-03 
123.600000 2.4877433081092583e-03 
123.800000 2.4877433080661739e-03 
124.000000 2.4877433080244360e-03 
124.200000 2.4877433079840278e-03 
124.400000 2.4877433079449405e-03 
124.600000 2.4877433079071361e-03 
124.800000 2.4877433078706024e-03 
125.000000 2.4877433078353017e-03 
125.200000 2.4877433078012222e-03 
125.400000 2.4877433077683396e-03 
125.600000 2.4877433077366141e-03 
125.800000 2.4877433077060305e-03 
126.000000 2.4877433076765615e-03 
126.200000 2.4877433076481710e-03 
126.400000 2.4877433076208491e-03 
126.600000 2.4877433075945516e-03 
126.800000 2.4877433075692632e-03 
127.000000 2.4877433075449480e-03 
127.200000 2.4877433075215934e-03 
127.400000 2.4877433074991483e-03 
127.600000 2.4877433074776000e-03 
127.800000 2.4877433074569351e-03 
128.000000 2.4877433074371115e-03 
128.200000 2.4877433074180981e-03 
128.400000 2.4877433073998870e-03 
128.600000 2.4877433073824361e-03 
128.800000 2.4877433073657355e-03 
129.000000 2.4877433073497469e-03 
129.200000 2.4877433073344488e-03 
129.400000 2.4877433073198334e-03 
129.600000 2.4877433073058615e-03 
129.800000 2.4877433072925071e-03 
130.000000 2.4877433072797595e-03 
130.200000 2.4877433072676026e-03 
130.400000 2.4877433072559947e-03 
130.600000 2.4877433072449245e-03 
130.800000 2.4877433072343744e-03 
131.000000 2.4877433072243321e-03 
131.200000 2.4877433072147655e-03 
131.400000 2.4877433072056517e-03 
131.600000 2.4877433071969859e-03 
131.800000 2.4877433071887585e-03 
132.000000 2.4877433071809280e-03 
132.200000 2.4877433071734843e-03 
132.400000 2.4877433071664162e-03 
132.600000 2.4877433071597188e-03 
132.800000 2.4877433071533580e-03 
133.000000 2.4877433071473273e-03 
133.200000 2.4877433071416157e-03 
133.400000 2.4877433071362064e-03 
133.600000 2.4877433071310768e-03 
133.800000 2.4877433071262296e-03 
134.000000 2.4877433071216403e-03 
134.200000 2.4877433071173044e-03 
134.400000 2.4877433071132131e-03 
134.600000 2.4877433071093468e-03 
134.800000 2.4877433071056930e-03 
135.000000 2.4877433071022539e-03 
135.200000 2.4877433070990065e-03 
135.400000 2.4877433070959595e-03 
135.600000 2.4877433070930950e-03 
135.800000 2.4877433070903863e-03 
136.000000 2.4877433070878388e-03 
136.200000 2.4877433070854466e-03 
136.400000 2.4877433070831867e-03 
136.600000 2.4877433070810730e-03 
136.800000 2.4877433070790984e-03 
137.000000 2.4877433070772336e-03 
137.200000 2.4877433070754846e-03 
137.400000 2.4877433070738695e-03 
137.600000 2.4877433070723464e-03 
137.800000 2.4877433070709240e-03 
138.000000 2.4877433070695726e-03 
138.200000 2.4877433070683193e-03 
138.400000 2.4877433070671592e-03 
138.600000 2.4877433070660750e-03 
138.800000 2.4877433070650628e-03 
139.000000 2.4877433070641134e-03 
139.200000 2.4877433070632331e-03 
139.400000 2.4877433070624355e-03 
139.600000 2.4877433070616835e-03 
139.800000 2.4877433070609766e-03 
140.000000 2.4877433070603343e-03 
140.200000 2.4877433070597259e-03 
140.400000 2.4877433070591734e-03 
140.600000 2.4877433070586491e-03 
140.800000 2.4877433070581738e-03 
141.000000 2.4877433070577145e-03 
141.200000 2.4877433070573073e-03 
141.400000 2.4877433070569243e-03 
141.600000 2.4877433070565696e-03 
141.800000 2.4877433070562430e-03 
142.000000 2.4877433070559485e-03 
142.200000 2.4877433070557044e-03 
142.400000 2.4877433070554528e-03 
142.600000 2.4877433070552091e-03 
142.800000 2.4877433070549849e-03 
143.000000 2.4877433070547767e-03 
143.200000 2.4877433070546284e-03 
143.400000 2.4877433070544719e-03 
143.600000 2.4877433070543196e-03 
143.800000 2.4877433070541878e-03 
144.000000 2.4877433070540520e-03 
144.200000 2.4877433070539102e-03 
144.400000 2.4877433070537693e-03 
144.600000 2.4877433070536687e-03 
144.800000 2.4877433070535928e-03 
145.000000 2.4877433070535178e-03 
145.200000 2.4877433070534432e-03 
145.400000 2.4877433070533686e-03 
145.600000 2.4877433070532914e-03 
145.800000 2.4877433070532163e-03 
146.000000 2.4877433070531656e-03 
146.200000 2.4877433070531595e-03 
146.400000 2.4877433070531296e-03 
146.600000 2.4877433070530654e-03 
146.800000 2.4877433070530069e-03 
147.000000 2.4877433070529362e-03 
147.200000 2.4877433070528746e-03 
147.400000 2.4877433070528091e-03 
147.600000 2.4877433070527406e-03 
147.800000 2.4877433070526660e-03 
148.000000 2.4877433070526274e-03 
148.200000 2.4877433070526252e-03 
148.400000 2.4877433070526239e-03 
148.600000 2.4877433070526200e-03 
148.800000 2.4877433070526135e-03 
149.000000 2.4877433070526066e-03 
149.200000 2.4877433070525992e-03 
149.400000 2.4877433070525914e-03 
149.600000 2.4877433070525832e-03 
149.800000 2.4877433070525758e-03 
