0.000000 4.1302169948478212e-03 
0.200000 4.1302167882692120e-03 
0.400000 4.1302093992427128e-03 
0.600000 4.1301813854277532e-03 
0.800000 4.1301210028120974e-03 
1.000000 4.1300180073914642e-03 
1.200000 4.1298636959505655e-03 
1.400000 4.1296502377672177e-03 
1.600000 4.1293708069250427e-03 
1.800000 4.1290200966994694e-03 
2.000000 4.1285940497331345e-03 
2.200000 4.1280893751142571e-03 
2.400000 4.1275033685489425e-03 
2.600000 4.1268338890184759e-03 
2.800000 4.1260791813792809e-03 
3.000000 4.1252379665900679e-03 
3.200000 4.1243134618259743e-03 
3.400000 4.1233103913641692e-03 
3.600000 4.1222283053207196e-03 
3.800000 4.1210652060412519e-03 
4.000000 4.1198186484156215e-03 
4.200000 4.1184866369439344e-03 
4.400000 4.1170673670754927e-03 
4.600000 4.1155589379071982e-03 
4.800000 4.1139600564050758e-03 
5.000000 4.1122697627245615e-03 
5.200000 4.1104871756497529e-03 
5.400000 4.1086117507754026e-03 
5.600000 4.1066433318861255e-03 
5.800000 4.1045819506140245e-03 
6.000000 4.1024275865757772e-03 
6.200000 4.1001803151383964e-03 
6.400000 4.0978402087865603e-03 
6.600000 4.0954072466523536e-03 
6.800000 4.0928813968253795e-03 
7.000000 4.0902626515133111e-03 
7.200000 4.0875509742630701e-03 
7.400000 4.0847462834346527e-03 
7.600000 4.0818485637154510e-03 
7.800000 4.0788578190665403e-03 
8.000000 4.0757740130012180e-03 
8.200000 4.0725971644258070e-03 
8.400000 4.0693272842956896e-03 
8.600000 4.0659643445248566e-03 
8.800000 4.0625083274077704e-03 
9.000000 4.0589591885864321e-03 
9.200000 4.0553168398921018e-03 
9.400000 4.0515811496665858e-03 
9.600000 4.0477519027792433e-03 
9.800000 4.0438288343233597e-03 
10.000000 4.0398116113351881e-03 
10.200000 4.0356998338796166e-03 
10.400000 4.0314930425147310e-03 
10.600000 4.0271907130224032e-03 
10.800000 4.0227922660096369e-03 
11.000000 4.0182970613614338e-03 
11.200000 4.0137044026671148e-03 
11.400000 4.0090135329774136e-03 
11.600000 4.0042236362880417e-03 
11.800000 3.9993338299828271e-03 
12.000000 3.9943431695216762e-03 
12.200000 3.9892506413987568e-03 
12.400000 3.9840551648086166e-03 
12.600000 3.9787555931866773e-03 
12.800000 3.9733507089439492e-03 
13.000000 3.9678392252854213e-03 
13.200000 3.9622197855727617e-03 
13.400000 3.9564909602900341e-03 
13.600000 3.9506512452893881e-03 
13.800000 3.9446990580899932e-03 
14.000000 3.9386327328874270e-03 
14.200000 3.9324505132876178e-03 
14.400000 3.9261505434758951e-03 
14.600000 3.9197308562646813e-03 
14.800000 3.9131894718718108e-03 
15.000000 3.9065240955780600e-03 
15.200000 3.8997323255160277e-03 
15.400000 3.8928115604902778e-03 
15.600000 3.8857589665115357e-03 
15.800000 3.8785714385075262e-03 
16.000000 3.8712455546602506e-03 
16.200000 3.8637775253423704e-03 
16.400000 3.8561631366798989e-03 
16.600000 3.8483976873173943e-03 
16.800000 3.8404759207504614e-03 
17.000000 3.8323919529148986e-03 
17.200000 3.8241391965099401e-03 
17.400000 3.8157102837673338e-03 
17.600000 3.8070969871533381e-03 
17.800000 3.7982901463007477e-03 
18.000000 3.7892795987768818e-03 
18.200000 3.7800541190378774e-03 
18.400000 3.7706013664177895e-03 
18.600000 3.7609078510810121e-03 
18.800000 3.7509589195392412e-03 
19.000000 3.7407387629243964e-03 
19.200000 3.7302304525391552e-03 
19.400000 3.7194160064354183e-03 
19.600000 3.7082764902045796e-03 
19.800000 3.6967921549176169e-03 
20.000000 3.6849426142387255e-03 
20.200000 3.6727070617557467e-03 
20.400000 3.6600645286461505e-03 
20.600000 3.6469941803946864e-03 
20.800000 3.6334756498978076e-03 
21.000000 3.6194894029917615e-03 
21.200000 3.6050171308425068e-03 
21.400000 3.5900421621419660e-03 
21.600000 3.5745498867442460e-03 
21.800000 3.5585281812596944e-03 
22.000000 3.5419678261541404e-03 
22.200000 3.5248629032705167e-03 
22.400000 3.5072111624182933e-03 
22.600000 3.4890143458729756e-03 
22.800000 3.4702784601990454e-03 
23.000000 3.4510139858295410e-03 
23.200000 3.4312360162916679e-03 
23.400000 3.4109643207772457e-03 
23.600000 3.3902233258500348e-03 
23.800000 3.3690420144299152e-03 
24.000000 3.3474537426078227e-03 
24.200000 3.3254959772966264e-03 
24.400000 3.3032099600611119e-03 
24.600000 3.2806403045747660e-03 
24.800000 3.2578345369865297e-03 
25.000000 3.2348425899268512e-03 
25.200000 3.2117162619153482e-03 
25.400000 3.1885086545185310e-03 
25.600000 3.1652735997409012e-03 
25.800000 3.1420650898458025e-03 
26.000000 3.1189367211331394e-03 
26.200000 3.0959411621979370e-03 
26.400000 3.0731296559281165e-03 
26.600000 3.0505515630451217e-03 
26.800000 3.0282539534159185e-03 
27.000000 3.0062812497387509e-03 
27.200000 2.9846749265964138e-03 
27.400000 2.9634732663289215e-03 
27.600000 2.9427111717514479e-03 
27.800000 2.9224200344679478e-03 
28.000000 2.9026276564259180e-03 
28.200000 2.8833582214426129e-03 
28.400000 2.8646323127095950e-03 
28.600000 2.8464669717486180e-03 
28.800000 2.8288757939382340e-03 
29.000000 2.8118690555431155e-03 
29.200000 2.7954538671388159e-03 
29.400000 2.7796343484145485e-03 
29.600000 2.7644118195315434e-03 
29.800000 2.7497850044966962e-03 
30.000000 2.7357502423568532e-03 
30.200000 2.7223017024105988e-03 
30.400000 2.7094316000534548e-03 
30.600000 2.6971304103037201e-03 
30.800000 2.6853870764869431e-03 
31.000000 2.6741892119755278e-03 
31.200000 2.6635232932790708e-03 
31.400000 2.6533748431526428e-03 
31.600000 2.6437286027316421e-03 
31.800000 2.6345686920088624e-03 
32.000000 2.6258787582415922e-03 
32.200000 2.6176421121132474e-03 
32.400000 2.6098418516768310e-03 
32.600000 2.6024609742770276e-03 
32.800000 2.5954824767872192e-03 
33.000000 2.5888894446088814e-03 
33.200000 2.5826651299664370e-03 
33.400000 2.5767930200943671e-03 
33.600000 2.5712568959571818e-03 
33.800000 2.5660408821690140e-03 
34.000000 2.5611294887924753e-03 
34.200000 2.5565076456963674e-03 
34.400000 2.5521607301417591e-03 
34.600000 2.5480745882484699e-03 
34.800000 2.5442355509691247e-03 
35.000000 2.5406304451691141e-03 
35.200000 2.5372466003773645e-03 
35.400000 2.5340718517371493e-03 
35.600000 2.5310945396489993e-03 
35.800000 2.5283035065590885e-03 
36.000000 2.5256880913080851e-03 
36.200000 2.5232381214171755e-03 
36.400000 2.5209439036504543e-03 
36.600000 2.5187962131571233e-03 
36.800000 2.5167862814620568e-03 
37.000000 2.5149057835415203e-03 
37.200000 2.5131468241902043e-03 
37.400000 2.5115019238584079e-03 
37.600000 2.5099640041130462e-03 
37.800000 2.5085263728538356e-03 
38.000000 2.5071827093960074e-03 
38.200000 2.5059270495143044e-03 
38.400000 2.5047537705275669e-03 
38.600000 2.5036575764913224e-03 
38.800000 2.5026334835550699e-03 
39.000000 2.5016768055324558e-03 
39.200000 2.5007831397252521e-03 
39.400000 2.4999483530364981e-03 
39.600000 2.4991685684029193e-03 
39.800000 2.4984401515730911e-03 
40.000000 2.4977596982538597e-03 
40.200000 2.4971240216448225e-03 
40.400000 2.4965301403775432e-03 
40.600000 2.4959752668736830e-03 
40.800000 2.4954567961334279e-03 
41.000000 2.4949722949631132e-03 
41.200000 2.4945194916485757e-03 
41.400000 2.4940962660780432e-03 
41.600000 2.4937006403158647e-03 
41.800000 2.4933307696263750e-03 
42.000000 2.4929849339444163e-03 
42.200000 2.4926615297872663e-03 
42.400000 2.4923590626004560e-03 
42.600000 2.4920761395280789e-03 
42.800000 2.4918114625971342e-03 
43.000000 2.4915638223028213e-03 
43.200000 2.4913320915820594e-03 
43.400000 2.4911152201600203e-03 
43.600000 2.4909122292547221e-03 
43.800000 2.4907222066236738e-03 
44.000000 2.4905443019363868e-03 
44.200000 2.4903777224562283e-03 
44.400000 2.4902217290152413e-03 
44.600000 2.4900756322654605e-03 
44.800000 2.4899387891909120e-03 
45.000000 2.4898105998642480e-03 
45.200000 2.4896905044330085e-03 
45.400000 2.4895779803205858e-03 
45.600000 2.4894725396278784e-03 
45.800000 2.4893737267220493e-03 
46.000000 2.4892811159993849e-03 
46.200000 2.4891943098103594e-03 
46.400000 2.4891129365349715e-03 
46.600000 2.4890366487977651e-03 
46.800000 2.4889651218124591e-03 
47.000000 2.4888980518461539e-03 
47.200000 2.4888351547948124e-03 
47.400000 2.4887761648612894e-03 
47.600000 2.4887208333284265e-03 
47.800000 2.4886689274198452e-03 
48.000000 2.4886202292420880e-03 
48.200000 2.4885745348016664e-03 
48.400000 2.4885316530915032e-03 
48.600000 2.4884914052415346e-03 
48.800000 2.4884536237284724e-03 
49.000000 2.4884181516404446e-03 
49.200000 2.4883848419924061e-03 
49.400000 2.4883535570882041e-03 
49.600000 2.4883241679263318e-03 
49.800000 2.4882965536456706e-03 
50.000000 2.4882706010085839e-03 
50.200000 2.4882462039184329e-03 
50.400000 2.4882232629691828e-03 
50.600000 2.4882016850246162e-03 
50.800000 2.4881813828252176e-03 
51.000000 2.4881622746204595e-03 
51.200000 2.4881442838251226e-03 
51.400000 2.4881273386975935e-03 
51.600000 2.4881113720387144e-03 
51.800000 2.4880963209099748e-03 
52.000000 2.4880821263693772e-03 
52.200000 2.4880687332239971e-03 
52.400000 2.4880560897980936e-03 
52.600000 2.4880441477157433e-03 
52.800000 2.4880328616967719e-03 
53.000000 2.4880221893656533e-03 
53.200000 2.4880120910719130e-03 
53.400000 2.4880025297217096e-03 
53.600000 2.4879934706197242e-03 
53.800000 2.4879848813206882e-03 
54.000000 2.4879767314899348e-03 
54.200000 2.4879689927725596e-03 
54.400000 2.4879616386702902e-03 
54.600000 2.4879546444260257e-03 
54.800000 2.4879479869152304e-03 
55.000000 2.4879416445439534e-03 
55.200000 2.4879355971528690e-03 
55.400000 2.4879298259272964e-03 
55.600000 2.4879243133124314e-03 
55.800000 2.4879190429337996e-03 
56.000000 2.4879139995224878e-03 
56.200000 2.4879091688447736e-03 
56.400000 2.4879045376361309e-03 
56.600000 2.4879000935390774e-03 
56.800000 2.4878958250448475e-03 
57.000000 2.4878917214385607e-03 
57.200000 2.4878877727476374e-03 
57.400000 2.4878839696934932e-03 
57.600000 2.4878803036459348e-03 
57.800000 2.4878767665805169e-03 
58.000000 2.4878733510384078e-03 
58.200000 2.4878700500886503e-03 
58.400000 2.4878668572928726e-03 
58.600000 2.4878637666719862e-03 
58.800000 2.4878607726750795e-03 
59.000000 2.4878578701501542e-03 
59.200000 2.4878550543166577e-03 
59.400000 2.4878523207397798e-03 
59.600000 2.4878496653063199e-03 
59.800000 2.4878470842020573e-03 
60.000000 2.4878445738905721e-03 
60.200000 2.4878421310934023e-03 
60.400000 2.4878397527713886e-03 
60.600000 2.4878374361073821e-03 
60.800000 2.4878351784898612e-03 
61.000000 2.4878329774977621e-03 
61.200000 2.4878308308861983e-03 
61.400000 2.4878287365731728e-03 
61.600000 2.4878266926272063e-03 
61.800000 2.4878246972556179e-03 
62.000000 2.4878227487938115e-03 
62.200000 2.4878208456951289e-03 
62.400000 2.4878189865214550e-03 
62.600000 2.4878171699344591e-03 
62.800000 2.4878153946874429e-03 
63.000000 2.4878136596177616e-03 
63.200000 2.4878119636397833e-03 
63.400000 2.4878103057383379e-03 
63.600000 2.4878086849626601e-03 
63.800000 2.4878071004207332e-03 
64.000000 2.4878055512741557e-03 
64.200000 2.4878040367332112e-03 
64.400000 2.4878025560525195e-03 
64.600000 2.4878011085268624e-03 
64.800000 2.4877996934874109e-03 
65.000000 2.4877983102982696e-03 
65.200000 2.4877969583532006e-03 
65.400000 2.4877956370727397e-03 
65.600000 2.4877943459014349e-03 
65.800000 2.4877930843054700e-03 
66.000000 2.4877918517703206e-03 
66.200000 2.4877906477987046e-03 
66.400000 2.4877894719087502e-03 
66.600000 2.4877883236322919e-03 
66.800000 2.4877872025132709e-03 
67.000000 2.4877861081064362e-03 
67.200000 2.4877850399760097e-03 
67.400000 2.4877839976946586e-03 
67.600000 2.4877829808423232e-03 
67.800000 2.4877819890055572e-03 
68.000000 2.4877810217765585e-03 
68.200000 2.4877800787525164e-03 
68.400000 2.4877791595350383e-03 
68.600000 2.4877782637295781e-03 
68.800000 2.4877773909449835e-03 
69.000000 2.4877765407931179e-03 
69.200000 2.4877757128885227e-03 
69.400000 2.4877749068481772e-03 
69.600000 2.4877741222911515e-03 
69.800000 2.4877733588385791e-03 
70.000000 2.4877726161134685e-03 
70.200000 2.4877718937405579e-03 
70.400000 2.4877711913462953e-03 
70.600000 2.4877705085588173e-03 
70.800000 2.4877698450078960e-03 
71.000000 2.4877692003249826e-03 
71.200000 2.4877685741432295e-03 
71.400000 2.4877679660976009e-03 
71.600000 2.4877673758248379e-03 
71.800000 2.4877668029636506e-03 
72.000000 2.4877662471547725e-03 
72.200000 2.4877657080410519e-03 
72.400000 2.4877651852675811e-03 
72.600000 2.4877646784818405e-03 
72.800000 2.4877641873337448e-03 
73.000000 2.4877637114759212e-03 
73.200000 2.4877632505636753e-03 
73.400000 2.4877628042552355e-03 
73.600000 2.4877623722118431e-03 
73.800000 2.4877619540978812e-03 
74.000000 2.4877615495810441e-03 
74.200000 2.4877611583324060e-03 
74.400000 2.4877607800266053e-03 
74.600000 2.4877604143419226e-03 
74.800000 2.4877600609603937e-03 
75.000000 2.4877597195680106e-03 
75.200000 2.4877593898547201e-03 
75.400000 2.4877590715145373e-03 
75.600000 2.4877587642457514e-03 
75.800000 2.4877584677509036e-03 
76.000000 2.4877581817368804e-03 
76.200000 2.4877579059150736e-03 
76.400000 2.4877576400013945e-03 
76.600000 2.4877573837163249e-03 
76.800000 2.4877571367850344e-03 
77.000000 2.4877568989373770e-03 
77.200000 2.4877566699079848e-03 
77.400000 2.4877564494363061e-03 
77.600000 2.4877562372665829e-03 
77.800000 2.4877560331479720e-03 
78.000000 2.4877558368345013e-03 
78.200000 2.4877556480850855e-03 
78.400000 2.4877554666636317e-03 
78.600000 2.4877552923388857e-03 
78.800000 2.4877551248846034e-03 
79.000000 2.4877549640794083e-03 
79.200000 2.4877548097068784e-03 
79.400000 2.4877546615554805e-03 
79.600000 2.4877545194185832e-03 
79.800000 2.4877543830943826e-03 
80.000000 2.4877542523859411e-03 
80.200000 2.4877541271011161e-03 
80.400000 2.4877540070525317e-03 
80.600000 2.4877538920575325e-03 
80.800000 2.4877537819381719e-03 
81.000000 2.4877536765211174e-03 
81.200000 2.4877535756376436e-03 
81.400000 2.4877534791235552e-03 
81.600000 2.4877533868191315e-03 
81.800000 2.4877532985691075e-03 
82.000000 2.4877532142225621e-03 
82.200000 2.4877531336328631e-03 
82.400000 2.4877530566576713e-03 
82.600000 2.4877529831587764e-03 
82.800000 2.4877529130020682e-03 
83.000000 2.4877528460575168e-03 
83.200000 2.4877527821990267e-03 
83.400000 2.4877527213043979e-03 
83.600000 2.4877526632552821e-03 
83.800000 2.4877526079370590e-03 
84.000000 2.4877525552387783e-03 
84.200000 2.4877525050530881e-03 
84.400000 2.4877524572761872e-03 
84.600000 2.4877524118076888e-03 
84.800000 2.4877523685506186e-03 
85.000000 2.4877523274112654e-03 
85.200000 2.4877522882991582e-03 
85.400000 2.4877522511269493e-03 
85.600000 2.4877522158104075e-03 
85.800000 2.4877521822682306e-03 
86.000000 2.4877521504220882e-03 
86.200000 2.4877521201964558e-03 
86.400000 2.4877520915186084e-03 
86.600000 2.4877520643184947e-03 
86.800000 2.4877520385286913e-03 
87.000000 2.4877520140843394e-03 
87.200000 2.4877519909230427e-03 
87.400000 2.4877519689848072e-03 
87.600000 2.4877519482120096e-03 
87.800000 2.4877519285492525e-03 
88.000000 2.4877519099433705e-03 
88.200000 2.4877518923433393e-03 
88.400000 2.4877518757001763e-03 
88.600000 2.4877518599669252e-03 
88.800000 2.4877518450985557e-03 
89.000000 2.4877518310519289e-03 
89.200000 2.4877518177857227e-03 
89.400000 2.4877518052603752e-03 
89.600000 2.4877517934380291e-03 
89.800000 2.4877517822824258e-03 
90.000000 2.4877517717589448e-03 
90.200000 2.4877517618344816e-03 
90.400000 2.4877517524774101e-03 
90.600000 2.4877517436574909e-03 
90.800000 2.4877517353459138e-03 
91.000000 2.4877517275151725e-03 
91.200000 2.4877517201390108e-03 
91.400000 2.4877517131924290e-03 
91.600000 2.4877517066515843e-03 
91.800000 2.4877517004937700e-03 
92.000000 2.4877516946974101e-03 
92.200000 2.4877516892419429e-03 
92.400000 2.4877516841077915e-03 
92.600000 2.4877516792764071e-03 
92.800000 2.4877516747301206e-03 
93.000000 2.4877516704521524e-03 
93.200000 2.4877516664266173e-03 
93.400000 2.4877516626384197e-03 
93.600000 2.4877516590732333e-03 
93.800000 2.4877516557175322e-03 
94.000000 2.4877516525584468e-03 
94.200000 2.4877516495838050e-03 
94.400000 2.4877516467821520e-03 
94.600000 2.4877516441425915e-03 
94.800000 2.4877516416548584e-03 
95.000000 2.4877516393092499e-03 
95.200000 2.4877516370966106e-03 
95.400000 2.4877516350083214e-03 
95.600000 2.4877516330362092e-03 
95.800000 2.4877516311726487e-03 
96.000000 2.4877516294103978e-03 
96.200000 2.4877516277426750e-03 
96.400000 2.4877516261630987e-03 
96.600000 2.4877516246656823e-03 
96.800000 2.4877516232447955e-03 
97.000000 2.4877516218951411e-03 
97.200000 2.4877516206118070e-03 
97.400000 2.4877516193901380e-03 
97.600000 2.4877516182258146e-03 
97.800000 2.4877516171147801e-03 
98.000000 2.4877516160532287e-03 
98.200000 2.4877516150376721e-03 
98.400000 2.4877516140647793e-03 
98.600000 2.4877516131314951e-03 
98.800000 2.4877516122349666e-03 
99.000000 2.4877516113725332e-03 
99.200000 2.4877516105417429e-03 
99.400000 2.4877516097402941e-03 
99.600000 2.4877516089660836e-03 
99.800000 2.4877516082171358e-03 
100.000000 2.4877516074916502e-03 
100.200000 2.4877516067879431e-03 
100.400000 2.4877516061044933e-03 
100.600000 2.4877516054398613e-03 
100.800000 2.4877516047927509e-03 
101.000000 2.4877516041619603e-03 
101.200000 2.4877516035463933e-03 
101.400000 2.4877516029450535e-03 
101.600000 2.4877516023570183e-03 
101.800000 2.4877516017814557e-03 
102.000000 2.4877516012175929e-03 
102.200000 2.4877516006647730e-03 
102.400000 2.4877516001223440e-03 
102.600000 2.4877515995897523e-03 
102.800000 2.4877515990664885e-03 
103.000000 2.4877515985521079e-03 
103.200000 2.4877515980461849e-03 
103.400000 2.4877515975483527e-03 
103.600000 2.4877515970583080e-03 
103.800000 2.4877515965757574e-03 
104.000000 2.4877515961004262e-03 
104.200000 2.4877515956321255e-03 
104.400000 2.4877515951706422e-03 
104.600000 2.4877515947158008e-03 
104.800000 2.4877515942674658e-03 
105.000000 2.4877515938255081e-03 
105.200000 2.4877515933898193e-03 
105.400000 2.4877515929603170e-03 
105.600000 2.4877515925369183e-03 
105.800000 2.4877515921195568e-03 
106.000000 2.4877515917082109e-03 
106.200000 2.4877515913027948e-03 
106.400000 2.4877515909033227e-03 
106.600000 2.4877515905097364e-03 
106.800000 2.4877515901220336e-03 
107.000000 2.4877515897401979e-03 
107.200000 2.4877515893642296e-03 
107.400000 2.4877515889941211e-03 
107.600000 2.4877515886298643e-03 
107.800000 2.4877515882714639e-03 
108.000000 2.4877515879189343e-03 
108.200000 2.4877515875722563e-03 
108.400000 2.4877515872314447e-03 
108.600000 2.4877515868964987e-03 
108.800000 2.4877515865674316e-03 
109.000000 2.4877515862442188e-03 
109.200000 2.4877515859268824e-03 
109.400000 2.4877515856154028e-03 
109.600000 2.4877515853097957e-03 
109.800000 2.4877515850100333e-03 
110.000000 2.4877515847161187e-03 
110.200000 2.4877515844280271e-03 
110.400000 2.4877515841457603e-03 
110.600000 2.4877515838693000e-03 
110.800000 2.4877515835986098e-03 
111.000000 2.4877515833336733e-03 
111.200000 2.4877515830744670e-03 
111.400000 2.4877515828209580e-03 
111.600000 2.4877515825731155e-03 
111.800000 2.4877515823309134e-03 
112.000000 2.4877515820942954e-03 
112.200000 2.4877515818632207e-03 
112.400000 2.4877515816376624e-03 
112.600000 2.4877515814175680e-03 
112.800000 2.4877515812028687e-03 
113.000000 2.4877515809935448e-03 
113.200000 2.4877515807895149e-03 
113.400000 2.4877515805907381e-03 
113.600000 2.4877515803971408e-03 
113.800000 2.4877515802086752e-03 
114.000000 2.4877515800252759e-03 
114.200000 2.4877515798468722e-03 
114.400000 2.4877515796733946e-03 
114.600000 2.4877515795047791e-03 
114.800000 2.4877515793409492e-03 
115.000000 2.4877515791818382e-03 
115.200000 2.4877515790273801e-03 
115.400000 2.4877515788774827e-03 
115.600000 2.4877515787320799e-03 
115.800000 2.4877515785910972e-03 
116.000000 2.4877515784544535e-03 
116.200000 2.4877515783220754e-03 
116.400000 2.4877515781938655e-03 
116.600000 2.4877515780697681e-03 
116.800000 2.4877515779496888e-03 
117.000000 2.4877515778335443e-03 
117.200000 2.4877515777212691e-03 
117.400000 2.4877515776127565e-03 
117.600000 2.4877515775079489e-03 
117.800000 2.4877515774067668e-03 
118.000000 2.4877515773091049e-03 
118.200000 2.4877515772148960e-03 
118.400000 2.4877515771240780e-03 
118.600000 2.4877515770365317e-03 
118.800000 2.4877515769522094e-03 
119.000000 2.4877515768710157e-03 
119.200000 2.4877515767928733e-03 
119.400000 2.4877515767177155e-03 
119.600000 2.4877515766454574e-03 
119.800000 2.4877515765760073e-03 
120.000000 2.4877515765093119e-03 
120.200000 2.4877515764452837e-03 
120.400000 2.4877515763838494e-03 
120.600000 2.4877515763249542e-03 
120.800000 2.4877515762684933e-03 
121.000000 2.4877515762144042e-03 
121.200000 2.4877515761626448e-03 
121.400000 2.4877515761131145e-03 
121.600000 2.4877515760657410e-03 
121.800000 2.4877515760204851e-03 
122.000000 2.4877515759772670e-03 
122.200000 2.4877515759360118e-03 
122.400000 2.4877515758966735e-03 
122.600000 2.4877515758591814e-03 
122.800000 2.4877515758234651e-03 
123.000000 2.4877515757894906e-03 
123.200000 2.4877515757571688e-03 
123.400000 2.4877515757264568e-03 
123.600000 2.4877515756972970e-03 
123.800000 2.4877515756696346e-03 
124.000000 2.4877515756434165e-03 
124.200000 2.4877515756185830e-03 
124.400000 2.4877515755950953e-03 
124.600000 2.4877515755728956e-03 
124.800000 2.4877515755519350e-03 
125.000000 2.4877515755321626e-03 
125.200000 2.4877515755135533e-03 
125.400000 2.4877515754960174e-03 
125.600000 2.4877515754795497e-03 
125.800000 2.4877515754641089e-03 
126.000000 2.4877515754496240e-03 
126.200000 2.4877515754360836e-03 
126.400000 2.4877515754234279e-03 
126.600000 2.4877515754116162e-03 
126.800000 2.4877515754006367e-03 
127.000000 2.4877515753904374e-03 
127.200000 2.4877515753809827e-03 
127.400000 2.4877515753722436e-03 
127.600000 2.4877515753641668e-03 
127.800000 2.4877515753567473e-03 
128.000000 2.4877515753499663e-03 
128.200000 2.4877515753437530e-03 
128.400000 2.4877515753381034e-03 
128.600000 2.4877515753329886e-03 
128.800000 2.4877515753283837e-03 
129.000000 2.4877515753242607e-03 
129.200000 2.4877515753205810e-03 
129.400000 2.4877515753173349e-03 
129.600000 2.4877515753144951e-03 
129.800000 2.4877515753120470e-03 
130.000000 2.4877515753099514e-03 
130.200000 2.4877515753082063e-03 
130.400000 2.4877515753067925e-03 
130.600000 2.4877515753056792e-03 
130.800000 2.4877515753048496e-03 
131.000000 2.4877515753042902e-03 
131.200000 2.4877515753039914e-03 
131.400000 2.4877515753039168e-03 
131.600000 2.4877515753040668e-03 
131.800000 2.4877515753044198e-03 
132.000000 2.4877515753049710e-03 
132.200000 2.4877515753056862e-03 
132.400000 2.4877515753065848e-03 
132.600000 2.4877515753076421e-03 
132.800000 2.4877515753088200e-03 
133.000000 2.4877515753101444e-03 
133.200000 2.4877515753115782e-03 
133.400000 2.4877515753131234e-03 
133.600000 2.4877515753147623e-03 
133.800000 2.4877515753165013e-03 
134.000000 2.4877515753183167e-03 
134.200000 2.4877515753202128e-03 
134.400000 2.4877515753221695e-03 
134.600000 2.4877515753241762e-03 
134.800000 2.4877515753262405e-03 
135.000000 2.4877515753283490e-03 
135.200000 2.4877515753305010e-03 
135.400000 2.4877515753326659e-03 
135.600000 2.4877515753348673e-03 
135.800000 2.4877515753370981e-03 
136.000000 2.4877515753393351e-03 
136.200000 2.4877515753415850e-03 
136.400000 2.4877515753438414e-03 
136.600000 2.4877515753460953e-03 
136.800000 2.4877515753483569e-03 
137.000000 2.4877515753506125e-03 
137.200000 2.4877515753528512e-03 
137.400000 2.4877515753550950e-03 
137.600000 2.4877515753573072e-03 
137.800000 2.4877515753595077e-03 
138.000000 2.4877515753616861e-03 
138.200000 2.4877515753638510e-03 
138.400000 2.4877515753659843e-03 
138.600000 2.4877515753681076e-03 
138.800000 2.4877515753701832e-03 
139.000000 2.4877515753722445e-03 
139.200000 2.4877515753742724e-03 
139.400000 2.4877515753762704e-03 
139.600000 2.4877515753782245e-03 
139.800000 2.4877515753801535e-03 
140.000000 2.4877515753820400e-03 
140.200000 2.4877515753838923e-03 
140.400000 2.4877515753857194e-03 
140.600000 2.4877515753875092e-03 
140.800000 2.4877515753892582e-03 
141.000000 2.4877515753909669e-03 
141.200000 2.4877515753926453e-03 
141.400000 2.4877515753942798e-03 
141.600000 2.4877515753958779e-03 
141.800000 2.4877515753974331e-03 
142.000000 2.4877515753989588e-03 
142.200000 2.4877515754004394e-03 
142.400000 2.4877515754018766e-03 
142.600000 2.4877515754032926e-03 
142.800000 2.4877515754046669e-03 
143.000000 2.4877515754060009e-03 
143.200000 2.4877515754073011e-03 
143.400000 2.4877515754085601e-03 
143.600000 2.4877515754097826e-03 
143.800000 2.4877515754109787e-03 
144.000000 2.4877515754121366e-03 
144.200000 2.4877515754132447e-03 
144.400000 2.4877515754143271e-03 
144.600000 2.4877515754153866e-03 
144.800000 2.4877515754164114e-03 
145.000000 2.4877515754173898e-03 
145.200000 2.4877515754183474e-03 
145.400000 2.4877515754192694e-03 
145.600000 2.4877515754201641e-03 
145.800000 2.4877515754210280e-03 
146.000000 2.4877515754218571e-03 
146.200000 2.4877515754226677e-03 
146.400000 2.4877515754234418e-03 
146.600000 2.4877515754241886e-03 
146.800000 2.4877515754249189e-03 
147.000000 2.4877515754256185e-03 
147.200000 2.4877515754262894e-03 
147.400000 2.4877515754269351e-03 
147.600000 2.4877515754275601e-03 
147.800000 2.4877515754281533e-03 
148.000000 2.4877515754287306e-03 
148.200000 2.4877515754292891e-03 
148.400000 2.4877515754298165e-03 
148.600000 2.4877515754303213e-03 
148.800000 2.4877515754308075e-03 
149.000000 2.4877515754312754e-03 
149.200000 2.4877515754317277e-03 
149.400000 2.4877515754321588e-03 
149.600000 2.4877515754325682e-03 
149.800000 2.4877515754329724e-03 
