0.000000 4.1302973044003866e-03 
0.200000 4.1302968395219618e-03 
0.400000 4.1302842199382938e-03 
0.600000 4.1302466251763098e-03 
0.800000 4.1301728607071190e-03 
1.000000 4.1300534103141020e-03 
1.200000 4.1298797309262027e-03 
1.400000 4.1296443639498651e-03 
1.600000 4.1293408013175934e-03 
1.800000 4.1289643823716367e-03 
2.000000 4.1285113533469408e-03 
2.200000 4.1279786449831928e-03 
2.400000 4.1273637132850580e-03 
2.600000 4.1266645889258572e-03 
2.800000 4.1258796828711405e-03 
3.000000 4.1250078843731363e-03 
3.200000 4.1240557097483432e-03 
3.400000 4.1230248848824775e-03 
3.600000 4.1219144869683337e-03 
3.800000 4.1207220630437693e-03 
4.000000 4.1194455626677937e-03 
4.200000 4.1180830041915289e-03 
4.400000 4.1166324377780016e-03 
4.600000 4.1150921758208725e-03 
4.800000 4.1134610561592323e-03 
5.000000 4.1117381839749952e-03 
5.200000 4.1099228058376659e-03 
5.400000 4.1080144788564850e-03 
5.600000 4.1060131182250968e-03 
5.800000 4.1039188190213141e-03 
6.000000 4.1017315808726954e-03 
6.200000 4.0994514195656024e-03 
6.400000 4.0970783851086590e-03 
6.600000 4.0946125355888919e-03 
6.800000 4.0920538165447129e-03 
7.000000 4.0894021647452997e-03 
7.200000 4.0866575415017415e-03 
7.400000 4.0838199334856089e-03 
7.600000 4.0808892918723222e-03 
7.800000 4.0778655973087614e-03 
8.000000 4.0747488586915627e-03 
8.200000 4.0715390977549637e-03 
8.400000 4.0682362987611550e-03 
8.600000 4.0648404422040244e-03 
8.800000 4.0613515027330621e-03 
9.000000 4.0577694328763634e-03 
9.200000 4.0540941206035847e-03 
9.400000 4.0503254109843850e-03 
9.600000 4.0464630823814733e-03 
9.800000 4.0425068381815012e-03 
10.000000 4.0384563202091753e-03 
10.200000 4.0343111114211315e-03 
10.400000 4.0300707321940191e-03 
10.600000 4.0257346371936108e-03 
10.800000 4.0213022244919659e-03 
11.000000 4.0167728372330520e-03 
11.200000 4.0121457599957304e-03 
11.400000 4.0074202144482892e-03 
11.600000 4.0025953615528695e-03 
11.800000 3.9976702999814503e-03 
12.000000 3.9926440625504874e-03 
12.200000 3.9875156130769014e-03 
12.400000 3.9822838477667063e-03 
12.600000 3.9769475954366824e-03 
12.800000 3.9715056153208760e-03 
13.000000 3.9659565953668466e-03 
13.200000 3.9602991525497519e-03 
13.400000 3.9545318314756269e-03 
13.600000 3.9486531008729635e-03 
13.800000 3.9426613490180359e-03 
14.000000 3.9365548789705683e-03 
14.200000 3.9303319010508013e-03 
14.400000 3.9239905220938582e-03 
14.600000 3.9175287318255906e-03 
14.800000 3.9109443866261490e-03 
15.000000 3.9042351889611972e-03 
15.200000 3.8973986619741654e-03 
15.400000 3.8904321192143780e-03 
15.600000 3.8833326295338874e-03 
15.800000 3.8760969759613017e-03 
16.000000 3.8687216085819473e-03 
16.200000 3.8612025912108890e-03 
16.400000 3.8535355425082614e-03 
16.600000 3.8457155712708071e-03 
16.800000 3.8377372066838839e-03 
17.000000 3.8295943243661442e-03 
17.200000 3.8212800698249204e-03 
17.400000 3.8127867806304308e-03 
17.600000 3.8041059094666356e-03 
17.800000 3.7952279504638187e-03 
18.000000 3.7861423718882768e-03 
18.200000 3.7768375581944632e-03 
18.400000 3.7673007650472160e-03 
18.600000 3.7575180910707348e-03 
18.800000 3.7474744704238281e-03 
19.000000 3.7371536899756135e-03 
19.200000 3.7265384350629312e-03 
19.400000 3.7156103674722630e-03 
19.600000 3.7043502387679957e-03 
19.800000 3.6927380415384798e-03 
20.000000 3.6807532003231367e-03 
20.200000 3.6683748030023663e-03 
20.400000 3.6555818722237053e-03 
20.600000 3.6423536751727381e-03 
20.800000 3.6286700685861238e-03 
21.000000 3.6145118744372803e-03 
21.200000 3.5998612802151399e-03 
21.400000 3.5847022563143768e-03 
21.600000 3.5690209817565823e-03 
21.800000 3.5528062683661647e-03 
22.000000 3.5360499726761960e-03 
22.200000 3.5187473843455073e-03 
22.400000 3.5008975797580916e-03 
22.600000 3.4825037297776785e-03 
22.800000 3.4635733513625070e-03 
23.000000 3.4441184939255796e-03 
23.200000 3.4241558529034969e-03 
23.400000 3.4037068049205068e-03 
23.600000 3.3827973611254831e-03 
23.800000 3.3614580376598226e-03 
24.000000 3.3397236446665968e-03 
24.200000 3.3176329976673429e-03 
24.400000 3.2952285574016967e-03 
24.600000 3.2725560062580156e-03 
24.800000 3.2496637711251571e-03 
25.000000 3.2266025038088591e-03 
25.200000 3.2034245310328694e-03 
25.400000 3.1801832864776468e-03 
25.600000 3.1569327372966893e-03 
25.800000 3.1337268171270248e-03 
26.000000 3.1106188768147813e-03 
26.200000 3.0876611629778307e-03 
26.400000 3.0649043331871114e-03 
26.600000 3.0423970150429531e-03 
26.800000 3.0201854148200064e-03 
27.000000 2.9983129797284359e-03 
27.200000 2.9768201162454571e-03 
27.400000 2.9557439654652306e-03 
27.600000 2.9351182350353618e-03 
27.800000 2.9149730860296222e-03 
28.000000 2.8953350720654887e-03 
28.200000 2.8762271271250404e-03 
28.400000 2.8576685978802998e-03 
28.600000 2.8396753158531547e-03 
28.800000 2.8222597044459553e-03 
29.000000 2.8054309157447351e-03 
29.200000 2.7891949920042063e-03 
29.400000 2.7735550468527314e-03 
29.600000 2.7585114614831997e-03 
29.800000 2.7440620914018425e-03 
30.000000 2.7302024796710192e-03 
30.200000 2.7169260729849759e-03 
30.400000 2.7042244373427201e-03 
30.600000 2.6920874705143685e-03 
30.800000 2.6805036089251151e-03 
31.000000 2.6694600269935517e-03 
31.200000 2.6589428273506503e-03 
31.400000 2.6489372207276615e-03 
31.600000 2.6394276946295038e-03 
31.800000 2.6303981702055917e-03 
32.000000 2.6218321469885070e-03 
32.200000 2.6137128353951092e-03 
32.400000 2.6060232770749509e-03 
32.600000 2.5987464533483644e-03 
32.800000 2.5918653821050052e-03 
33.000000 2.5853632036342967e-03 
33.200000 2.5792232559363002e-03 
33.400000 2.5734291401162098e-03 
33.600000 2.5679647765025331e-03 
33.800000 2.5628144521496108e-03 
34.000000 2.5579628603920627e-03 
34.200000 2.5533951331155112e-03 
34.400000 2.5490968663942457e-03 
34.600000 2.5450541401276431e-03 
34.800000 2.5412535322809453e-03 
35.000000 2.5376821283072215e-03 
35.200000 2.5343275262949458e-03 
35.400000 2.5311778383515352e-03 
35.600000 2.5282216886985775e-03 
35.800000 2.5254482089187703e-03 
36.000000 2.5228470307601288e-03 
36.200000 2.5204082768683386e-03 
36.400000 2.5181225497854748e-03 
36.600000 2.5159809195210033e-03 
36.800000 2.5139749099709714e-03 
37.000000 2.5120964844328442e-03 
37.200000 2.5103380304358513e-03 
37.400000 2.5086923440825405e-03 
37.600000 2.5071526140733342e-03 
37.800000 2.5057124055643492e-03 
38.000000 2.5043656439892679e-03 
38.200000 2.5031065989578605e-03 
38.400000 2.5019298683271766e-03 
38.600000 2.5008303625265846e-03 
38.800000 2.4998032892045666e-03 
39.000000 2.4988441382528016e-03 
39.200000 2.4979486672527021e-03 
39.400000 2.4971128873796499e-03 
39.600000 2.4963330497919070e-03 
39.800000 2.4956056325238984e-03 
40.000000 2.4949273278967164e-03 
40.200000 2.4942950304533869e-03 
40.400000 2.4937058254215290e-03 
40.600000 2.4931569777016382e-03 
40.800000 2.4926459213761966e-03 
41.000000 2.4921702497312662e-03 
41.200000 2.4917277057802363e-03 
41.400000 2.4913161732772336e-03 
41.600000 2.4909336682060242e-03 
41.800000 2.4905783307291062e-03 
42.000000 2.4902484175806667e-03 
42.200000 2.4899422948864739e-03 
42.400000 2.4896584313932389e-03 
42.600000 2.4893953920898052e-03 
42.800000 2.4891518322024604e-03 
43.000000 2.4889264915466335e-03 
43.200000 2.4887181892175874e-03 
43.400000 2.4885258186028545e-03 
43.600000 2.4883483426997584e-03 
43.800000 2.4881847897215122e-03 
44.000000 2.4880342489762399e-03 
44.200000 2.4878958670034070e-03 
44.400000 2.4877688439532445e-03 
44.600000 2.4876524301947964e-03 
44.800000 2.4875459231390950e-03 
45.000000 2.4874486642648221e-03 
45.200000 2.4873600363338401e-03 
45.400000 2.4872794607852110e-03 
45.600000 2.4872063952964259e-03 
45.800000 2.4871403315013872e-03 
46.000000 2.4870807928555256e-03 
46.200000 2.4870273326382032e-03 
46.400000 2.4869795320840203e-03 
46.600000 2.4869369986345049e-03 
46.800000 2.4868993643024171e-03 
47.000000 2.4868662841413579e-03 
47.200000 2.4868374348137835e-03 
47.400000 2.4868125132509996e-03 
47.600000 2.4867912353990166e-03 
47.800000 2.4867733350446668e-03 
48.000000 2.4867585627166861e-03 
48.200000 2.4867466846567577e-03 
48.400000 2.4867374818559355e-03 
48.600000 2.4867307491520888e-03 
48.800000 2.4867262943843384e-03 
49.000000 2.4867239376007550e-03 
49.200000 2.4867235103157685e-03 
49.400000 2.4867248548139710e-03 
49.600000 2.4867278234973118e-03 
49.800000 2.4867322782728680e-03 
50.000000 2.4867380899783725e-03 
50.200000 2.4867451378433520e-03 
50.400000 2.4867533089830648e-03 
50.600000 2.4867624979235938e-03 
50.800000 2.4867726061558000e-03 
51.000000 2.4867835417163430e-03 
51.200000 2.4867952187940614e-03 
51.400000 2.4868075573599557e-03 
51.600000 2.4868204828195572e-03 
51.800000 2.4868339256859297e-03 
52.000000 2.4868478212721995e-03 
52.200000 2.4868621094023742e-03 
52.400000 2.4868767341391811e-03 
52.600000 2.4868916435281298e-03 
52.800000 2.4869067893564228e-03 
53.000000 2.4869221269261093e-03 
53.200000 2.4869376148406192e-03 
53.400000 2.4869532148034295e-03 
53.600000 2.4869688914287711e-03 
53.800000 2.4869846120631764e-03 
54.000000 2.4870003466173447e-03 
54.200000 2.4870160674077754e-03 
54.400000 2.4870317490076101e-03 
54.600000 2.4870473681058939e-03 
54.800000 2.4870629033751507e-03 
55.000000 2.4870783353464596e-03 
55.200000 2.4870936462917138e-03 
55.400000 2.4871088201127412e-03 
55.600000 2.4871238422366805e-03 
55.800000 2.4871386995174321e-03 
56.000000 2.4871533801428328e-03 
56.200000 2.4871678735470712e-03 
56.400000 2.4871821703281996e-03 
56.600000 2.4871962621704101e-03 
56.800000 2.4872101417707901e-03 
57.000000 2.4872238027702888e-03 
57.200000 2.4872372396887994e-03 
57.400000 2.4872504478638461e-03 
57.600000 2.4872634233929721e-03 
57.800000 2.4872761630794818e-03 
58.000000 2.4872886643812950e-03 
58.200000 2.4873009253628996e-03 
58.400000 2.4873129446501135e-03 
58.600000 2.4873247213875026e-03 
58.800000 2.4873362551983652e-03 
59.000000 2.4873475461471167e-03 
59.200000 2.4873585947039921e-03 
59.400000 2.4873694017117274e-03 
59.600000 2.4873799683545030e-03 
59.800000 2.4873902961285365e-03 
60.000000 2.4874003868148075e-03 
60.200000 2.4874102424530800e-03 
60.400000 2.4874198653179708e-03 
60.600000 2.4874292578962137e-03 
60.800000 2.4874384228655432e-03 
61.000000 2.4874473630748552e-03 
61.200000 2.4874560815257526e-03 
61.400000 2.4874645813551598e-03 
61.600000 2.4874728658191964e-03 
61.800000 2.4874809382781503e-03 
62.000000 2.4874888021823110e-03 
62.200000 2.4874964610590153e-03 
62.400000 2.4875039185003858e-03 
62.600000 2.4875111781519962e-03 
62.800000 2.4875182437024209e-03 
63.000000 2.4875251188734627e-03 
63.200000 2.4875318074110910e-03 
63.400000 2.4875383130771489e-03 
63.600000 2.4875446396415784e-03 
63.800000 2.4875507908753650e-03 
64.000000 2.4875567705438992e-03 
64.200000 2.4875625824011000e-03 
64.400000 2.4875682301837539e-03 
64.600000 2.4875737176065305e-03 
64.800000 2.4875790483573938e-03 
65.000000 2.4875842260933746e-03 
65.200000 2.4875892544367383e-03 
65.400000 2.4875941369716268e-03 
65.600000 2.4875988772409055e-03 
65.800000 2.4876034787433593e-03 
66.000000 2.4876079449312372e-03 
66.200000 2.4876122792080613e-03 
66.400000 2.4876164849266793e-03 
66.600000 2.4876205653875504e-03 
66.800000 2.4876245238372907e-03 
67.000000 2.4876283634673976e-03 
67.200000 2.4876320874132026e-03 
67.400000 2.4876356987529971e-03 
67.600000 2.4876392005073189e-03 
67.800000 2.4876425956383932e-03 
68.000000 2.4876458870497519e-03 
68.200000 2.4876490775859370e-03 
68.400000 2.4876521700323796e-03 
68.600000 2.4876551671153759e-03 
68.800000 2.4876580715021508e-03 
69.000000 2.4876608858010311e-03 
69.200000 2.4876636125617498e-03 
69.400000 2.4876662542757328e-03 
69.600000 2.4876688133765646e-03 
69.800000 2.4876712922404930e-03 
70.000000 2.4876736931869394e-03 
70.200000 2.4876760184791009e-03 
70.400000 2.4876782703246881e-03 
70.600000 2.4876804508764980e-03 
70.800000 2.4876825622333221e-03 
71.000000 2.4876846064405384e-03 
71.200000 2.4876865854910699e-03 
71.400000 2.4876885013261564e-03 
71.600000 2.4876903558362319e-03 
71.800000 2.4876921508617737e-03 
72.000000 2.4876938881942521e-03 
72.200000 2.4876955695769978e-03 
72.400000 2.4876971967061341e-03 
72.600000 2.4876987712315318e-03 
72.800000 2.4877002947576899e-03 
73.000000 2.4877017688447476e-03 
73.200000 2.4877031950093771e-03 
73.400000 2.4877045747257339e-03 
73.600000 2.4877059094264241e-03 
73.800000 2.4877072005033921e-03 
74.000000 2.4877084493089030e-03 
74.200000 2.4877096571564411e-03 
74.400000 2.4877108253216376e-03 
74.600000 2.4877119550431922e-03 
74.800000 2.4877130475237301e-03 
75.000000 2.4877141039307588e-03 
75.200000 2.4877151253974998e-03 
75.400000 2.4877161130237874e-03 
75.600000 2.4877170678769028e-03 
75.800000 2.4877179909923979e-03 
76.000000 2.4877188833750167e-03 
76.200000 2.4877197459993801e-03 
76.400000 2.4877205798109025e-03 
76.600000 2.4877213857265050e-03 
76.800000 2.4877221646354259e-03 
77.000000 2.4877229173999862e-03 
77.200000 2.4877236448562485e-03 
77.400000 2.4877243478148938e-03 
77.600000 2.4877250270617969e-03 
77.800000 2.4877256833587668e-03 
78.000000 2.4877263174442749e-03 
78.200000 2.4877269300340519e-03 
78.400000 2.4877275218217884e-03 
78.600000 2.4877280934797329e-03 
78.800000 2.4877286456593292e-03 
79.000000 2.4877291789918332e-03 
79.200000 2.4877296940888872e-03 
79.400000 2.4877301915430974e-03 
79.600000 2.4877306719286070e-03 
79.800000 2.4877311358016086e-03 
80.000000 2.4877315837009309e-03 
80.200000 2.4877320161485173e-03 
80.400000 2.4877324336499370e-03 
80.600000 2.4877328366948682e-03 
80.800000 2.4877332257576407e-03 
81.000000 2.4877336012975714e-03 
81.200000 2.4877339637595542e-03 
81.400000 2.4877343135744092e-03 
81.600000 2.4877346511593635e-03 
81.800000 2.4877349769184195e-03 
82.000000 2.4877352912427843e-03 
82.200000 2.4877355945112853e-03 
82.400000 2.4877358870906896e-03 
82.600000 2.4877361693361453e-03 
82.800000 2.4877364415914587e-03 
83.000000 2.4877367041895374e-03 
83.200000 2.4877369574526397e-03 
83.400000 2.4877372016927747e-03 
83.600000 2.4877374372119497e-03 
83.800000 2.4877376643025481e-03 
84.000000 2.4877378832476155e-03 
84.200000 2.4877380943210815e-03 
84.400000 2.4877382977881220e-03 
84.600000 2.4877384939054172e-03 
84.800000 2.4877386829213919e-03 
85.000000 2.4877388650764816e-03 
85.200000 2.4877390406033658e-03 
85.400000 2.4877392097272925e-03 
85.600000 2.4877393726661814e-03 
85.800000 2.4877395296309416e-03 
86.000000 2.4877396808256898e-03 
86.200000 2.4877398264479007e-03 
86.400000 2.4877399666887079e-03 
86.600000 2.4877401017329931e-03 
86.800000 2.4877402317596792e-03 
87.000000 2.4877403569418749e-03 
87.200000 2.4877404774470372e-03 
87.400000 2.4877405934371970e-03 
87.600000 2.4877407050690825e-03 
87.800000 2.4877408124943270e-03 
88.000000 2.4877409158595978e-03 
88.200000 2.4877410153067675e-03 
88.400000 2.4877411109730549e-03 
88.600000 2.4877412029911607e-03 
88.800000 2.4877412914894813e-03 
89.000000 2.4877413765921372e-03 
89.200000 2.4877414584191606e-03 
89.400000 2.4877415370866758e-03 
89.600000 2.4877416127068916e-03 
89.800000 2.4877416853883718e-03 
90.000000 2.4877417552360177e-03 
90.200000 2.4877418223513215e-03 
90.400000 2.4877418868323271e-03 
90.600000 2.4877419487738610e-03 
90.800000 2.4877420082675449e-03 
91.000000 2.4877420654019927e-03 
91.200000 2.4877421202627753e-03 
91.400000 2.4877421729326333e-03 
91.600000 2.4877422234915320e-03 
91.800000 2.4877422720167245e-03 
92.000000 2.4877423185828552e-03 
92.200000 2.4877423632620509e-03 
92.400000 2.4877424061239858e-03 
92.600000 2.4877424472359460e-03 
92.800000 2.4877424866629745e-03 
93.000000 2.4877425244678592e-03 
93.200000 2.4877425607112229e-03 
93.400000 2.4877425954516401e-03 
93.600000 2.4877426287456699e-03 
93.800000 2.4877426606479121e-03 
94.000000 2.4877426912110669e-03 
94.200000 2.4877427204860300e-03 
94.400000 2.4877427485219166e-03 
94.600000 2.4877427753661465e-03 
94.800000 2.4877428010644485e-03 
95.000000 2.4877428256610051e-03 
95.200000 2.4877428491983959e-03 
95.400000 2.4877428717177056e-03 
95.600000 2.4877428932586101e-03 
95.800000 2.4877429138593621e-03 
96.000000 2.4877429335568319e-03 
96.200000 2.4877429523865761e-03 
96.400000 2.4877429703829249e-03 
96.600000 2.4877429875789143e-03 
96.800000 2.4877430040064772e-03 
97.000000 2.4877430196963081e-03 
97.200000 2.4877430346780362e-03 
97.400000 2.4877430489802111e-03 
97.600000 2.4877430626303290e-03 
97.800000 2.4877430756549013e-03 
98.000000 2.4877430880794475e-03 
98.200000 2.4877430999285677e-03 
98.400000 2.4877431112259249e-03 
98.600000 2.4877431219943588e-03 
98.800000 2.4877431322557863e-03 
99.000000 2.4877431420313708e-03 
99.200000 2.4877431513414421e-03 
99.400000 2.4877431602055942e-03 
99.600000 2.4877431686426590e-03 
99.800000 2.4877431766707793e-03 
100.000000 2.4877431843073673e-03 
100.200000 2.4877431915692281e-03 
100.400000 2.4877431984724786e-03 
100.600000 2.4877432050326312e-03 
100.800000 2.4877432112646110e-03 
101.000000 2.4877432171827342e-03 
101.200000 2.4877432228007802e-03 
101.400000 2.4877432281320039e-03 
101.600000 2.4877432331891006e-03 
101.800000 2.4877432379843216e-03 
102.000000 2.4877432425293752e-03 
102.200000 2.4877432468355261e-03 
102.400000 2.4877432509136255e-03 
102.600000 2.4877432547740180e-03 
102.800000 2.4877432584266943e-03 
103.000000 2.4877432618812217e-03 
103.200000 2.4877432651467554e-03 
103.400000 2.4877432682321220e-03 
103.600000 2.4877432711457250e-03 
103.800000 2.4877432738957005e-03 
104.000000 2.4877432764897813e-03 
104.200000 2.4877432789354136e-03 
104.400000 2.4877432812397001e-03 
104.600000 2.4877432834094827e-03 
104.800000 2.4877432854513155e-03 
105.000000 2.4877432873714293e-03 
105.200000 2.4877432891758310e-03 
105.400000 2.4877432908702651e-03 
105.600000 2.4877432924602272e-03 
105.800000 2.4877432939509358e-03 
106.000000 2.4877432953474467e-03 
106.200000 2.4877432966545613e-03 
106.400000 2.4877432978768674e-03 
106.600000 2.4877432990187440e-03 
106.800000 2.4877433000844162e-03 
107.000000 2.4877433010778651e-03 
107.200000 2.4877433020029324e-03 
107.400000 2.4877433028632646e-03 
107.600000 2.4877433036623667e-03 
107.800000 2.4877433044035511e-03 
108.000000 2.4877433050899843e-03 
108.200000 2.4877433057247295e-03 
108.400000 2.4877433063106523e-03 
108.600000 2.4877433068504974e-03 
108.800000 2.4877433073469055e-03 
109.000000 2.4877433078023818e-03 
109.200000 2.4877433082192819e-03 
109.400000 2.4877433085998693e-03 
109.600000 2.4877433089463166e-03 
109.800000 2.4877433092606750e-03 
110.000000 2.4877433095448864e-03 
110.200000 2.4877433098008024e-03 
110.400000 2.4877433100301909e-03 
110.600000 2.4877433102347157e-03 
110.800000 2.4877433104159665e-03 
111.000000 2.4877433105754574e-03 
111.200000 2.4877433107146039e-03 
111.400000 2.4877433108347843e-03 
111.600000 2.4877433109372644e-03 
111.800000 2.4877433110232767e-03 
112.000000 2.4877433110939498e-03 
112.200000 2.4877433111504138e-03 
112.400000 2.4877433111936608e-03 
112.600000 2.4877433112246903e-03 
112.800000 2.4877433112444162e-03 
113.000000 2.4877433112537183e-03 
113.200000 2.4877433112534307e-03 
113.400000 2.4877433112442913e-03 
113.600000 2.4877433112270612e-03 
113.800000 2.4877433112024260e-03 
114.000000 2.4877433111710309e-03 
114.200000 2.4877433111334876e-03 
114.400000 2.4877433110903698e-03 
114.600000 2.4877433110422247e-03 
114.800000 2.4877433109895450e-03 
115.000000 2.4877433109328217e-03 
115.200000 2.4877433108724859e-03 
115.400000 2.4877433108089655e-03 
115.600000 2.4877433107426353e-03 
115.800000 2.4877433106738900e-03 
116.000000 2.4877433106030352e-03 
116.200000 2.4877433105304205e-03 
116.400000 2.4877433104563045e-03 
116.600000 2.4877433103809984e-03 
116.800000 2.4877433103047313e-03 
117.000000 2.4877433102277668e-03 
117.200000 2.4877433101502876e-03 
117.400000 2.4877433100725346e-03 
117.600000 2.4877433099946629e-03 
117.800000 2.4877433099168645e-03 
118.000000 2.4877433098393106e-03 
118.200000 2.4877433097621041e-03 
118.400000 2.4877433096854046e-03 
118.600000 2.4877433096093431e-03 
118.800000 2.4877433095340149e-03 
119.000000 2.4877433094595150e-03 
119.200000 2.4877433093859424e-03 
119.400000 2.4877433093133837e-03 
119.600000 2.4877433092418953e-03 
119.800000 2.4877433091715518e-03 
120.000000 2.4877433091024127e-03 
120.200000 2.4877433090345238e-03 
120.400000 2.4877433089679235e-03 
120.600000 2.4877433089026471e-03 
120.800000 2.4877433088387442e-03 
121.000000 2.4877433087762235e-03 
121.200000 2.4877433087151096e-03 
121.400000 2.4877433086554182e-03 
121.600000 2.4877433085971727e-03 
121.800000 2.4877433085403627e-03 
122.000000 2.4877433084849934e-03 
122.200000 2.4877433084310912e-03 
122.400000 2.4877433083786266e-03 
122.600000 2.4877433083276032e-03 
122.800000 2.4877433082780122e-03 
123.000000 2.4877433082298567e-03 
123.200000 2.4877433081831124e-03 
123.400000 2.4877433081377577e-03 
123.600000 2.4877433080937941e-03 
123.800000 2.4877433080511963e-03 
124.000000 2.4877433080099341e-03 
124.200000 2.4877433079699934e-03 
124.400000 2.4877433079313685e-03 
124.600000 2.4877433078940190e-03 
124.800000 2.4877433078579264e-03 
125.000000 2.4877433078230571e-03 
125.200000 2.4877433077894061e-03 
125.400000 2.4877433077569416e-03 
125.600000 2.4877433077256264e-03 
125.800000 2.4877433076954374e-03 
126.000000 2.4877433076663613e-03 
126.200000 2.4877433076383468e-03 
126.400000 2.4877433076113970e-03 
126.600000 2.4877433075854603e-03 
126.800000 2.4877433075605215e-03 
127.000000 2.4877433075365511e-03 
127.200000 2.4877433075135244e-03 
127.400000 2.4877433074914045e-03 
127.600000 2.4877433074701753e-03 
127.800000 2.4877433074498045e-03 
128.000000 2.4877433074302767e-03 
128.200000 2.4877433074115499e-03 
128.400000 2.4877433073936103e-03 
128.600000 2.4877433073764283e-03 
128.800000 2.4877433073599857e-03 
129.000000 2.4877433073442422e-03 
129.200000 2.4877433073291918e-03 
129.400000 2.4877433073148018e-03 
129.600000 2.4877433073010585e-03 
129.800000 2.4877433072879240e-03 
130.000000 2.4877433072753854e-03 
130.200000 2.4877433072634223e-03 
130.400000 2.4877433072520122e-03 
130.600000 2.4877433072411281e-03 
130.800000 2.4877433072307562e-03 
131.000000 2.4877433072208899e-03 
131.200000 2.4877433072114838e-03 
131.400000 2.4877433072025353e-03 
131.600000 2.4877433071940195e-03 
131.800000 2.4877433071859327e-03 
132.000000 2.4877433071782461e-03 
132.200000 2.4877433071709351e-03 
132.400000 2.4877433071639980e-03 
132.600000 2.4877433071574286e-03 
132.800000 2.4877433071511849e-03 
133.000000 2.4877433071452655e-03 
133.200000 2.4877433071396585e-03 
133.400000 2.4877433071343546e-03 
133.600000 2.4877433071293334e-03 
133.800000 2.4877433071245720e-03 
134.000000 2.4877433071200782e-03 
134.200000 2.4877433071158329e-03 
134.400000 2.4877433071118196e-03 
134.600000 2.4877433071080297e-03 
134.800000 2.4877433071044605e-03 
135.000000 2.4877433071010804e-03 
135.200000 2.4877433070979067e-03 
135.400000 2.4877433070949252e-03 
135.600000 2.4877433070921180e-03 
135.800000 2.4877433070894621e-03 
136.000000 2.4877433070869862e-03 
136.200000 2.4877433070846222e-03 
136.400000 2.4877433070824169e-03 
136.600000 2.4877433070803552e-03 
136.800000 2.4877433070784223e-03 
137.000000 2.4877433070765939e-03 
137.200000 2.4877433070749013e-03 
137.400000 2.4877433070733136e-03 
137.600000 2.4877433070718360e-03 
137.800000 2.4877433070704278e-03 
138.000000 2.4877433070691190e-03 
138.200000 2.4877433070678969e-03 
138.400000 2.4877433070667645e-03 
138.600000 2.4877433070657064e-03 
138.800000 2.4877433070647189e-03 
139.000000 2.4877433070637891e-03 
139.200000 2.4877433070629425e-03 
139.400000 2.4877433070621654e-03 
139.600000 2.4877433070614177e-03 
139.800000 2.4877433070607394e-03 
140.000000 2.4877433070601080e-03 
140.200000 2.4877433070595325e-03 
140.400000 2.4877433070589821e-03 
140.600000 2.4877433070584804e-03 
140.800000 2.4877433070579955e-03 
141.000000 2.4877433070575540e-03 
141.200000 2.4877433070571724e-03 
141.400000 2.4877433070567916e-03 
141.600000 2.4877433070564338e-03 
141.800000 2.4877433070561385e-03 
142.000000 2.4877433070558488e-03 
142.200000 2.4877433070556198e-03 
142.400000 2.4877433070553453e-03 
142.600000 2.4877433070551215e-03 
142.800000 2.4877433070549016e-03 
143.000000 2.4877433070547212e-03 
143.200000 2.4877433070545686e-03 
143.400000 2.4877433070544120e-03 
143.600000 2.4877433070542598e-03 
143.800000 2.4877433070541336e-03 
144.000000 2.4877433070539948e-03 
144.200000 2.4877433070538539e-03 
144.400000 2.4877433070537133e-03 
144.600000 2.4877433070536379e-03 
144.800000 2.4877433070535620e-03 
145.000000 2.4877433070534883e-03 
145.200000 2.4877433070534128e-03 
145.400000 2.4877433070533373e-03 
145.600000 2.4877433070532614e-03 
145.800000 2.4877433070531830e-03 
146.000000 2.4877433070531626e-03 
146.200000 2.4877433070531465e-03 
146.400000 2.4877433070530958e-03 
146.600000 2.4877433070530320e-03 
146.800000 2.4877433070529713e-03 
147.000000 2.4877433070529028e-03 
147.200000 2.4877433070528455e-03 
147.400000 2.4877433070527770e-03 
147.600000 2.4877433070527076e-03 
147.800000 2.4877433070526326e-03 
148.000000 2.4877433070526274e-03 
148.200000 2.4877433070526248e-03 
148.400000 2.4877433070526239e-03 
148.600000 2.4877433070526196e-03 
148.800000 2.4877433070526127e-03 
149.000000 2.4877433070526066e-03 
149.200000 2.4877433070525988e-03 
149.400000 2.4877433070525918e-03 
149.600000 2.4877433070525827e-03 
149.800000 2.4877433070525771e-03 
