0.000000 5.0806015695189277e-01 
0.200000 5.0806194682069961e-01 
0.400000 5.0806615176509351e-01 
0.600000 5.0807106601421637e-01 
0.800000 5.0807511183184939e-01 
1.000000 5.0807705357365007e-01 
1.200000 5.0807567698184253e-01 
1.400000 5.0806987861801867e-01 
1.600000 5.0805860065172292e-01 
1.800000 5.0804095558916662e-01 
2.000000 5.0801604281237700e-01 
2.200000 5.0798321083545817e-01 
2.400000 5.0794200696659697e-01 
2.600000 5.0789209250911438e-01 
2.800000 5.0783312034049533e-01 
3.000000 5.0776478140823389e-01 
3.200000 5.0768678494193409e-01 
3.400000 5.0759890801331298e-01 
3.600000 5.0750202922226295e-01 
3.800000 5.0739679192101339e-01 
4.000000 5.0728279910542873e-01 
4.200000 5.0715959809909572e-01 
4.400000 5.0702677622554004e-01 
4.600000 5.0688389385281296e-01 
4.800000 5.0673052822585662e-01 
5.000000 5.0656625757269769e-01 
5.200000 5.0639069593783226e-01 
5.400000 5.0620346700454089e-01 
5.600000 5.0600421064723089e-01 
5.800000 5.0579256767518432e-01 
6.000000 5.0556818419777949e-01 
6.200000 5.0533069638813033e-01 
6.400000 5.0507972744812790e-01 
6.600000 5.0481487714372775e-01 
6.800000 5.0453572750805209e-01 
7.000000 5.0424180901927818e-01 
7.200000 5.0393258783732053e-01 
7.400000 5.0360749276029204e-01 
7.600000 5.0326592350269750e-01 
7.800000 5.0290724939980191e-01 
8.000000 5.0253080799146022e-01 
8.200000 5.0213590371546923e-01 
8.400000 5.0172180522385779e-01 
8.600000 5.0128774242792706e-01 
8.800000 5.0083290290037685e-01 
9.000000 5.0035642823321980e-01 
9.200000 4.9985740998728673e-01 
9.400000 4.9933488585151714e-01 
9.600000 4.9878783571893376e-01 
9.800000 4.9821517830677958e-01 
10.000000 4.9761576878604158e-01 
10.200000 4.9698839561546337e-01 
10.400000 4.9633177605402928e-01 
10.600000 4.9564455133440738e-01 
10.800000 4.9492528220907600e-01 
11.000000 4.9417244529191912e-01 
11.200000 4.9338442898135193e-01 
11.400000 4.9255952897925043e-01 
11.600000 4.9169594335646000e-01 
11.800000 4.9079176736428165e-01 
12.000000 4.8984498791278808e-01 
12.200000 4.8885347791716621e-01 
12.400000 4.8781499048495319e-01 
12.600000 4.8672715306220182e-01 
12.800000 4.8558746149731036e-01 
13.000000 4.8439327419187961e-01 
13.200000 4.8314180626591041e-01 
13.400000 4.8183012383014701e-01 
13.600000 4.8045513838075260e-01 
13.800000 4.7901360152941608e-01 
14.000000 4.7750210011494393e-01 
14.200000 4.7591705187299815e-01 
14.400000 4.7425470172234901e-01 
14.600000 4.7251111884414276e-01 
14.800000 4.7068219470545281e-01 
15.000000 4.6876364227339812e-01 
15.200000 4.6675099664069736e-01 
15.400000 4.6463961734374432e-01 
15.600000 4.6242469262962799e-01 
15.800000 4.6010124598676128e-01 
16.000000 4.5766414525636739e-01 
16.200000 4.5510811465577899e-01 
16.400000 4.5242775006259356e-01 
16.600000 4.4961753790976133e-01 
16.800000 4.4667187804530784e-01 
17.000000 4.4358511089716146e-01 
17.200000 4.4035154926289660e-01 
17.400000 4.3696551500990372e-01 
17.600000 4.3342138092167826e-01 
17.800000 4.2971361786193590e-01 
18.000000 4.2583684734645078e-01 
18.200000 4.2178589951311279e-01 
18.400000 4.1755587636151847e-01 
18.600000 4.1314221999636214e-01 
18.800000 4.0854078545419292e-01 
19.000000 4.0374791752402961e-01 
19.200000 3.9876053079149010e-01 
19.400000 3.9357619194512394e-01 
19.600000 3.8819320319146550e-01 
19.800000 3.8261068543278204e-01 
20.000000 3.7682865968107188e-01 
20.200000 3.7084812501611991e-01 
20.400000 3.6467113125787798e-01 
20.600000 3.5830084441983284e-01 
20.800000 3.5174160295341583e-01 
21.000000 3.4499896279040648e-01 
21.200000 3.3807972925200602e-01 
21.400000 3.3099197402462105e-01 
21.600000 3.2374503561011220e-01 
21.800000 3.1634950194188388e-01 
22.000000 3.0881717421681470e-01 
22.200000 3.0116101141855017e-01 
22.400000 2.9339505548958139e-01 
22.600000 2.8553433763048219e-01 
22.800000 2.7759476674610206e-01 
23.000000 2.6959300159620520e-01 
23.200000 2.6154630871835172e-01 
23.400000 2.5347240864829573e-01 
23.600000 2.4538931334591677e-01 
23.800000 2.3731515802214020e-01 
24.000000 2.2926803074074362e-01 
24.200000 2.2126580322873354e-01 
24.400000 2.1332596626866288e-01 
24.600000 2.0546547286973094e-01 
24.800000 1.9770059213270080e-01 
25.000000 1.9004677635216410e-01 
25.200000 1.8251854345864491e-01 
25.400000 1.7512937641447840e-01 
25.600000 1.6789164066474538e-01 
25.800000 1.6081652023020840e-01 
26.000000 1.5391397253408001e-01 
26.200000 1.4719270159599165e-01 
26.400000 1.4066014881910166e-01 
26.600000 1.3432250024973530e-01 
26.800000 1.2818470890956155e-01 
27.000000 1.2225053059028451e-01 
27.200000 1.1652257135916207e-01 
27.400000 1.1100234494659315e-01 
27.600000 1.0569033816863259e-01 
27.800000 1.0058608257021291e-01 
28.000000 9.5688230550835043e-02 
28.200000 9.0994634344996231e-02 
28.400000 8.6502426366157459e-02 
28.600000 8.2208099577612534e-02 
28.800000 7.8107586718974012e-02 
29.000000 7.4196337386650046e-02 
29.200000 7.0469392135210793e-02 
29.400000 6.6921452929547057e-02 
29.600000 6.3546949431539046e-02 
29.800000 6.0340100747170208e-02 
30.000000 5.7294972388709502e-02 
30.200000 5.4405528320800985e-02 
30.400000 5.1665678058557395e-02 
30.600000 4.9069318870172914e-02 
30.800000 4.6610373206621300e-02 
31.000000 4.4282821537531193e-02 
31.200000 4.2080730816328085e-02 
31.400000 3.9998278830414763e-02 
31.600000 3.8029774714781396e-02 
31.800000 3.6169675921277851e-02 
32.000000 3.4412601942113853e-02 
32.200000 3.2753345086202534e-02 
32.400000 3.1186878601857190e-02 
32.600000 2.9708362430134503e-02 
32.800000 2.8313146860726900e-02 
33.000000 2.6996774347576843e-02 
33.200000 2.5754979725026717e-02 
33.400000 2.4583689047944026e-02 
33.600000 2.3479017261397991e-02 
33.800000 2.2437264887520181e-02 
34.000000 2.1454913899501243e-02 
34.200000 2.0528622935540482e-02 
34.400000 1.9655221989147199e-02 
34.600000 1.8831706696671047e-02 
34.800000 1.8055232328390822e-02 
35.000000 1.7323107575987106e-02 
35.200000 1.6632788216786529e-02 
35.400000 1.5981870723806108e-02 
35.600000 1.5368085880308330e-02 
35.800000 1.4789292448287273e-02 
36.000000 1.4243470931982895e-02 
36.200000 1.3728717470111704e-02 
36.400000 1.3243237883956347e-02 
36.600000 1.2785341902699166e-02 
36.800000 1.2353437582361791e-02 
37.000000 1.1946025930353160e-02 
37.200000 1.1561695743876086e-02 
37.400000 1.1199118667233332e-02 
37.600000 1.0857044470353966e-02 
37.800000 1.0534296548576442e-02 
38.000000 1.0229767641824698e-02 
38.200000 9.9424157697554430e-03 
38.400000 9.6712603781925078e-03 
38.600000 9.4153786911630663e-03 
38.800000 9.1739022620742176e-03 
39.000000 8.9460137169866255e-03 
39.200000 8.7309436825246580e-03 
39.400000 8.5279678906890147e-03 
39.600000 8.3364044526808585e-03 
39.800000 8.1556112937920897e-03 
40.000000 7.9849837414415203e-03 
40.200000 7.8239522585325707e-03 
40.400000 7.6719803144562441e-03 
40.600000 7.5285623862570410e-03 
40.800000 7.3932220827046691e-03 
41.000000 7.2655103842669041e-03 
41.200000 7.1450039922496926e-03 
41.400000 7.0313037806527300e-03 
41.600000 6.9240333445798217e-03 
41.800000 6.8228376393361604e-03 
42.000000 6.7273817046387234e-03 
42.200000 6.6373494686557989e-03 
42.400000 6.5524426268779648e-03 
42.600000 6.4723795910998092e-03 
42.800000 6.3968945040623146e-03 
43.000000 6.3257363155660119e-03 
43.200000 6.2586679161152009e-03 
43.400000 6.1954653243930903e-03 
43.600000 6.1359169250959130e-03 
43.800000 6.0798227538717657e-03 
44.000000 6.0269938263159848e-03 
44.200000 5.9772515081699439e-03 
44.400000 5.9304269240544761e-03 
44.600000 5.8863604022434098e-03 
44.800000 5.8449009531451671e-03 
45.000000 5.8059057793156208e-03 
45.200000 5.7692398149683478e-03 
45.400000 5.7347752930843755e-03 
45.600000 5.7023913383499204e-03 
45.800000 5.6719735842692435e-03 
46.000000 5.6434138129102772e-03 
46.200000 5.6166096158441793e-03 
46.400000 5.5914640749364884e-03 
46.600000 5.5678854617379333e-03 
46.800000 5.5457869543059134e-03 
47.000000 5.5250863703673221e-03 
47.200000 5.5057059158047945e-03 
47.400000 5.4875719475175741e-03 
47.600000 5.4706147497703009e-03 
47.800000 5.4547683232028434e-03 
48.000000 5.4399701857282779e-03 
48.200000 5.4261611845972399e-03 
48.400000 5.4132853189547536e-03 
48.600000 5.4012895722589313e-03 
48.800000 5.3901237539726978e-03 
49.000000 5.3797403499775990e-03 
49.200000 5.3700943811943380e-03 
49.400000 5.3611432699277491e-03 
49.600000 5.3528467134847406e-03 
49.800000 5.3451665646426054e-03 
50.000000 5.3380667185717705e-03 
50.200000 5.3315130058414258e-03 
50.400000 5.3254730911606856e-03 
50.600000 5.3199163775287661e-03 
50.800000 5.3148139154879735e-03 
51.000000 5.3101383171923798e-03 
51.200000 5.3058636750224078e-03 
51.400000 5.3019654844918933e-03 
51.600000 5.2984205712095032e-03 
51.800000 5.2952070216711281e-03 
52.000000 5.2923041176720642e-03 
52.200000 5.2896922741419022e-03 
52.400000 5.2873529802149322e-03 
52.600000 5.2852687433616831e-03 
52.800000 5.2834230364153948e-03 
53.000000 5.2818002473386970e-03 
53.200000 5.2803856315833432e-03 
53.400000 5.2791652669049068e-03 
53.600000 5.2781260105021913e-03 
53.800000 5.2772554583580848e-03 
54.000000 5.2765419066661840e-03 
54.200000 5.2759743152332901e-03 
54.400000 5.2755422727542300e-03 
54.600000 5.2752359638620506e-03 
54.800000 5.2750461378599867e-03 
55.000000 5.2749640790492082e-03 
55.200000 5.2749815785688792e-03 
55.400000 5.2750909076711826e-03 
55.600000 5.2752847923568311e-03 
55.800000 5.2755563893022144e-03 
56.000000 5.2758992630108463e-03 
56.200000 5.2763073641276829e-03 
56.400000 5.2767750088564946e-03 
56.600000 5.2772968594241654e-03 
56.800000 5.2778679055390972e-03 
57.000000 5.2784834467931351e-03 
57.200000 5.2791390759593859e-03 
57.400000 5.2798306631406137e-03 
57.600000 5.2805543407254390e-03 
57.800000 5.2813064891117168e-03 
58.000000 5.2820837231583500e-03 
58.200000 5.2828828793290228e-03 
58.400000 5.2837010034934651e-03 
58.600000 5.2845353393527594e-03 
58.800000 5.2853833174578311e-03 
59.000000 5.2862425447915149e-03 
59.200000 5.2871107948856515e-03 
59.400000 5.2879859984469460e-03 
59.600000 5.2888662344658128e-03 
59.800000 5.2897497217843500e-03 
60.000000 5.2906348111005398e-03 
60.200000 5.2915199773866748e-03 
60.400000 5.2924038127017594e-03 
60.600000 5.2932850193776913e-03 
60.800000 5.2941624035614141e-03 
61.000000 5.2950348690942650e-03 
61.200000 5.2959014117126254e-03 
61.400000 5.2967611135532290e-03 
61.600000 5.2976131379482818e-03 
61.800000 5.2984567244956206e-03 
62.000000 5.2992911843906046e-03 
62.200000 5.3001158960060534e-03 
62.400000 5.3009303007084145e-03 
62.600000 5.3017338988979113e-03 
62.800000 5.3025262462617195e-03 
63.000000 5.3033069502291469e-03 
63.200000 5.3040756666191480e-03 
63.400000 5.3048320964700166e-03 
63.600000 5.3055759830424364e-03 
63.800000 5.3063071089867664e-03 
64.000000 5.3070252936668373e-03 
64.200000 5.3077303906316660e-03 
64.400000 5.3084222852281277e-03 
64.600000 5.3091008923470675e-03 
64.800000 5.3097661542963540e-03 
65.000000 5.3104180387940304e-03 
65.200000 5.3110565370759425e-03 
65.400000 5.3116816621113410e-03 
65.600000 5.3122934469215441e-03 
65.800000 5.3128919429958682e-03 
66.000000 5.3134772188001469e-03 
66.200000 5.3140493583726713e-03 
66.400000 5.3146084600035623e-03 
66.600000 5.3151546349925610e-03 
66.800000 5.3156880064817559e-03 
67.000000 5.3162087083588883e-03 
67.200000 5.3167168842277882e-03 
67.400000 5.3172126864422450e-03 
67.600000 5.3176962751999594e-03 
67.800000 5.3181678176935521e-03 
68.000000 5.3186274873153333e-03 
68.200000 5.3190754629131708e-03 
68.400000 5.3195119280946643e-03 
68.600000 5.3199370705767244e-03 
68.800000 5.3203510815785539e-03 
69.000000 5.3207541552555198e-03 
69.200000 5.3211464881712661e-03 
69.400000 5.3215282788066590e-03 
69.600000 5.3218997271028343e-03 
69.800000 5.3222610340370787e-03 
70.000000 5.3226124012291350e-03 
70.200000 5.3229540305766935e-03 
70.400000 5.3232861239180043e-03 
70.600000 5.3236088827204476e-03 
70.800000 5.3239225077931990e-03 
71.000000 5.3242271990229829e-03 
71.200000 5.3245231551312840e-03 
71.400000 5.3248105734517333e-03 
71.600000 5.3250896497267931e-03 
71.800000 5.3253605779222443e-03 
72.000000 5.3256235500586183e-03 
72.200000 5.3258787560584598e-03 
72.400000 5.3261263836084857e-03 
72.600000 5.3263666180356660e-03 
72.800000 5.3265996421964805e-03 
73.000000 5.3268256363783800e-03 
73.200000 5.3270447782128375e-03 
73.400000 5.3272572425989836e-03 
73.600000 5.3274632016374768e-03 
73.800000 5.3276628245736979e-03 
74.000000 5.3278562777497309e-03 
74.200000 5.3280437245644286e-03 
74.400000 5.3282253254412579e-03 
74.600000 5.3284012378031504e-03 
74.800000 5.3285716160539291e-03 
75.000000 5.3287366115659417e-03 
75.200000 5.3288963726731550e-03 
75.400000 5.3290510446698438e-03 
75.600000 5.3292007698138525e-03 
75.800000 5.3293456873344629e-03 
76.000000 5.3294859334443393e-03 
76.200000 5.3296216413553721e-03 
76.400000 5.3297529412978852e-03 
76.600000 5.3298799605431321e-03 
76.800000 5.3300028234286295e-03 
77.000000 5.3301216513862125e-03 
77.200000 5.3302365629724555e-03 
77.400000 5.3303476739012846e-03 
77.600000 5.3304550970786407e-03 
77.800000 5.3305589426386347e-03 
78.000000 5.3306593179816182e-03 
78.200000 5.3307563278134403e-03 
78.400000 5.3308500741859706e-03 
78.600000 5.3309406565385927e-03 
78.800000 5.3310281717409789e-03 
79.000000 5.3311127141360869e-03 
79.200000 5.3311943755843649e-03 
79.400000 5.3312732455081408e-03 
79.600000 5.3313494109365070e-03 
79.800000 5.3314229565507854e-03 
80.000000 5.3314939647298139e-03 
80.200000 5.3315625155956952e-03 
80.400000 5.3316286870594741e-03 
80.600000 5.3316925548668893e-03 
80.800000 5.3317541926438308e-03 
81.000000 5.3318136719418810e-03 
81.200000 5.3318710622836888e-03 
81.400000 5.3319264312076953e-03 
81.600000 5.3319798443130402e-03 
81.800000 5.3320313653037058e-03 
82.000000 5.3320810560324831e-03 
82.200000 5.3321289765445269e-03 
82.400000 5.3321751851202314e-03 
82.600000 5.3322197383177897e-03 
82.800000 5.3322626910151417e-03 
83.000000 5.3323040964513456e-03 
83.200000 5.3323440062673947e-03 
83.400000 5.3323824705465940e-03 
83.600000 5.3324195378538532e-03 
83.800000 5.3324552552749867e-03 
84.000000 5.3324896684548342e-03 
84.200000 5.3325228216350162e-03 
84.400000 5.3325547576909228e-03 
84.600000 5.3325855181680102e-03 
84.800000 5.3326151433175364e-03 
85.000000 5.3326436721314926e-03 
85.200000 5.3326711423768514e-03 
85.400000 5.3326975906292668e-03 
85.600000 5.3327230523059115e-03 
85.800000 5.3327475616977019e-03 
86.000000 5.3327711520009284e-03 
86.200000 5.3327938553480786e-03 
86.400000 5.3328157028379435e-03 
86.600000 5.3328367245652729e-03 
86.800000 5.3328569496495270e-03 
87.000000 5.3328764062630894e-03 
87.200000 5.3328951216587263e-03 
87.400000 5.3329131221966589e-03 
87.600000 5.3329304333705335e-03 
87.800000 5.3329470798331759e-03 
88.000000 5.3329630854215687e-03 
88.200000 5.3329784731811838e-03 
88.400000 5.3329932653896957e-03 
88.600000 5.3330074835801610e-03 
88.800000 5.3330211485635689e-03 
89.000000 5.3330342804507784e-03 
89.200000 5.3330468986740390e-03 
89.400000 5.3330590220076971e-03 
89.600000 5.3330706685885878e-03 
89.800000 5.3330818559357337e-03 
90.000000 5.3330926009695408e-03 
90.200000 5.3331029200306360e-03 
90.400000 5.3331128288978740e-03 
90.600000 5.3331223428061654e-03 
90.800000 5.3331314764636468e-03 
91.000000 5.3331402440683455e-03 
91.200000 5.3331486593245162e-03 
91.400000 5.3331567354583873e-03 
91.600000 5.3331644852335474e-03 
91.800000 5.3331719209657900e-03 
92.000000 5.3331790545376317e-03 
92.200000 5.3331858974124870e-03 
92.400000 5.3331924606480254e-03 
92.600000 5.3331987549098030e-03 
92.800000 5.3332047904837473e-03 
93.000000 5.3332105772890348e-03 
93.200000 5.3332161248898641e-03 
93.400000 5.3332214425074066e-03 
93.600000 5.3332265390311443e-03 
93.800000 5.3332314230299044e-03 
94.000000 5.3332361027626490e-03 
94.200000 5.3332405861888435e-03 
94.400000 5.3332448809785288e-03 
94.600000 5.3332489945220399e-03 
94.800000 5.3332529339396185e-03 
95.000000 5.3332567060904038e-03 
95.200000 5.3332603175815178e-03 
95.400000 5.3332637747764864e-03 
95.600000 5.3332670838037973e-03 
95.800000 5.3332702505647627e-03 
96.000000 5.3332732807415120e-03 
96.200000 5.3332761798044357e-03 
96.400000 5.3332789530197416e-03 
96.600000 5.3332816054562837e-03 
96.800000 5.3332841419926535e-03 
97.000000 5.3332865673236538e-03 
97.200000 5.3332888859670170e-03 
97.400000 5.3332911022692846e-03 
97.600000 5.3332932204121254e-03 
97.800000 5.3332952444180032e-03 
98.000000 5.3332971781559170e-03 
98.200000 5.3332990253468207e-03 
98.400000 5.3333007895688556e-03 
98.600000 5.3333024742625362e-03 
98.800000 5.3333040827356530e-03 
99.000000 5.3333056181680332e-03 
99.200000 5.3333070836161711e-03 
99.400000 5.3333084820176022e-03 
99.600000 5.3333098161954078e-03 
99.800000 5.3333110888621272e-03 
100.000000 5.3333123026240350e-03 
100.200000 5.3333134599847900e-03 
100.400000 5.3333145633493997e-03 
100.600000 5.3333156150276789e-03 
100.800000 5.3333166172378401e-03 
101.000000 5.3333175721098913e-03 
101.200000 5.3333184816888304e-03 
101.400000 5.3333193479378959e-03 
101.600000 5.3333201727415397e-03 
101.800000 5.3333209579083298e-03 
102.000000 5.3333217051739802e-03 
102.200000 5.3333224162038029e-03 
102.400000 5.3333230925956586e-03 
102.600000 5.3333237358822337e-03 
102.800000 5.3333243475336568e-03 
103.000000 5.3333249289599033e-03 
103.200000 5.3333254815129578e-03 
103.400000 5.3333260064890951e-03 
103.600000 5.3333265051310466e-03 
103.800000 5.3333269786300245e-03 
104.000000 5.3333274281276303e-03 
104.200000 5.3333278547178569e-03 
104.400000 5.3333282594489780e-03 
104.600000 5.3333286433251718e-03 
104.800000 5.3333290073083444e-03 
105.000000 5.3333293523197683e-03 
105.200000 5.3333296792416138e-03 
105.400000 5.3333299889185984e-03 
105.600000 5.3333302821592984e-03 
105.800000 5.3333305597377360e-03 
106.000000 5.3333308223946418e-03 
106.200000 5.3333310708387942e-03 
106.400000 5.3333313057483860e-03 
106.600000 5.3333315277720728e-03 
106.800000 5.3333317375303061e-03 
107.000000 5.3333319356164144e-03 
107.200000 5.3333321225976348e-03 
107.400000 5.3333322990162741e-03 
107.600000 5.3333324653907273e-03 
107.800000 5.3333326222162461e-03 
108.000000 5.3333327699661495e-03 
108.200000 5.3333329090926038e-03 
108.400000 5.3333330400273772e-03 
108.600000 5.3333331631829324e-03 
108.800000 5.3333332789529979e-03 
109.000000 5.3333333877134273e-03 
109.200000 5.3333334898230025e-03 
109.400000 5.3333335856240267e-03 
109.600000 5.3333336754430895e-03 
109.800000 5.3333337595917523e-03 
110.000000 5.3333338383671014e-03 
110.200000 5.3333339120524006e-03 
110.400000 5.3333339809177333e-03 
110.600000 5.3333340452203920e-03 
110.800000 5.3333341052056510e-03 
111.000000 5.3333341611071141e-03 
111.200000 5.3333342131472927e-03 
111.400000 5.3333342615380303e-03 
111.600000 5.3333343064810839e-03 
111.800000 5.3333343481683400e-03 
112.000000 5.3333343867825135e-03 
112.200000 5.3333344224973378e-03 
112.400000 5.3333344554780870e-03 
112.600000 5.3333344858818603e-03 
112.800000 5.3333345138580051e-03 
113.000000 5.3333345395484809e-03 
113.200000 5.3333345630880487e-03 
113.400000 5.3333345846048180e-03 
113.600000 5.3333346042203139e-03 
113.800000 5.3333346220499874e-03 
114.000000 5.3333346382033265e-03 
114.200000 5.3333346527841509e-03 
114.400000 5.3333346658910302e-03 
114.600000 5.3333346776172725e-03 
114.800000 5.3333346880513940e-03 
115.000000 5.3333346972771669e-03 
115.200000 5.3333347053740347e-03 
115.400000 5.3333347124170866e-03 
115.600000 5.3333347184774194e-03 
115.800000 5.3333347236222822e-03 
116.000000 5.3333347279152735e-03 
116.200000 5.3333347314164338e-03 
116.400000 5.3333347341825970e-03 
116.600000 5.3333347362673044e-03 
116.800000 5.3333347377212126e-03 
117.000000 5.3333347385919770e-03 
117.200000 5.3333347389246380e-03 
117.400000 5.3333347387615948e-03 
117.600000 5.3333347381428137e-03 
117.800000 5.3333347371058576e-03 
118.000000 5.3333347356861764e-03 
118.200000 5.3333347339169458e-03 
118.400000 5.3333347318295175e-03 
118.600000 5.3333347294531918e-03 
118.800000 5.3333347268155690e-03 
119.000000 5.3333347239424341e-03 
119.200000 5.3333347208580194e-03 
119.400000 5.3333347175850334e-03 
119.600000 5.3333347141446257e-03 
119.800000 5.3333347105566763e-03 
120.000000 5.3333347068396913e-03 
120.200000 5.3333347030109233e-03 
120.400000 5.3333346990864739e-03 
120.600000 5.3333346950813756e-03 
120.800000 5.3333346910095520e-03 
121.000000 5.3333346868839658e-03 
121.200000 5.3333346827166336e-03 
121.400000 5.3333346785186496e-03 
121.600000 5.3333346743004040e-03 
121.800000 5.3333346700713069e-03 
122.000000 5.3333346658402028e-03 
122.200000 5.3333346616151120e-03 
122.400000 5.3333346574034818e-03 
122.600000 5.3333346532120265e-03 
122.800000 5.3333346490470690e-03 
123.000000 5.3333346449141910e-03 
123.200000 5.3333346408185271e-03 
123.400000 5.3333346367648235e-03 
123.600000 5.3333346327572211e-03 
123.800000 5.3333346287994842e-03 
124.000000 5.3333346248950588e-03 
124.200000 5.3333346210469208e-03 
124.400000 5.3333346172577175e-03 
124.600000 5.3333346135297985e-03 
124.800000 5.3333346098652350e-03 
125.000000 5.3333346062657324e-03 
125.200000 5.3333346027328102e-03 
125.400000 5.3333345992676523e-03 
125.600000 5.3333345958713353e-03 
125.800000 5.3333345925446266e-03 
126.000000 5.3333345892881065e-03 
126.200000 5.3333345861022235e-03 
126.400000 5.3333345829872231e-03 
126.600000 5.3333345799432188e-03 
126.800000 5.3333345769701552e-03 
127.000000 5.3333345740678240e-03 
127.200000 5.3333345712360128e-03 
127.400000 5.3333345684742055e-03 
127.600000 5.3333345657819824e-03 
127.800000 5.3333345631587006e-03 
128.000000 5.3333345606036749e-03 
128.200000 5.3333345581162133e-03 
128.400000 5.3333345556954032e-03 
128.600000 5.3333345533403973e-03 
128.800000 5.3333345510502934e-03 
129.000000 5.3333345488240395e-03 
129.200000 5.3333345466606771e-03 
129.400000 5.3333345445590917e-03 
129.600000 5.3333345425182147e-03 
129.800000 5.3333345405368934e-03 
130.000000 5.3333345386140339e-03 
130.200000 5.3333345367484082e-03 
130.400000 5.3333345349388809e-03 
130.600000 5.3333345331842653e-03 
130.800000 5.3333345314833490e-03 
131.000000 5.3333345298349575e-03 
131.200000 5.3333345282378201e-03 
131.400000 5.3333345266907972e-03 
131.600000 5.3333345251926293e-03 
131.800000 5.3333345237421819e-03 
132.000000 5.3333345223382407e-03 
132.200000 5.3333345209795749e-03 
132.400000 5.3333345196650830e-03 
132.600000 5.3333345183935550e-03 
132.800000 5.3333345171638954e-03 
133.000000 5.3333345159748838e-03 
133.200000 5.3333345148254665e-03 
133.400000 5.3333345137145244e-03 
133.600000 5.3333345126409847e-03 
133.800000 5.3333345116037493e-03 
134.000000 5.3333345106017661e-03 
134.200000 5.3333345096340844e-03 
134.400000 5.3333345086995455e-03 
134.600000 5.3333345077972542e-03 
134.800000 5.3333345069262574e-03 
135.000000 5.3333345060855514e-03 
135.200000 5.3333345052742100e-03 
135.400000 5.3333345044913457e-03 
135.600000 5.3333345037360411e-03 
135.800000 5.3333345030074537e-03 
136.000000 5.3333345023047034e-03 
136.200000 5.3333345016269582e-03 
136.400000 5.3333345009734705e-03 
136.600000 5.3333345003434189e-03 
136.800000 5.3333344997360055e-03 
137.000000 5.3333344991505320e-03 
137.200000 5.3333344985862568e-03 
137.400000 5.3333344980424748e-03 
137.600000 5.3333344975184712e-03 
137.800000 5.3333344970136511e-03 
138.000000 5.3333344965273196e-03 
138.200000 5.3333344960588410e-03 
138.400000 5.3333344956076169e-03 
138.600000 5.3333344951730609e-03 
138.800000 5.3333344947546109e-03 
139.000000 5.3333344943516737e-03 
139.200000 5.3333344939637539e-03 
139.400000 5.3333344935902931e-03 
139.600000 5.3333344932308272e-03 
139.800000 5.3333344928848192e-03 
140.000000 5.3333344925518451e-03 
140.200000 5.3333344922314200e-03 
140.400000 5.3333344919231293e-03 
140.600000 5.3333344916264873e-03 
140.800000 5.3333344913411244e-03 
141.000000 5.3333344910666590e-03 
141.200000 5.3333344908026697e-03 
141.400000 5.3333344905487790e-03 
141.600000 5.3333344903046748e-03 
141.800000 5.3333344900699650e-03 
142.000000 5.3333344898443442e-03 
142.200000 5.3333344896274934e-03 
142.400000 5.3333344894190907e-03 
142.600000 5.3333344892188012e-03 
142.800000 5.3333344890264195e-03 
143.000000 5.3333344888416056e-03 
143.200000 5.3333344886640774e-03 
143.400000 5.3333344884936608e-03 
143.600000 5.3333344883300529e-03 
143.800000 5.3333344881729798e-03 
144.000000 5.3333344880222991e-03 
144.200000 5.3333344878777568e-03 
144.400000 5.3333344877391333e-03 
144.600000 5.3333344876062066e-03 
144.800000 5.3333344874788554e-03 
145.000000 5.3333344873568323e-03 
145.200000 5.3333344872399822e-03 
145.400000 5.3333344871281168e-03 
145.600000 5.3333344870210991e-03 
145.800000 5.3333344869187314e-03 
146.000000 5.3333344868208817e-03 
146.200000 5.3333344867273627e-03 
146.400000 5.3333344866381095e-03 
146.600000 5.3333344865529424e-03 
146.800000 5.3333344864717391e-03 
147.000000 5.3333344863944364e-03 
147.200000 5.3333344863209977e-03 
147.400000 5.3333344862512410e-03 
147.600000 5.3333344861850500e-03 
147.800000 5.3333344861223701e-03 
148.000000 5.3333344860631033e-03 
148.200000 5.3333344860070587e-03 
148.400000 5.3333344859541774e-03 
148.600000 5.3333344859043457e-03 
148.800000 5.3333344858574570e-03 
149.000000 5.3333344858133725e-03 
149.200000 5.3333344857720488e-03 
149.400000 5.3333344857333124e-03 
149.600000 5.3333344856971165e-03 
149.800000 5.3333344856633293e-03 
