0.000000 5.0804992640225843e-01 
0.200000 5.0805082046058925e-01 
0.400000 5.0805452819187591e-01 
0.600000 5.0805943143564081e-01 
0.800000 5.0806396770273377e-01 
1.000000 5.0806674705194965e-01 
1.200000 5.0806646894698126e-01 
1.400000 5.0806208923034080e-01 
1.600000 5.0805256713768754e-01 
1.800000 5.0803693344397638e-01 
2.000000 5.0801424375669413e-01 
2.200000 5.0798378501677366e-01 
2.400000 5.0794509939227717e-01 
2.600000 5.0789779644184108e-01 
2.800000 5.0784150873885825e-01 
3.000000 5.0777594889354905e-01 
3.200000 5.0770082365206082e-01 
3.400000 5.0761587822662457e-01 
3.600000 5.0752142505550601e-01 
3.800000 5.0741868738466023e-01 
4.000000 5.0730731166540965e-01 
4.200000 5.0718687844256105e-01 
4.400000 5.0705694484585295e-01 
4.600000 5.0691706164556460e-01 
4.800000 5.0676681497671228e-01 
5.000000 5.0660578596301187e-01 
5.200000 5.0643357414339352e-01 
5.400000 5.0624979512313140e-01 
5.600000 5.0605408868620927e-01 
5.800000 5.0584609756726495e-01 
6.000000 5.0562546578999834e-01 
6.200000 5.0539183100919649e-01 
6.400000 5.0514482144392292e-01 
6.600000 5.0488404478122806e-01 
6.800000 5.0460908685261663e-01 
7.000000 5.0431949851353364e-01 
7.200000 5.0401476141524060e-01 
7.400000 5.0369431212817273e-01 
7.600000 5.0335755837720875e-01 
7.800000 5.0300387715688655e-01 
8.000000 5.0263261530434988e-01 
8.200000 5.0224308660562345e-01 
8.400000 5.0183457000903842e-01 
8.600000 5.0140630616610926e-01 
8.800000 5.0095749485753827e-01 
9.000000 5.0048729081218502e-01 
9.200000 4.9999480000997154e-01 
9.400000 4.9947907537651104e-01 
9.600000 4.9893911332218022e-01 
9.800000 4.9837384992549588e-01 
10.000000 4.9778215819102228e-01 
10.200000 4.9716284561537794e-01 
10.400000 4.9651464975133336e-01 
10.600000 4.9583623363369078e-01 
10.800000 4.9512618090427968e-01 
11.000000 4.9438299204980568e-01 
11.200000 4.9360508052054897e-01 
11.400000 4.9279076838530972e-01 
11.600000 4.9193828152046509e-01 
11.800000 4.9104574445168164e-01 
12.000000 4.9011117492624384e-01 
12.200000 4.8913247830058765e-01 
12.400000 4.8810744176289111e-01 
12.600000 4.8703372847457449e-01 
12.800000 4.8590887166710267e-01 
13.000000 4.8473026875798519e-01 
13.200000 4.8349517549772847e-01 
13.400000 4.8220070021888423e-01 
13.600000 4.8084379818475192e-01 
13.800000 4.7942126621361292e-01 
14.000000 4.7792973765457369e-01 
14.200000 4.7636567789936785e-01 
14.400000 4.7472538048774404e-01 
14.600000 4.7300496394724972e-01 
14.800000 4.7120036952767519e-01 
15.000000 4.6930736006148532e-01 
15.200000 4.6732152017051737e-01 
15.400000 4.6523825808281927e-01 
15.600000 4.6305280932143977e-01 
15.800000 4.6076024257740944e-01 
16.000000 4.5835546806374422e-01 
16.200000 4.5583324869275116e-01 
16.400000 4.5318821441102664e-01 
16.600000 4.5041488005420754e-01 
16.800000 4.4750766706288087e-01 
17.000000 4.4446092941289572e-01 
17.200000 4.4126898408191290e-01 
17.400000 4.3792614635503468e-01 
17.600000 4.3442677021376813e-01 
17.800000 4.3076529400366070e-01 
18.000000 4.2693629149257745e-01 
18.200000 4.2293452834348921e-01 
18.400000 4.1875502390418340e-01 
18.600000 4.1439311809041307e-01 
18.800000 4.0984454298658990e-01 
19.000000 4.0510549862283252e-01 
19.200000 4.0017273220948740e-01 
19.400000 3.9504361992182002e-01 
19.600000 3.8971625013488759e-01 
19.800000 3.8418950681597269e-01 
20.000000 3.7846315159669358e-01 
20.200000 3.7253790287686339e-01 
20.400000 3.6641551016531276e-01 
20.600000 3.6009882174939178e-01 
20.800000 3.5359184371343971e-01 
21.000000 3.4689978830817431e-01 
21.200000 3.4002910971534633e-01 
21.400000 3.3298752536380688e-01 
21.600000 3.2578402113872973e-01 
21.800000 3.1842883908857661e-01 
22.000000 3.1093344657253030e-01 
22.200000 3.0331048619890277e-01 
22.400000 2.9557370637262537e-01 
22.600000 2.8773787278186752e-01 
22.800000 2.7981866169183223e-01 
23.000000 2.7183253645487776e-01 
23.200000 2.6379660916656117e-01 
23.400000 2.5572848987194774e-01 
23.600000 2.4764612613221229e-01 
23.800000 2.3956763607734019e-01 
24.000000 2.3151113828072567e-01 
24.200000 2.2349458188491192e-01 
24.400000 2.1553558038075374e-01 
24.600000 2.0765125229737230e-01 
24.800000 1.9985807180640616e-01 
25.000000 1.9217173189578438e-01 
25.200000 1.8460702234442067e-01 
25.400000 1.7717772425155792e-01 
25.600000 1.6989652236625474e-01 
25.800000 1.6277493594643197e-01 
26.000000 1.5582326837449015e-01 
26.200000 1.4905057528620241e-01 
26.400000 1.4246465054671023e-01 
26.600000 1.3607202904316490e-01 
26.800000 1.2987800496498045e-01 
27.000000 1.2388666401327753e-01 
27.200000 1.1810092782062057e-01 
27.400000 1.1252260876755464e-01 
27.600000 1.0715247334841159e-01 
27.800000 1.0199031225822103e-01 
28.000000 9.7035015437422475e-02 
28.200000 9.2284650412807742e-02 
28.400000 8.7736542403203471e-02 
28.600000 8.3387354808751757e-02 
28.800000 7.9233168865625703e-02 
29.000000 7.5269561417110581e-02 
29.200000 7.1491679921303092e-02 
29.400000 6.7894313980609980e-02 
29.600000 6.4471962834932839e-02 
29.800000 6.1218898406074848e-02 
30.000000 5.8129223613512040e-02 
30.200000 5.5196925799996167e-02 
30.400000 5.2415925208895937e-02 
30.600000 4.9780118543711144e-02 
30.800000 4.7283417714188321e-02 
31.000000 4.4919783933660994e-02 
31.200000 4.2683257379625070e-02 
31.400000 4.0567982665274255e-02 
31.600000 3.8568230395011505e-02 
31.800000 3.6678415093120656e-02 
32.000000 3.4893109803080295e-02 
32.200000 3.3207057656690117e-02 
32.400000 3.1615180708401337e-02 
32.600000 3.0112586322071432e-02 
32.800000 2.8694571385779261e-02 
33.000000 2.7356624616169990e-02 
33.200000 2.6094427197839557e-02 
33.400000 2.4903851986115132e-02 
33.600000 2.3780961483815838e-02 
33.800000 2.2722004784623415e-02 
34.000000 2.1723413657900693e-02 
34.200000 2.0781797932494690e-02 
34.400000 1.9893940320418205e-02 
34.600000 1.9056790805526035e-02 
34.800000 1.8267460707471383e-02 
35.000000 1.7523216517429711e-02 
35.200000 1.6821473589342367e-02 
35.400000 1.6159789758769656e-02 
35.600000 1.5535858950842344e-02 
35.800000 1.4947504829224070e-02 
36.000000 1.4392674529410033e-02 
36.200000 1.3869432512030190e-02 
36.400000 1.3375954565044154e-02 
36.600000 1.2910521977744067e-02 
36.800000 1.2471515904259578e-02 
37.000000 1.2057411929721906e-02 
37.200000 1.1666774848326355e-02 
37.400000 1.1298253659180623e-02 
37.600000 1.0950576782970831e-02 
37.800000 1.0622547500081051e-02 
38.000000 1.0313039608796249e-02 
38.200000 1.0020993300569450e-02 
38.400000 9.7454112479954495e-03 
38.600000 9.4853549000602517e-03 
38.800000 9.2399409784013776e-03 
39.000000 9.0083381676800273e-03 
39.200000 8.7897639927059651e-03 
39.400000 8.5834818746449524e-03 
39.600000 8.3887983584507650e-03 
39.800000 8.2050605035819141e-03 
40.000000 8.0316534300692750e-03 
40.200000 7.8679980120774512e-03 
40.400000 7.7135487112366518e-03 
40.600000 7.5677915422060786e-03 
40.800000 7.4302421631439707e-03 
41.000000 7.3004440840097511e-03 
41.200000 7.1779669858844661e-03 
41.400000 7.0624051447801504e-03 
41.600000 6.9533759536943712e-03 
41.800000 6.8505185369605402e-03 
42.000000 6.7534924512386513e-03 
42.200000 6.6619764677815487e-03 
42.400000 6.5756674308996253e-03 
42.600000 6.4942791878270546e-03 
42.800000 6.4175415854646175e-03 
43.000000 6.3451995297375509e-03 
43.200000 6.2770121035601572e-03 
43.400000 6.2127517396405327e-03 
43.600000 6.1522034445918167e-03 
43.800000 6.0951640710354953e-03 
44.000000 6.0414416345920003e-03 
44.200000 5.9908546728525761e-03 
44.400000 5.9432316436128525e-03 
44.600000 5.8984103598262085e-03 
44.800000 5.8562374589003034e-03 
45.000000 5.8165679041179402e-03 
45.200000 5.7792645161090887e-03 
45.400000 5.7441975324389605e-03 
45.600000 5.7112441935068311e-03 
45.800000 5.6802883530697058e-03 
46.000000 5.6512201118187550e-03 
46.200000 5.6239354725412857e-03 
46.400000 5.5983360154999865e-03 
46.600000 5.5743285927523489e-03 
46.800000 5.5518250402193043e-03 
47.000000 5.5307419063915578e-03 
47.200000 5.5110001966365892e-03 
47.400000 5.4925251321385734e-03 
47.600000 5.4752459225678547e-03 
47.800000 5.4590955516361965e-03 
48.000000 5.4440105747512171e-03 
48.200000 5.4299309280334994e-03 
48.400000 5.4167997480094841e-03 
48.600000 5.4045632013385927e-03 
48.800000 5.3931703239733968e-03 
49.000000 5.3825728691920920e-03 
49.200000 5.3727251639781731e-03 
49.400000 5.3635839732558309e-03 
49.600000 5.3551083715216883e-03 
49.800000 5.3472596214417679e-03 
50.000000 5.3400010590111116e-03 
50.200000 5.3332979848973866e-03 
50.400000 5.3271175616148728e-03 
50.600000 5.3214287161965201e-03 
50.800000 5.3162020480522470e-03 
51.000000 5.3114097417214052e-03 
51.200000 5.3070254842446478e-03 
51.400000 5.3030243868973231e-03 
51.600000 5.2993829110426919e-03 
51.800000 5.2960787978765037e-03 
52.000000 5.2930910018492393e-03 
52.200000 5.2903996275650957e-03 
52.400000 5.2879858699672929e-03 
52.600000 5.2858319576322308e-03 
52.800000 5.2839210990040675e-03 
53.000000 5.2822374314116811e-03 
53.200000 5.2807659727189208e-03 
53.400000 5.2794925754674595e-03 
53.600000 5.2784038833800940e-03 
53.800000 5.2774872900991764e-03 
54.000000 5.2767309000422971e-03 
54.200000 5.2761234912638445e-03 
54.400000 5.2756544802176238e-03 
54.600000 5.2753138883207271e-03 
54.800000 5.2750923102252217e-03 
55.000000 5.2749808837090290e-03 
55.200000 5.2749712611018136e-03 
55.400000 5.2750555821671589e-03 
55.600000 5.2752264483655800e-03 
55.800000 5.2754768984278515e-03 
56.000000 5.2758003851712176e-03 
56.200000 5.2761907534952888e-03 
56.400000 5.2766422194972613e-03 
56.600000 5.2771493506494002e-03 
56.800000 5.2777070469852711e-03 
57.000000 5.2783105232431611e-03 
57.200000 5.2789552919184730e-03 
57.400000 5.2796371471791450e-03 
57.600000 5.2803521496005302e-03 
57.800000 5.2810966116786043e-03 
58.000000 5.2818670840822134e-03 
58.200000 5.2826603426073069e-03 
58.400000 5.2834733757978983e-03 
58.600000 5.2843033732005084e-03 
58.800000 5.2851477142201323e-03 
59.000000 5.2860039575477946e-03 
59.200000 5.2868698311311487e-03 
59.400000 5.2877432226608430e-03 
59.600000 5.2886221705470389e-03 
59.800000 5.2895048553616387e-03 
60.000000 5.2903895917228586e-03 
60.200000 5.2912748206001619e-03 
60.400000 5.2921591020186811e-03 
60.600000 5.2930411081431395e-03 
60.800000 5.2939196167221163e-03 
61.000000 5.2947935048754001e-03 
61.200000 5.2956617432061851e-03 
61.400000 5.2965233902231663e-03 
61.600000 5.2973775870561136e-03 
61.800000 5.2982235524507001e-03 
62.000000 5.2990605780286514e-03 
62.200000 5.2998880237997295e-03 
62.400000 5.3007053139130901e-03 
62.600000 5.3015119326360995e-03 
62.800000 5.3023074205491702e-03 
63.000000 5.3030913709454586e-03 
63.200000 5.3038634264258727e-03 
63.400000 5.3046232756786185e-03 
63.600000 5.3053706504348043e-03 
63.800000 5.3061053225909099e-03 
64.000000 5.3068271014893647e-03 
64.200000 5.3075358313500144e-03 
64.400000 5.3082313888440664e-03 
64.600000 5.3089136808034980e-03 
64.800000 5.3095826420595706e-03 
65.000000 5.3102382334028952e-03 
65.200000 5.3108804396597743e-03 
65.400000 5.3115092678782090e-03 
65.600000 5.3121247456182023e-03 
65.800000 5.3127269193413273e-03 
66.000000 5.3133158528934771e-03 
66.200000 5.3138916260772814e-03 
66.400000 5.3144543333082540e-03 
66.600000 5.3150040823513435e-03 
66.800000 5.3155409931330260e-03 
67.000000 5.3160651966253072e-03 
67.200000 5.3165768337977556e-03 
67.400000 5.3170760546339306e-03 
67.600000 5.3175630172090605e-03 
67.800000 5.3180378868252411e-03 
68.000000 5.3185008352015940e-03 
68.200000 5.3189520397160586e-03 
68.400000 5.3193916826963627e-03 
68.600000 5.3198199507572029e-03 
68.800000 5.3202370341813620e-03 
69.000000 5.3206431263422924e-03 
69.200000 5.3210384231658081e-03 
69.400000 5.3214231226289413e-03 
69.600000 5.3217974242937491e-03 
69.800000 5.3221615288739730e-03 
70.000000 5.3225156378332531e-03 
70.200000 5.3228599530125102e-03 
70.400000 5.3231946762852204e-03 
70.600000 5.3235200092386905e-03 
70.800000 5.3238361528804507e-03 
71.000000 5.3241433073673398e-03 
71.200000 5.3244416717571352e-03 
71.400000 5.3247314437801724e-03 
71.600000 5.3250128196309834e-03 
71.800000 5.3252859937777518e-03 
72.000000 5.3255511587892513e-03 
72.200000 5.3258085051775704e-03 
72.400000 5.3260582212563707e-03 
72.600000 5.3263004930131676e-03 
72.800000 5.3265355039948574e-03 
73.000000 5.3267634352060032e-03 
73.200000 5.3269844650185548e-03 
73.400000 5.3271987690926810e-03 
73.600000 5.3274065203078895e-03 
73.800000 5.3276078887036418e-03 
74.000000 5.3278030414287709e-03 
74.200000 5.3279921426996543e-03 
74.400000 5.3281753537656315e-03 
74.600000 5.3283528328821935e-03 
74.800000 5.3285247352904182e-03 
75.000000 5.3286912132029995e-03 
75.200000 5.3288524157958685e-03 
75.400000 5.3290084892053590e-03 
75.600000 5.3291595765301535e-03 
75.800000 5.3293058178379409e-03 
76.000000 5.3294473501762770e-03 
76.200000 5.3295843075873610e-03 
76.400000 5.3297168211262520e-03 
76.600000 5.3298450188825714e-03 
76.800000 5.3299690260050414e-03 
77.000000 5.3300889647287138e-03 
77.200000 5.3302049544048475e-03 
77.400000 5.3303171115330018e-03 
77.600000 5.3304255497948622e-03 
77.800000 5.3305303800902310e-03 
78.000000 5.3306317105746076e-03 
78.200000 5.3307296466979671e-03 
78.400000 5.3308242912449557e-03 
78.600000 5.3309157443763274e-03 
78.800000 5.3310041036710607e-03 
79.000000 5.3310894641695377e-03 
79.200000 5.3311719184174202e-03 
79.400000 5.3312515565097770e-03 
79.600000 5.3313284661361338e-03 
79.800000 5.3314027326255347e-03 
80.000000 5.3314744389920034e-03 
80.200000 5.3315436659801783e-03 
80.400000 5.3316104921109272e-03 
80.600000 5.3316749937271767e-03 
80.800000 5.3317372450394068e-03 
81.000000 5.3317973181712577e-03 
81.200000 5.3318552832047599e-03 
81.400000 5.3319112082254039e-03 
81.600000 5.3319651593669807e-03 
81.800000 5.3320172008558889e-03 
82.000000 5.3320673950552526e-03 
82.200000 5.3321158025084088e-03 
82.400000 5.3321624819821422e-03 
82.600000 5.3322074905093201e-03 
82.800000 5.3322508834308538e-03 
83.000000 5.3322927144374187e-03 
83.200000 5.3323330356103886e-03 
83.400000 5.3323718974621704e-03 
83.600000 5.3324093489761073e-03 
83.800000 5.3324454376454562e-03 
84.000000 5.3324802095119908e-03 
84.200000 5.3325137092039392e-03 
84.400000 5.3325459799729606e-03 
84.600000 5.3325770637308641e-03 
84.800000 5.3326070010853406e-03 
85.000000 5.3326358313752105e-03 
85.200000 5.3326635927048579e-03 
85.400000 5.3326903219779497e-03 
85.600000 5.3327160549306906e-03 
85.800000 5.3327408261641587e-03 
86.000000 5.3327646691760482e-03 
86.200000 5.3327876163917287e-03 
86.400000 5.3328096991946163e-03 
86.600000 5.3328309479559015e-03 
86.800000 5.3328513920635531e-03 
87.000000 5.3328710599506489e-03 
87.200000 5.3328899791231978e-03 
87.400000 5.3329081761870362e-03 
87.600000 5.3329256768743704e-03 
87.800000 5.3329425060694956e-03 
88.000000 5.3329586878339778e-03 
88.200000 5.3329742454310694e-03 
88.400000 5.3329892013498194e-03 
88.600000 5.3330035773282210e-03 
88.800000 5.3330173943759310e-03 
89.000000 5.3330306727965796e-03 
89.200000 5.3330434322091027e-03 
89.400000 5.3330556915689182e-03 
89.600000 5.3330674691882858e-03 
89.800000 5.3330787827562181e-03 
90.000000 5.3330896493578653e-03 
90.200000 5.3331000854933801e-03 
90.400000 5.3331101070961413e-03 
90.600000 5.3331197295508059e-03 
90.800000 5.3331289677103887e-03 
91.000000 5.3331378359132847e-03 
91.200000 5.3331463479995766e-03 
91.400000 5.3331545173269795e-03 
91.600000 5.3331623567864040e-03 
91.800000 5.3331698788168019e-03 
92.000000 5.3331770954199217e-03 
92.200000 5.3331840181743938e-03 
92.400000 5.3331906582495901e-03 
92.600000 5.3331970264188233e-03 
92.800000 5.3332031330725026e-03 
93.000000 5.3332089882307393e-03 
93.200000 5.3332146015552390e-03 
93.400000 5.3332199823615950e-03 
93.600000 5.3332251396304995e-03 
93.800000 5.3332300820189736e-03 
94.000000 5.3332348178712448e-03 
94.200000 5.3332393552291048e-03 
94.400000 5.3332437018421656e-03 
94.600000 5.3332478651777126e-03 
94.800000 5.3332518524302468e-03 
95.000000 5.3332556705307710e-03 
95.200000 5.3332593261555964e-03 
95.400000 5.3332628257353742e-03 
95.600000 5.3332661754630804e-03 
95.800000 5.3332693813026031e-03 
96.000000 5.3332724489962638e-03 
96.200000 5.3332753840727581e-03 
96.400000 5.3332781918543539e-03 
96.600000 5.3332808774641761e-03 
96.800000 5.3332834458331736e-03 
97.000000 5.3332859017066730e-03 
97.200000 5.3332882496510744e-03 
97.400000 5.3332904940599666e-03 
97.600000 5.3332926391603539e-03 
97.800000 5.3332946890184826e-03 
98.000000 5.3332966475455480e-03 
98.200000 5.3332985185031946e-03 
98.400000 5.3333003055088223e-03 
98.600000 5.3333020120407736e-03 
98.800000 5.3333036414433309e-03 
99.000000 5.3333051969314867e-03 
99.200000 5.3333066815956318e-03 
99.400000 5.3333080984060274e-03 
99.600000 5.3333094502172051e-03 
99.800000 5.3333107397720960e-03 
100.000000 5.3333119697061490e-03 
100.200000 5.3333131425512548e-03 
100.400000 5.3333142607395493e-03 
100.600000 5.3333153266069393e-03 
100.800000 5.3333163423969392e-03 
101.000000 5.3333173102636626e-03 
101.200000 5.3333182322755773e-03 
101.400000 5.3333191104183450e-03 
101.600000 5.3333199465980564e-03 
101.800000 5.3333207426441674e-03 
102.000000 5.3333215003123786e-03 
102.200000 5.3333222212874187e-03 
102.400000 5.3333229071855677e-03 
102.600000 5.3333235595575193e-03 
102.800000 5.3333241798905629e-03 
103.000000 5.3333247696111833e-03 
103.200000 5.3333253300873185e-03 
103.400000 5.3333258626305519e-03 
103.600000 5.3333263684983813e-03 
103.800000 5.3333268488960518e-03 
104.000000 5.3333273049788466e-03 
104.200000 5.3333277378539061e-03 
104.400000 5.3333281485820026e-03 
104.600000 5.3333285381794542e-03 
104.800000 5.3333289076197580e-03 
105.000000 5.3333292578353455e-03 
105.200000 5.3333295897191506e-03 
105.400000 5.3333299041262135e-03 
105.600000 5.3333302018749671e-03 
105.800000 5.3333304837489565e-03 
106.000000 5.3333307504980680e-03 
106.200000 5.3333310028398665e-03 
106.400000 5.3333312414609270e-03 
106.600000 5.3333314670180017e-03 
106.800000 5.3333316801393122e-03 
107.000000 5.3333318814256150e-03 
107.200000 5.3333320714513809e-03 
107.400000 5.3333322507656978e-03 
107.600000 5.3333324198935553e-03 
107.800000 5.3333325793365150e-03 
108.000000 5.3333327295740267e-03 
108.200000 5.3333328710639298e-03 
108.400000 5.3333330042437165e-03 
108.600000 5.3333331295310881e-03 
108.800000 5.3333332473248984e-03 
109.000000 5.3333333580059660e-03 
109.200000 5.3333334619377355e-03 
109.400000 5.3333335594670022e-03 
109.600000 5.3333336509247585e-03 
109.800000 5.3333337366265887e-03 
110.000000 5.3333338168736304e-03 
110.200000 5.3333338919529100e-03 
110.400000 5.3333339621381313e-03 
110.600000 5.3333340276900979e-03 
110.800000 5.3333340888573992e-03 
111.000000 5.3333341458768136e-03 
111.200000 5.3333341989739349e-03 
111.400000 5.3333342483635332e-03 
111.600000 5.3333342942500743e-03 
111.800000 5.3333343368282150e-03 
112.000000 5.3333343762831890e-03 
112.200000 5.3333344127911705e-03 
112.400000 5.3333344465197451e-03 
112.600000 5.3333344776283053e-03 
112.800000 5.3333345062682716e-03 
113.000000 5.3333345325836407e-03 
113.200000 5.3333345567111827e-03 
113.400000 5.3333345787808170e-03 
113.600000 5.3333345989158461e-03 
113.800000 5.3333346172334505e-03 
114.000000 5.3333346338446863e-03 
114.200000 5.3333346488549545e-03 
114.400000 5.3333346623643035e-03 
114.600000 5.3333346744674284e-03 
114.800000 5.3333346852542122e-03 
115.000000 5.3333346948096659e-03 
115.200000 5.3333347032144844e-03 
115.400000 5.3333347105448915e-03 
115.600000 5.3333347168731289e-03 
115.800000 5.3333347222674883e-03 
116.000000 5.3333347267925336e-03 
116.200000 5.3333347305093556e-03 
116.400000 5.3333347334756052e-03 
116.600000 5.3333347357457450e-03 
116.800000 5.3333347373711966e-03 
117.000000 5.3333347384005103e-03 
117.200000 5.3333347388793573e-03 
117.400000 5.3333347388509330e-03 
117.600000 5.3333347383558048e-03 
117.800000 5.3333347374322614e-03 
118.000000 5.3333347361162716e-03 
118.200000 5.3333347344416788e-03 
118.400000 5.3333347324403344e-03 
118.600000 5.3333347301420505e-03 
118.800000 5.3333347275749598e-03 
119.000000 5.3333347247652881e-03 
119.200000 5.3333347217377385e-03 
119.400000 5.3333347185154055e-03 
119.600000 5.3333347151198907e-03 
119.800000 5.3333347115714167e-03 
120.000000 5.3333347078887965e-03 
120.200000 5.3333347040897434e-03 
120.400000 5.3333347001906220e-03 
120.600000 5.3333346962067419e-03 
120.800000 5.3333346921523523e-03 
121.000000 5.3333346880406508e-03 
121.200000 5.3333346838839498e-03 
121.400000 5.3333346796935709e-03 
121.600000 5.3333346754800776e-03 
121.800000 5.3333346712531801e-03 
122.000000 5.3333346670218686e-03 
122.200000 5.3333346627944152e-03 
122.400000 5.3333346585783779e-03 
122.600000 5.3333346543807105e-03 
122.800000 5.3333346502078454e-03 
123.000000 5.3333346460655113e-03 
123.200000 5.3333346419590331e-03 
123.400000 5.3333346378932186e-03 
123.600000 5.3333346338723924e-03 
123.800000 5.3333346299004334e-03 
124.000000 5.3333346259808187e-03 
124.200000 5.3333346221166970e-03 
124.400000 5.3333346183108360e-03 
124.600000 5.3333346145656305e-03 
124.800000 5.3333346108831933e-03 
125.000000 5.3333346072653729e-03 
125.200000 5.3333346037137486e-03 
125.400000 5.3333346002295617e-03 
125.600000 5.3333345968139302e-03 
125.800000 5.3333345934677033e-03 
126.000000 5.3333345901915219e-03 
126.200000 5.3333345869859177e-03 
126.400000 5.3333345838510971e-03 
126.600000 5.3333345807872676e-03 
126.800000 5.3333345777943891e-03 
127.000000 5.3333345748723358e-03 
127.200000 5.3333345720208451e-03 
127.400000 5.3333345692395361e-03 
127.600000 5.3333345665279247e-03 
127.800000 5.3333345638854387e-03 
128.000000 5.3333345613114248e-03 
128.200000 5.3333345588051657e-03 
128.400000 5.3333345563657993e-03 
128.600000 5.3333345539925041e-03 
128.800000 5.3333345516843565e-03 
129.000000 5.3333345494403373e-03 
129.200000 5.3333345472595150e-03 
129.400000 5.3333345451407714e-03 
129.600000 5.3333345430830190e-03 
129.800000 5.3333345410851640e-03 
130.000000 5.3333345391460623e-03 
130.200000 5.3333345372645726e-03 
130.400000 5.3333345354394822e-03 
130.600000 5.3333345336696427e-03 
130.800000 5.3333345319538199e-03 
131.000000 5.3333345302908272e-03 
131.200000 5.3333345286795050e-03 
131.400000 5.3333345271185601e-03 
131.600000 5.3333345256068726e-03 
131.800000 5.3333345241432023e-03 
132.000000 5.3333345227263591e-03 
132.200000 5.3333345213551547e-03 
132.400000 5.3333345200284113e-03 
132.600000 5.3333345187449996e-03 
132.800000 5.3333345175037381e-03 
133.000000 5.3333345163034777e-03 
133.200000 5.3333345151430891e-03 
133.400000 5.3333345140215019e-03 
133.600000 5.3333345129376120e-03 
133.800000 5.3333345118902996e-03 
134.000000 5.3333345108785828e-03 
134.200000 5.3333345099013784e-03 
134.400000 5.3333345089576689e-03 
134.600000 5.3333345080464716e-03 
134.800000 5.3333345071668323e-03 
135.000000 5.3333345063177147e-03 
135.200000 5.3333345054982391e-03 
135.400000 5.3333345047075027e-03 
135.600000 5.3333345039445574e-03 
135.800000 5.3333345032085810e-03 
136.000000 5.3333345024986914e-03 
136.200000 5.3333345018140446e-03 
136.400000 5.3333345011538696e-03 
136.600000 5.3333345005173198e-03 
136.800000 5.3333344999036379e-03 
137.000000 5.3333344993121154e-03 
137.200000 5.3333344987419968e-03 
137.400000 5.3333344981925206e-03 
137.600000 5.3333344976630561e-03 
137.800000 5.3333344971529355e-03 
138.000000 5.3333344966614649e-03 
138.200000 5.3333344961880597e-03 
138.400000 5.3333344957320721e-03 
138.600000 5.3333344952929016e-03 
138.800000 5.3333344948699804e-03 
139.000000 5.3333344944627784e-03 
139.200000 5.3333344940707083e-03 
139.400000 5.3333344936932507e-03 
139.600000 5.3333344933299137e-03 
139.800000 5.3333344929802169e-03 
140.000000 5.3333344926436285e-03 
140.200000 5.3333344923197218e-03 
140.400000 5.3333344920080484e-03 
140.600000 5.3333344917082127e-03 
140.800000 5.3333344914197446e-03 
141.000000 5.3333344911422591e-03 
141.200000 5.3333344908753572e-03 
141.400000 5.3333344906187101e-03 
141.600000 5.3333344903718754e-03 
141.800000 5.3333344901345774e-03 
142.000000 5.3333344899064421e-03 
142.200000 5.3333344896871583e-03 
142.400000 5.3333344894764172e-03 
142.600000 5.3333344892738952e-03 
142.800000 5.3333344890793130e-03 
143.000000 5.3333344888923991e-03 
143.200000 5.3333344887128761e-03 
143.400000 5.3333344885404853e-03 
143.600000 5.3333344883749814e-03 
143.800000 5.3333344882161059e-03 
144.000000 5.3333344880636610e-03 
144.200000 5.3333344879174151e-03 
144.400000 5.3333344877771419e-03 
144.600000 5.3333344876426419e-03 
144.800000 5.3333344875137537e-03 
145.000000 5.3333344873902587e-03 
145.200000 5.3333344872719662e-03 
145.400000 5.3333344871587286e-03 
145.600000 5.3333344870503578e-03 
145.800000 5.3333344869466925e-03 
146.000000 5.3333344868475860e-03 
146.200000 5.3333344867528719e-03 
146.400000 5.3333344866624407e-03 
146.600000 5.3333344865761287e-03 
146.800000 5.3333344864938083e-03 
147.000000 5.3333344864154343e-03 
147.200000 5.3333344863409063e-03 
147.400000 5.3333344862701226e-03 
147.600000 5.3333344862029515e-03 
147.800000 5.3333344861393002e-03 
148.000000 5.3333344860790688e-03 
148.200000 5.3333344860221352e-03 
148.400000 5.3333344859683753e-03 
148.600000 5.3333344859177014e-03 
148.800000 5.3333344858699869e-03 
149.000000 5.3333344858251322e-03 
149.200000 5.3333344857830279e-03 
149.400000 5.3333344857435846e-03 
149.600000 5.3333344857066792e-03 
149.800000 5.3333344856722163e-03 
