0.000000 5.0552736880904880e-01 
0.200000 5.0552981713328859e-01 
0.400000 5.0553416791333194e-01 
0.600000 5.0553880070084001e-01 
0.800000 5.0554233204891874e-01 
1.000000 5.0554334434492221e-01 
1.200000 5.0554069014147041e-01 
1.400000 5.0553325627160006e-01 
1.600000 5.0551994237461584e-01 
1.800000 5.0549976252477513e-01 
2.000000 5.0547179084720206e-01 
2.200000 5.0543553954908937e-01 
2.400000 5.0539065464020039e-01 
2.600000 5.0533687252797677e-01 
2.800000 5.0527308316712638e-01 
3.000000 5.0519852893096917e-01 
3.200000 5.0511304480820229e-01 
3.400000 5.0501647757534740e-01 
3.600000 5.0491028691465478e-01 
3.800000 5.0479472338768117e-01 
4.000000 5.0466946261705037e-01 
4.200000 5.0453419711874092e-01 
4.400000 5.0438850479717379e-01 
4.600000 5.0423201692143305e-01 
4.800000 5.0406433981285836e-01 
5.000000 5.0388507566540053e-01 
5.200000 5.0369384502136239e-01 
5.400000 5.0349027053599438e-01 
5.600000 5.0327405340274090e-01 
5.800000 5.0304485084468198e-01 
6.000000 5.0280229537559573e-01 
6.200000 5.0254592540926357e-01 
6.400000 5.0227533183557693e-01 
6.600000 5.0199011539485772e-01 
6.800000 5.0168985968144386e-01 
7.000000 5.0137408094522407e-01 
7.200000 5.0104223387757374e-01 
7.400000 5.0069373461094824e-01 
7.600000 5.0032796458719841e-01 
7.800000 4.9994427123990909e-01 
8.000000 4.9954196608945639e-01 
8.200000 4.9912032397192518e-01 
8.400000 4.9867858140870913e-01 
8.600000 4.9821593368581729e-01 
8.800000 4.9773153185677338e-01 
9.000000 4.9722447920336832e-01 
9.200000 4.9669382879479773e-01 
9.400000 4.9613857870728395e-01 
9.600000 4.9555766797105727e-01 
9.800000 4.9494997193738505e-01 
10.000000 4.9431430082615840e-01 
10.200000 4.9364939508019839e-01 
10.400000 4.9295392068197053e-01 
10.600000 4.9222646409466075e-01 
10.800000 4.9146552821878198e-01 
11.000000 4.9066952892660037e-01 
11.200000 4.8983679111272710e-01 
11.400000 4.8896554422190647e-01 
11.600000 4.8805391737181469e-01 
11.800000 4.8709993409041935e-01 
12.000000 4.8610150687809200e-01 
12.200000 4.8505643152259698e-01 
12.400000 4.8396238118768026e-01 
12.600000 4.8281690037478242e-01 
12.800000 4.8161739903881806e-01 
13.000000 4.8036114686360143e-01 
13.200000 4.7904526777438811e-01 
13.400000 4.7766673446783148e-01 
13.600000 4.7622236316925298e-01 
13.800000 4.7470880879310950e-01 
14.000000 4.7312256062234653e-01 
14.200000 4.7145993862256724e-01 
14.400000 4.6971709048469013e-01 
14.600000 4.6788998956177169e-01 
14.800000 4.6597443390074889e-01 
15.000000 4.6396604661286295e-01 
15.200000 4.6186027783796668e-01 
15.400000 4.5965240856972467e-01 
15.600000 4.5733755665030551e-01 
15.800000 4.5491068521009403e-01 
16.000000 4.5236661393587946e-01 
16.200000 4.4970003347207022e-01 
16.400000 4.4690552331585509e-01 
16.600000 4.4397757351375017e-01 
16.800000 4.4091061051263264e-01 
17.000000 4.3769902750360912e-01 
17.200000 4.3433721954826088e-01 
17.400000 4.3081962373469307e-01 
17.600000 4.2714076455572053e-01 
17.800000 4.2329530462851228e-01 
18.000000 4.1927810078155336e-01 
18.200000 4.1508426542553423e-01 
18.400000 4.1070923299595552e-01 
18.600000 4.0614883110594185e-01 
18.800000 4.0139935588822134e-01 
19.000000 3.9645765082665935e-01 
19.200000 3.9132118819275696e-01 
19.400000 3.8598815200870212e-01 
19.600000 3.8045752126715121e-01 
19.800000 3.7472915195114875e-01 
20.000000 3.6880385622707745e-01 
20.200000 3.6268347703211573e-01 
20.400000 3.5637095615790976e-01 
20.600000 3.4987039385285390e-01 
20.800000 3.4318709793598673e-01 
21.000000 3.3632762044580294e-01 
21.200000 3.2929977994415771e-01 
21.400000 3.2211266776515951e-01 
21.600000 3.1477663674527900e-01 
21.800000 3.0730327129326840e-01 
22.000000 2.9970533805295702e-01 
22.200000 2.9199671687019463e-01 
22.400000 2.8419231228388264e-01 
22.600000 2.7630794630254801e-01 
22.800000 2.6836023378157053e-01 
23.000000 2.6036644225750399e-01 
23.200000 2.5234433860062977e-01 
23.400000 2.4431202528975277e-01 
23.600000 2.3628776947214344e-01 
23.800000 2.2828982822728963e-01 
24.000000 2.2033627359210842e-01 
24.200000 2.1244482091990088e-01 
24.400000 2.0463266403472105e-01 
24.600000 1.9691632041297857e-01 
24.800000 1.8931148928698674e-01 
25.000000 1.8183292513860347e-01 
25.200000 1.7449432855635993e-01 
25.400000 1.6730825589082082e-01 
25.600000 1.6028604858507062e-01 
25.800000 1.5343778250449902e-01 
26.000000 1.4677223706443113e-01 
26.200000 1.4029688347459146e-01 
26.400000 1.3401789100068973e-01 
26.600000 1.2794014979610929e-01 
26.800000 1.2206730858670109e-01 
27.000000 1.1640182530074238e-01 
27.200000 1.1094502862211968e-01 
27.400000 1.0569718840249988e-01 
27.600000 1.0065759289001844e-01 
27.800000 9.5824630808490005e-02 
28.000000 9.1195876442213386e-02 
28.200000 8.6768176036515238e-02 
28.400000 8.2537734003279961e-02 
28.600000 7.8500197614270753e-02 
28.800000 7.4650739064803864e-02 
29.000000 7.0984133989105330e-02 
29.200000 6.7494835700615055e-02 
29.400000 6.4177044611057915e-02 
29.600000 6.1024772447972817e-02 
29.800000 5.8031901039349583e-02 
30.000000 5.5192235564856952e-02 
30.200000 5.2499552285410159e-02 
30.400000 4.9947640856817827e-02 
30.600000 4.7530341409676796e-02 
30.800000 4.5241576637763237e-02 
31.000000 4.3075379182276587e-02 
31.200000 4.1025914631015042e-02 
31.400000 3.9087500471594087e-02 
31.600000 3.7254621347769759e-02 
31.800000 3.5521940969466551e-02 
32.000000 3.3884311021749776e-02 
32.200000 3.2336777407110412e-02 
32.400000 3.0874584140384922e-02 
32.600000 2.9493175197470887e-02 
32.800000 2.8188194598758713e-02 
33.000000 2.6955484986685097e-02 
33.200000 2.5791084934719013e-02 
33.400000 2.4691225202997009e-02 
33.600000 2.3652324134159058e-02 
33.800000 2.2670982362051794e-02 
34.000000 2.1743976986117585e-02 
34.200000 2.0868255345645927e-02 
34.400000 2.0040928510741719e-02 
34.600000 1.9259264590924086e-02 
34.800000 1.8520681947724559e-02 
35.000000 1.7822742384486896e-02 
35.200000 1.7163144374744487e-02 
35.400000 1.6539716379997248e-02 
35.600000 1.5950410298368311e-02 
35.800000 1.5393295077391591e-02 
36.000000 1.4866550516995865e-02 
36.200000 1.4368461282508739e-02 
36.400000 1.3897411142128051e-02 
36.600000 1.3451877438701128e-02 
36.800000 1.3030425801750258e-02 
37.000000 1.2631705102393554e-02 
37.200000 1.2254442651072407e-02 
37.400000 1.1897439635742446e-02 
37.600000 1.1559566796352456e-02 
37.800000 1.1239760329972783e-02 
38.000000 1.0937018019791305e-02 
38.200000 1.0650395580324967e-02 
38.400000 1.0379003210563717e-02 
38.600000 1.0122002346328728e-02 
38.800000 9.8786026028635909e-03 
39.000000 9.6480588985544194e-03 
39.200000 9.4296687506688938e-03 
39.400000 9.2227697340944471e-03 
39.600000 9.0267370942225915e-03 
39.800000 8.8409815053551426e-03 
40.000000 8.6649469662817349e-03 
40.200000 8.4981088249905749e-03 
40.400000 8.3399719248057926e-03 
40.600000 8.1900688645995569e-03 
40.800000 8.0479583660834544e-03 
41.000000 7.9132237415491091e-03 
41.200000 7.7854714557869338e-03 
41.400000 7.6643297762676570e-03 
41.600000 7.5494475060174726e-03 
41.800000 7.4404927939498884e-03 
42.000000 7.3371520177421034e-03 
42.200000 7.2391287346471496e-03 
42.400000 7.1461426959281513e-03 
42.600000 7.0579289208747200e-03 
42.800000 6.9742368266247816e-03 
43.000000 6.8948294102593767e-03 
43.200000 6.8194824798690290e-03 
43.400000 6.7479839315063425e-03 
43.600000 6.6801330691417162e-03 
43.800000 6.6157399649275700e-03 
44.000000 6.5546248572537665e-03 
44.200000 6.4966175842399330e-03 
44.400000 6.4415570504655836e-03 
44.600000 6.3892907248803621e-03 
44.800000 6.3396741679713200e-03 
45.000000 6.2925705863875097e-03 
45.200000 6.2478504133389803e-03 
45.400000 6.2053909131946465e-03 
45.600000 6.1650758088046993e-03 
45.800000 6.1267949301677151e-03 
46.000000 6.0904438831496013e-03 
46.200000 6.0559237370445811e-03 
46.400000 6.0231407298446038e-03 
46.600000 5.9920059901552259e-03 
46.800000 5.9624352747627901e-03 
47.000000 5.9343487209209903e-03 
47.200000 5.9076706124828494e-03 
47.400000 5.8823291590586234e-03 
47.600000 5.8582562874324763e-03 
47.800000 5.8353874445173735e-03 
48.000000 5.8136614111730586e-03 
48.200000 5.7930201262540839e-03 
48.400000 5.7734085202934375e-03 
48.600000 5.7547743582645793e-03 
48.800000 5.7370680908984490e-03 
49.000000 5.7202427140650592e-03 
49.200000 5.7042536357577410e-03 
49.400000 5.6890585502480722e-03 
49.600000 5.6746173190041571e-03 
49.800000 5.6608918579910484e-03 
50.000000 5.6478460309933032e-03 
50.200000 5.6354455486235149e-03 
50.400000 5.6236578726984367e-03 
50.600000 5.6124521256851927e-03 
50.800000 5.6017990049366398e-03 
51.000000 5.5916707014514915e-03 
51.200000 5.5820408229111896e-03 
51.400000 5.5728843207590688e-03 
51.600000 5.5641774211015868e-03 
51.800000 5.5558975592238909e-03 
52.000000 5.5480233175241502e-03 
52.200000 5.5405343666818738e-03 
52.400000 5.5334114098870950e-03 
52.600000 5.5266361299649933e-03 
52.800000 5.5201911392429867e-03 
53.000000 5.5140599320125461e-03 
53.200000 5.5082268394490352e-03 
53.400000 5.5026769868588695e-03 
53.600000 5.4973962531310429e-03 
53.800000 5.4923712322774258e-03 
54.000000 5.4875891969510442e-03 
54.200000 5.4830380638397902e-03 
54.400000 5.4787063608364456e-03 
54.600000 5.4745831958930742e-03 
54.800000 5.4706582274714911e-03 
55.000000 5.4669216365071773e-03 
55.200000 5.4633640998079077e-03 
55.400000 5.4599767648128095e-03 
55.600000 5.4567512256416192e-03 
55.800000 5.4536795003672887e-03 
56.000000 5.4507540094490339e-03 
56.200000 5.4479675552661826e-03 
56.400000 5.4453133026957194e-03 
56.600000 5.4427847606806565e-03 
56.800000 5.4403757647376941e-03 
57.000000 5.4380804603565789e-03 
57.200000 5.4358932872451303e-03 
57.400000 5.4338089643768718e-03 
57.600000 5.4318224758002657e-03 
57.800000 5.4299290571704368e-03 
58.000000 5.4281241829667376e-03 
58.200000 5.4264035543612242e-03 
58.400000 5.4247630877045268e-03 
58.600000 5.4231989035980373e-03 
58.800000 5.4217073165222403e-03 
59.000000 5.4202848249933063e-03 
59.200000 5.4189281022205297e-03 
59.400000 5.4176339872394749e-03 
59.600000 5.4163994764966751e-03 
59.800000 5.4152217158627445e-03 
60.000000 5.4140979930522295e-03 
60.200000 5.4130257304294159e-03 
60.400000 5.4120024781808161e-03 
60.600000 5.4110259078351472e-03 
60.800000 5.4100938061137369e-03 
61.000000 5.4092040690940689e-03 
61.200000 5.4083546966710080e-03 
61.400000 5.4075437873001399e-03 
61.600000 5.4067695330092206e-03 
61.800000 5.4060302146640609e-03 
62.000000 5.4053241974756101e-03 
62.200000 5.4046499267365062e-03 
62.400000 5.4040059237749523e-03 
62.600000 5.4033907821150811e-03 
62.800000 5.4028031638333768e-03 
63.000000 5.4022417961009329e-03 
63.200000 5.4017054679023260e-03 
63.400000 5.4011930269220474e-03 
63.600000 5.4007033765897999e-03 
63.800000 5.4002354732769365e-03 
64.000000 5.3997883236358369e-03 
64.200000 5.3993609820754693e-03 
64.400000 5.3989525483656908e-03 
64.600000 5.3985621653641902e-03 
64.800000 5.3981890168593614e-03 
65.000000 5.3978323255235985e-03 
65.200000 5.3974913509710750e-03 
65.400000 5.3971653879147392e-03 
65.600000 5.3968537644176811e-03 
65.800000 5.3965558402335728e-03 
66.000000 5.3962710052322055e-03 
66.200000 5.3959986779052085e-03 
66.400000 5.3957383039482587e-03 
66.600000 5.3954893549155543e-03 
66.800000 5.3952513269432531e-03 
67.000000 5.3950237395377571e-03 
67.200000 5.3948061344259749e-03 
67.400000 5.3945980744643553e-03 
67.600000 5.3943991426033391e-03 
67.800000 5.3942089409047631e-03 
68.000000 5.3940270896091908e-03 
68.200000 5.3938532262508589e-03 
68.400000 5.3936870048175703e-03 
68.600000 5.3935280949533367e-03 
68.800000 5.3933761812015191e-03 
69.000000 5.3932309622865219e-03 
69.200000 5.3930921504316701e-03 
69.400000 5.3929594707119825e-03 
69.600000 5.3928326604393831e-03 
69.800000 5.3927114685793651e-03 
70.000000 5.3925956551967285e-03 
70.200000 5.3924849909296607e-03 
70.400000 5.3923792564900845e-03 
70.600000 5.3922782421891389e-03 
70.800000 5.3921817474867888e-03 
71.000000 5.3920895805635201e-03 
71.200000 5.3920015579140305e-03 
71.400000 5.3919175039609029e-03 
71.600000 5.3918372506875966e-03 
71.800000 5.3917606372897399e-03 
72.000000 5.3916875098439327e-03 
72.200000 5.3916177209925430e-03 
72.400000 5.3915511296445682e-03 
72.600000 5.3914876006910294e-03 
72.800000 5.3914270047342484e-03 
73.000000 5.3913692178307908e-03 
73.200000 5.3913141212466025e-03 
73.400000 5.3912616012243486e-03 
73.600000 5.3912115487620080e-03 
73.800000 5.3911638594021909e-03 
74.000000 5.3911184330316516e-03 
74.200000 5.3910751736905727e-03 
74.400000 5.3910339893907672e-03 
74.600000 5.3909947919429154e-03 
74.800000 5.3909574967917501e-03 
75.000000 5.3909220228592807e-03 
75.200000 5.3908882923952234e-03 
75.400000 5.3908562308347743e-03 
75.600000 5.3908257666627560e-03 
75.800000 5.3907968312843571e-03 
76.000000 5.3907693589016516e-03 
76.200000 5.3907432863961723e-03 
76.400000 5.3907185532165039e-03 
76.600000 5.3906951012713516e-03 
76.800000 5.3906728748272809e-03 
77.000000 5.3906518204113844e-03 
77.200000 5.3906318867178596e-03 
77.400000 5.3906130245194072e-03 
77.600000 5.3905951865820491e-03 
77.800000 5.3905783275842063e-03 
78.000000 5.3905624040388135e-03 
78.200000 5.3905473742195224e-03 
78.400000 5.3905331980895867e-03 
78.600000 5.3905198372341265e-03 
78.800000 5.3905072547951903e-03 
79.000000 5.3904954154097911e-03 
79.200000 5.3904842851504329e-03 
79.400000 5.3904738314681363e-03 
79.600000 5.3904640231381600e-03 
79.800000 5.3904548302076711e-03 
80.000000 5.3904462239457345e-03 
80.200000 5.3904381767954940e-03 
80.400000 5.3904306623282243e-03 
80.600000 5.3904236551992387e-03 
80.800000 5.3904171311056044e-03 
81.000000 5.3904110667458262e-03 
81.200000 5.3904054397807292e-03 
81.400000 5.3904002287962832e-03 
81.600000 5.3903954132677925e-03 
81.800000 5.3903909735253950e-03 
82.000000 5.3903868907211362e-03 
82.200000 5.3903831467971711e-03 
82.400000 5.3903797244553723e-03 
82.600000 5.3903766071278624e-03 
82.800000 5.3903737789490671e-03 
83.000000 5.3903712247285341e-03 
83.200000 5.3903689299247878e-03 
83.400000 5.3903668806205883e-03 
83.600000 5.3903650634985834e-03 
83.800000 5.3903634658182629e-03 
84.000000 5.3903620753936827e-03 
84.200000 5.3903608805719915e-03 
84.400000 5.3903598702127751e-03 
84.600000 5.3903590336681741e-03 
84.800000 5.3903583607639131e-03 
85.000000 5.3903578417805629e-03 
85.200000 5.3903574674361715e-03 
85.400000 5.3903572288689135e-03 
85.600000 5.3903571176208203e-03 
85.800000 5.3903571256218186e-03 
86.000000 5.3903572451745293e-03 
86.200000 5.3903574689395497e-03 
86.400000 5.3903577899213134e-03 
86.600000 5.3903582014544014e-03 
86.800000 5.3903586971904708e-03 
87.000000 5.3903592710855134e-03 
87.200000 5.3903599173876588e-03 
87.400000 5.3903606306255200e-03 
87.600000 5.3903614055967287e-03 
87.800000 5.3903622373570638e-03 
88.000000 5.3903631212099470e-03 
88.200000 5.3903640526963776e-03 
88.400000 5.3903650275849441e-03 
88.600000 5.3903660418626589e-03 
88.800000 5.3903670917258171e-03 
89.000000 5.3903681735711344e-03 
89.200000 5.3903692839875452e-03 
89.400000 5.3903704197478843e-03 
89.600000 5.3903715778013030e-03 
89.800000 5.3903727552655446e-03 
90.000000 5.3903739494198140e-03 
90.200000 5.3903751576977526e-03 
90.400000 5.3903763776808177e-03 
90.600000 5.3903776070916998e-03 
90.800000 5.3903788437881196e-03 
91.000000 5.3903800857569469e-03 
91.200000 5.3903813311082741e-03 
91.400000 5.3903825780700042e-03 
91.600000 5.3903838249823996e-03 
91.800000 5.3903850702930849e-03 
92.000000 5.3903863125519050e-03 
92.200000 5.3903875504064279e-03 
92.400000 5.3903887825971610e-03 
92.600000 5.3903900079532259e-03 
92.800000 5.3903912253882710e-03 
93.000000 5.3903924338961099e-03 
93.200000 5.3903936325471686e-03 
93.400000 5.3903948204845620e-03 
93.600000 5.3903959969204733e-03 
93.800000 5.3903971611327563e-03 
94.000000 5.3903983124616991e-03 
94.200000 5.3903994503066155e-03 
94.400000 5.3904005741231085e-03 
94.600000 5.3904016834198393e-03 
94.800000 5.3904027777559472e-03 
95.000000 5.3904038567382170e-03 
95.200000 5.3904049200185896e-03 
95.400000 5.3904059672916262e-03 
95.600000 5.3904069982922157e-03 
95.800000 5.3904080127931573e-03 
96.000000 5.3904090106032298e-03 
96.200000 5.3904099915648993e-03 
96.400000 5.3904109555524653e-03 
96.600000 5.3904119024700903e-03 
96.800000 5.3904128322499528e-03 
97.000000 5.3904137448506769e-03 
97.200000 5.3904146402554629e-03 
97.400000 5.3904155184707142e-03 
97.600000 5.3904163795243576e-03 
97.800000 5.3904172234644160e-03 
98.000000 5.3904180503578274e-03 
98.200000 5.3904188602888151e-03 
98.400000 5.3904196533579819e-03 
98.600000 5.3904204296808741e-03 
98.800000 5.3904211893869352e-03 
99.000000 5.3904219326184888e-03 
99.200000 5.3904226595295765e-03 
99.400000 5.3904233702850935e-03 
99.600000 5.3904240650598659e-03 
99.800000 5.3904247440377286e-03 
100.000000 5.3904254074106902e-03 
100.200000 5.3904260553782240e-03 
100.400000 5.3904266881463492e-03 
100.600000 5.3904273059272199e-03 
100.800000 5.3904279089380851e-03 
101.000000 5.3904284974009651e-03 
101.200000 5.3904290715418579e-03 
101.400000 5.3904296315903525e-03 
101.600000 5.3904301777788783e-03 
101.800000 5.3904307103424106e-03 
102.000000 5.3904312295178875e-03 
102.200000 5.3904317355437893e-03 
102.400000 5.3904322286597072e-03 
102.600000 5.3904327091060071e-03 
102.800000 5.3904331771233820e-03 
103.000000 5.3904336329526088e-03 
103.200000 5.3904340768341297e-03 
103.400000 5.3904345090078423e-03 
103.600000 5.3904349297127230e-03 
103.800000 5.3904353391866673e-03 
104.000000 5.3904357376661684e-03 
104.200000 5.3904361253862207e-03 
104.400000 5.3904365025798850e-03 
104.600000 5.3904368694783922e-03 
104.800000 5.3904372263106929e-03 
105.000000 5.3904375733034634e-03 
105.200000 5.3904379106809305e-03 
105.400000 5.3904382386647633e-03 
105.600000 5.3904385574738475e-03 
105.800000 5.3904388673242168e-03 
106.000000 5.3904391684291260e-03 
106.200000 5.3904394609986363e-03 
106.400000 5.3904397452398459e-03 
106.600000 5.3904400213566619e-03 
106.800000 5.3904402895497503e-03 
107.000000 5.3904405500165339e-03 
107.200000 5.3904408029511047e-03 
107.400000 5.3904410485442469e-03 
107.600000 5.3904412869833097e-03 
107.800000 5.3904415184523116e-03 
108.000000 5.3904417431317733e-03 
108.200000 5.3904419611988559e-03 
108.400000 5.3904421728272730e-03 
108.600000 5.3904423781873361e-03 
108.800000 5.3904425774458208e-03 
109.000000 5.3904427707662161e-03 
109.200000 5.3904429583085441e-03 
109.400000 5.3904431402294270e-03 
109.600000 5.3904433166821813e-03 
109.800000 5.3904434878167219e-03 
110.000000 5.3904436537796250e-03 
110.200000 5.3904438147142977e-03 
110.400000 5.3904439707607305e-03 
110.600000 5.3904441220558276e-03 
110.800000 5.3904442687332322e-03 
111.000000 5.3904444109234778e-03 
111.200000 5.3904445487539671e-03 
111.400000 5.3904446823490404e-03 
111.600000 5.3904448118300575e-03 
111.800000 5.3904449373153021e-03 
112.000000 5.3904450589202469e-03 
112.200000 5.3904451767573689e-03 
112.400000 5.3904452909363893e-03 
112.600000 5.3904454015641983e-03 
112.800000 5.3904455087449253e-03 
113.000000 5.3904456125800646e-03 
113.200000 5.3904457131684156e-03 
113.400000 5.3904458106061809e-03 
113.600000 5.3904459049870400e-03 
113.800000 5.3904459964021420e-03 
114.000000 5.3904460849402468e-03 
114.200000 5.3904461706876733e-03 
114.400000 5.3904462537284334e-03 
114.600000 5.3904463341441760e-03 
114.800000 5.3904464120143828e-03 
115.000000 5.3904464874162360e-03 
115.200000 5.3904465604248846e-03 
115.400000 5.3904466311133084e-03 
115.600000 5.3904466995524040e-03 
115.800000 5.3904467658111455e-03 
116.000000 5.3904468299565099e-03 
116.200000 5.3904468920535397e-03 
116.400000 5.3904469521654048e-03 
116.600000 5.3904470103535137e-03 
116.800000 5.3904470666774175e-03 
117.000000 5.3904471211950293e-03 
117.200000 5.3904471739624803e-03 
117.400000 5.3904472250343363e-03 
117.600000 5.3904472744634429e-03 
117.800000 5.3904473223012435e-03 
118.000000 5.3904473685975141e-03 
118.200000 5.3904474134006232e-03 
118.400000 5.3904474567574561e-03 
118.600000 5.3904474987135527e-03 
118.800000 5.3904475393130131e-03 
119.000000 5.3904475785986469e-03 
119.200000 5.3904476166119798e-03 
119.400000 5.3904476533932098e-03 
119.600000 5.3904476889814219e-03 
119.800000 5.3904477234144217e-03 
120.000000 5.3904477567288918e-03 
120.200000 5.3904477889603654e-03 
120.400000 5.3904478201433235e-03 
120.600000 5.3904478503111319e-03 
120.800000 5.3904478794962020e-03 
121.000000 5.3904479077298744e-03 
121.200000 5.3904479350425066e-03 
121.400000 5.3904479614635802e-03 
121.600000 5.3904479870216290e-03 
121.800000 5.3904480117442843e-03 
122.000000 5.3904480356583078e-03 
122.200000 5.3904480587896493e-03 
122.400000 5.3904480811634110e-03 
122.600000 5.3904481028039459e-03 
122.800000 5.3904481237348045e-03 
123.000000 5.3904481439788175e-03 
123.200000 5.3904481635580819e-03 
123.400000 5.3904481824940077e-03 
123.600000 5.3904482008073507e-03 
123.800000 5.3904482185181133e-03 
124.000000 5.3904482356457980e-03 
124.200000 5.3904482522091944e-03 
124.400000 5.3904482682264965e-03 
124.600000 5.3904482837153827e-03 
124.800000 5.3904482986929288e-03 
125.000000 5.3904483131756364e-03 
125.200000 5.3904483271795065e-03 
125.400000 5.3904483407200814e-03 
125.600000 5.3904483538123145e-03 
125.800000 5.3904483664707209e-03 
126.000000 5.3904483787093702e-03 
126.200000 5.3904483905419069e-03 
126.400000 5.3904484019813969e-03 
126.600000 5.3904484130407188e-03 
126.800000 5.3904484237321110e-03 
127.000000 5.3904484340675310e-03 
127.200000 5.3904484440585321e-03 
127.400000 5.3904484537163630e-03 
127.600000 5.3904484630517618e-03 
127.800000 5.3904484720753059e-03 
128.000000 5.3904484807970254e-03 
128.200000 5.3904484892268126e-03 
128.400000 5.3904484973741331e-03 
128.600000 5.3904485052482286e-03 
128.800000 5.3904485128579522e-03 
129.000000 5.3904485202119342e-03 
129.200000 5.3904485273184796e-03 
129.400000 5.3904485341857147e-03 
129.600000 5.3904485408214067e-03 
129.800000 5.3904485472330774e-03 
130.000000 5.3904485534281184e-03 
130.200000 5.3904485594135710e-03 
130.400000 5.3904485651962942e-03 
130.600000 5.3904485707828671e-03 
130.800000 5.3904485761797774e-03 
131.000000 5.3904485813931801e-03 
131.200000 5.3904485864291118e-03 
131.400000 5.3904485912933562e-03 
131.600000 5.3904485959915833e-03 
131.800000 5.3904486005292521e-03 
132.000000 5.3904486049115670e-03 
132.200000 5.3904486091436452e-03 
132.400000 5.3904486132304742e-03 
132.600000 5.3904486171767957e-03 
132.800000 5.3904486209872078e-03 
133.000000 5.3904486246662379e-03 
133.200000 5.3904486282182014e-03 
133.400000 5.3904486316472891e-03 
133.600000 5.3904486349575405e-03 
133.800000 5.3904486381528916e-03 
134.000000 5.3904486412371345e-03 
134.200000 5.3904486442139660e-03 
134.400000 5.3904486470869534e-03 
134.600000 5.3904486498594882e-03 
134.800000 5.3904486525349245e-03 
135.000000 5.3904486551164844e-03 
135.200000 5.3904486576073253e-03 
135.400000 5.3904486600104013e-03 
135.600000 5.3904486623287257e-03 
135.800000 5.3904486645650253e-03 
136.000000 5.3904486667220907e-03 
136.200000 5.3904486688025636e-03 
136.400000 5.3904486708089847e-03 
136.600000 5.3904486727438649e-03 
136.800000 5.3904486746096034e-03 
137.000000 5.3904486764084708e-03 
137.200000 5.3904486781427641e-03 
137.400000 5.3904486798146299e-03 
137.600000 5.3904486814261594e-03 
137.800000 5.3904486829794091e-03 
138.000000 5.3904486844763184e-03 
138.200000 5.3904486859188000e-03 
138.400000 5.3904486873087481e-03 
138.600000 5.3904486886478453e-03 
138.800000 5.3904486899378733e-03 
139.000000 5.3904486911804921e-03 
139.200000 5.3904486923772605e-03 
139.400000 5.3904486935298125e-03 
139.600000 5.3904486946395941e-03 
139.800000 5.3904486957080935e-03 
140.000000 5.3904486967366744e-03 
140.200000 5.3904486977267383e-03 
140.400000 5.3904486986796020e-03 
140.600000 5.3904486995964918e-03 
140.800000 5.3904487004786681e-03 
141.000000 5.3904487013273043e-03 
141.200000 5.3904487021435559e-03 
141.400000 5.3904487029285139e-03 
141.600000 5.3904487036832704e-03 
141.800000 5.3904487044088237e-03 
142.000000 5.3904487051061861e-03 
142.200000 5.3904487057763184e-03 
142.400000 5.3904487064201550e-03 
142.600000 5.3904487070385865e-03 
142.800000 5.3904487076325003e-03 
143.000000 5.3904487082027108e-03 
143.200000 5.3904487087500074e-03 
143.400000 5.3904487092751837e-03 
143.600000 5.3904487097790107e-03 
143.800000 5.3904487102621520e-03 
144.000000 5.3904487107253223e-03 
144.200000 5.3904487111692025e-03 
144.400000 5.3904487115944213e-03 
144.600000 5.3904487120015861e-03 
144.800000 5.3904487123912674e-03 
145.000000 5.3904487127640916e-03 
145.200000 5.3904487131206198e-03 
145.400000 5.3904487134613342e-03 
145.600000 5.3904487137867640e-03 
145.800000 5.3904487140974374e-03 
146.000000 5.3904487143938166e-03 
146.200000 5.3904487146763554e-03 
146.400000 5.3904487149455367e-03 
146.600000 5.3904487152016956e-03 
146.800000 5.3904487154452039e-03 
147.000000 5.3904487156762977e-03 
147.200000 5.3904487158953213e-03 
147.400000 5.3904487161025990e-03 
147.600000 5.3904487162984181e-03 
147.800000 5.3904487164831306e-03 
148.000000 5.3904487166570947e-03 
148.200000 5.3904487168206262e-03 
148.400000 5.3904487169742828e-03 
148.600000 5.3904487171184332e-03 
148.800000 5.3904487172532264e-03 
149.000000 5.3904487173789531e-03 
149.200000 5.3904487174959142e-03 
149.400000 5.3904487176043431e-03 
149.600000 5.3904487177047159e-03 
149.800000 5.3904487177973042e-03 
