0.000000 5.0807540215723646e-01 
0.200000 5.0807540215723646e-01 
0.400000 5.0807868818315283e-01 
0.600000 5.0808358668506937e-01 
0.800000 5.0808848289691755e-01 
1.000000 5.0809194698743088e-01 
1.200000 5.0809264203469973e-01 
1.400000 5.0808949995601371e-01 
1.600000 5.0808145789639192e-01 
1.800000 5.0806753143148498e-01 
2.000000 5.0804676133333926e-01 
2.200000 5.0801832224751042e-01 
2.400000 5.0798173847180372e-01 
2.600000 5.0793660869621504e-01 
2.800000 5.0788255608704791e-01 
3.000000 5.0781928667847454e-01 
3.200000 5.0774649815096262e-01 
3.400000 5.0766391463363736e-01 
3.600000 5.0757132480559097e-01 
3.800000 5.0747054357185173e-01 
4.000000 5.0736122410690088e-01 
4.200000 5.0724295166557321e-01 
4.400000 5.0711529789903209e-01 
4.600000 5.0697780425449102e-01 
4.800000 5.0683005692285887e-01 
5.000000 5.0667163204780974e-01 
5.200000 5.0650212866088840e-01 
5.400000 5.0632115431845381e-01 
5.600000 5.0612834703632648e-01 
5.800000 5.0592334907581760e-01 
6.000000 5.0570580685499644e-01 
6.200000 5.0547535950496270e-01 
6.400000 5.0523164011802657e-01 
6.600000 5.0497426357260899e-01 
6.800000 5.0470281894706603e-01 
7.000000 5.0441688102204996e-01 
7.200000 5.0411594495214473e-01 
7.400000 5.0379945512826874e-01 
7.600000 5.0346682698206446e-01 
7.800000 5.0311744659517188e-01 
8.000000 5.0275066939667479e-01 
8.200000 5.0236581844978456e-01 
8.400000 5.0196218230319878e-01 
8.600000 5.0153901262402600e-01 
8.800000 5.0109552072142305e-01 
9.000000 5.0063087396127270e-01 
9.200000 5.0014419181833702e-01 
9.400000 4.9963454206317964e-01 
9.600000 4.9910093673679251e-01 
9.800000 4.9854232843763252e-01 
10.000000 4.9795760707401315e-01 
10.200000 4.9734559827119273e-01 
10.400000 4.9670505886260752e-01 
10.600000 4.9603467261451589e-01 
10.800000 4.9533304482721791e-01 
11.000000 4.9459869861001965e-01 
11.200000 4.9383007111220850e-01 
11.400000 4.9302550933676886e-01 
11.600000 4.9218326539604496e-01 
11.800000 4.9130149146786234e-01 
12.000000 4.9037823441350348e-01 
12.200000 4.8941143023433475e-01 
12.400000 4.8839889830552918e-01 
12.600000 4.8733833555456763e-01 
12.800000 4.8622731055520241e-01 
13.000000 4.8506325764389335e-01 
13.200000 4.8384347103041442e-01 
13.400000 4.8256509905903355e-01 
13.600000 4.8122513849933163e-01 
13.800000 4.7982042908206496e-01 
14.000000 4.7834764834729260e-01 
14.200000 4.7680330702564611e-01 
14.400000 4.7518374497403193e-01 
14.600000 4.7348512780294327e-01 
14.800000 4.7170344434418909e-01 
15.000000 4.6983450519650938e-01 
15.200000 4.6787394254245213e-01 
15.400000 4.6581721150764116e-01 
15.600000 4.6365959331698042e-01 
15.800000 4.6139620055490915e-01 
16.000000 4.5902198481904677e-01 
16.200000 4.5653174710547401e-01 
16.400000 4.5392015126416269e-01 
16.600000 4.5118174087230389e-01 
16.800000 4.4831095987916053e-01 
17.000000 4.4530217737119976e-01 
17.200000 4.4214971679050813e-01 
17.400000 4.3884788991341572e-01 
17.600000 4.3539103585304678e-01 
17.800000 4.3177356529417432e-01 
18.000000 4.2799001009760207e-01 
18.200000 4.2403507832214898e-01 
18.400000 4.1990371460247755e-01 
18.600000 4.1559116569435312e-01 
18.800000 4.1109305085364933e-01 
19.000000 4.0640543655435668e-01 
19.200000 4.0152491487524927e-01 
19.400000 3.9644868469916900e-01 
19.600000 3.9117463467728686e-01 
19.800000 3.8570142671660113e-01 
20.000000 3.8002857856206917e-01 
20.200000 3.7415654386864566e-01 
20.400000 3.6808678800562261e-01 
20.600000 3.6182185771127806e-01 
20.800000 3.5536544263301206e-01 
21.000000 3.4872242675386222e-01 
21.200000 3.4189892773219882e-01 
21.400000 3.3490232227333450e-01 
21.600000 3.2774125581759472e-01 
21.800000 3.2042563507110505e-01 
22.000000 3.1296660222416633e-01 
22.200000 3.0537649009152162e-01 
22.400000 2.9766875786191588e-01 
22.600000 2.8985790764593700e-01 
22.800000 2.8195938254432379e-01 
23.000000 2.7398944750123866e-01 
23.200000 2.6596505473573723e-01 
23.400000 2.5790369603388091e-01 
23.600000 2.4982324461053787e-01 
23.800000 2.4174178959149248e-01 
24.000000 2.3367746640631809e-01 
24.200000 2.2564828650792623e-01 
24.400000 2.1767196984012455e-01 
24.600000 2.0976578336065385e-01 
24.800000 2.0194638870148429e-01 
25.000000 1.9422970172352189e-01 
25.200000 1.8663076631731962e-01 
25.400000 1.7916364433596252e-01 
25.600000 1.7184132304401631e-01 
25.800000 1.6467564095025650e-01 
26.000000 1.5767723238387391e-01 
26.200000 1.5085549069324175e-01 
26.400000 1.4421854950947671e-01 
26.600000 1.3777328113604573e-01 
26.800000 1.3152531080899574e-01 
27.000000 1.2547904532422999e-01 
27.200000 1.1963771434943311e-01 
27.400000 1.1400342262641025e-01 
27.600000 1.0857721121985643e-01 
27.800000 1.0335912597438265e-01 
28.000000 9.8348291395046070e-02 
28.200000 9.3542988259291610e-02 
28.400000 8.8940733391516313e-02 
28.600000 8.4538360177086741e-02 
28.800000 8.0332098552966330e-02 
29.000000 7.6317653380120212e-02 
29.200000 7.2490280272651406e-02 
29.400000 6.8844858125153646e-02 
29.600000 6.5375957738976254e-02 
29.800000 6.2077906096973036e-02 
30.000000 5.8944845972565191e-02 
30.200000 5.5970790681203364e-02 
30.400000 5.3149673889778142e-02 
30.600000 5.0475394492057964e-02 
30.800000 4.7941856636064539e-02 
31.000000 4.5543005053130255e-02 
31.200000 4.3272855889099876e-02 
31.400000 4.1125523276876699e-02 
31.600000 3.9095241917485896e-02 
31.800000 3.7176385955319247e-02 
32.000000 3.5363484443520131e-02 
32.200000 3.3651233698819512e-02 
32.400000 3.2034506842707464e-02 
32.600000 3.0508360818745590e-02 
32.800000 2.9068041165061276e-02 
33.000000 2.7708984807522076e-02 
33.200000 2.6426821123538263e-02 
33.400000 2.5217371509550012e-02 
33.600000 2.4076647667609717e-02 
33.800000 2.3000848808513479e-02 
34.000000 2.1986357951078794e-02 
34.200000 2.1029737479701945e-02 
34.400000 2.0127724105489291e-02 
34.600000 1.9277223360237777e-02 
34.800000 1.8475303737440277e-02 
35.000000 1.7719190580412700e-02 
35.200000 1.7006259804617521e-02 
35.400000 1.6334031529303246e-02 
35.600000 1.5700163682702321e-02 
35.800000 1.5102445635171697e-02 
36.000000 1.4538791905821842e-02 
36.200000 1.4007235980270821e-02 
36.400000 1.3505924270152764e-02 
36.600000 1.3033110238825057e-02 
36.800000 1.2587148712303944e-02 
37.000000 1.2166490389741769e-02 
37.200000 1.1769676563678538e-02 
37.400000 1.1395334056806188e-02 
37.600000 1.1042170378998364e-02 
37.800000 1.0708969105842576e-02 
38.000000 1.0394585477808197e-02 
38.200000 1.0097942217442053e-02 
38.400000 9.8180255605639453e-03 
38.600000 9.5538814962964885e-03 
38.800000 9.3046122098656720e-03 
39.000000 9.0693727214259789e-03 
39.200000 8.8473677136578065e-03 
39.400000 8.6378485405383260e-03 
39.600000 8.4401104094651239e-03 
39.800000 8.2534897288065838e-03 
40.000000 8.0773616129352493e-03 
40.200000 7.9111375368592900e-03 
40.400000 7.7542631326882848e-03 
40.600000 7.6062161203400416e-03 
40.800000 7.4665043651034914e-03 
41.000000 7.3346640549119772e-03 
41.200000 7.2102579904427750e-03 
41.400000 7.0928739814347004e-03 
41.600000 6.9821233429027164e-03 
41.800000 6.8776394852211944e-03 
42.000000 6.7790765923404278e-03 
42.200000 6.6861083826946048e-03 
42.400000 6.5984269476464111e-03 
42.600000 6.5157416625976194e-03 
42.800000 6.4377781661670644e-03 
43.000000 6.3642774031059147e-03 
43.200000 6.2949947268735301e-03 
43.400000 6.2296990580443237e-03 
43.600000 6.1681720949497308e-03 
43.800000 6.1102075731832026e-03 
44.000000 6.0556105708079334e-03 
44.200000 6.0041968563091311e-03 
44.400000 5.9557922765220593e-03 
44.600000 5.9102321819468210e-03 
44.800000 5.8673608870305751e-03 
45.000000 5.8270311631555601e-03 
45.200000 5.7891037622229396e-03 
45.400000 5.7534469688600692e-03 
45.600000 5.7199361794119004e-03 
45.800000 5.6884535059997278e-03 
46.000000 5.6588874040448701e-03 
46.200000 5.6311323217627255e-03 
46.400000 5.6050883702331222e-03 
46.600000 5.5806610127455674e-03 
46.800000 5.5577607722060588e-03 
47.000000 5.5363029554732724e-03 
47.200000 5.5162073935675045e-03 
47.400000 5.4973981967658958e-03 
47.600000 5.4798035236647185e-03 
47.800000 5.4633553633484724e-03 
48.000000 5.4479893298645977e-03 
48.200000 5.4336444682539110e-03 
48.400000 5.4202630714375710e-03 
48.600000 5.4077905073059004e-03 
48.800000 5.3961750553986306e-03 
49.000000 5.3853677526043498e-03 
49.200000 5.3753222473448695e-03 
49.400000 5.3659946617446216e-03 
49.600000 5.3573434613168099e-03 
49.800000 5.3493293317280885e-03 
50.000000 5.3419150622314648e-03 
50.200000 5.3350654353826760e-03 
50.400000 5.3287471226801230e-03 
50.600000 5.3229285857896930e-03 
50.800000 5.3175799830380913e-03 
51.000000 5.3126730808769956e-03 
51.200000 5.3081811700386797e-03 
51.400000 5.3040789861213246e-03 
51.600000 5.3003426343571844e-03 
51.800000 5.2969495183324000e-03 
52.000000 5.2938782724409978e-03 
52.200000 5.2911086978677741e-03 
52.400000 5.2886217019081968e-03 
52.600000 5.2863992404435850e-03 
52.800000 5.2844242634008335e-03 
53.000000 5.2826806630365975e-03 
53.200000 5.2811532248933091e-03 
53.400000 5.2798275812856186e-03 
53.600000 5.2786901671813321e-03 
53.800000 5.2777281783509059e-03 
54.000000 5.2769295316650207e-03 
54.200000 5.2762828274275928e-03 
54.400000 5.2757773136369234e-03 
54.600000 5.2754028520751017e-03 
54.800000 5.2751498861292791e-03 
55.000000 5.2750094102556079e-03 
55.200000 5.2749729410004652e-03 
55.400000 5.2750324894986576e-03 
55.600000 5.2751805353723237e-03 
55.800000 5.2754100019585604e-03 
56.000000 5.2757142327981548e-03 
56.200000 5.2760869693201477e-03 
56.400000 5.2765223296617992e-03 
56.600000 5.2770147885661221e-03 
56.800000 5.2775591583018424e-03 
57.000000 5.2781505705544497e-03 
57.200000 5.2787844592387372e-03 
57.400000 5.2794565441866004e-03 
57.600000 5.2801628156657447e-03 
57.800000 5.2808995196875850e-03 
58.000000 5.2816631440644390e-03 
58.200000 5.2824504051785714e-03 
58.400000 5.2832582354273832e-03 
58.600000 5.2840837713105417e-03 
58.800000 5.2849243421272257e-03 
59.000000 5.2857774592530889e-03 
59.200000 5.2866408059672890e-03 
59.400000 5.2875122278028992e-03 
59.600000 5.2883897233940965e-03 
59.800000 5.2892714357954569e-03 
60.000000 5.2901556442497355e-03 
60.200000 5.2910407563820224e-03 
60.400000 5.2919253007986449e-03 
60.600000 5.2928079200708546e-03 
60.800000 5.2936873640841943e-03 
61.000000 5.2945624837350417e-03 
61.200000 5.2954322249573497e-03 
61.400000 5.2962956230627736e-03 
61.600000 5.2971517973788261e-03 
61.800000 5.2979999461700549e-03 
62.000000 5.2988393418280429e-03 
62.200000 5.2996693263170549e-03 
62.400000 5.3004893068620924e-03 
62.600000 5.3012987518678530e-03 
62.800000 5.3020971870562884e-03 
63.000000 5.3028841918125406e-03 
63.200000 5.3036593957280151e-03 
63.400000 5.3044224753315897e-03 
63.600000 5.3051731509985546e-03 
63.800000 5.3059111840290290e-03 
64.000000 5.3066363738868512e-03 
64.200000 5.3073485555913073e-03 
64.400000 5.3080475972530940e-03 
64.600000 5.3087333977486148e-03 
64.800000 5.3094058845237230e-03 
65.000000 5.3100650115221904e-03 
65.200000 5.3107107572311586e-03 
65.400000 5.3113431228380744e-03 
65.600000 5.3119621304938665e-03 
65.800000 5.3125678216758895e-03 
66.000000 5.3131602556462532e-03 
66.200000 5.3137395080005362e-03 
66.400000 5.3143056693019490e-03 
66.600000 5.3148588437964897e-03 
66.800000 5.3153991482051089e-03 
67.000000 5.3159267105889439e-03 
67.200000 5.3164416692830958e-03 
67.400000 5.3169441718962894e-03 
67.600000 5.3174343743722244e-03 
67.800000 5.3179124401097318e-03 
68.000000 5.3183785391382873e-03 
68.200000 5.3188328473462929e-03 
68.400000 5.3192755457590179e-03 
68.600000 5.3197068198634683e-03 
68.800000 5.3201268589782077e-03 
69.000000 5.3205358556645561e-03 
69.200000 5.3209340051784708e-03 
69.400000 5.3213215049591383e-03 
69.600000 5.3216985541537738e-03 
69.800000 5.3220653531756345e-03 
70.000000 5.3224221032938928e-03 
70.200000 5.3227690062531471e-03 
70.400000 5.3231062639215116e-03 
70.600000 5.3234340779650564e-03 
70.800000 5.3237526495473822e-03 
71.000000 5.3240621790529626e-03 
71.200000 5.3243628658325498e-03 
71.400000 5.3246549079697652e-03 
71.600000 5.3249385020673508e-03 
71.800000 5.3252138430518806e-03 
72.000000 5.3254811239960877e-03 
72.200000 5.3257405359575386e-03 
72.400000 5.3259922678327055e-03 
72.600000 5.3262365062255344e-03 
72.800000 5.3264734353295259e-03 
73.000000 5.3267032368225307e-03 
73.200000 5.3269260897737163e-03 
73.400000 5.3271421705611850e-03 
73.600000 5.3273516528005351e-03 
73.800000 5.3275547072828659e-03 
74.000000 5.3277515019220616e-03 
74.200000 5.3279422017104084e-03 
74.400000 5.3281269686823157e-03 
74.600000 5.3283059618852999e-03 
74.800000 5.3284793373579000e-03 
75.000000 5.3286472481137888e-03 
75.200000 5.3288098441321898e-03 
75.400000 5.3289672723533053e-03 
75.600000 5.3291196766791331e-03 
75.800000 5.3292671979789522e-03 
76.000000 5.3294099740989085e-03 
76.200000 5.3295481398758929e-03 
76.400000 5.3296818271547294e-03 
76.600000 5.3298111648091484e-03 
76.800000 5.3299362787653185e-03 
77.000000 5.3300572920286417e-03 
77.200000 5.3301743247127272e-03 
77.400000 5.3302874940709581e-03 
77.600000 5.3303969145298740e-03 
77.800000 5.3305026977247200e-03 
78.000000 5.3306049525363138e-03 
78.200000 5.3307037851297347e-03 
78.400000 5.3307992989941096e-03 
78.600000 5.3308915949837011e-03 
78.800000 5.3309807713598162e-03 
79.000000 5.3310669238337783e-03 
79.200000 5.3311501456105139e-03 
79.400000 5.3312305274327339e-03 
79.600000 5.3313081576256771e-03 
79.800000 5.3313831221421717e-03 
80.000000 5.3314555046079697e-03 
80.200000 5.3315253863674165e-03 
80.400000 5.3315928465289975e-03 
80.600000 5.3316579620111167e-03 
80.800000 5.3317208075877613e-03 
81.000000 5.3317814559338999e-03 
81.200000 5.3318399776710237e-03 
81.400000 5.3318964414121699e-03 
81.600000 5.3319509138067753e-03 
81.800000 5.3320034595852137e-03 
82.000000 5.3320541416028398e-03 
82.200000 5.3321030208838428e-03 
82.400000 5.3321501566643221e-03 
82.600000 5.3321956064352246e-03 
82.800000 5.3322394259844447e-03 
83.000000 5.3322816694386767e-03 
83.200000 5.3323223893043904e-03 
83.400000 5.3323616365085315e-03 
83.600000 5.3323994604382620e-03 
83.800000 5.3324359089805705e-03 
84.000000 5.3324710285606322e-03 
84.200000 5.3325048641800514e-03 
84.400000 5.3325374594541701e-03 
84.600000 5.3325688566486914e-03 
84.800000 5.3325990967157868e-03 
85.000000 5.3326282193294477e-03 
85.200000 5.3326562629201213e-03 
85.400000 5.3326832647086235e-03 
85.600000 5.3327092607395512e-03 
85.800000 5.3327342859138174e-03 
86.000000 5.3327583740205220e-03 
86.200000 5.3327815577682812e-03 
86.400000 5.3328038688157196e-03 
86.600000 5.3328253378013748e-03 
86.800000 5.3328459943728819e-03 
87.000000 5.3328658672155485e-03 
87.200000 5.3328849840802535e-03 
87.400000 5.3329033718105285e-03 
87.600000 5.3329210563693380e-03 
87.800000 5.3329380628649118e-03 
88.000000 5.3329544155760892e-03 
88.200000 5.3329701379769938e-03 
88.400000 5.3329852527611446e-03 
88.600000 5.3329997818648269e-03 
88.800000 5.3330137464901199e-03 
89.000000 5.3330271671270350e-03 
89.200000 5.3330400635753696e-03 
89.400000 5.3330524549657712e-03 
89.600000 5.3330643597803533e-03 
89.800000 5.3330757958727189e-03 
90.000000 5.3330867804874437e-03 
90.200000 5.3330973302791991e-03 
90.400000 5.3331074613310499e-03 
90.600000 5.3331171891725284e-03 
90.800000 5.3331265287970431e-03 
91.000000 5.3331354946789256e-03 
91.200000 5.3331441007897886e-03 
91.400000 5.3331523606147792e-03 
91.600000 5.3331602871680654e-03 
91.800000 5.3331678930079113e-03 
92.000000 5.3331751902514993e-03 
92.200000 5.3331821905892775e-03 
92.400000 5.3331889052986000e-03 
92.600000 5.3331953452574040e-03 
92.800000 5.3332015209572444e-03 
93.000000 5.3332074425158811e-03 
93.200000 5.3332131196897892e-03 
93.400000 5.3332185618859300e-03 
93.600000 5.3332237781733866e-03 
93.800000 5.3332287772946824e-03 
94.000000 5.3332335676765531e-03 
94.200000 5.3332381574407459e-03 
94.400000 5.3332425544140201e-03 
94.600000 5.3332467661381458e-03 
94.800000 5.3332507998797279e-03 
95.000000 5.3332546626392611e-03 
95.200000 5.3332583611603469e-03 
95.400000 5.3332619019385331e-03 
95.600000 5.3332652912294843e-03 
95.800000 5.3332685350576193e-03 
96.000000 5.3332716392237465e-03 
96.200000 5.3332746093129758e-03 
96.400000 5.3332774507020928e-03 
96.600000 5.3332801685667961e-03 
96.800000 5.3332827678887378e-03 
97.000000 5.3332852534622990e-03 
97.200000 5.3332876299010774e-03 
97.400000 5.3332899016443475e-03 
97.600000 5.3332920729630660e-03 
97.800000 5.3332941479659638e-03 
98.000000 5.3332961306050974e-03 
98.200000 5.3332980246816441e-03 
98.400000 5.3332998338510790e-03 
98.600000 5.3333015616284776e-03 
98.800000 5.3333032113934923e-03 
99.000000 5.3333047863953088e-03 
99.200000 5.3333062897571188e-03 
99.400000 5.3333077244809993e-03 
99.600000 5.3333090934519906e-03 
99.800000 5.3333103994424435e-03 
100.000000 5.3333116451163010e-03 
100.200000 5.3333128330327172e-03 
100.400000 5.3333139656501520e-03 
100.600000 5.3333150453299741e-03 
100.800000 5.3333160743400214e-03 
101.000000 5.3333170548580944e-03 
101.200000 5.3333179889752400e-03 
101.400000 5.3333188786989462e-03 
101.600000 5.3333197259563718e-03 
101.800000 5.3333205325971538e-03 
102.000000 5.3333213003965360e-03 
102.200000 5.3333220310578635e-03 
102.400000 5.3333227262156325e-03 
102.600000 5.3333233874377495e-03 
102.800000 5.3333240162282934e-03 
103.000000 5.3333246140297953e-03 
103.200000 5.3333251822256659e-03 
103.400000 5.3333257221423189e-03 
103.600000 5.3333262350515522e-03 
103.800000 5.3333267221724349e-03 
104.000000 5.3333271846734654e-03 
104.200000 5.3333276236744069e-03 
104.400000 5.3333280402483316e-03 
104.600000 5.3333284354232808e-03 
104.800000 5.3333288101840518e-03 
105.000000 5.3333291654739491e-03 
105.200000 5.3333295021963240e-03 
105.400000 5.3333298212161579e-03 
105.600000 5.3333301233616454e-03 
105.800000 5.3333304094254821e-03 
106.000000 5.3333306801664595e-03 
106.200000 5.3333309363106617e-03 
106.400000 5.3333311785528810e-03 
106.600000 5.3333314075577395e-03 
106.800000 5.3333316239609655e-03 
107.000000 5.3333318283706119e-03 
107.200000 5.3333320213679834e-03 
107.400000 5.3333322035089897e-03 
107.600000 5.3333323753249244e-03 
107.800000 5.3333325373235698e-03 
108.000000 5.3333326899901532e-03 
108.200000 5.3333328337882629e-03 
108.400000 5.3333329691607548e-03 
108.600000 5.3333330965305683e-03 
108.800000 5.3333332163015288e-03 
109.000000 5.3333333288592272e-03 
109.200000 5.3333334345716590e-03 
109.400000 5.3333335337900165e-03 
109.600000 5.3333336268495133e-03 
109.800000 5.3333337140697729e-03 
110.000000 5.3333337957557573e-03 
110.200000 5.3333338721981843e-03 
110.400000 5.3333339436743010e-03 
110.600000 5.3333340104483309e-03 
110.800000 5.3333340727720882e-03 
111.000000 5.3333341308854452e-03 
111.200000 5.3333341850169448e-03 
111.400000 5.3333342353842168e-03 
111.600000 5.3333342821944851e-03 
111.800000 5.3333343256449922e-03 
112.000000 5.3333343659234091e-03 
112.200000 5.3333344032083221e-03 
112.400000 5.3333344376696335e-03 
112.600000 5.3333344694688157e-03 
112.800000 5.3333344987594612e-03 
113.000000 5.3333345256875242e-03 
113.200000 5.3333345503916163e-03 
113.400000 5.3333345730035521e-03 
113.600000 5.3333345936483504e-03 
113.800000 5.3333346124447515e-03 
114.000000 5.3333346295055071e-03 
114.200000 5.3333346449374952e-03 
114.400000 5.3333346588421262e-03 
114.600000 5.3333346713155408e-03 
114.800000 5.3333346824489354e-03 
115.000000 5.3333346923285481e-03 
115.200000 5.3333347010362537e-03 
115.400000 5.3333347086494164e-03 
115.600000 5.3333347152413457e-03 
115.800000 5.3333347208813862e-03 
116.000000 5.3333347256351010e-03 
116.200000 5.3333347295644509e-03 
116.400000 5.3333347327280253e-03 
116.600000 5.3333347351811290e-03 
116.800000 5.3333347369759901e-03 
117.000000 5.3333347381618818e-03 
117.200000 5.3333347387853006e-03 
117.400000 5.3333347388900294e-03 
117.600000 5.3333347385173561e-03 
117.800000 5.3333347377061734e-03 
118.000000 5.3333347364930752e-03 
118.200000 5.3333347349124533e-03 
118.400000 5.3333347329966611e-03 
118.600000 5.3333347307760910e-03 
118.800000 5.3333347282792784e-03 
119.000000 5.3333347255329977e-03 
119.200000 5.3333347225623167e-03 
119.400000 5.3333347193907513e-03 
119.600000 5.3333347160403428e-03 
119.800000 5.3333347125316287e-03 
120.000000 5.3333347088838374e-03 
120.200000 5.3333347051149121e-03 
120.400000 5.3333347012416510e-03 
120.600000 5.3333346972795738e-03 
120.800000 5.3333346932432392e-03 
121.000000 5.3333346891461225e-03 
121.200000 5.3333346850007526e-03 
121.400000 5.3333346808187446e-03 
121.600000 5.3333346766108458e-03 
121.800000 5.3333346723869919e-03 
122.000000 5.3333346681563570e-03 
122.200000 5.3333346639274047e-03 
122.400000 5.3333346597078911e-03 
122.600000 5.3333346555049224e-03 
122.800000 5.3333346513250507e-03 
123.000000 5.3333346471742113e-03 
123.200000 5.3333346430578720e-03 
123.400000 5.3333346389808634e-03 
123.600000 5.3333346349477562e-03 
123.800000 5.3333346309624883e-03 
124.000000 5.3333346270286611e-03 
124.200000 5.3333346231495219e-03 
124.400000 5.3333346193278758e-03 
124.600000 5.3333346155663049e-03 
124.800000 5.3333346118669368e-03 
125.000000 5.3333346082317292e-03 
125.200000 5.3333346046622772e-03 
125.400000 5.3333346011599581e-03 
125.600000 5.3333345977259134e-03 
125.800000 5.3333345943610425e-03 
126.000000 5.3333345910661061e-03 
126.200000 5.3333345878415449e-03 
126.400000 5.3333345846877395e-03 
126.600000 5.3333345816048653e-03 
126.800000 5.3333345785930124e-03 
127.000000 5.3333345756519917e-03 
127.200000 5.3333345727816098e-03 
127.400000 5.3333345699814998e-03 
127.600000 5.3333345672512524e-03 
127.800000 5.3333345645902811e-03 
128.000000 5.3333345619979407e-03 
128.200000 5.3333345594735694e-03 
128.400000 5.3333345570163180e-03 
128.600000 5.3333345546253599e-03 
128.800000 5.3333345522998052e-03 
129.000000 5.3333345500386556e-03 
129.200000 5.3333345478409422e-03 
129.400000 5.3333345457056104e-03 
129.600000 5.3333345436315906e-03 
129.800000 5.3333345416177319e-03 
130.000000 5.3333345396629258e-03 
130.200000 5.3333345377660534e-03 
130.400000 5.3333345359259307e-03 
130.600000 5.3333345341413235e-03 
130.800000 5.3333345324110860e-03 
131.000000 5.3333345307340057e-03 
131.200000 5.3333345291088838e-03 
131.400000 5.3333345275344965e-03 
131.600000 5.3333345260096580e-03 
131.800000 5.3333345245331967e-03 
132.000000 5.3333345231038548e-03 
132.200000 5.3333345217204797e-03 
132.400000 5.3333345203818699e-03 
132.600000 5.3333345190868979e-03 
132.800000 5.3333345178343651e-03 
133.000000 5.3333345166231942e-03 
133.200000 5.3333345154521570e-03 
133.400000 5.3333345143202265e-03 
133.600000 5.3333345132262743e-03 
133.800000 5.3333345121691998e-03 
134.000000 5.3333345111479975e-03 
134.200000 5.3333345101616121e-03 
134.400000 5.3333345092089592e-03 
134.600000 5.3333345082891082e-03 
134.800000 5.3333345074010165e-03 
135.000000 5.3333345065437535e-03 
135.200000 5.3333345057164075e-03 
135.400000 5.3333345049179897e-03 
135.600000 5.3333345041476563e-03 
135.800000 5.3333345034044877e-03 
136.000000 5.3333345026876202e-03 
136.200000 5.3333345019962435e-03 
136.400000 5.3333345013295338e-03 
136.600000 5.3333345006866739e-03 
136.800000 5.3333345000668971e-03 
137.000000 5.3333344994694609e-03 
137.200000 5.3333344988936134e-03 
137.400000 5.3333344983386580e-03 
137.600000 5.3333344978038879e-03 
137.800000 5.3333344972885848e-03 
138.000000 5.3333344967921347e-03 
138.200000 5.3333344963139148e-03 
138.400000 5.3333344958532824e-03 
138.600000 5.3333344954096303e-03 
138.800000 5.3333344949823714e-03 
139.000000 5.3333344945709600e-03 
139.200000 5.3333344941748689e-03 
139.400000 5.3333344937935030e-03 
139.600000 5.3333344934264146e-03 
139.800000 5.3333344930730281e-03 
140.000000 5.3333344927329746e-03 
140.200000 5.3333344924056869e-03 
140.400000 5.3333344920907435e-03 
140.600000 5.3333344917877524e-03 
140.800000 5.3333344914962590e-03 
141.000000 5.3333344912158305e-03 
141.200000 5.3333344909460897e-03 
141.400000 5.3333344906867121e-03 
141.600000 5.3333344904372510e-03 
141.800000 5.3333344901974221e-03 
142.000000 5.3333344899668253e-03 
142.200000 5.3333344897451718e-03 
142.400000 5.3333344895321400e-03 
142.600000 5.3333344893274461e-03 
142.800000 5.3333344891307458e-03 
143.000000 5.3333344889417642e-03 
143.200000 5.3333344887602800e-03 
143.400000 5.3333344885859576e-03 
143.600000 5.3333344884186045e-03 
143.800000 5.3333344882579735e-03 
144.000000 5.3333344881038120e-03 
144.200000 5.3333344879558870e-03 
144.400000 5.3333344878140187e-03 
144.600000 5.3333344876779739e-03 
144.800000 5.3333344875475712e-03 
145.000000 5.3333344874226286e-03 
145.200000 5.3333344873029431e-03 
145.400000 5.3333344871883395e-03 
145.600000 5.3333344870786633e-03 
145.800000 5.3333344869737273e-03 
146.000000 5.3333344868734117e-03 
146.200000 5.3333344867775283e-03 
146.400000 5.3333344866859393e-03 
146.600000 5.3333344865984719e-03 
146.800000 5.3333344865151063e-03 
147.000000 5.3333344864356716e-03 
147.200000 5.3333344863600888e-03 
147.400000 5.3333344862882765e-03 
147.600000 5.3333344862201365e-03 
147.800000 5.3333344861555563e-03 
148.000000 5.3333344860943760e-03 
148.200000 5.3333344860365221e-03 
148.400000 5.3333344859819451e-03 
148.600000 5.3333344859304343e-03 
148.800000 5.3333344858819149e-03 
149.000000 5.3333344858362830e-03 
149.200000 5.3333344857934405e-03 
149.400000 5.3333344857532791e-03 
149.600000 5.3333344857156720e-03 
149.800000 5.3333344856805551e-03 
