0.000000 2.3430133619611649e-02 
0.200000 2.3430174730198445e-02 
0.400000 2.3430964041129897e-02 
0.600000 2.3433866058129336e-02 
0.800000 2.3440068429927602e-02 
1.000000 2.3450590483955282e-02 
1.200000 2.3466312679144480e-02 
1.400000 2.3488009012693406e-02 
1.600000 2.3516343904752678e-02 
1.800000 2.3551881292109136e-02 
2.000000 2.3595161969301309e-02 
2.200000 2.3646681018174822e-02 
2.400000 2.3706886758213908e-02 
2.600000 2.3776182931566987e-02 
2.800000 2.3854941368545698e-02 
3.000000 2.3943512966621519e-02 
3.200000 2.4042227447972426e-02 
3.400000 2.4151396750585474e-02 
3.600000 2.4271370087789432e-02 
3.800000 2.4402426462009005e-02 
4.000000 2.4544830846617474e-02 
4.200000 2.4698839805425182e-02 
4.400000 2.4864710436458184e-02 
4.600000 2.5042700346560205e-02 
4.800000 2.5233071425993715e-02 
5.000000 2.5436089864431556e-02 
5.200000 2.5652030960804935e-02 
5.400000 2.5881178451995585e-02 
5.600000 2.6123827100176571e-02 
5.800000 2.6380282366719111e-02 
6.000000 2.6650863190778921e-02 
6.200000 2.6935901331341470e-02 
6.400000 2.7235743508945427e-02 
6.600000 2.7550749378639831e-02 
6.800000 2.7881294498646361e-02 
7.000000 2.8227771151439481e-02 
7.200000 2.8590590520527443e-02 
7.400000 2.8970183683191097e-02 
7.600000 2.9367003606557512e-02 
7.800000 2.9781525889428430e-02 
8.000000 3.0214250484247602e-02 
8.200000 3.0665702609701414e-02 
8.400000 3.1136434433828450e-02 
8.600000 3.1627026034746382e-02 
8.800000 3.2138086988727332e-02 
9.000000 3.2670257504207240e-02 
9.200000 3.3224210087539813e-02 
9.400000 3.3800650850770816e-02 
9.600000 3.4400321325874665e-02 
9.800000 3.5024000019766362e-02 
10.000000 3.5672504316098849e-02 
10.200000 3.6346691886926373e-02 
10.400000 3.7047462644522938e-02 
10.600000 3.7775760563317842e-02 
10.800000 3.8532575728400638e-02 
11.000000 3.9318946103966294e-02 
11.200000 4.0135959522210558e-02 
11.400000 4.0984755549381170e-02 
11.600000 4.1866527426582201e-02 
11.800000 4.2782523798921730e-02 
12.000000 4.3734050519161696e-02 
12.200000 4.4722472301459863e-02 
12.400000 4.5749214324173872e-02 
12.600000 4.6815763578657035e-02 
12.800000 4.7923670104503262e-02 
13.000000 4.9074547967367620e-02 
13.200000 5.0270075937908276e-02 
13.400000 5.1511997831722167e-02 
13.600000 5.2802122415646718e-02 
13.800000 5.4142322826503053e-02 
14.000000 5.5534535395041995e-02 
14.200000 5.6980757796750173e-02 
14.400000 5.8483046412812885e-02 
14.600000 6.0043512799882827e-02 
14.800000 6.1664319134787572e-02 
15.000000 6.3347672511457717e-02 
15.200000 6.5095817943642151e-02 
15.400000 6.6911029930798380e-02 
15.600000 6.8795602426023367e-02 
15.800000 7.0751837051692593e-02 
16.000000 7.2782029397421455e-02 
16.200000 7.4888453245827130e-02 
16.400000 7.7073342565483413e-02 
16.600000 7.9338871133163943e-02 
16.800000 8.1687129653126578e-02 
17.000000 8.4120100274359233e-02 
17.200000 8.6639628427223142e-02 
17.400000 8.9247391948861846e-02 
17.600000 9.1944867508087488e-02 
17.800000 9.4733294404613699e-02 
18.000000 9.7613635879565272e-02 
18.200000 1.0058653815700776e-01 
18.400000 1.0365228751981791e-01 
18.600000 1.0681076582227686e-01 
18.800000 1.1006140494025389e-01 
19.000000 1.1340314077250495e-01 
19.200000 1.1683436751202009e-01 
19.400000 1.2035289301749655e-01 
19.600000 1.2395589621484009e-01 
19.800000 1.2763988755404351e-01 
20.000000 1.3140067362097760e-01 
20.200000 1.3523332706108823e-01 
20.400000 1.3913216299941722e-01 
20.600000 1.4309072314000520e-01 
20.800000 1.4710176868560632e-01 
21.000000 1.5115728313776985e-01 
21.200000 1.5524848591004356e-01 
21.400000 1.5936585751606874e-01 
21.600000 1.6349917687647095e-01 
21.800000 1.6763757102989660e-01 
22.000000 1.7176957723842498e-01 
22.200000 1.7588321715439695e-01 
22.400000 1.7996608237531769e-01 
22.600000 1.8400543036862591e-01 
22.800000 1.8798828941327392e-01 
23.000000 1.9190157089536783e-01 
23.200000 1.9573218702560263e-01 
23.400000 1.9946717183086962e-01 
23.600000 2.0309380312292674e-01 
23.800000 2.0659972307223148e-01 
24.000000 2.0997305501979338e-01 
24.200000 2.1320251424511061e-01 
24.400000 2.1627751057045316e-01 
24.600000 2.1918824091343844e-01 
24.800000 2.2192577018984097e-01 
25.000000 2.2448209930336049e-01 
25.200000 2.2685021932298199e-01 
25.400000 2.2902415132546347e-01 
25.600000 2.3099897175463546e-01 
25.800000 2.3277082350580172e-01 
26.000000 2.3433691327033493e-01 
26.200000 2.3569549596216660e-01 
26.400000 2.3684584728743222e-01 
26.600000 2.3778822570642691e-01 
26.800000 2.3852382517194232e-01 
27.000000 2.3905472011075990e-01 
27.200000 2.3938380414872124e-01 
27.400000 2.3951472406891003e-01 
27.600000 2.3945181044303443e-01 
27.800000 2.3920000629454982e-01 
28.000000 2.3876479504520104e-01 
28.200000 2.3815212887149098e-01 
28.400000 2.3736835846023074e-01 
28.600000 2.3642016500899260e-01 
28.800000 2.3531449517288239e-01 
29.000000 2.3405849951807717e-01 
29.200000 2.3265947490851679e-01 
29.400000 2.3112481112763786e-01 
29.600000 2.2946194192406941e-01 
29.800000 2.2767830056988089e-01 
30.000000 2.2578127993294411e-01 
30.200000 2.2377819699119486e-01 
30.400000 2.2167626165576965e-01 
30.600000 2.1948254972138817e-01 
30.800000 2.1720397972508906e-01 
31.000000 2.1484729346737355e-01 
31.200000 2.1241903993182090e-01 
31.400000 2.0992556232917650e-01 
31.600000 2.0737298798847142e-01 
31.800000 2.0476722081994345e-01 
32.000000 2.0211393608117614e-01 
32.200000 1.9941857718814116e-01 
32.400000 1.9668635432568679e-01 
32.600000 1.9392224462689195e-01 
32.800000 1.9113099370671807e-01 
33.000000 1.8831711835221182e-01 
33.200000 1.8548491018848365e-01 
33.400000 1.8263844015655784e-01 
33.600000 1.7978156365563569e-01 
33.800000 1.7691792621805419e-01 
34.000000 1.7405096960021146e-01 
34.200000 1.7118393818669639e-01 
34.400000 1.6831988561791991e-01 
34.600000 1.6546168156346105e-01 
34.800000 1.6261201857432239e-01 
35.000000 1.5977341895711084e-01 
35.200000 1.5694824162212376e-01 
35.400000 1.5413868886520957e-01 
35.600000 1.5134681305033004e-01 
35.800000 1.4857452316596900e-01 
36.000000 1.4582359123393873e-01 
36.200000 1.4309565855385770e-01 
36.400000 1.4039224177067117e-01 
36.600000 1.3771473875603979e-01 
36.800000 1.3506443429742127e-01 
37.000000 1.3244250559116075e-01 
37.200000 1.2985002753800831e-01 
37.400000 1.2728797784121079e-01 
37.600000 1.2475724190873876e-01 
37.800000 1.2225861756237133e-01 
38.000000 1.1979281955725557e-01 
38.200000 1.1736048391625246e-01 
38.400000 1.1496217208395855e-01 
38.600000 1.1259837490562356e-01 
38.800000 1.1026951643649574e-01 
39.000000 1.0797595758727241e-01 
39.200000 1.0571799961141785e-01 
39.400000 1.0349588744012864e-01 
39.600000 1.0130981287068774e-01 
39.800000 9.9159917613863405e-02 
40.000000 9.7046296205890198e-02 
40.200000 9.4968998790444056e-02 
40.400000 9.2928033775849600e-02 
40.600000 9.0923370372587992e-02 
40.800000 8.8954941016010647e-02 
41.000000 8.7022643678958733e-02 
41.200000 8.5126344078822636e-02 
41.400000 8.3265877783381861e-02 
41.600000 8.1441052219592899e-02 
41.800000 7.9651648589312465e-02 
42.000000 7.7897423695779094e-02 
42.200000 7.6178111684508096e-02 
42.400000 7.4493425702099339e-02 
42.600000 7.2843059476317501e-02 
42.800000 7.1226688820640885e-02 
43.000000 6.9643973066364356e-02 
43.200000 6.8094556425196517e-02 
43.400000 6.6578069285177399e-02 
43.600000 6.5094129442618776e-02 
43.800000 6.3642343272679994e-02 
44.000000 6.2222306841058908e-02 
44.200000 6.0833606959210758e-02 
44.400000 5.9475822185388945e-02 
44.600000 5.8148523773732121e-02 
44.800000 5.6851276573526115e-02 
45.000000 5.5583639880696485e-02 
45.200000 5.4345168243508706e-02 
45.400000 5.3135412224375893e-02 
45.600000 5.1953919119619239e-02 
45.800000 5.0800233638940269e-02 
46.000000 4.9673898546314009e-02 
46.200000 4.8574455263947755e-02 
46.400000 4.7501444440889433e-02 
46.600000 4.6454406487812773e-02 
46.800000 4.5432882079454798e-02 
47.000000 4.4436412626125486e-02 
47.200000 4.3464540715658813e-02 
47.400000 4.2516810527126074e-02 
47.600000 4.1592768217585278e-02 
47.800000 4.0691962283087267e-02 
48.000000 3.9813943895127588e-02 
48.200000 3.8958267213675533e-02 
48.400000 3.8124489677875864e-02 
48.600000 3.7312172275481129e-02 
48.800000 3.6520879792023293e-02 
49.000000 3.5750181040704009e-02 
49.200000 3.4999649073940035e-02 
49.400000 3.4268861377462975e-02 
49.600000 3.3557400047843196e-02 
49.800000 3.2864851954264945e-02 
50.000000 3.2190808885354194e-02 
50.200000 3.1534867681821836e-02 
50.400000 3.0896630355661012e-02 
50.600000 3.0275704196597412e-02 
50.800000 2.9671701866472236e-02 
51.000000 2.9084241482200492e-02 
51.200000 2.8512946687926262e-02 
51.400000 2.7957446716965050e-02 
51.600000 2.7417376444102286e-02 
51.800000 2.6892376428787518e-02 
52.000000 2.6382092949744081e-02 
52.200000 2.5886178031489300e-02 
52.400000 2.5404289463235662e-02 
52.600000 2.4936090810628378e-02 
52.800000 2.4481251420745982e-02 
53.000000 2.4039446420778196e-02 
53.200000 2.3610356710770584e-02 
53.400000 2.3193668950811819e-02 
53.600000 2.2789075543017463e-02 
53.800000 2.2396274608650440e-02 
54.000000 2.2014969960702273e-02 
54.200000 2.1644871072239193e-02 
54.400000 2.1285693040808878e-02 
54.600000 2.0937156549185029e-02 
54.800000 2.0598987822711950e-02 
55.000000 2.0270918583504691e-02 
55.200000 1.9952686001739585e-02 
55.400000 1.9644032644265327e-02 
55.600000 1.9344706420746309e-02 
55.800000 1.9054460527546911e-02 
56.000000 1.8773053389547163e-02 
56.200000 1.8500248600074681e-02 
56.400000 1.8235814859129017e-02 
56.600000 1.7979525910060263e-02 
56.800000 1.7731160474862024e-02 
57.000000 1.7490502188223709e-02 
57.200000 1.7257339530485371e-02 
57.400000 1.7031465759625358e-02 
57.600000 1.6812678842407572e-02 
57.800000 1.6600781384806775e-02 
58.000000 1.6395580561824000e-02 
58.200000 1.6196888046797451e-02 
58.400000 1.6004519940309294e-02 
58.600000 1.5818296698782167e-02 
58.800000 1.5638043062854792e-02 
59.000000 1.5463587985619177e-02 
59.200000 1.5294764560799505e-02 
59.400000 1.5131409950945932e-02 
59.600000 1.4973365315712752e-02 
59.800000 1.4820475740287482e-02 
60.000000 1.4672590164030719e-02 
60.200000 1.4529561309385314e-02 
60.400000 1.4391245611108798e-02 
60.600000 1.4257503145878187e-02 
60.800000 1.4128197562316435e-02 
61.000000 1.4003196011482130e-02 
61.200000 1.3882369077865053e-02 
61.400000 1.3765590710924990e-02 
61.600000 1.3652738157209288e-02 
61.800000 1.3543691893081845e-02 
62.000000 1.3438335558094159e-02 
62.200000 1.3336555889026151e-02 
62.400000 1.3238242654622661e-02 
62.600000 1.3143288591049174e-02 
62.800000 1.3051589338088707e-02 
63.000000 1.2963043376099243e-02 
63.200000 1.2877551963749574e-02 
63.400000 1.2795019076550443e-02 
63.600000 1.2715351346194542e-02 
63.800000 1.2638458000719166e-02 
64.000000 1.2564250805502341e-02 
64.200000 1.2492644005103224e-02 
64.400000 1.2423554265954900e-02 
64.600000 1.2356900619917448e-02 
64.800000 1.2292604408697377e-02 
65.000000 1.2230589229138639e-02 
65.200000 1.2170780879389206e-02 
65.400000 1.2113107305946277e-02 
65.600000 1.2057498551582035e-02 
65.800000 1.2003886704151713e-02 
66.000000 1.1952205846282751e-02 
66.200000 1.1902392005946540e-02 
66.400000 1.1854383107909386e-02 
66.600000 1.1808118926062252e-02 
66.800000 1.1763541036625021e-02 
67.000000 1.1720592772223180e-02 
67.200000 1.1679219176832322e-02 
67.400000 1.1639366961585178e-02 
67.600000 1.1600984461437222e-02 
67.800000 1.1564021592684394e-02 
68.000000 1.1528429811326830e-02 
68.200000 1.1494162072272152e-02 
68.400000 1.1461172789371353e-02 
68.600000 1.1429417796279500e-02 
68.800000 1.1398854308133755e-02 
69.000000 1.1369440884040568e-02 
69.200000 1.1341137390363503e-02 
69.400000 1.1313904964802743e-02 
69.600000 1.1287705981258009e-02 
69.800000 1.1262504015464485e-02 
70.000000 1.1238263811393583e-02 
70.200000 1.1214951248407781e-02 
70.400000 1.1192533309159933e-02 
70.600000 1.1170978048227795e-02 
70.800000 1.1150254561472480e-02 
71.000000 1.1130332956110735e-02 
71.200000 1.1111184321491873e-02 
71.400000 1.1092780700566457e-02 
71.600000 1.1075095062038522e-02 
71.800000 1.1058101273189205e-02 
72.000000 1.1041774073361007e-02 
72.200000 1.1026089048092999e-02 
72.400000 1.1011022603894692e-02 
72.600000 1.0996551943648706e-02 
72.800000 1.0982655042630950e-02 
73.000000 1.0969310625137563e-02 
73.200000 1.0956498141707577e-02 
73.400000 1.0944197746930629e-02 
73.600000 1.0932390277828915e-02 
73.800000 1.0921057232801921e-02 
74.000000 1.0910180751124593e-02 
74.200000 1.0899743592986382e-02 
74.400000 1.0889729120062565e-02 
74.600000 1.0880121276605046e-02 
74.800000 1.0870904571044174e-02 
75.000000 1.0862064058089737e-02 
75.200000 1.0853585321321302e-02 
75.400000 1.0845454456257751e-02 
75.600000 1.0837658053895706e-02 
75.800000 1.0830183184706119e-02 
76.000000 1.0823017383080688e-02 
76.200000 1.0816148632216280e-02 
76.400000 1.0809565349428984e-02 
76.600000 1.0803256371887563e-02 
76.800000 1.0797210942756793e-02 
77.000000 1.0791418697741582e-02 
77.200000 1.0785869652022020e-02 
77.400000 1.0780554187571147e-02 
77.600000 1.0775463040844787e-02 
77.800000 1.0770587290836714e-02 
78.000000 1.0765918347488204e-02 
78.200000 1.0761447940445009e-02 
78.400000 1.0757168108152087e-02 
78.600000 1.0753071187278361e-02 
78.800000 1.0749149802463083e-02 
79.000000 1.0745396856375468e-02 
79.200000 1.0741805520080350e-02 
79.400000 1.0738369223700707e-02 
79.600000 1.0735081647371032e-02 
79.800000 1.0731936712472306e-02 
80.000000 1.0728928573142723e-02 
80.200000 1.0726051608055611e-02 
80.400000 1.0723300412458125e-02 
80.600000 1.0720669790463457e-02 
80.800000 1.0718154747589928e-02 
81.000000 1.0715750483539748e-02 
81.200000 1.0713452385211366e-02 
81.400000 1.0711256019938688e-02 
81.600000 1.0709157128951038e-02 
81.800000 1.0707151621046953e-02 
82.000000 1.0705235566477162e-02 
82.200000 1.0703405191029199e-02 
82.400000 1.0701656870309155e-02 
82.600000 1.0699987124213954e-02 
82.800000 1.0698392611589417e-02 
83.000000 1.0696870125067943e-02 
83.200000 1.0695416586081098e-02 
83.400000 1.0694029040041627e-02 
83.600000 1.0692704651690008e-02 
83.800000 1.0691440700600277e-02 
84.000000 1.0690234576841064e-02 
84.200000 1.0689083776786162e-02 
84.400000 1.0687985899070903e-02 
84.600000 1.0686938640689288e-02 
84.800000 1.0685939793227954e-02 
85.000000 1.0684987239232439e-02 
85.200000 1.0684078948701726e-02 
85.400000 1.0683212975706980e-02 
85.600000 1.0682387455130843e-02 
85.800000 1.0681600599522868e-02 
86.000000 1.0680850696068013e-02 
86.200000 1.0680136103664127e-02 
86.400000 1.0679455250105283e-02 
86.600000 1.0678806629367071e-02 
86.800000 1.0678188798991196e-02 
87.000000 1.0677600377565049e-02 
87.200000 1.0677040042294389e-02 
87.400000 1.0676506526665422e-02 
87.600000 1.0675998618192734e-02 
87.800000 1.0675515156251708e-02 
88.000000 1.0675055029991028e-02 
88.200000 1.0674617176323330e-02 
88.400000 1.0674200577991488e-02 
88.600000 1.0673804261707583e-02 
88.800000 1.0673427296362323e-02 
89.000000 1.0673068791301990e-02 
89.200000 1.0672727894671481e-02 
89.400000 1.0672403791820379e-02 
89.600000 1.0672095703770090e-02 
89.800000 1.0671802885739864e-02 
90.000000 1.0671524625730060e-02 
90.200000 1.0671260243159742e-02 
90.400000 1.0671009087557633e-02 
90.600000 1.0670770537303942e-02 
90.800000 1.0670543998421227e-02 
91.000000 1.0670328903413167e-02 
91.200000 1.0670124710148382e-02 
91.400000 1.0669930900788945e-02 
91.600000 1.0669746980761056e-02 
91.800000 1.0669572477766700e-02 
92.000000 1.0669406940834575e-02 
92.200000 1.0669249939409335e-02 
92.400000 1.0669101062476826e-02 
92.600000 1.0668959917725231e-02 
92.800000 1.0668826130739517e-02 
93.000000 1.0668699344228658e-02 
93.200000 1.0668579217284558e-02 
93.400000 1.0668465424670601e-02 
93.600000 1.0668357656139923e-02 
93.800000 1.0668255615781077e-02 
94.000000 1.0668159021391059e-02 
94.200000 1.0668067603873810e-02 
94.400000 1.0667981106663855e-02 
94.600000 1.0667899285173895e-02 
94.800000 1.0667821906264885e-02 
95.000000 1.0667748747739132e-02 
95.200000 1.0667679597853677e-02 
95.400000 1.0667614254854563e-02 
95.600000 1.0667552526530845e-02 
95.800000 1.0667494229787106e-02 
96.000000 1.0667439190234117e-02 
96.200000 1.0667387241797006e-02 
96.400000 1.0667338226340259e-02 
96.600000 1.0667291993308065e-02 
96.800000 1.0667248399380930e-02 
97.000000 1.0667207308146395e-02 
97.200000 1.0667168589784205e-02 
97.400000 1.0667132120764975e-02 
97.600000 1.0667097783561987e-02 
97.800000 1.0667065466375289e-02 
98.000000 1.0667035062868094e-02 
98.200000 1.0667006471914381e-02 
98.400000 1.0666979597357910e-02 
98.600000 1.0666954347781138e-02 
98.800000 1.0666930636285361e-02 
99.000000 1.0666908380279205e-02 
99.200000 1.0666887501277790e-02 
99.400000 1.0666867924709809e-02 
99.600000 1.0666849579733810e-02 
99.800000 1.0666832399062158e-02 
100.000000 1.0666816318793241e-02 
100.200000 1.0666801278251233e-02 
100.400000 1.0666787219832568e-02 
100.600000 1.0666774088859802e-02 
100.800000 1.0666761833441951e-02 
101.000000 1.0666750404340937e-02 
101.200000 1.0666739754844484e-02 
101.400000 1.0666729840644321e-02 
101.600000 1.0666720619720337e-02 
101.800000 1.0666712052229970e-02 
102.000000 1.0666704100402231e-02 
102.200000 1.0666696728437394e-02 
102.400000 1.0666689902410332e-02 
102.600000 1.0666683590179433e-02 
102.800000 1.0666677761298501e-02 
103.000000 1.0666672386933890e-02 
103.200000 1.0666667439784672e-02 
103.400000 1.0666662894006957e-02 
103.600000 1.0666658725141640e-02 
103.800000 1.0666654910045505e-02 
104.000000 1.0666651426825442e-02 
104.200000 1.0666648254776126e-02 
104.400000 1.0666645374320393e-02 
104.600000 1.0666642766952211e-02 
104.800000 1.0666640415182969e-02 
105.000000 1.0666638302489690e-02 
105.200000 1.0666636413266251e-02 
105.400000 1.0666634732776289e-02 
105.600000 1.0666633247109047e-02 
105.800000 1.0666631943137148e-02 
106.000000 1.0666630808475961e-02 
106.200000 1.0666629831445474e-02 
106.400000 1.0666629001033849e-02 
106.600000 1.0666628306862588e-02 
106.800000 1.0666627739153604e-02 
107.000000 1.0666627288697871e-02 
107.200000 1.0666626946825351e-02 
107.400000 1.0666626705376733e-02 
107.600000 1.0666626556676551e-02 
107.800000 1.0666626493507265e-02 
108.000000 1.0666626509084946e-02 
108.200000 1.0666626597036332e-02 
108.400000 1.0666626751376375e-02 
108.600000 1.0666626966487668e-02 
108.800000 1.0666627237100270e-02 
109.000000 1.0666627558273065e-02 
109.200000 1.0666627925375746e-02 
109.400000 1.0666628334071646e-02 
109.600000 1.0666628780301706e-02 
109.800000 1.0666629260269228e-02 
110.000000 1.0666629770424992e-02 
110.200000 1.0666630307453845e-02 
110.400000 1.0666630868261183e-02 
110.600000 1.0666631449960768e-02 
110.800000 1.0666632049862774e-02 
111.000000 1.0666632665462838e-02 
111.200000 1.0666633294431280e-02 
111.400000 1.0666633934602883e-02 
111.600000 1.0666634583967731e-02 
111.800000 1.0666635240661939e-02 
112.000000 1.0666635902959069e-02 
112.200000 1.0666636569262273e-02 
112.400000 1.0666637238096417e-02 
112.600000 1.0666637908100669e-02 
112.800000 1.0666638578022115e-02 
113.000000 1.0666639246708721e-02 
113.200000 1.0666639913103442e-02 
113.400000 1.0666640576238371e-02 
113.600000 1.0666641235229150e-02 
113.800000 1.0666641889269945e-02 
114.000000 1.0666642537628255e-02 
114.200000 1.0666643179640421e-02 
114.400000 1.0666643814707112e-02 
114.600000 1.0666644442289493e-02 
114.800000 1.0666645061904779e-02 
115.000000 1.0666645673122989e-02 
115.200000 1.0666646275563055e-02 
115.400000 1.0666646868890029e-02 
115.600000 1.0666647452811409e-02 
115.800000 1.0666648027074593e-02 
116.000000 1.0666648591463863e-02 
116.200000 1.0666649145798070e-02 
116.400000 1.0666649689927848e-02 
116.600000 1.0666650223733495e-02 
116.800000 1.0666650747122808e-02 
117.000000 1.0666651260028838e-02 
117.200000 1.0666651762408209e-02 
117.400000 1.0666652254239160e-02 
117.600000 1.0666652735519885e-02 
117.800000 1.0666653206266826e-02 
118.000000 1.0666653666513367e-02 
118.200000 1.0666654116308259e-02 
118.400000 1.0666654555714311e-02 
118.600000 1.0666654984807310e-02 
118.800000 1.0666655403674601e-02 
119.000000 1.0666655812414143e-02 
119.200000 1.0666656211133560e-02 
119.400000 1.0666656599948959e-02 
119.600000 1.0666656978984296e-02 
119.800000 1.0666657348370327e-02 
120.000000 1.0666657708243989e-02 
120.200000 1.0666658058747523e-02 
120.400000 1.0666658400028024e-02 
120.600000 1.0666658732236458e-02 
120.800000 1.0666659055527421e-02 
121.000000 1.0666659370058430e-02 
121.200000 1.0666659675989412e-02 
121.400000 1.0666659973482272e-02 
121.600000 1.0666660262700346e-02 
121.800000 1.0666660543808373e-02 
122.000000 1.0666660816971487e-02 
122.200000 1.0666661082355497e-02 
122.400000 1.0666661340126114e-02 
122.600000 1.0666661590448963e-02 
122.800000 1.0666661833489204e-02 
123.000000 1.0666662069411205e-02 
123.200000 1.0666662298378447e-02 
123.400000 1.0666662520553235e-02 
123.600000 1.0666662736096606e-02 
123.800000 1.0666662945167958e-02 
124.000000 1.0666663147925163e-02 
124.200000 1.0666663344524268e-02 
124.400000 1.0666663535119376e-02 
124.600000 1.0666663719862560e-02 
124.800000 1.0666663898903809e-02 
125.000000 1.0666664072390841e-02 
125.200000 1.0666664240469153e-02 
125.400000 1.0666664403281820e-02 
125.600000 1.0666664560969564e-02 
125.800000 1.0666664713670594e-02 
126.000000 1.0666664861520644e-02 
126.200000 1.0666665004652885e-02 
126.400000 1.0666665143198107e-02 
126.600000 1.0666665277284177e-02 
126.800000 1.0666665407036716e-02 
127.000000 1.0666665532578543e-02 
127.200000 1.0666665654029944e-02 
127.400000 1.0666665771508694e-02 
127.600000 1.0666665885129744e-02 
127.800000 1.0666665995005705e-02 
128.000000 1.0666666101246542e-02 
128.200000 1.0666666203959568e-02 
128.400000 1.0666666303249674e-02 
128.600000 1.0666666399219269e-02 
128.800000 1.0666666491968213e-02 
129.000000 1.0666666581593917e-02 
129.200000 1.0666666668191372e-02 
129.400000 1.0666666751853182e-02 
129.600000 1.0666666832669609e-02 
129.800000 1.0666666910728557e-02 
130.000000 1.0666666986115719e-02 
130.200000 1.0666667058914402e-02 
130.400000 1.0666667129205732e-02 
130.600000 1.0666667197068812e-02 
130.800000 1.0666667262580330e-02 
131.000000 1.0666667325815136e-02 
131.200000 1.0666667386845833e-02 
131.400000 1.0666667445743122e-02 
131.600000 1.0666667502575699e-02 
131.800000 1.0666667557410256e-02 
132.000000 1.0666667610311641e-02 
132.200000 1.0666667661342881e-02 
132.400000 1.0666667710565078e-02 
132.600000 1.0666667758037597e-02 
132.800000 1.0666667803818166e-02 
133.000000 1.0666667847962731e-02 
133.200000 1.0666667890525538e-02 
133.400000 1.0666667931559256e-02 
133.600000 1.0666667971114990e-02 
133.800000 1.0666668009242351e-02 
134.000000 1.0666668045989328e-02 
134.200000 1.0666668081402533e-02 
134.400000 1.0666668115527132e-02 
134.600000 1.0666668148406857e-02 
134.800000 1.0666668180084143e-02 
135.000000 1.0666668210600040e-02 
135.200000 1.0666668239994421e-02 
135.400000 1.0666668268305765e-02 
135.600000 1.0666668295571511e-02 
135.800000 1.0666668321827706e-02 
136.000000 1.0666668347109285e-02 
136.200000 1.0666668371450312e-02 
136.400000 1.0666668394883387e-02 
136.600000 1.0666668417440333e-02 
136.800000 1.0666668439151870e-02 
137.000000 1.0666668460047622e-02 
137.200000 1.0666668480156323e-02 
137.400000 1.0666668499505743e-02 
137.600000 1.0666668518122754e-02 
137.800000 1.0666668536033324e-02 
138.000000 1.0666668553262608e-02 
138.200000 1.0666668569834838e-02 
138.400000 1.0666668585773377e-02 
138.600000 1.0666668601100996e-02 
138.800000 1.0666668615839538e-02 
139.000000 1.0666668630010197e-02 
139.200000 1.0666668643633364e-02 
139.400000 1.0666668656728806e-02 
139.600000 1.0666668669315503e-02 
139.800000 1.0666668681411947e-02 
140.000000 1.0666668693035817e-02 
140.200000 1.0666668704204314e-02 
140.400000 1.0666668714933885e-02 
140.600000 1.0666668725240615e-02 
140.800000 1.0666668735139785e-02 
141.000000 1.0666668744646333e-02 
141.200000 1.0666668753774578e-02 
141.400000 1.0666668762538269e-02 
141.600000 1.0666668770950757e-02 
141.800000 1.0666668779024932e-02 
142.000000 1.0666668786773120e-02 
142.200000 1.0666668794207248e-02 
142.400000 1.0666668801338798e-02 
142.600000 1.0666668808178816e-02 
142.800000 1.0666668814737986e-02 
143.000000 1.0666668821026555e-02 
143.200000 1.0666668827054351e-02 
143.400000 1.0666668832830961e-02 
143.600000 1.0666668838365520e-02 
143.800000 1.0666668843666767e-02 
144.000000 1.0666668848743264e-02 
144.200000 1.0666668853603168e-02 
144.400000 1.0666668858254208e-02 
144.600000 1.0666668862703999e-02 
144.800000 1.0666668866959545e-02 
145.000000 1.0666668871027813e-02 
145.200000 1.0666668874915399e-02 
145.400000 1.0666668878628651e-02 
145.600000 1.0666668882173651e-02 
145.800000 1.0666668885556297e-02 
146.000000 1.0666668888782298e-02 
146.200000 1.0666668891857089e-02 
146.400000 1.0666668894785902e-02 
146.600000 1.0666668897573924e-02 
146.800000 1.0666668900226063e-02 
147.000000 1.0666668902747008e-02 
147.200000 1.0666668905140748e-02 
147.400000 1.0666668907410064e-02 
147.600000 1.0666668909558240e-02 
147.800000 1.0666668911588809e-02 
148.000000 1.0666668913505293e-02 
148.200000 1.0666668915311471e-02 
148.400000 1.0666668917011011e-02 
148.600000 1.0666668918607817e-02 
148.800000 1.0666668920105638e-02 
149.000000 1.0666668921508268e-02 
149.200000 1.0666668922819525e-02 
149.400000 1.0666668924043197e-02 
149.600000 1.0666668925182971e-02 
149.800000 1.0666668926242504e-02 
