0.000000 2.3431656053815090e-02 
0.200000 2.3431656053815090e-02 
0.400000 2.3432318908000811e-02 
0.600000 2.3435003803935001e-02 
0.800000 2.3440891237528117e-02 
1.000000 2.3451025891844418e-02 
1.200000 2.3466312514160655e-02 
1.400000 2.3487522496111055e-02 
1.600000 2.3515316582544566e-02 
1.800000 2.3550269856802079e-02 
2.000000 2.3592936348054632e-02 
2.200000 2.3643807049189121e-02 
2.400000 2.3703326589987226e-02 
2.600000 2.3771907229223420e-02 
2.800000 2.3849928092590546e-02 
3.000000 2.3937737227551908e-02 
3.200000 2.4035661808141241e-02 
3.400000 2.4144015015776631e-02 
3.600000 2.4263153286498730e-02 
3.800000 2.4393353337618582e-02 
4.000000 2.4534880317201829e-02 
4.200000 2.4687993507103850e-02 
4.400000 2.4852950093026155e-02 
4.600000 2.5030006011740095e-02 
4.800000 2.5219422820216358e-02 
5.000000 2.5421467073522618e-02 
5.200000 2.5636413331687844e-02 
5.400000 2.5864544031765184e-02 
5.600000 2.6106153195553167e-02 
5.800000 2.6361545708198163e-02 
6.000000 2.6631039434054368e-02 
6.200000 2.6914964829047400e-02 
6.400000 2.7213667681557144e-02 
6.600000 2.7527506661132541e-02 
6.800000 2.7856855869312035e-02 
7.000000 2.8202105975649955e-02 
7.200000 2.8563667075324019e-02 
7.400000 2.8941968725084359e-02 
7.600000 2.9337462075709680e-02 
7.800000 2.9750620798318847e-02 
8.000000 3.0181943200493236e-02 
8.200000 3.0631952553201707e-02 
8.400000 3.1101198844851512e-02 
8.600000 3.1590259906260298e-02 
8.800000 3.2099743179807384e-02 
9.000000 3.2630286503256299e-02 
9.200000 3.3182559825901473e-02 
9.400000 3.3757266596044298e-02 
9.600000 3.4355145711696740e-02 
9.800000 3.4976972838824831e-02 
10.000000 3.5623562249417907e-02 
10.200000 3.6295768519710461e-02 
10.400000 3.6994488273816462e-02 
10.600000 3.7720662112490887e-02 
10.800000 3.8475276486080526e-02 
11.000000 3.9259365664249139e-02 
11.200000 4.0074013614426210e-02 
11.400000 4.0920355924134642e-02 
11.600000 4.1799581647854828e-02 
11.800000 4.2712935157433060e-02 
12.000000 4.3661717885972826e-02 
12.200000 4.4647290020936960e-02 
12.400000 4.5671072060142689e-02 
12.600000 4.6734546242493236e-02 
12.800000 4.7839257763420004e-02 
13.000000 4.8986815776646500e-02 
13.200000 5.0178894094756905e-02 
13.400000 5.1417231565790783e-02 
13.600000 5.2703632008931071e-02 
13.800000 5.4039963676203749e-02 
14.000000 5.5428158119503315e-02 
14.200000 5.6870208402826271e-02 
14.400000 5.8368166522752743e-02 
14.600000 5.9924139952019714e-02 
14.800000 6.1540287163186345e-02 
15.000000 6.3218812021851672e-02 
15.200000 6.4961956890280850e-02 
15.400000 6.6771994309057559e-02 
15.600000 6.8651217089924901e-02 
15.800000 7.0601926672678492e-02 
16.000000 7.2626419573621481e-02 
16.200000 7.4726971774326953e-02 
16.400000 7.6905820889324766e-02 
16.600000 7.9165145975407580e-02 
16.800000 8.1507044843512413e-02 
17.000000 8.3933508777602264e-02 
17.200000 8.6446394577189625e-02 
17.400000 8.9047393890773013e-02 
17.600000 9.1737999843732015e-02 
17.800000 9.4519471034165234e-02 
18.000000 9.7392793026884250e-02 
18.200000 1.0035863755955644e-01 
18.400000 1.0341731975548202e-01 
18.600000 1.0656875373977673e-01 
18.800000 1.0981240715187837e-01 
19.000000 1.1314725515864896e-01 
19.200000 1.1657173467831372e-01 
19.400000 1.2008369963816712e-01 
19.600000 1.2368037818869711e-01 
19.800000 1.2735833289152390e-01 
20.000000 1.3111342497662881e-01 
20.200000 1.3494078382171368e-01 
20.400000 1.3883478283786815e-01 
20.600000 1.4278902294501200e-01 
20.800000 1.4679632478312990e-01 
21.000000 1.5084873072670571e-01 
21.200000 1.5493751764680963e-01 
21.400000 1.5905322119665799e-01 
21.600000 1.6318567218285007e-01 
21.800000 1.6732404532868581e-01 
22.000000 1.7145692044326666e-01 
22.200000 1.7557235568877497e-01 
22.400000 1.7965797229878028e-01 
22.600000 1.8370104975553650e-01 
22.800000 1.8768863009803322e-01 
23.000000 1.9160762972032538e-01 
23.200000 1.9544495674684167e-01 
23.400000 1.9918763185122224e-01 
23.600000 2.0282291023058166e-01 
23.800000 2.0633840236620213e-01 
24.000000 2.0972219120045391e-01 
24.200000 2.1296294343882366e-01 
24.400000 2.1605001284248604e-01 
24.600000 2.1897353360353947e-01 
24.800000 2.2172450218113743e-01 
25.000000 2.2429484630854615e-01 
25.200000 2.2667748024344014e-01 
25.400000 2.2886634571020234e-01 
25.600000 2.3085643835788533e-01 
25.800000 2.3264381991590621e-01 
26.000000 2.3422561655891275e-01 
26.200000 2.3560000428233061e-01 
26.400000 2.3676618233330896e-01 
26.600000 2.3772433593377174e-01 
26.800000 2.3847558967115490e-01 
27.000000 2.3902195301907372e-01 
27.200000 2.3936625948733278e-01 
27.400000 2.3951210089304789e-01 
27.600000 2.3946375819790502e-01 
27.800000 2.3922613027721845e-01 
28.000000 2.3880466188133101e-01 
28.200000 2.3820527192582497e-01 
28.400000 2.3743428311045087e-01 
28.600000 2.3649835372354988e-01 
28.800000 2.3540441234431728e-01 
29.000000 2.3415959601385727e-01 
29.200000 2.3277119231131604e-01 
29.400000 2.3124658564606904e-01 
29.600000 2.2959320796304811e-01 
29.800000 2.2781849395698561e-01 
30.000000 2.2592984080328926e-01 
30.200000 2.2393457233850506e-01 
30.400000 2.2183990756153926e-01 
30.600000 2.1965293327731461e-01 
30.800000 2.1738058066643343e-01 
31.000000 2.1502960553664743e-01 
31.200000 2.1260657199328753e-01 
31.400000 2.1011783925517066e-01 
31.600000 2.0756955133861771e-01 
31.800000 2.0496762933400800e-01 
32.000000 2.0231776600566861e-01 
32.200000 1.9962542245588319e-01 
32.400000 1.9689582660654012e-01 
32.600000 1.9413397326662626e-01 
32.800000 1.9134462556979207e-01 
33.000000 1.8853231758291134e-01 
33.200000 1.8570135790359882e-01 
33.400000 1.8285583408149744e-01 
33.600000 1.7999961771464332e-01 
33.800000 1.7713637008803895e-01 
34.000000 1.7426954823656601e-01 
34.200000 1.7140241132847614e-01 
34.400000 1.6853802727877987e-01 
34.600000 1.6567927951388581e-01 
34.800000 1.6282887381987451e-01 
35.000000 1.5998934521671945e-01 
35.200000 1.5716306480978592e-01 
35.400000 1.5435224657789509e-01 
35.600000 1.5155895406439596e-01 
35.800000 1.4878510694392338e-01 
36.000000 1.4603248744300590e-01 
36.200000 1.4330274659749198e-01 
36.400000 1.4059741033382939e-01 
36.600000 1.3791788536481811e-01 
36.800000 1.3526546489342536e-01 
37.000000 1.3264133412082046e-01 
37.200000 1.3004657555688651e-01 
37.400000 1.2748217413324728e-01 
37.600000 1.2494902212027101e-01 
37.800000 1.2244792385068901e-01 
38.000000 1.1997960025338651e-01 
38.200000 1.1754469320164018e-01 
38.400000 1.1514376968063800e-01 
38.600000 1.1277732577949681e-01 
38.800000 1.1044579051327666e-01 
39.000000 1.0814952948066905e-01 
39.200000 1.0588884836311463e-01 
39.400000 1.0366399627113354e-01 
39.600000 1.0147516894360986e-01 
39.800000 9.9322511805695318e-02 
40.000000 9.7206122890886745e-02 
40.200000 9.5126055632688333e-02 
40.400000 9.3082321531115564e-02 
40.600000 9.1074892699125845e-02 
40.800000 8.9103704293887739e-02 
41.000000 8.7168656837606620e-02 
41.200000 8.5269618432453911e-02 
41.400000 8.3406426873956996e-02 
41.600000 8.1578891667024075e-02 
41.800000 7.9786795948610711e-02 
42.000000 7.8029898320860630e-02 
42.200000 7.6307934598388569e-02 
42.400000 7.4620619473217006e-02 
42.600000 7.2967648100733029e-02 
42.800000 7.1348697609881925e-02 
43.000000 6.9763428540679032e-02 
43.200000 6.8211486212002126e-02 
43.400000 6.6692502022490663e-02 
43.600000 6.5206094687269969e-02 
43.800000 6.3751871413112990e-02 
44.000000 6.2329429014535073e-02 
44.200000 6.0938354973233327e-02 
44.400000 5.9578228443181440e-02 
44.600000 5.8248621203600442e-02 
44.800000 5.6949098561948630e-02 
45.000000 5.5679220208984768e-02 
45.200000 5.4438541027894381e-02 
45.400000 5.3226611859381261e-02 
45.600000 5.2042980224571427e-02 
45.800000 5.0887191007498715e-02 
46.000000 4.9758787098883192e-02 
46.200000 4.8657310002852186e-02 
46.400000 4.7582300408191378e-02 
46.600000 4.6533298725658548e-02 
46.800000 4.5509845592840575e-02 
47.000000 4.4511482347972801e-02 
47.200000 4.3537751474101126e-02 
47.400000 4.2588197014904294e-02 
47.600000 4.1662364963457509e-02 
47.800000 4.0759803625162849e-02 
48.000000 3.9880063956033711e-02 
48.200000 3.9022699877473165e-02 
48.400000 3.8187268568642657e-02 
48.600000 3.7373330737481704e-02 
48.800000 3.6580450871391133e-02 
49.000000 3.5808197468562550e-02 
49.200000 3.5056143250890695e-02 
49.400000 3.4323865359375511e-02 
49.600000 3.3610945532880486e-02 
49.800000 3.2916970271081619e-02 
50.000000 3.2241530982409186e-02 
50.200000 3.1584224117747618e-02 
50.400000 3.0944651290633198e-02 
50.600000 3.0322419384653687e-02 
50.800000 2.9717140648729073e-02 
51.000000 2.9128432780919443e-02 
51.200000 2.8555919001383857e-02 
51.400000 2.7999228115081522e-02 
51.600000 2.7457994564786647e-02 
51.800000 2.6931858474959595e-02 
52.000000 2.6420465686993098e-02 
52.200000 2.5923467786332505e-02 
52.400000 2.5440522121943022e-02 
52.600000 2.4971291818577566e-02 
52.800000 2.4515445782276810e-02 
53.000000 2.4072658699515199e-02 
53.200000 2.3642611030385167e-02 
53.400000 2.3224988996194542e-02 
53.600000 2.2819484561836002e-02 
53.800000 2.2425795413266624e-02 
54.000000 2.2043624930423344e-02 
54.200000 2.1672682155882573e-02 
54.400000 2.1312681759557025e-02 
54.600000 2.0963343999709082e-02 
54.800000 2.0624394680546724e-02 
55.000000 2.0295565106653871e-02 
55.200000 1.9976592034495123e-02 
55.400000 1.9667217621222480e-02 
55.600000 1.9367189371000390e-02 
55.800000 1.9076260079054004e-02 
56.000000 1.8794187773636548e-02 
56.200000 1.8520735656098439e-02 
56.400000 1.8255672039234908e-02 
56.600000 1.7998770284077877e-02 
56.800000 1.7749808735287687e-02 
57.000000 1.7508570655295982e-02 
57.200000 1.7274844157338428e-02 
57.400000 1.7048422137511416e-02 
57.600000 1.6829102205979427e-02 
57.800000 1.6616686617450686e-02 
58.000000 1.6410982201035231e-02 
58.200000 1.6211800289590447e-02 
58.400000 1.6018956648654801e-02 
58.600000 1.5832271405065403e-02 
58.800000 1.5651568975345954e-02 
59.000000 1.5476677993952777e-02 
59.200000 1.5307431241454455e-02 
59.400000 1.5143665572721914e-02 
59.600000 1.4985221845197948e-02 
59.800000 1.4831944847311981e-02 
60.000000 1.4683683227101839e-02 
60.200000 1.4540289421100139e-02 
60.400000 1.4401619583540151e-02 
60.600000 1.4267533515930478e-02 
60.800000 1.4137894597047168e-02 
61.000000 1.4012569713386840e-02 
61.200000 1.3891429190122088e-02 
61.400000 1.3774346722597242e-02 
61.600000 1.3661199308400781e-02 
61.800000 1.3551867180046029e-02 
62.000000 1.3446233738292533e-02 
62.200000 1.3344185486134422e-02 
62.400000 1.3245611963483261e-02 
62.600000 1.3150405682567503e-02 
62.800000 1.3058462064072553e-02 
63.000000 1.2969679374038937e-02 
63.200000 1.2883958661538601e-02 
63.400000 1.2801203697144506e-02 
63.600000 1.2721320912208315e-02 
63.800000 1.2644219338959973e-02 
64.000000 1.2569810551439776e-02 
64.200000 1.2498008607273925e-02 
64.400000 1.2428729990302118e-02 
64.600000 1.2361893554064460e-02 
64.800000 1.2297420466154887e-02 
65.000000 1.2235234153445324e-02 
65.200000 1.2175260248185179e-02 
65.400000 1.2117426534979620e-02 
65.600000 1.2061662898648245e-02 
65.800000 1.2007901272965230e-02 
66.000000 1.1956075590282009e-02 
66.200000 1.1906121732031006e-02 
66.400000 1.1857977480110124e-02 
66.600000 1.1811582469145127e-02 
66.800000 1.1766878139627596e-02 
67.000000 1.1723807691925091e-02 
67.200000 1.1682316041159505e-02 
67.400000 1.1642349772948478e-02 
67.600000 1.1603857100006016e-02 
67.800000 1.1566787819595062e-02 
68.000000 1.1531093271826999e-02 
68.200000 1.1496726298801300e-02 
68.400000 1.1463641204578033e-02 
68.600000 1.1431793715976014e-02 
68.800000 1.1401140944188579e-02 
69.000000 1.1371641347209626e-02 
69.200000 1.1343254693060427e-02 
69.400000 1.1315942023809393e-02 
69.600000 1.1289665620375233e-02 
69.800000 1.1264388968104487e-02 
70.000000 1.1240076723114209e-02 
70.200000 1.1216694679389461e-02 
70.400000 1.1194209736626853e-02 
70.600000 1.1172589868812546e-02 
70.800000 1.1151804093526296e-02 
71.000000 1.1131822441959852e-02 
71.200000 1.1112615929639941e-02 
71.400000 1.1094156527845104e-02 
71.600000 1.1076417135706217e-02 
71.800000 1.1059371552978694e-02 
72.000000 1.1042994453477464e-02 
72.200000 1.1027261359162460e-02 
72.400000 1.1012148614864345e-02 
72.600000 1.0997633363639767e-02 
72.800000 1.0983693522744500e-02 
73.000000 1.0970307760214959e-02 
73.200000 1.0957455472045349e-02 
73.400000 1.0945116759951586e-02 
73.600000 1.0933272409709417e-02 
73.800000 1.0921903870057110e-02 
74.000000 1.0910993232151434e-02 
74.200000 1.0900523209566061e-02 
74.400000 1.0890477118822515e-02 
74.600000 1.0880838860441975e-02 
74.800000 1.0871592900508171e-02 
75.000000 1.0862724252731137e-02 
75.200000 1.0854218461000171e-02 
75.400000 1.0846061582417521e-02 
75.600000 1.0838240170801153e-02 
75.800000 1.0830741260647116e-02 
76.000000 1.0823552351541758e-02 
76.200000 1.0816661393013099e-02 
76.400000 1.0810056769812533e-02 
76.600000 1.0803727287616881e-02 
76.800000 1.0797662159140372e-02 
77.000000 1.0791850990648949e-02 
77.200000 1.0786283768865616e-02 
77.400000 1.0780950848259379e-02 
77.600000 1.0775842938707083e-02 
77.800000 1.0770951093521195e-02 
78.000000 1.0766266697832415e-02 
78.200000 1.0761781457320360e-02 
78.400000 1.0757487387283314e-02 
78.600000 1.0753376802037745e-02 
78.800000 1.0749442304640573e-02 
79.000000 1.0745676776925249e-02 
79.200000 1.0742073369844146e-02 
79.400000 1.0738625494109163e-02 
79.600000 1.0735326811122704e-02 
79.800000 1.0732171224191758e-02 
80.000000 1.0729152870017905e-02 
80.200000 1.0726266110454914e-02 
80.400000 1.0723505524527822e-02 
80.600000 1.0720865900706386e-02 
80.800000 1.0718342229425233e-02 
81.000000 1.0715929695844714e-02 
81.200000 1.0713623672845823e-02 
81.400000 1.0711419714252138e-02 
81.600000 1.0709313548273322e-02 
81.800000 1.0707301071162722e-02 
82.000000 1.0705378341084773e-02 
82.200000 1.0703541572184306e-02 
82.400000 1.0701787128853547e-02 
82.600000 1.0700111520190089e-02 
82.800000 1.0698511394640982e-02 
83.000000 1.0696983534826740e-02 
83.200000 1.0695524852541227e-02 
83.400000 1.0694132383920481e-02 
83.600000 1.0692803284777031e-02 
83.800000 1.0691534826093991e-02 
84.000000 1.0690324389674061e-02 
84.200000 1.0689169463939224e-02 
84.400000 1.0688067639875846e-02 
84.600000 1.0687016607121532e-02 
84.800000 1.0686014150188617e-02 
85.000000 1.0685058144820543e-02 
85.200000 1.0684146554476921e-02 
85.400000 1.0683277426942653e-02 
85.600000 1.0682448891058374e-02 
85.800000 1.0681659153567195e-02 
86.000000 1.0680906496074668e-02 
86.200000 1.0680189272117930e-02 
86.400000 1.0679505904341437e-02 
86.600000 1.0678854881774362e-02 
86.800000 1.0678234757207599e-02 
87.000000 1.0677644144666678e-02 
87.200000 1.0677081716977139e-02 
87.400000 1.0676546203419660e-02 
87.600000 1.0676036387472299e-02 
87.800000 1.0675551104635850e-02 
88.000000 1.0675089240340640e-02 
88.200000 1.0674649727931191e-02 
88.400000 1.0674231546727307e-02 
88.600000 1.0673833720156952e-02 
88.800000 1.0673455313960625e-02 
89.000000 1.0673095434463374e-02 
89.200000 1.0672753226912968e-02 
89.400000 1.0672427873880742e-02 
89.600000 1.0672118593724722e-02 
89.800000 1.0671824639111004e-02 
90.000000 1.0671545295592479e-02 
90.200000 1.0671279880243004e-02 
90.400000 1.0671027740343730e-02 
90.600000 1.0670788252121257e-02 
90.800000 1.0670560819535284e-02 
91.000000 1.0670344873112976e-02 
91.200000 1.0670139868830121e-02 
91.400000 1.0669945287036150e-02 
91.600000 1.0669760631421308e-02 
91.800000 1.0669585428025496e-02 
92.000000 1.0669419224286466e-02 
92.200000 1.0669261588125749e-02 
92.400000 1.0669112107071525e-02 
92.600000 1.0668970387417050e-02 
92.800000 1.0668836053412288e-02 
93.000000 1.0668708746489204e-02 
93.200000 1.0668588124517887e-02 
93.400000 1.0668473861093160e-02 
93.600000 1.0668365644850294e-02 
93.800000 1.0668263178809163e-02 
94.000000 1.0668166179744611e-02 
94.200000 1.0668074377583454e-02 
94.400000 1.0667987514826158e-02 
94.600000 1.0667905345992506e-02 
94.800000 1.0667827637090189e-02 
95.000000 1.0667754165106014e-02 
95.200000 1.0667684717517854e-02 
95.400000 1.0667619091827518e-02 
95.600000 1.0667557095112730e-02 
95.800000 1.0667498543599031e-02 
96.000000 1.0667443262248428e-02 
96.200000 1.0667391084366746e-02 
96.400000 1.0667341851226926e-02 
96.600000 1.0667295411708537e-02 
96.800000 1.0667251621953158e-02 
97.000000 1.0667210345033760e-02 
97.200000 1.0667171450639232e-02 
97.400000 1.0667134814771752e-02 
97.600000 1.0667100319457487e-02 
97.800000 1.0667067852470107e-02 
98.000000 1.0667037307066130e-02 
98.200000 1.0667008581731608e-02 
98.400000 1.0666981579940171e-02 
98.600000 1.0666956209921736e-02 
98.800000 1.0666932384441019e-02 
99.000000 1.0666910020586258e-02 
99.200000 1.0666889039566847e-02 
99.400000 1.0666869366520311e-02 
99.600000 1.0666850930327577e-02 
99.800000 1.0666833663436537e-02 
100.000000 1.0666817501693838e-02 
100.200000 1.0666802384183516e-02 
100.400000 1.0666788253073428e-02 
100.600000 1.0666775053468578e-02 
100.800000 1.0666762733270605e-02 
101.000000 1.0666751243044253e-02 
101.200000 1.0666740535889349e-02 
101.400000 1.0666730567318761e-02 
101.600000 1.0666721295142401e-02 
101.800000 1.0666712679355660e-02 
102.000000 1.0666704682033668e-02 
102.200000 1.0666697267229965e-02 
102.400000 1.0666690400880327e-02 
102.600000 1.0666684050710322e-02 
102.800000 1.0666678186147905e-02 
103.000000 1.0666672778239593e-02 
103.200000 1.0666667799570449e-02 
103.400000 1.0666663224188482e-02 
103.600000 1.0666659027531557e-02 
103.800000 1.0666655186358768e-02 
104.000000 1.0666651678684086e-02 
104.200000 1.0666648483714011e-02 
104.400000 1.0666645581787582e-02 
104.600000 1.0666642954319166e-02 
104.800000 1.0666640583744736e-02 
105.000000 1.0666638453469438e-02 
105.200000 1.0666636547819134e-02 
105.400000 1.0666634851992951e-02 
105.600000 1.0666633352018871e-02 
105.800000 1.0666632034711240e-02 
106.000000 1.0666630887630433e-02 
106.200000 1.0666629899044102e-02 
106.400000 1.0666629057890811e-02 
106.600000 1.0666628353745043e-02 
106.800000 1.0666627776784274e-02 
107.000000 1.0666627317757194e-02 
107.200000 1.0666626967953716e-02 
107.400000 1.0666626719176822e-02 
107.600000 1.0666626563715040e-02 
107.800000 1.0666626494316942e-02 
108.000000 1.0666626504166454e-02 
108.200000 1.0666626586859840e-02 
108.400000 1.0666626736383272e-02 
108.600000 1.0666626947092145e-02 
108.800000 1.0666627213690735e-02 
109.000000 1.0666627531213601e-02 
109.200000 1.0666627895007353e-02 
109.400000 1.0666628300713674e-02 
109.600000 1.0666628744252851e-02 
109.800000 1.0666629221808785e-02 
110.000000 1.0666629729813993e-02 
110.200000 1.0666630264935899e-02 
110.400000 1.0666630824063647e-02 
110.600000 1.0666631404295517e-02 
110.800000 1.0666632002927333e-02 
111.000000 1.0666632617440767e-02 
111.200000 1.0666633245493355e-02 
111.400000 1.0666633884907680e-02 
111.600000 1.0666634533662405e-02 
111.800000 1.0666635189882784e-02 
112.000000 1.0666635851832329e-02 
112.200000 1.0666636517904522e-02 
112.400000 1.0666637186615181e-02 
112.600000 1.0666637856595201e-02 
112.800000 1.0666638526583587e-02 
113.000000 1.0666639195420879e-02 
113.200000 1.0666639862043076e-02 
113.400000 1.0666640525475602e-02 
113.600000 1.0666641184828043e-02 
113.800000 1.0666641839288693e-02 
114.000000 1.0666642488119691e-02 
114.200000 1.0666643130652239e-02 
114.400000 1.0666643766282454e-02 
114.600000 1.0666644394466823e-02 
114.800000 1.0666645014718564e-02 
115.000000 1.0666645626603770e-02 
115.200000 1.0666646229737856e-02 
115.400000 1.0666646823782407e-02 
115.600000 1.0666647408441803e-02 
115.800000 1.0666647983460479e-02 
116.000000 1.0666648548620173e-02 
116.200000 1.0666649103737023e-02 
116.400000 1.0666649648659397e-02 
116.600000 1.0666650183265527e-02 
116.800000 1.0666650707461003e-02 
117.000000 1.0666651221177164e-02 
117.200000 1.0666651724368901e-02 
117.400000 1.0666652217012828e-02 
117.600000 1.0666652699105696e-02 
117.800000 1.0666653170662616e-02 
118.000000 1.0666653631715832e-02 
118.200000 1.0666654082312883e-02 
118.400000 1.0666654522515603e-02 
118.600000 1.0666654952398782e-02 
118.800000 1.0666655372048948e-02 
119.000000 1.0666655781563368e-02 
119.200000 1.0666656181048863e-02 
119.400000 1.0666656570620995e-02 
119.600000 1.0666656950403228e-02 
119.800000 1.0666657320525673e-02 
120.000000 1.0666657681124953e-02 
120.200000 1.0666658032342898e-02 
120.400000 1.0666658374326236e-02 
120.600000 1.0666658707225675e-02 
120.800000 1.0666659031195590e-02 
121.000000 1.0666659346393270e-02 
121.200000 1.0666659652978491e-02 
121.400000 1.0666659951112996e-02 
121.600000 1.0666660240960146e-02 
121.800000 1.0666660522684437e-02 
122.000000 1.0666660796451085e-02 
122.200000 1.0666661062425749e-02 
122.400000 1.0666661320774365e-02 
122.600000 1.0666661571662446e-02 
122.800000 1.0666661815255227e-02 
123.000000 1.0666662051717070e-02 
123.200000 1.0666662281211665e-02 
123.400000 1.0666662503901350e-02 
123.600000 1.0666662719947246e-02 
123.800000 1.0666662929508922e-02 
124.000000 1.0666663132744442e-02 
124.200000 1.0666663329809860e-02 
124.400000 1.0666663520859486e-02 
124.600000 1.0666663706045573e-02 
124.800000 1.0666663885518306e-02 
125.000000 1.0666664059425545e-02 
125.200000 1.0666664227912870e-02 
125.400000 1.0666664391123742e-02 
125.600000 1.0666664549198927e-02 
125.800000 1.0666664702276844e-02 
126.000000 1.0666664850493420e-02 
126.200000 1.0666664993982175e-02 
126.400000 1.0666665132873778e-02 
126.600000 1.0666665267296661e-02 
126.800000 1.0666665397376363e-02 
127.000000 1.0666665523236042e-02 
127.200000 1.0666665644996184e-02 
127.400000 1.0666665762774643e-02 
127.600000 1.0666665876686691e-02 
127.800000 1.0666665986845132e-02 
128.000000 1.0666666093360058e-02 
128.200000 1.0666666196339025e-02 
128.400000 1.0666666295887164e-02 
128.600000 1.0666666392106965e-02 
128.800000 1.0666666485098550e-02 
129.000000 1.0666666574959465e-02 
129.200000 1.0666666661785004e-02 
129.400000 1.0666666745667876e-02 
129.600000 1.0666666826698527e-02 
129.800000 1.0666666904965009e-02 
130.000000 1.0666666980553198e-02 
130.200000 1.0666667053546561e-02 
130.400000 1.0666667124026497e-02 
130.600000 1.0666667192072089e-02 
130.800000 1.0666667257760405e-02 
131.000000 1.0666667321166357e-02 
131.200000 1.0666667382362686e-02 
131.400000 1.0666667441420226e-02 
131.600000 1.0666667498407908e-02 
131.800000 1.0666667553392508e-02 
132.000000 1.0666667606438997e-02 
132.200000 1.0666667657610570e-02 
132.400000 1.0666667706968494e-02 
132.600000 1.0666667754572336e-02 
132.800000 1.0666667800479743e-02 
133.000000 1.0666667844747003e-02 
133.200000 1.0666667887428302e-02 
133.400000 1.0666667928576606e-02 
133.600000 1.0666667968243126e-02 
133.800000 1.0666668006477448e-02 
134.000000 1.0666668043327754e-02 
134.200000 1.0666668078840813e-02 
134.400000 1.0666668113061838e-02 
134.600000 1.0666668146034694e-02 
134.800000 1.0666668177801928e-02 
135.000000 1.0666668208404683e-02 
135.200000 1.0666668237882886e-02 
135.400000 1.0666668266275168e-02 
135.600000 1.0666668293618979e-02 
135.800000 1.0666668319950549e-02 
136.000000 1.0666668345304978e-02 
136.200000 1.0666668369716165e-02 
136.400000 1.0666668393217007e-02 
136.600000 1.0666668415839319e-02 
136.800000 1.0666668437613875e-02 
137.000000 1.0666668458570379e-02 
137.200000 1.0666668478737778e-02 
137.400000 1.0666668498143779e-02 
137.600000 1.0666668516815352e-02 
137.800000 1.0666668534778488e-02 
138.000000 1.0666668552058474e-02 
138.200000 1.0666668568679545e-02 
138.400000 1.0666668584665230e-02 
138.600000 1.0666668600038259e-02 
138.800000 1.0666668614820627e-02 
139.000000 1.0666668629033432e-02 
139.200000 1.0666668642697268e-02 
139.400000 1.0666668655831891e-02 
139.600000 1.0666668668456334e-02 
139.800000 1.0666668680589115e-02 
140.000000 1.0666668692248046e-02 
140.200000 1.0666668703450288e-02 
140.400000 1.0666668714212450e-02 
140.600000 1.0666668724550495e-02 
140.800000 1.0666668734479856e-02 
141.000000 1.0666668744015435e-02 
141.200000 1.0666668753171710e-02 
141.400000 1.0666668761962345e-02 
141.600000 1.0666668770400841e-02 
141.800000 1.0666668778500057e-02 
142.000000 1.0666668786272359e-02 
142.200000 1.0666668793729690e-02 
142.400000 1.0666668800883567e-02 
142.600000 1.0666668807745153e-02 
142.800000 1.0666668814325058e-02 
143.000000 1.0666668820633593e-02 
143.200000 1.0666668826680636e-02 
143.400000 1.0666668832475846e-02 
143.600000 1.0666668838028231e-02 
143.800000 1.0666668843346718e-02 
144.000000 1.0666668848439758e-02 
144.200000 1.0666668853315672e-02 
144.400000 1.0666668857982139e-02 
144.600000 1.0666668862446750e-02 
144.800000 1.0666668866716644e-02 
145.000000 1.0666668870798755e-02 
145.200000 1.0666668874699711e-02 
145.400000 1.0666668878425770e-02 
145.600000 1.0666668881983190e-02 
145.800000 1.0666668885377834e-02 
146.000000 1.0666668888615409e-02 
146.200000 1.0666668891701340e-02 
146.400000 1.0666668894640954e-02 
146.600000 1.0666668897439334e-02 
146.800000 1.0666668900101504e-02 
147.000000 1.0666668902632242e-02 
147.200000 1.0666668905035464e-02 
147.400000 1.0666668907314011e-02 
147.600000 1.0666668909471251e-02 
147.800000 1.0666668911510533e-02 
148.000000 1.0666668913435500e-02 
148.200000 1.0666668915249835e-02 
148.400000 1.0666668916957332e-02 
148.600000 1.0666668918561719e-02 
148.800000 1.0666668920066858e-02 
149.000000 1.0666668921476547e-02 
149.200000 1.0666668922794614e-02 
149.400000 1.0666668924024732e-02 
149.600000 1.0666668925170738e-02 
149.800000 1.0666668926236213e-02 
