0.000000 2.3430670781719631e-02 
0.200000 2.3430953335407945e-02 
0.400000 2.3432484004148605e-02 
0.600000 2.3436562230599069e-02 
0.800000 2.3444318156772281e-02 
1.000000 2.3456720759730890e-02 
1.200000 2.3474605923702554e-02 
1.400000 2.3498707327721722e-02 
1.600000 2.3529653476921430e-02 
1.800000 2.3568000950680987e-02 
2.000000 2.3614270479055226e-02 
2.200000 2.3668939863191213e-02 
2.400000 2.3732442908359568e-02 
2.600000 2.3805171560228992e-02 
2.800000 2.3887488069284181e-02 
3.000000 2.3979735538758290e-02 
3.200000 2.4082237027904168e-02 
3.400000 2.4195319637897356e-02 
3.600000 2.4319306797770057e-02 
3.800000 2.4454470611076654e-02 
4.000000 2.4601073723577949e-02 
4.200000 2.4759371816807842e-02 
4.400000 2.4929622143719896e-02 
4.600000 2.5112083427933852e-02 
4.800000 2.5307019479187658e-02 
5.000000 2.5514699118863254e-02 
5.200000 2.5735400811720422e-02 
5.400000 2.5969411968114472e-02 
5.600000 2.6217031418025425e-02 
5.800000 2.6478569102444220e-02 
6.000000 2.6754348670961572e-02 
6.200000 2.7044707090111787e-02 
6.400000 2.7349995826918733e-02 
6.600000 2.7670579933283999e-02 
6.800000 2.8006840986032046e-02 
7.000000 2.8359177781139975e-02 
7.200000 2.8728008613433869e-02 
7.400000 2.9113772180607927e-02 
7.600000 2.9516929520186728e-02 
7.800000 2.9937964774418735e-02 
8.000000 3.0377386894758007e-02 
8.200000 3.0835730569689114e-02 
8.400000 3.1313557891787545e-02 
8.600000 3.1811459340186393e-02 
8.800000 3.2330055325397025e-02 
9.000000 3.2869997399074181e-02 
9.200000 3.3431970069853351e-02 
9.400000 3.4016691962654208e-02 
9.600000 3.4624917708067103e-02 
9.800000 3.5257439508581782e-02 
10.000000 3.5915089028881478e-02 
10.200000 3.6598738872800844e-02 
10.400000 3.7309304549593213e-02 
10.600000 3.8047746323332368e-02 
10.800000 3.8815071252160487e-02 
11.000000 3.9612334961984866e-02 
11.200000 4.0440643629948286e-02 
11.400000 4.1301155841677789e-02 
11.600000 4.2195084514957348e-02 
11.800000 4.3123698612417855e-02 
12.000000 4.4088324912799515e-02 
12.200000 4.5090349654312897e-02 
12.400000 4.6131220028038107e-02 
12.600000 4.7212445527354374e-02 
12.800000 4.8335599071433137e-02 
13.000000 4.9502317893734341e-02 
13.200000 5.0714304104144813e-02 
13.400000 5.1973324886036266e-02 
13.600000 5.3281212234810409e-02 
13.800000 5.4639862178728210e-02 
14.000000 5.6051233372527536e-02 
14.200000 5.7517344981158389e-02 
14.400000 5.9040273734856430e-02 
14.600000 6.0622150050139975e-02 
14.800000 6.2265153080074451e-02 
15.000000 6.3971504567999535e-02 
15.200000 6.5743461353515886e-02 
15.400000 6.7583306389080861e-02 
15.600000 6.9493338099808066e-02 
15.800000 7.1475857935704948e-02 
16.000000 7.3533155946846368e-02 
16.200000 7.5667494231454718e-02 
16.400000 7.7881088097782492e-02 
16.600000 8.0176084807658199e-02 
16.800000 8.2554539776700506e-02 
17.000000 8.5018390141891859e-02 
17.200000 8.7569425631078390e-02 
17.400000 9.0209256719690170e-02 
17.600000 9.2939280105059988e-02 
17.800000 9.5760641596120299e-02 
18.000000 9.8674196582108326e-02 
18.200000 1.0168046833001464e-01 
18.400000 1.0477960444729038e-01 
18.600000 1.0797133194815160e-01 
18.800000 1.1125491146223966e-01 
19.000000 1.1462909123826380e-01 
19.200000 1.1809206170045740e-01 
19.400000 1.2164141142545716e-01 
19.600000 1.2527408550391220e-01 
19.800000 1.2898634734169631e-01 
20.000000 1.3277374502294267e-01 
20.200000 1.3663108340571348e-01 
20.400000 1.4055240313771203e-01 
20.600000 1.4453096776530647e-01 
20.800000 1.4855926005271838e-01 
21.000000 1.5262898853178161e-01 
21.200000 1.5673110515914054e-01 
21.400000 1.6085583477057211e-01 
21.600000 1.6499271678878968e-01 
21.800000 1.6913065936887603e-01 
22.000000 1.7325800585922510e-01 
22.200000 1.7736261312522883e-01 
22.400000 1.8143194093927820e-01 
22.600000 1.8545315129769116e-01 
22.800000 1.8941321619737056e-01 
23.000000 1.9329903210800006e-01 
23.200000 1.9709753912373557e-01 
23.400000 2.0079584258524122e-01 
23.600000 2.0438133483916116e-01 
23.800000 2.0784181475528610e-01 
24.000000 2.1116560265520953e-01 
24.200000 2.1434164841949074e-01 
24.400000 2.1735963072835984e-01 
24.600000 2.2021004564488000e-01 
24.800000 2.2288428305718164e-01 
25.000000 2.2537468984334555e-01 
25.200000 2.2767461899300204e-01 
25.400000 2.2977846429741111e-01 
25.600000 2.3168168058933136e-01 
25.800000 2.3338078986133123e-01 
26.000000 2.3487337390474111e-01 
26.200000 2.3615805438200788e-01 
26.400000 2.3723446146675523e-01 
26.600000 2.3810319235495445e-01 
26.800000 2.3876576106672059e-01 
27.000000 2.3922454102306986e-01 
27.200000 2.3948270189915488e-01 
27.400000 2.3954414223017220e-01 
27.600000 2.3941341918448034e-01 
27.800000 2.3909567682710714e-01 
28.000000 2.3859657408268634e-01 
28.200000 2.3792221347658915e-01 
28.400000 2.3707907159293581e-01 
28.600000 2.3607393204383431e-01 
28.800000 2.3491382160058275e-01 
29.000000 2.3360594999866710e-01 
29.200000 2.3215765379745074e-01 
29.400000 2.3057634455487538e-01 
29.600000 2.2886946146889739e-01 
29.800000 2.2704442854175852e-01 
30.000000 2.2510861624086362e-01 
30.200000 2.2306930756096727e-01 
30.400000 2.2093366833594269e-01 
30.600000 2.1870872160401789e-01 
30.800000 2.1640132579678209e-01 
31.000000 2.1401815649863978e-01 
31.200000 2.1156569150832172e-01 
31.400000 2.0905019892648338e-01 
31.600000 2.0647772799214589e-01 
31.800000 2.0385410239461624e-01 
32.000000 2.0118491579556935e-01 
32.200000 1.9847552930727974e-01 
32.400000 1.9573107068661952e-01 
32.600000 1.9295643501982015e-01 
32.800000 1.9015628668934215e-01 
33.000000 1.8733506243111739e-01 
33.200000 1.8449697530741641e-01 
33.400000 1.8164601943733630e-01 
33.600000 1.7878597534312668e-01 
33.800000 1.7592041578606057e-01 
34.000000 1.7305271198018859e-01 
34.200000 1.7018604008598007e-01 
34.400000 1.6732338789849877e-01 
34.600000 1.6446756165633819e-01 
34.800000 1.6162119290812882e-01 
35.000000 1.5878674538293280e-01 
35.200000 1.5596652181940210e-01 
35.400000 1.5316267071618600e-01 
35.600000 1.5037719297282998e-01 
35.800000 1.4761194839628827e-01 
36.000000 1.4486866205338916e-01 
36.200000 1.4214893045403523e-01 
36.400000 1.3945422755380368e-01 
36.600000 1.3678591056790393e-01 
36.800000 1.3414522559124373e-01 
37.000000 1.3153331302171867e-01 
37.200000 1.2895121278578986e-01 
37.400000 1.2639986936703765e-01 
37.600000 1.2388013663970456e-01 
37.800000 1.2139278251026921e-01 
38.000000 1.1893849337096171e-01 
38.200000 1.1651787836974609e-01 
38.400000 1.1413147350178168e-01 
38.600000 1.1177974552773172e-01 
38.800000 1.0946309572448670e-01 
39.000000 1.0718186347403914e-01 
39.200000 1.0493632969627559e-01 
39.400000 1.0272672013145857e-01 
39.600000 1.0055320847811125e-01 
39.800000 9.8415919391935627e-02 
40.000000 9.6314931351237351e-02 
40.200000 9.4250279394230918e-02 
40.400000 9.2221957733386192e-02 
40.600000 9.0229922251841288e-02 
40.800000 8.8274092886703071e-02 
41.000000 8.6354355903885988e-02 
41.200000 8.4470566068944028e-02 
41.400000 8.2622548718185154e-02 
41.600000 8.0810101734161699e-02 
41.800000 7.9032997429468996e-02 
42.000000 7.7290984342616387e-02 
42.200000 7.5583788949565051e-02 
42.400000 7.3911117294385140e-02 
42.600000 7.2272656542331046e-02 
42.800000 7.0668076458492587e-02 
43.000000 6.9097030815051141e-02 
43.200000 6.7559158730044283e-02 
43.400000 6.6054085940418797e-02 
43.600000 6.4581426012040088e-02 
43.800000 6.3140781489224085e-02 
44.000000 6.1731744986247082e-02 
44.200000 6.0353900223205317e-02 
44.400000 5.9006823008486781e-02 
44.600000 5.7690082170055050e-02 
44.800000 5.6403240437637010e-02 
45.000000 5.5145855277850570e-02 
45.200000 5.3917479684214398e-02 
45.400000 5.2717662923927357e-02 
45.600000 5.1545951243224267e-02 
45.800000 5.0401888533055793e-02 
46.000000 4.9285016956773661e-02 
46.200000 4.8194877541446440e-02 
46.400000 4.7131010734371072e-02 
46.600000 4.6092956926284644e-02 
46.800000 4.5080256942734973e-02 
47.000000 4.4092452505013126e-02 
47.200000 4.3129086661996358e-02 
47.400000 4.2189704194206028e-02 
47.600000 4.1273851991340392e-02 
47.800000 4.0381079404484779e-02 
48.000000 3.9510938574171296e-02 
48.200000 3.8662984735406407e-02 
48.400000 3.7836776500749063e-02 
48.600000 3.7031876122478075e-02 
48.800000 3.6247849734848327e-02 
49.000000 3.5484267577399448e-02 
49.200000 3.4740704200240440e-02 
49.400000 3.4016738652198793e-02 
49.600000 3.3311954652688915e-02 
49.800000 3.2625940748117740e-02 
50.000000 3.1958290453615257e-02 
50.200000 3.1308602380843369e-02 
50.400000 3.0676480352610502e-02 
50.600000 3.0061533504978203e-02 
50.800000 2.9463376377533757e-02 
51.000000 2.8881628992457883e-02 
51.200000 2.8315916923000301e-02 
51.400000 2.7765871351947150e-02 
51.600000 2.7231129120635710e-02 
51.800000 2.6711332769051847e-02 
52.000000 2.6206130567518828e-02 
52.200000 2.5715176540466018e-02 
52.400000 2.5238130482740841e-02 
52.600000 2.4774657968909465e-02 
52.800000 2.4324430355969841e-02 
53.000000 2.3887124779879743e-02 
53.200000 2.3462424146287904e-02 
53.400000 2.3050017115833196e-02 
53.600000 2.2649598084363017e-02 
53.800000 2.2260867158403707e-02 
54.000000 2.1883530126201121e-02 
54.200000 2.1517298424632261e-02 
54.400000 2.1161889102276430e-02 
54.600000 2.0817024778918281e-02 
54.800000 2.0482433601743181e-02 
55.000000 2.0157849198471429e-02 
55.200000 1.9843010627666292e-02 
55.400000 1.9537662326437749e-02 
55.600000 1.9241554055754489e-02 
55.800000 1.8954440843564357e-02 
56.000000 1.8676082925912399e-02 
56.200000 1.8406245686240007e-02 
56.400000 1.8144699593032689e-02 
56.600000 1.7891220135981056e-02 
56.800000 1.7645587760807973e-02 
57.000000 1.7407587802905897e-02 
57.200000 1.7177010419925174e-02 
57.400000 1.6953650523438772e-02 
57.600000 1.6737307709811286e-02 
57.800000 1.6527786190385321e-02 
58.000000 1.6324894721095540e-02 
58.200000 1.6128446531616023e-02 
58.400000 1.5938259254135563e-02 
58.600000 1.5754154851856484e-02 
58.800000 1.5575959547301180e-02 
59.000000 1.5403503750510059e-02 
59.200000 1.5236621987207198e-02 
59.400000 1.5075152827006506e-02 
59.600000 1.4918938811725664e-02 
59.800000 1.4767826383873393e-02 
60.000000 1.4621665815368270e-02 
60.200000 1.4480311136546934e-02 
60.400000 1.4343620065512852e-02 
60.600000 1.4211453937875844e-02 
60.800000 1.4083677636928171e-02 
61.000000 1.3960159524299513e-02 
61.200000 1.3840771371131403e-02 
61.400000 1.3725388289808156e-02 
61.600000 1.3613888666277959e-02 
61.800000 1.3506154092997531e-02 
62.000000 1.3402069302527986e-02 
62.200000 1.3301522101810801e-02 
62.400000 1.3204403307147984e-02 
62.600000 1.3110606679909256e-02 
62.800000 1.3020028862988127e-02 
63.000000 1.2932569318024761e-02 
63.200000 1.2848130263413807e-02 
63.400000 1.2766616613112552e-02 
63.600000 1.2687935916262959e-02 
63.800000 1.2611998297640745e-02 
64.000000 1.2538716398942419e-02 
64.200000 1.2468005320918525e-02 
64.400000 1.2399782566363706e-02 
64.600000 1.2333967983968779e-02 
64.800000 1.2270483713041236e-02 
65.000000 1.2209254129099385e-02 
65.200000 1.2150205790342998e-02 
65.400000 1.2093267385003706e-02 
65.600000 1.2038369679577094e-02 
65.800000 1.1985445467935901e-02 
66.000000 1.1934429521326641e-02 
66.200000 1.1885258539246178e-02 
66.400000 1.1837871101198778e-02 
66.600000 1.1792207619330078e-02 
66.800000 1.1748210291935228e-02 
67.000000 1.1705823057838008e-02 
67.200000 1.1664991551635804e-02 
67.400000 1.1625663059806319e-02 
67.600000 1.1587786477670536e-02 
67.800000 1.1551312267205864e-02 
68.000000 1.1516192415702991e-02 
68.200000 1.1482380395260301e-02 
68.400000 1.1449831123107979e-02 
68.600000 1.1418500922754874e-02 
68.800000 1.1388347485949447e-02 
69.000000 1.1359329835447143e-02 
69.200000 1.1331408288575609e-02 
69.400000 1.1304544421588741e-02 
69.600000 1.1278701034800246e-02 
69.800000 1.1253842118487916e-02 
70.000000 1.1229932819558631e-02 
70.200000 1.1206939408964507e-02 
70.400000 1.1184829249860325e-02 
70.600000 1.1163570766491757e-02 
70.800000 1.1143133413804880e-02 
71.000000 1.1123487647765841e-02 
71.200000 1.1104604896380668e-02 
71.400000 1.1086457531404435e-02 
71.600000 1.1069018840729330e-02 
71.800000 1.1052263001440653e-02 
72.000000 1.1036165053530080e-02 
72.200000 1.1020700874255451e-02 
72.400000 1.1005847153135987e-02 
72.600000 1.0991581367572377e-02 
72.800000 1.0977881759080555e-02 
73.000000 1.0964727310128552e-02 
73.200000 1.0952097721564927e-02 
73.400000 1.0939973390629170e-02 
73.600000 1.0928335389531781e-02 
73.800000 1.0917165444594317e-02 
74.000000 1.0906445915937993e-02 
74.200000 1.0896159777710667e-02 
74.400000 1.0886290598841187e-02 
74.600000 1.0876822524310782e-02 
74.800000 1.0867740256930771e-02 
75.000000 1.0859029039616361e-02 
75.200000 1.0850674638146394e-02 
75.400000 1.0842663324397964e-02 
75.600000 1.0834981860047081e-02 
75.800000 1.0827617480724154e-02 
76.000000 1.0820557880614779e-02 
76.200000 1.0813791197496496e-02 
76.400000 1.0807305998200532e-02 
76.600000 1.0801091264490949e-02 
76.800000 1.0795136379348591e-02 
77.000000 1.0789431113654583e-02 
77.200000 1.0783965613259948e-02 
77.400000 1.0778730386435393e-02 
77.600000 1.0773716291690397e-02 
77.800000 1.0768914525953540e-02 
78.000000 1.0764316613105382e-02 
78.200000 1.0759914392854654e-02 
78.400000 1.0755700009950159e-02 
78.600000 1.0751665903719204e-02 
78.800000 1.0747804797925158e-02 
79.000000 1.0744109690935141e-02 
79.200000 1.0740573846191230e-02 
79.400000 1.0737190782975843e-02 
79.600000 1.0733954267464870e-02 
79.800000 1.0730858304060720e-02 
80.000000 1.0727897126997364e-02 
80.200000 1.0725065192210897e-02 
80.400000 1.0722357169468309e-02 
80.600000 1.0719767934746952e-02 
80.800000 1.0717292562858836e-02 
81.000000 1.0714926320312302e-02 
81.200000 1.0712664658404845e-02 
81.400000 1.0710503206540460e-02 
81.600000 1.0708437765765837e-02 
81.800000 1.0706464302518214e-02 
82.000000 1.0704578942579982e-02 
82.200000 1.0702777965233445e-02 
82.400000 1.0701057797609952e-02 
82.600000 1.0699415009228417e-02 
82.800000 1.0697846306717083e-02 
83.000000 1.0696348528713356e-02 
83.200000 1.0694918640936643e-02 
83.400000 1.0693553731428730e-02 
83.600000 1.0692251005957117e-02 
83.800000 1.0691007783575891e-02 
84.000000 1.0689821492339911e-02 
84.200000 1.0688689665167327e-02 
84.400000 1.0687609935845924e-02 
84.600000 1.0686580035178953e-02 
84.800000 1.0685597787266165e-02 
85.000000 1.0684661105915753e-02 
85.200000 1.0683767991182962e-02 
85.400000 1.0682916526031856e-02 
85.600000 1.0682104873115765e-02 
85.800000 1.0681331271673150e-02 
86.000000 1.0680594034534970e-02 
86.200000 1.0679891545239481e-02 
86.400000 1.0679222255252309e-02 
86.600000 1.0678584681286664e-02 
86.800000 1.0677977402722109e-02 
87.000000 1.0677399059117297e-02 
87.200000 1.0676848347814179e-02 
87.400000 1.0676324021630948e-02 
87.600000 1.0675824886640097e-02 
87.800000 1.0675349800029049e-02 
88.000000 1.0674897668040934e-02 
88.200000 1.0674467443991855e-02 
88.400000 1.0674058126363411e-02 
88.600000 1.0673668756966379e-02 
88.800000 1.0673298419174545e-02 
89.000000 1.0672946236225118e-02 
89.200000 1.0672611369584160e-02 
89.400000 1.0672293017374648e-02 
89.600000 1.0671990412864084e-02 
89.800000 1.0671702823011886e-02 
90.000000 1.0671429547071062e-02 
90.200000 1.0671169915245353e-02 
90.400000 1.0670923287398279e-02 
90.600000 1.0670689051812506e-02 
90.800000 1.0670466623997529e-02 
91.000000 1.0670255445544898e-02 
91.200000 1.0670054983027788e-02 
91.400000 1.0669864726944461e-02 
91.600000 1.0669684190703941e-02 
91.800000 1.0669512909651215e-02 
92.000000 1.0669350440132255e-02 
92.200000 1.0669196358595838e-02 
92.400000 1.0669050260731901e-02 
92.600000 1.0668911760644210e-02 
92.800000 1.0668780490056770e-02 
93.000000 1.0668656097552317e-02 
93.200000 1.0668538247841787e-02 
93.400000 1.0668426621063576e-02 
93.600000 1.0668320912111595e-02 
93.800000 1.0668220829990464e-02 
94.000000 1.0668126097198083e-02 
94.200000 1.0668036449132669e-02 
94.400000 1.0667951633525413e-02 
94.600000 1.0667871409895629e-02 
94.800000 1.0667795549029460e-02 
95.000000 1.0667723832480030e-02 
95.200000 1.0667656052088267e-02 
95.400000 1.0667592009524520e-02 
95.600000 1.0667531515848738e-02 
95.800000 1.0667474391089836e-02 
96.000000 1.0667420463842463e-02 
96.200000 1.0667369570881239e-02 
96.400000 1.0667321556791178e-02 
96.600000 1.0667276273614072e-02 
96.800000 1.0667233580509781e-02 
97.000000 1.0667193343432503e-02 
97.200000 1.0667155434820486e-02 
97.400000 1.0667119733299580e-02 
97.600000 1.0667086123399346e-02 
97.800000 1.0667054495281601e-02 
98.000000 1.0667024744480790e-02 
98.200000 1.0666996771655796e-02 
98.400000 1.0666970482352160e-02 
98.600000 1.0666945786775579e-02 
98.800000 1.0666922599574339e-02 
99.000000 1.0666900839632417e-02 
99.200000 1.0666880429870735e-02 
99.400000 1.0666861297058145e-02 
99.600000 1.0666843371629849e-02 
99.800000 1.0666826587515008e-02 
100.000000 1.0666810881971132e-02 
100.200000 1.0666796195426402e-02 
100.400000 1.0666782471328858e-02 
100.600000 1.0666769656002469e-02 
100.800000 1.0666757698509811e-02 
101.000000 1.0666746550520674e-02 
101.200000 1.0666736166186956e-02 
101.400000 1.0666726502023025e-02 
101.600000 1.0666717516791593e-02 
101.800000 1.0666709171394837e-02 
102.000000 1.0666701428770633e-02 
102.200000 1.0666694253793253e-02 
102.400000 1.0666687613178965e-02 
102.600000 1.0666681475395911e-02 
102.800000 1.0666675810577808e-02 
103.000000 1.0666670590442299e-02 
103.200000 1.0666665788212543e-02 
103.400000 1.0666661378542840e-02 
103.600000 1.0666657337447325e-02 
103.800000 1.0666653642232550e-02 
104.000000 1.0666650271432895e-02 
104.200000 1.0666647204748868e-02 
104.400000 1.0666644422988677e-02 
104.600000 1.0666641908012545e-02 
104.800000 1.0666639642679308e-02 
105.000000 1.0666637610795948e-02 
105.200000 1.0666635797069347e-02 
105.400000 1.0666634187060467e-02 
105.600000 1.0666632767140471e-02 
105.800000 1.0666631524449388e-02 
106.000000 1.0666630446856187e-02 
106.200000 1.0666629522921545e-02 
106.400000 1.0666628741861606e-02 
106.600000 1.0666628093514161e-02 
106.800000 1.0666627568306004e-02 
107.000000 1.0666627157222176e-02 
107.200000 1.0666626851776696e-02 
107.400000 1.0666626643984439e-02 
107.600000 1.0666626526334938e-02 
107.800000 1.0666626491766917e-02 
108.000000 1.0666626533644415e-02 
108.200000 1.0666626645733946e-02 
108.400000 1.0666626822183027e-02 
108.600000 1.0666627057499382e-02 
108.800000 1.0666627346531702e-02 
109.000000 1.0666627684450794e-02 
109.200000 1.0666628066732263e-02 
109.400000 1.0666628489139499e-02 
109.600000 1.0666628947708038e-02 
109.800000 1.0666629438730396e-02 
110.000000 1.0666629958741793e-02 
110.200000 1.0666630504506575e-02 
110.400000 1.0666631073005282e-02 
110.600000 1.0666631661422588e-02 
110.800000 1.0666632267135483e-02 
111.000000 1.0666632887702662e-02 
111.200000 1.0666633520853817e-02 
111.400000 1.0666634164479692e-02 
111.600000 1.0666634816623138e-02 
111.800000 1.0666635475469902e-02 
112.000000 1.0666636139340265e-02 
112.200000 1.0666636806681383e-02 
112.400000 1.0666637476059336e-02 
112.600000 1.0666638146152280e-02 
112.800000 1.0666638815743710e-02 
113.000000 1.0666639483715958e-02 
113.200000 1.0666640149044148e-02 
113.400000 1.0666640810790582e-02 
113.600000 1.0666641468099274e-02 
113.800000 1.0666642120190828e-02 
114.000000 1.0666642766357717e-02 
114.200000 1.0666643405959518e-02 
114.400000 1.0666644038418783e-02 
114.600000 1.0666644663216929e-02 
114.800000 1.0666645279890257e-02 
115.000000 1.0666645888026547e-02 
115.200000 1.0666646487261478e-02 
115.400000 1.0666647077275227e-02 
115.600000 1.0666647657789928e-02 
115.800000 1.0666648228566319e-02 
116.000000 1.0666648789401200e-02 
116.200000 1.0666649340124944e-02 
116.400000 1.0666649880598922e-02 
116.600000 1.0666650410713375e-02 
116.800000 1.0666650930385300e-02 
117.000000 1.0666651439556328e-02 
117.200000 1.0666651938190908e-02 
117.400000 1.0666652426274518e-02 
117.600000 1.0666652903811953e-02 
117.800000 1.0666653370825901e-02 
118.000000 1.0666653827355264e-02 
118.200000 1.0666654273453955e-02 
118.400000 1.0666654709189502e-02 
118.600000 1.0666655134641866e-02 
118.800000 1.0666655549902294e-02 
119.000000 1.0666655955072308e-02 
119.200000 1.0666656350262579e-02 
119.400000 1.0666656735592094e-02 
119.600000 1.0666657111187392e-02 
119.800000 1.0666657477181336e-02 
120.000000 1.0666657833712971e-02 
120.200000 1.0666658180926264e-02 
120.400000 1.0666658518969686e-02 
120.600000 1.0666658847995647e-02 
120.800000 1.0666659168159799e-02 
121.000000 1.0666659479620540e-02 
121.200000 1.0666659782538546e-02 
121.400000 1.0666660077076336e-02 
121.600000 1.0666660363397709e-02 
121.800000 1.0666660641667569e-02 
122.000000 1.0666660912051370e-02 
122.200000 1.0666661174714926e-02 
122.400000 1.0666661429823889e-02 
122.600000 1.0666661677543807e-02 
122.800000 1.0666661918039560e-02 
123.000000 1.0666662151475220e-02 
123.200000 1.0666662378013858e-02 
123.400000 1.0666662597817296e-02 
123.600000 1.0666662811046187e-02 
123.800000 1.0666663017859174e-02 
124.000000 1.0666663218413664e-02 
124.200000 1.0666663412864959e-02 
124.400000 1.0666663601366399e-02 
124.600000 1.0666663784069415e-02 
124.800000 1.0666663961123132e-02 
125.000000 1.0666664132674626e-02 
125.200000 1.0666664298868323e-02 
125.400000 1.0666664459846627e-02 
125.600000 1.0666664615749317e-02 
125.800000 1.0666664766713671e-02 
126.000000 1.0666664912874671e-02 
126.200000 1.0666665054364527e-02 
126.400000 1.0666665191312995e-02 
126.600000 1.0666665323847207e-02 
126.800000 1.0666665452091729e-02 
127.000000 1.0666665576168495e-02 
127.200000 1.0666665696196943e-02 
127.400000 1.0666665812293755e-02 
127.600000 1.0666665924573160e-02 
127.800000 1.0666666033146720e-02 
128.000000 1.0666666138123532e-02 
128.200000 1.0666666239610047e-02 
128.400000 1.0666666337710295e-02 
128.600000 1.0666666432525609e-02 
128.800000 1.0666666524155209e-02 
129.000000 1.0666666612695438e-02 
129.200000 1.0666666698240627e-02 
129.400000 1.0666666780882406e-02 
129.600000 1.0666666860710267e-02 
129.800000 1.0666666937811299e-02 
130.000000 1.0666667012270339e-02 
130.200000 1.0666667084169917e-02 
130.400000 1.0666667153590499e-02 
130.600000 1.0666667220610149e-02 
130.800000 1.0666667285305124e-02 
131.000000 1.0666667347749386e-02 
131.200000 1.0666667408014786e-02 
131.400000 1.0666667466171420e-02 
131.600000 1.0666667522287142e-02 
131.800000 1.0666667576428096e-02 
132.000000 1.0666667628658423e-02 
132.200000 1.0666667679040493e-02 
132.400000 1.0666667727634810e-02 
132.600000 1.0666667774500127e-02 
132.800000 1.0666667819693448e-02 
133.000000 1.0666667863270229e-02 
133.200000 1.0666667905284151e-02 
133.400000 1.0666667945787288e-02 
133.600000 1.0666667984830196e-02 
133.800000 1.0666668022461927e-02 
134.000000 1.0666668058729942e-02 
134.200000 1.0666668093680399e-02 
134.400000 1.0666668127357896e-02 
134.600000 1.0666668159805734e-02 
134.800000 1.0666668191065898e-02 
135.000000 1.0666668221178906e-02 
135.200000 1.0666668250184204e-02 
135.400000 1.0666668278119837e-02 
135.600000 1.0666668305022784e-02 
135.800000 1.0666668330928773e-02 
136.000000 1.0666668355872353e-02 
136.200000 1.0666668379887015e-02 
136.400000 1.0666668403005237e-02 
136.600000 1.0666668425258244e-02 
136.800000 1.0666668446676514e-02 
137.000000 1.0666668467289265e-02 
137.200000 1.0666668487124938e-02 
137.400000 1.0666668506211015e-02 
137.600000 1.0666668524573951e-02 
137.800000 1.0666668542239497e-02 
138.000000 1.0666668559232345e-02 
138.200000 1.0666668575576606e-02 
138.400000 1.0666668591295359e-02 
138.600000 1.0666668606411014e-02 
138.800000 1.0666668620945220e-02 
139.000000 1.0666668634918771e-02 
139.200000 1.0666668648351993e-02 
139.400000 1.0666668661264310e-02 
139.600000 1.0666668673674488e-02 
139.800000 1.0666668685600752e-02 
140.000000 1.0666668697060629e-02 
140.200000 1.0666668708071066e-02 
140.400000 1.0666668718648329e-02 
140.600000 1.0666668728808228e-02 
140.800000 1.0666668738565933e-02 
141.000000 1.0666668747936163e-02 
141.200000 1.0666668756932984e-02 
141.400000 1.0666668765570096e-02 
141.600000 1.0666668773860660e-02 
141.800000 1.0666668781817249e-02 
142.000000 1.0666668789452251e-02 
142.200000 1.0666668796777173e-02 
142.400000 1.0666668803803570e-02 
142.600000 1.0666668810542294e-02 
142.800000 1.0666668817003755e-02 
143.000000 1.0666668823198215e-02 
143.200000 1.0666668829135367e-02 
143.400000 1.0666668834824575e-02 
143.600000 1.0666668840274852e-02 
143.800000 1.0666668845494937e-02 
144.000000 1.0666668850493168e-02 
144.200000 1.0666668855277601e-02 
144.400000 1.0666668859855899e-02 
144.600000 1.0666668864235470e-02 
144.800000 1.0666668868423277e-02 
145.000000 1.0666668872426247e-02 
145.200000 1.0666668876250715e-02 
145.400000 1.0666668879903030e-02 
145.600000 1.0666668883389295e-02 
145.800000 1.0666668886715216e-02 
146.000000 1.0666668889886377e-02 
146.200000 1.0666668892908239e-02 
146.400000 1.0666668895786059e-02 
146.600000 1.0666668898524717e-02 
146.800000 1.0666668901129304e-02 
147.000000 1.0666668903604112e-02 
147.200000 1.0666668905952689e-02 
147.400000 1.0666668908177961e-02 
147.600000 1.0666668910283382e-02 
147.800000 1.0666668912272385e-02 
148.000000 1.0666668914148743e-02 
148.200000 1.0666668915916028e-02 
148.400000 1.0666668917578139e-02 
148.600000 1.0666668919138788e-02 
148.800000 1.0666668920601885e-02 
149.000000 1.0666668921971137e-02 
149.200000 1.0666668923250376e-02 
149.400000 1.0666668924443387e-02 
149.600000 1.0666668925553810e-02 
149.800000 1.0666668926585276e-02 
