0.000000 2.3430184890886899e-02 
0.200000 2.3430287314690594e-02 
0.400000 2.3431264841453914e-02 
0.600000 2.3434465351872494e-02 
0.800000 2.3441061802284165e-02 
1.000000 2.3452060655966344e-02 
1.200000 2.3468330984096002e-02 
1.400000 2.3490636483447156e-02 
1.600000 2.3519632400198272e-02 
1.800000 2.3555880740768590e-02 
2.000000 2.3599917157305680e-02 
2.200000 2.3652232302164913e-02 
2.400000 2.3713270774071347e-02 
2.600000 2.3783433288132209e-02 
2.800000 2.3863089213030837e-02 
3.000000 2.3952587438892597e-02 
3.200000 2.4052255960201753e-02 
3.400000 2.4162410442895806e-02 
3.600000 2.4283393757041295e-02 
3.800000 2.4415482941710295e-02 
4.000000 2.4558942328619479e-02 
4.200000 2.4714028217524050e-02 
4.400000 2.4880997698811334e-02 
4.600000 2.5060108615395305e-02 
4.800000 2.5251623290379728e-02 
5.000000 2.5455808540158567e-02 
5.200000 2.5672940421326507e-02 
5.400000 2.5903303558601518e-02 
5.600000 2.6147193697679951e-02 
5.800000 2.6404917393071436e-02 
6.000000 2.6676794732159743e-02 
6.200000 2.6963158744183230e-02 
6.400000 2.7264357069643655e-02 
6.600000 2.7580750457279972e-02 
6.800000 2.7912716393470743e-02 
7.000000 2.8260648746815369e-02 
7.200000 2.8624960296136100e-02 
7.400000 2.9006083848486248e-02 
7.600000 2.9404474613994411e-02 
7.800000 2.9820610283042729e-02 
8.000000 3.0254992898986074e-02 
8.200000 3.0708149936264497e-02 
8.400000 3.1180636157361354e-02 
8.600000 3.1673034180967813e-02 
8.800000 3.2185956179614623e-02 
9.000000 3.2720045110141066e-02 
9.200000 3.3275976488135066e-02 
9.400000 3.3854459476867341e-02 
9.600000 3.4456238772992455e-02 
9.800000 3.5082096320401317e-02 
10.000000 3.5732852892249485e-02 
10.200000 3.6409369837806391e-02 
10.400000 3.7112550860888251e-02 
10.600000 3.7843343968349652e-02 
10.800000 3.8602743334320913e-02 
11.000000 3.9391791256675461e-02 
11.200000 4.0211580043626537e-02 
11.400000 4.1063253940578581e-02 
11.600000 4.1948010965974628e-02 
11.800000 4.2867104745428430e-02 
12.000000 4.3821846248787974e-02 
12.200000 4.4813605472400694e-02 
12.400000 4.5843812970472984e-02 
12.600000 4.6913961255621958e-02 
12.800000 4.8025605977528377e-02 
13.000000 4.9180366890358623e-02 
13.200000 5.0379928498879130e-02 
13.400000 5.1626040369984055e-02 
13.600000 5.2920516993077121e-02 
13.800000 5.4265237157119429e-02 
14.000000 5.5662142715304029e-02 
14.200000 5.7113236675904629e-02 
14.400000 5.8620580486315813e-02 
14.600000 6.0186290422647913e-02 
14.800000 6.1812532937173370e-02 
15.000000 6.3501518850601193e-02 
15.200000 6.5255496234063709e-02 
15.400000 6.7076741846894453e-02 
15.600000 6.8967550953136156e-02 
15.800000 7.0930225379415249e-02 
16.000000 7.2967059638235049e-02 
16.200000 7.5080324967599102e-02 
16.400000 7.7272251120302698e-02 
16.600000 7.9545005773968697e-02 
16.800000 8.1900671427664870e-02 
17.000000 8.4341219688891064e-02 
17.200000 8.6868482872893407e-02 
17.400000 8.9484122891701018e-02 
17.600000 9.2189597446041119e-02 
17.800000 9.4986123600911812e-02 
18.000000 9.7874638886544907e-02 
18.200000 1.0085576015431788e-01 
18.400000 1.0392974049782176e-01 
18.600000 1.0709642464863495e-01 
18.800000 1.1035520335993310e-01 
19.000000 1.1370496739795063e-01 
19.200000 1.1714406187184789e-01 
19.400000 1.2067024173963149e-01 
19.600000 1.2428062943034573e-01 
19.800000 1.2797167561362155e-01 
20.000000 1.3173912422303602e-01 
20.200000 1.3557798289317327e-01 
20.400000 1.3948249999684437e-01 
20.600000 1.4344614946271311e-01 
20.800000 1.4746162450957578e-01 
21.000000 1.5152084134776514e-01 
21.200000 1.5561495376790971e-01 
21.400000 1.5973437936129453e-01 
21.600000 1.6386883789528642e-01 
21.800000 1.6800740210480661e-01 
22.000000 1.7213856086316270e-01 
22.200000 1.7625029437018289e-01 
22.400000 1.8033016065452864e-01 
22.600000 1.8436539234220475e-01 
22.800000 1.8834300231022280e-01 
23.000000 1.9224989653734981e-01 
23.200000 1.9607299219869251e-01 
23.400000 1.9979933884064457e-01 
23.600000 2.0341624032949016e-01 
23.800000 2.0691137519884090e-01 
24.000000 2.1027291303290360e-01 
24.200000 2.1348962461457524e-01 
24.400000 2.1655098373603929e-01 
24.600000 2.1944725880662291e-01 
24.800000 2.2216959268728226e-01 
25.000000 2.2471006951889760e-01 
25.200000 2.2706176767735942e-01 
25.400000 2.2921879836564338e-01 
25.600000 2.3117632972631688e-01 
25.800000 2.3293059671239075e-01 
26.000000 2.3447889727814128e-01 
26.200000 2.3581957573433221e-01 
26.400000 2.3695199434744915e-01 
26.600000 2.3787649444594861e-01 
26.800000 2.3859434842682078e-01 
27.000000 2.3910770413410792e-01 
27.200000 2.3941952311058004e-01 
27.400000 2.3953351420933275e-01 
27.600000 2.3945406399956820e-01 
27.800000 2.3918616531677914e-01 
28.000000 2.3873534519891937e-01 
28.200000 2.3810759332356249e-01 
28.400000 2.3730929192304426e-01 
28.600000 2.3634714801090478e-01 
28.800000 2.3522812860869546e-01 
29.000000 2.3395939952171818e-01 
29.200000 2.3254826807890799e-01 
29.400000 2.3100213012853488e-01 
29.600000 2.2932842146945276e-01 
29.800000 2.2753457379845179e-01 
30.000000 2.2562797516836519e-01 
30.200000 2.2361593487897471e-01 
30.400000 2.2150565266299899e-01 
30.600000 2.1930419198189441e-01 
30.800000 2.1701845720983740e-01 
31.000000 2.1465517445804122e-01 
31.200000 2.1222087577431514e-01 
31.400000 2.0972188644329065e-01 
31.600000 2.0716431510987382e-01 
31.800000 2.0455404645108738e-01 
32.000000 2.0189673612847789e-01 
32.200000 1.9919780776376728e-01 
32.400000 1.9646245169352483e-01 
32.600000 1.9369562527358938e-01 
32.800000 1.9090205452012360e-01 
33.000000 1.8808623689098616e-01 
33.200000 1.8525244502811833e-01 
33.400000 1.8240473129847712e-01 
33.600000 1.7954693298742266e-01 
33.800000 1.7668267801418955e-01 
34.000000 1.7381539105392380e-01 
34.200000 1.7094829996470998e-01 
34.400000 1.6808444243093559e-01 
34.600000 1.6522667274620306e-01 
34.800000 1.6237766866984982e-01 
35.000000 1.5953993830093194e-01 
35.200000 1.5671582692233479e-01 
35.400000 1.5390752377554223e-01 
35.600000 1.5111706873355543e-01 
35.800000 1.4834635884559175e-01 
36.000000 1.4559715473256149e-01 
36.200000 1.4287108681696412e-01 
36.400000 1.4016966137489498e-01 
36.600000 1.3749426640128387e-01 
36.800000 1.3484617728238735e-01 
37.000000 1.3222656227208668e-01 
37.200000 1.2963648777054787e-01 
37.400000 1.2707692340552698e-01 
37.600000 1.2454874691800938e-01 
37.800000 1.2205274885497058e-01 
38.000000 1.1958963707294915e-01 
38.200000 1.1716004105682401e-01 
38.400000 1.1476451605867062e-01 
38.600000 1.1240354706199862e-01 
38.800000 1.1007755257688959e-01 
39.000000 1.0778688827173090e-01 
39.200000 1.0553185044731221e-01 
39.400000 1.0331267935906642e-01 
39.600000 1.0112956239318435e-01 
39.800000 9.8982637102252774e-02 
40.000000 9.6871994105951903e-02 
40.200000 9.4797679862194367e-02 
40.400000 9.2759699313941804e-02 
40.600000 9.0758018416750783e-02 
40.800000 8.8792566551931310e-02 
41.000000 8.6863238830009140e-02 
41.200000 8.4969898289010526e-02 
41.400000 8.3112377991884978e-02 
41.600000 8.1290483027229590e-02 
41.800000 7.9503992417279887e-02 
42.000000 7.7752660936980494e-02 
42.200000 7.6036220847772368e-02 
42.400000 7.4354383549588510e-02 
42.600000 7.2706841154397711e-02 
42.800000 7.1093267984489145e-02 
43.000000 6.9513321998564456e-02 
43.200000 6.7966646148570758e-02 
43.400000 6.6452869670089232e-02 
43.600000 6.4971609308974734e-02 
43.800000 6.3522470486841509e-02 
44.000000 6.2105048407879393e-02 
44.200000 6.0718929109390835e-02 
44.400000 5.9363690458349036e-02 
44.600000 5.8038903096178464e-02 
44.800000 5.6744131333893361e-02 
45.000000 5.5478933999638304e-02 
45.200000 5.4242865240595878e-02 
45.400000 5.3035475281165180e-02 
45.600000 5.1856311139242502e-02 
45.800000 5.0704917302362096e-02 
46.000000 4.9580836365399276e-02 
46.200000 4.8483609631474703e-02 
46.400000 4.7412777677641328e-02 
46.600000 4.6367880886873429e-02 
46.800000 4.5348459947831314e-02 
47.000000 4.4354056323815068e-02 
47.200000 4.3384212692274424e-02 
47.400000 4.2438473356188104e-02 
47.600000 4.1516384628586894e-02 
47.800000 4.0617495191434295e-02 
48.000000 3.9741356430049390e-02 
48.200000 3.8887522744202638e-02 
48.400000 3.8055551836974212e-02 
48.600000 3.7245004982429303e-02 
48.800000 3.6455447273118564e-02 
49.000000 3.5686447848375241e-02 
49.200000 3.4937580104347173e-02 
49.400000 3.4208421886656716e-02 
49.600000 3.3498555666554207e-02 
49.800000 3.2807568701395548e-02 
50.000000 3.2135053180234747e-02 
50.200000 3.1480606355296661e-02 
50.400000 3.0843830660063458e-02 
50.600000 3.0224333814673453e-02 
50.800000 2.9621728919306860e-02 
51.000000 2.9035634536200488e-02 
51.200000 2.8465674760911511e-02 
51.400000 2.7911479283415808e-02 
51.600000 2.7372683439609136e-02 
51.800000 2.6848928253750140e-02 
52.000000 2.6339860472359415e-02 
52.200000 2.5845132590071349e-02 
52.400000 2.5364402867905783e-02 
52.600000 2.4897335344412193e-02 
52.800000 2.4443599840113177e-02 
53.000000 2.4002871955659352e-02 
53.200000 2.3574833064082680e-02 
53.400000 2.3159170297522770e-02 
53.600000 2.2755576528780099e-02 
53.800000 2.2363750348033857e-02 
54.000000 2.1983396035044893e-02 
54.200000 2.1614223527152379e-02 
54.400000 2.1255948383352052e-02 
54.600000 2.0908291744736986e-02 
54.800000 2.0570980291559512e-02 
55.000000 2.0243746197169617e-02 
55.200000 1.9926327079063357e-02 
55.400000 1.9618465947269587e-02 
55.600000 1.9319911150289231e-02 
55.800000 1.9030416318788958e-02 
56.000000 1.8749740307244644e-02 
56.200000 1.8477647133715754e-02 
56.400000 1.8213905917925852e-02 
56.600000 1.7958290817811761e-02 
56.800000 1.7710580964699227e-02 
57.000000 1.7470560397251145e-02 
57.200000 1.7238017994329065e-02 
57.400000 1.7012747406898458e-02 
57.600000 1.6794546989104649e-02 
57.800000 1.6583219728636234e-02 
58.000000 1.6378573176487620e-02 
58.200000 1.6180419376225854e-02 
58.400000 1.5988574792862004e-02 
58.600000 1.5802860241420108e-02 
58.800000 1.5623100815291450e-02 
59.000000 1.5449125814459076e-02 
59.200000 1.5280768673668801e-02 
59.400000 1.5117866890623111e-02 
59.600000 1.4960261954263336e-02 
59.800000 1.4807799273209318e-02 
60.000000 1.4660328104414920e-02 
60.200000 1.4517701482097118e-02 
60.400000 1.4379776146993165e-02 
60.600000 1.4246412475994561e-02 
60.800000 1.4117474412205878e-02 
61.000000 1.3992829395471222e-02 
61.200000 1.3872348293409569e-02 
61.400000 1.3755905332996863e-02 
61.600000 1.3643378032729366e-02 
61.800000 1.3534647135401492e-02 
62.000000 1.3429596541528588e-02 
62.200000 1.3328113243440817e-02 
62.400000 1.3230087260076040e-02 
62.600000 1.3135411572493242e-02 
62.800000 1.3043982060129092e-02 
63.000000 1.2955697437816653e-02 
63.200000 1.2870459193584406e-02 
63.400000 1.2788171527251478e-02 
63.600000 1.2708741289833103e-02 
63.800000 1.2632077923769996e-02 
64.000000 1.2558093403992089e-02 
64.200000 1.2486702179827502e-02 
64.400000 1.2417821117764381e-02 
64.600000 1.2351369445074083e-02 
64.800000 1.2287268694300997e-02 
65.000000 1.2225442648624487e-02 
65.200000 1.2165817288096759e-02 
65.400000 1.2108320736759694e-02 
65.600000 1.2052883210642530e-02 
65.800000 1.1999436966641349e-02 
66.000000 1.1947916252281119e-02 
66.200000 1.1898257256358411e-02 
66.400000 1.1850398060464956e-02 
66.600000 1.1804278591388698e-02 
66.800000 1.1759840574390005e-02 
67.000000 1.1717027487349351e-02 
67.200000 1.1675784515782920e-02 
67.400000 1.1636058508720241e-02 
67.600000 1.1597797935440145e-02 
67.800000 1.1560952843058254e-02 
68.000000 1.1525474814959816e-02 
68.200000 1.1491316930072191e-02 
68.400000 1.1458433722968614e-02 
68.600000 1.1426781144796779e-02 
68.800000 1.1396316525023808e-02 
69.000000 1.1366998533989845e-02 
69.200000 1.1338787146261577e-02 
69.400000 1.1311643604776820e-02 
69.600000 1.1285530385771719e-02 
69.800000 1.1260411164480051e-02 
70.000000 1.1236250781597080e-02 
70.200000 1.1213015210496072e-02 
70.400000 1.1190671525189039e-02 
70.600000 1.1169187869021721e-02 
70.800000 1.1148533424091200e-02 
71.000000 1.1128678381377472e-02 
71.200000 1.1109593911577760e-02 
71.400000 1.1091252136632737e-02 
71.600000 1.1073626101934405e-02 
71.800000 1.1056689749205437e-02 
72.000000 1.1040417890037568e-02 
72.200000 1.1024786180080594e-02 
72.400000 1.1009771093868746e-02 
72.600000 1.0995349900275090e-02 
72.800000 1.0981500638582777e-02 
73.000000 1.0968202095161965e-02 
73.200000 1.0955433780741460e-02 
73.400000 1.0943175908264638e-02 
73.600000 1.0931409371318776e-02 
73.800000 1.0920115723126560e-02 
74.000000 1.0909277156089201e-02 
74.200000 1.0898876481870835e-02 
74.400000 1.0888897112013150e-02 
74.600000 1.0879323039069411e-02 
74.800000 1.0870138818248427e-02 
75.000000 1.0861329549556591e-02 
75.200000 1.0852880860428763e-02 
75.400000 1.0844778888837371e-02 
75.600000 1.0837010266869191e-02 
75.800000 1.0829562104760531e-02 
76.000000 1.0822421975380062e-02 
76.200000 1.0815577899149815e-02 
76.400000 1.0809018329394599e-02 
76.600000 1.0802732138110194e-02 
76.800000 1.0796708602140435e-02 
77.000000 1.0790937389754606e-02 
77.200000 1.0785408547614771e-02 
77.400000 1.0780112488124827e-02 
77.600000 1.0775039977151884e-02 
77.800000 1.0770182122110814e-02 
78.000000 1.0765530360403647e-02 
78.200000 1.0761076448204955e-02 
78.400000 1.0756812449584719e-02 
78.600000 1.0752730725960332e-02 
78.800000 1.0748823925869512e-02 
79.000000 1.0745084975056109e-02 
79.200000 1.0741507066860473e-02 
79.400000 1.0738083652907389e-02 
79.600000 1.0734808434082787e-02 
79.800000 1.0731675351792433e-02 
80.000000 1.0728678579495379e-02 
80.200000 1.0725812514503904e-02 
80.400000 1.0723071770043915e-02 
80.600000 1.0720451167568156e-02 
80.800000 1.0717945729315715e-02 
81.000000 1.0715550671110468e-02 
81.200000 1.0713261395393163e-02 
81.400000 1.0711073484478962e-02 
81.600000 1.0708982694035878e-02 
81.800000 1.0706984946776642e-02 
82.000000 1.0705076326358370e-02 
82.200000 1.0703253071484377e-02 
82.400000 1.0701511570201886e-02 
82.600000 1.0699848354390593e-02 
82.800000 1.0698260094435535e-02 
83.000000 1.0696743594080066e-02 
83.200000 1.0695295785452842e-02 
83.400000 1.0693913724263789e-02 
83.600000 1.0692594585164384e-02 
83.800000 1.0691335657266815e-02 
84.000000 1.0690134339817392e-02 
84.200000 1.0688988138020154e-02 
84.400000 1.0687894659004863e-02 
84.600000 1.0686851607936121e-02 
84.800000 1.0685856784258331e-02 
85.000000 1.0684908078073336e-02 
85.200000 1.0684003466645255e-02 
85.400000 1.0683141011029802e-02 
85.600000 1.0682318852823270e-02 
85.800000 1.0681535211027935e-02 
86.000000 1.0680788379029686e-02 
86.200000 1.0680076721684603e-02 
86.400000 1.0679398672511291e-02 
86.600000 1.0678752730984288e-02 
86.800000 1.0678137459926880e-02 
87.000000 1.0677551482999013e-02 
87.200000 1.0676993482277429e-02 
87.400000 1.0676462195924805e-02 
87.600000 1.0675956415945608e-02 
87.800000 1.0675474986024776e-02 
88.000000 1.0675016799447158e-02 
88.200000 1.0674580797094812e-02 
88.400000 1.0674165965519320e-02 
88.600000 1.0673771335086900e-02 
88.800000 1.0673395978193554e-02 
89.000000 1.0673039007547942e-02 
89.200000 1.0672699574519497e-02 
89.400000 1.0672376867550048e-02 
89.600000 1.0672070110625695e-02 
89.800000 1.0671778561808207e-02 
90.000000 1.0671501511822546e-02 
90.200000 1.0671238282699211e-02 
90.400000 1.0670988226469740e-02 
90.600000 1.0670750723912464e-02 
90.800000 1.0670525183347636e-02 
91.000000 1.0670311039480081e-02 
91.200000 1.0670107752286920e-02 
91.400000 1.0669914805949757e-02 
91.600000 1.0669731707828532e-02 
91.800000 1.0669557987477055e-02 
92.000000 1.0669393195696868e-02 
92.200000 1.0669236903629782e-02 
92.400000 1.0669088701886278e-02 
92.600000 1.0668948199709170e-02 
92.800000 1.0668815024171361e-02 
93.000000 1.0668688819405331e-02 
93.200000 1.0668569245865026e-02 
93.400000 1.0668455979616687e-02 
93.600000 1.0668348711659675e-02 
93.800000 1.0668247147274381e-02 
94.000000 1.0668151005397548e-02 
94.200000 1.0668060018022795e-02 
94.400000 1.0667973929626413e-02 
94.600000 1.0667892496616965e-02 
94.800000 1.0667815486807300e-02 
95.000000 1.0667742678909343e-02 
95.200000 1.0667673862049412e-02 
95.400000 1.0667608835304180e-02 
95.600000 1.0667547407256023e-02 
95.800000 1.0667489395567456e-02 
96.000000 1.0667434626573125e-02 
96.200000 1.0667382934889558e-02 
96.400000 1.0667334163041173e-02 
96.600000 1.0667288161102550e-02 
96.800000 1.0667244786355782e-02 
97.000000 1.0667203902962790e-02 
97.200000 1.0667165381651389e-02 
97.400000 1.0667129099415243e-02 
97.600000 1.0667094939226731e-02 
97.800000 1.0667062789762151e-02 
98.000000 1.0667032545138908e-02 
98.200000 1.0667004104664254e-02 
98.400000 1.0666977372595182e-02 
98.600000 1.0666952257908193e-02 
98.800000 1.0666928674080169e-02 
99.000000 1.0666906538878064e-02 
99.200000 1.0666885774158240e-02 
99.400000 1.0666866305675003e-02 
99.600000 1.0666848062896819e-02 
99.800000 1.0666830978831700e-02 
100.000000 1.0666814989859601e-02 
100.200000 1.0666800035572689e-02 
100.400000 1.0666786058622963e-02 
100.600000 1.0666773004576295e-02 
100.800000 1.0666760821773291e-02 
101.000000 1.0666749461196567e-02 
101.200000 1.0666738876343663e-02 
101.400000 1.0666729023106277e-02 
101.600000 1.0666719859654722e-02 
101.800000 1.0666711346327049e-02 
102.000000 1.0666703445524846e-02 
102.200000 1.0666696121612073e-02 
102.400000 1.0666689340819624e-02 
102.600000 1.0666683071153902e-02 
102.800000 1.0666677282309939e-02 
103.000000 1.0666671945587944e-02 
103.200000 1.0666667033814470e-02 
103.400000 1.0666662521266784e-02 
103.600000 1.0666658383600779e-02 
103.800000 1.0666654597782699e-02 
104.000000 1.0666651142023276e-02 
104.200000 1.0666647995716075e-02 
104.400000 1.0666645139377451e-02 
104.600000 1.0666642554590614e-02 
104.800000 1.0666640223951399e-02 
105.000000 1.0666638131017182e-02 
105.200000 1.0666636260257836e-02 
105.400000 1.0666634597009467e-02 
105.600000 1.0666633127429881e-02 
105.800000 1.0666631838456741e-02 
106.000000 1.0666630717767196e-02 
106.200000 1.0666629753739772e-02 
106.400000 1.0666628935418093e-02 
106.600000 1.0666628252476378e-02 
106.800000 1.0666627695186318e-02 
107.000000 1.0666627254386194e-02 
107.200000 1.0666626921450730e-02 
107.400000 1.0666626688263058e-02 
107.600000 1.0666626547188005e-02 
107.800000 1.0666626491045827e-02 
108.000000 1.0666626513088827e-02 
108.200000 1.0666626606977741e-02 
108.400000 1.0666626766759835e-02 
108.600000 1.0666626986848039e-02 
108.800000 1.0666627262001505e-02 
109.000000 1.0666627587306337e-02 
109.200000 1.0666627958157926e-02 
109.400000 1.0666628370244020e-02 
109.600000 1.0666628819528750e-02 
109.800000 1.0666629302236986e-02 
110.000000 1.0666629814840244e-02 
110.200000 1.0666630354042630e-02 
110.400000 1.0666630916767844e-02 
110.600000 1.0666631500146998e-02 
110.800000 1.0666632101506635e-02 
111.000000 1.0666632718357738e-02 
111.200000 1.0666633348384883e-02 
111.400000 1.0666633989436772e-02 
111.600000 1.0666634639516288e-02 
111.800000 1.0666635296771598e-02 
112.000000 1.0666635959487761e-02 
112.200000 1.0666636626078564e-02 
112.400000 1.0666637295078945e-02 
112.600000 1.0666637965137712e-02 
112.800000 1.0666638635010691e-02 
113.000000 1.0666639303554291e-02 
113.200000 1.0666639969719328e-02 
113.400000 1.0666640632545275e-02 
113.600000 1.0666641291154735e-02 
113.800000 1.0666641944748274e-02 
114.000000 1.0666642592599505e-02 
114.200000 1.0666643234050465e-02 
114.400000 1.0666643868507259e-02 
114.600000 1.0666644495435794e-02 
114.800000 1.0666645114358156e-02 
115.000000 1.0666645724848616e-02 
115.200000 1.0666646326530214e-02 
115.400000 1.0666646919071749e-02 
115.600000 1.0666647502184202e-02 
115.800000 1.0666648075618290e-02 
116.000000 1.0666648639161416e-02 
116.200000 1.0666649192635226e-02 
116.400000 1.0666649735892880e-02 
116.600000 1.0666650268817274e-02 
116.800000 1.0666650791318337e-02 
117.000000 1.0666651303331302e-02 
117.200000 1.0666651804814707e-02 
117.400000 1.0666652295748553e-02 
117.600000 1.0666652776132561e-02 
117.800000 1.0666653245984880e-02 
118.000000 1.0666653705340156e-02 
118.200000 1.0666654154248487e-02 
118.400000 1.0666654592773711e-02 
118.600000 1.0666655020992746e-02 
118.800000 1.0666655438993870e-02 
119.000000 1.0666655846875912e-02 
119.200000 1.0666656244747266e-02 
119.400000 1.0666656632724800e-02 
119.600000 1.0666657010933025e-02 
119.800000 1.0666657379503230e-02 
120.000000 1.0666657738572985e-02 
120.200000 1.0666658088284828e-02 
120.400000 1.0666658428786190e-02 
120.600000 1.0666658760228563e-02 
120.800000 1.0666659082766672e-02 
121.000000 1.0666659396558276e-02 
121.200000 1.0666659701763538e-02 
121.400000 1.0666659998544440e-02 
121.600000 1.0666660287064594e-02 
121.800000 1.0666660567488623e-02 
122.000000 1.0666660839981785e-02 
122.200000 1.0666661104709955e-02 
122.400000 1.0666661361838721e-02 
122.600000 1.0666661611533963e-02 
122.800000 1.0666661853960476e-02 
123.000000 1.0666662089282719e-02 
123.200000 1.0666662317664046e-02 
123.400000 1.0666662539266703e-02 
123.600000 1.0666662754251504e-02 
123.800000 1.0666662962777794e-02 
124.000000 1.0666663165003329e-02 
124.200000 1.0666663361083885e-02 
124.400000 1.0666663551173575e-02 
124.600000 1.0666663735424109e-02 
124.800000 1.0666663913985385e-02 
125.000000 1.0666664087004911e-02 
125.200000 1.0666664254628002e-02 
125.400000 1.0666664416997521e-02 
125.600000 1.0666664574253975e-02 
125.800000 1.0666664726535359e-02 
126.000000 1.0666664873977222e-02 
126.200000 1.0666665016712505e-02 
126.400000 1.0666665154871737e-02 
126.600000 1.0666665288582684e-02 
126.800000 1.0666665417970587e-02 
127.000000 1.0666665543158198e-02 
127.200000 1.0666665664265556e-02 
127.400000 1.0666665781410024e-02 
127.600000 1.0666665894706610e-02 
127.800000 1.0666666004267512e-02 
128.000000 1.0666666110202561e-02 
128.200000 1.0666666212618815e-02 
128.400000 1.0666666311620993e-02 
128.600000 1.0666666407311273e-02 
128.800000 1.0666666499789240e-02 
129.000000 1.0666666589152213e-02 
129.200000 1.0666666675494891e-02 
129.400000 1.0666666758909749e-02 
129.600000 1.0666666839486817e-02 
129.800000 1.0666666917313808e-02 
130.000000 1.0666666992476160e-02 
130.200000 1.0666667065057023e-02 
130.400000 1.0666667135137441e-02 
130.600000 1.0666667202796104e-02 
130.800000 1.0666667268109758e-02 
131.000000 1.0666667331152971e-02 
131.200000 1.0666667391998196e-02 
131.400000 1.0666667450715980e-02 
131.600000 1.0666667507374706e-02 
131.800000 1.0666667562041101e-02 
132.000000 1.0666667614779747e-02 
132.200000 1.0666667665653476e-02 
132.400000 1.0666667714723388e-02 
132.600000 1.0666667762048585e-02 
132.800000 1.0666667807686702e-02 
133.000000 1.0666667851693462e-02 
133.200000 1.0666667894122996e-02 
133.400000 1.0666667935027914e-02 
133.600000 1.0666667974459166e-02 
133.800000 1.0666668012466216e-02 
134.000000 1.0666668049096857e-02 
134.200000 1.0666668084397653e-02 
134.400000 1.0666668118413597e-02 
134.600000 1.0666668151188411e-02 
134.800000 1.0666668182764270e-02 
135.000000 1.0666668213182264e-02 
135.200000 1.0666668242482014e-02 
135.400000 1.0666668270702083e-02 
135.600000 1.0666668297879550e-02 
135.800000 1.0666668324050551e-02 
136.000000 1.0666668349249951e-02 
136.200000 1.0666668373511547e-02 
136.400000 1.0666668396867977e-02 
136.600000 1.0666668419350963e-02 
136.800000 1.0666668440991074e-02 
137.000000 1.0666668461817873e-02 
137.200000 1.0666668481860080e-02 
137.400000 1.0666668501145343e-02 
137.600000 1.0666668519700478e-02 
137.800000 1.0666668537551327e-02 
138.000000 1.0666668554722968e-02 
138.200000 1.0666668571239551e-02 
138.400000 1.0666668587124494e-02 
138.600000 1.0666668602400418e-02 
138.800000 1.0666668617089068e-02 
139.000000 1.0666668631211641e-02 
139.200000 1.0666668644788433e-02 
139.400000 1.0666668657839131e-02 
139.600000 1.0666668670382740e-02 
139.800000 1.0666668682437583e-02 
140.000000 1.0666668694021400e-02 
140.200000 1.0666668705151192e-02 
140.400000 1.0666668715843571e-02 
140.600000 1.0666668726114426e-02 
140.800000 1.0666668735978985e-02 
141.000000 1.0666668745452156e-02 
141.200000 1.0666668754548188e-02 
141.400000 1.0666668763280887e-02 
141.600000 1.0666668771663518e-02 
141.800000 1.0666668779708899e-02 
142.000000 1.0666668787429324e-02 
142.200000 1.0666668794836678e-02 
142.400000 1.0666668801942449e-02 
142.600000 1.0666668808757678e-02 
142.800000 1.0666668815292818e-02 
143.000000 1.0666668821558232e-02 
143.200000 1.0666668827563839e-02 
143.400000 1.0666668833318953e-02 
143.600000 1.0666668838832799e-02 
143.800000 1.0666668844114092e-02 
144.000000 1.0666668849171371e-02 
144.200000 1.0666668854012632e-02 
144.400000 1.0666668858645804e-02 
144.600000 1.0666668863078236e-02 
144.800000 1.0666668867317153e-02 
145.000000 1.0666668871369337e-02 
145.200000 1.0666668875241342e-02 
145.400000 1.0666668878939576e-02 
145.600000 1.0666668882470060e-02 
145.800000 1.0666668885838702e-02 
146.000000 1.0666668889051134e-02 
146.200000 1.0666668892112846e-02 
146.400000 1.0666668895029038e-02 
146.600000 1.0666668897804861e-02 
146.800000 1.0666668900445186e-02 
147.000000 1.0666668902954743e-02 
147.200000 1.0666668905337321e-02 
147.400000 1.0666668907595640e-02 
147.600000 1.0666668909733215e-02 
147.800000 1.0666668911753446e-02 
148.000000 1.0666668913659975e-02 
148.200000 1.0666668915456449e-02 
148.400000 1.0666668917146667e-02 
148.600000 1.0666668918734471e-02 
148.800000 1.0666668920223625e-02 
149.000000 1.0666668921617918e-02 
149.200000 1.0666668922921212e-02 
149.400000 1.0666668924137214e-02 
149.600000 1.0666668925269639e-02 
149.800000 1.0666668926322165e-02 
