0.000000 2.3431212872229597e-02 
0.200000 2.3431688983322742e-02 
0.400000 2.3433814721619029e-02 
0.600000 2.3438837421534565e-02 
0.800000 2.3447828584007777e-02 
1.000000 2.3461714777988616e-02 
1.200000 2.3481311641173609e-02 
1.400000 2.3507320610965686e-02 
1.600000 2.3540334145336128e-02 
1.800000 2.3580901816884749e-02 
2.000000 2.3629537336562079e-02 
2.200000 2.3686704733287073e-02 
2.400000 2.3752820677424690e-02 
2.600000 2.3828267691645141e-02 
2.800000 2.3913405575268311e-02 
3.000000 2.4008571190011176e-02 
3.200000 2.4114079007822045e-02 
3.400000 2.4230269077257456e-02 
3.600000 2.4357445281796009e-02 
3.800000 2.4495875643704999e-02 
4.000000 2.4645818312176975e-02 
4.200000 2.4807530828824361e-02 
4.400000 2.4981270255498841e-02 
4.600000 2.5167296991866223e-02 
4.800000 2.5365874946548184e-02 
5.000000 2.5577276635427033e-02 
5.200000 2.5801782465802094e-02 
5.400000 2.6039683442780150e-02 
5.600000 2.6291280844224357e-02 
5.800000 2.6556889139785669e-02 
6.000000 2.6836835299399633e-02 
6.200000 2.7131460934803672e-02 
6.400000 2.7441120860066646e-02 
6.600000 2.7766185085710465e-02 
6.800000 2.8107039773640222e-02 
7.000000 2.8464089391666263e-02 
7.200000 2.8837757749967056e-02 
7.400000 2.9228490098730662e-02 
7.600000 2.9636753849018319e-02 
7.800000 3.0063040314454507e-02 
8.000000 3.0507865607715786e-02 
8.200000 3.0971772341708125e-02 
8.400000 3.1455330569955212e-02 
8.600000 3.1959139376518994e-02 
8.800000 3.2483827983028658e-02 
9.000000 3.3030057400924670e-02 
9.200000 3.3598521696461214e-02 
9.400000 3.4189949757111933e-02 
9.600000 3.4805106847051230e-02 
9.800000 3.5444796515460578e-02 
10.000000 3.6109861995821529e-02 
10.200000 3.6801188113588214e-02 
10.400000 3.7519703084944234e-02 
10.600000 3.8266380562614909e-02 
10.800000 3.9042241396376111e-02 
11.000000 3.9848355630425221e-02 
11.200000 4.0685844376375284e-02 
11.400000 4.1555881769955130e-02 
11.600000 4.2459696713572054e-02 
11.800000 4.3398574707074027e-02 
12.000000 4.4373859534382887e-02 
12.200000 4.5386954913135380e-02 
12.400000 4.6439325900022081e-02 
12.600000 4.7532500200874205e-02 
12.800000 4.8668069238818848e-02 
13.000000 4.9847688941200272e-02 
13.200000 5.1073080212934809e-02 
13.400000 5.2346029000647484e-02 
13.600000 5.3668385898086660e-02 
13.800000 5.5042065187650702e-02 
14.000000 5.6469043244051047e-02 
14.200000 5.7951356185765947e-02 
14.400000 5.9491096676629114e-02 
14.600000 6.1090409746365204e-02 
14.800000 6.2751487511232579e-02 
15.000000 6.4476562650934641e-02 
15.200000 6.6267900502311530e-02 
15.400000 6.8127789610301900e-02 
15.600000 7.0058530583442358e-02 
15.800000 7.2062423088592009e-02 
16.000000 7.4141750829754466e-02 
16.200000 7.6298764347466436e-02 
16.400000 7.8535661496797263e-02 
16.600000 8.0854565464871561e-02 
16.800000 8.3257500220124070e-02 
17.000000 8.5746363302677833e-02 
17.200000 8.8322895910486962e-02 
17.400000 9.0988650273572280e-02 
17.600000 9.3744954369657449e-02 
17.800000 9.6592874092766873e-02 
18.000000 9.9533173066007827e-02 
18.200000 1.0256627036954150e-01 
18.400000 1.0569219655140169e-01 
18.600000 1.0891054838569279e-01 
18.800000 1.1222044295197982e-01 
19.000000 1.1562047171662893e-01 
19.200000 1.1910865540819209e-01 
19.400000 1.2268240058124903e-01 
19.600000 1.2633845886300188e-01 
19.800000 1.3007288995702496e-01 
20.000000 1.3388102954440176e-01 
20.200000 1.3775746325978522e-01 
20.400000 1.4169600793078160e-01 
20.600000 1.4568970124061004e-01 
20.800000 1.4973080090825749e-01 
21.000000 1.5381079436898093e-01 
21.200000 1.5792041978331431e-01 
21.400000 1.6204969900046354e-01 
21.600000 1.6618798285804898e-01 
21.800000 1.7032400891644953e-01 
22.000000 1.7444597141236459e-01 
22.200000 1.7854160287996595e-01 
22.400000 1.8259826654335157e-01 
22.600000 1.8660305824386009e-01 
22.800000 1.9054291634535769e-01 
23.000000 1.9440473777517250e-01 
23.200000 1.9817549812224161e-01 
23.400000 2.0184237354002008e-01 
23.600000 2.0539286209962690e-01 
23.800000 2.0881490221490140e-01 
24.000000 2.1209698581790537e-01 
24.200000 2.1522826409895976e-01 
24.400000 2.1819864383347753e-01 
24.600000 2.2099887258859319e-01 
24.800000 2.2362061142327541e-01 
25.000000 2.2605649405101585e-01 
25.200000 2.2830017180838777e-01 
25.400000 2.3034634414968261e-01 
25.600000 2.3219077475223990e-01 
25.800000 2.3383029365578875e-01 
26.000000 2.3526278616098947e-01 
26.200000 2.3648716946928042e-01 
26.400000 2.3750335825267826e-01 
26.600000 2.3831222049595191e-01 
26.800000 2.3891552505454028e-01 
27.000000 2.3931588242218871e-01 
27.200000 2.3951668020659730e-01 
27.400000 2.3952201477485779e-01 
27.600000 2.3933662045950260e-01 
27.800000 2.3896579761735798e-01 
28.000000 2.3841534071387874e-01 
28.200000 2.3769146747196659e-01 
28.400000 2.3680074998235531e-01 
28.600000 2.3575004852809242e-01 
28.800000 2.3454644873301750e-01 
29.000000 2.3319720250722806e-01 
29.200000 2.3170967313439264e-01 
29.400000 2.3009128472851856e-01 
29.600000 2.2834947618286866e-01 
29.800000 2.2649165964193818e-01 
30.000000 2.2452518344892405e-01 
30.200000 2.2245729945580603e-01 
30.400000 2.2029513453026628e-01 
30.600000 2.1804566605255735e-01 
30.800000 2.1571570116481303e-01 
31.000000 2.1331185951430348e-01 
31.200000 2.1084055921932662e-01 
31.400000 2.0830800578081635e-01 
31.600000 2.0572018366304887e-01 
31.800000 2.0308285027204154e-01 
32.000000 2.0040153206930791e-01 
32.200000 1.9768152257068117e-01 
32.400000 1.9492788199415007e-01 
32.600000 1.9214543833633702e-01 
32.800000 1.8933878967383974e-01 
33.000000 1.8651230750262429e-01 
33.200000 1.8367014094560255e-01 
33.400000 1.8081622167516265e-01 
33.600000 1.7795426941341216e-01 
33.800000 1.7508779788819190e-01 
34.000000 1.7222012113725271e-01 
34.200000 1.6935436006635465e-01 
34.400000 1.6649344917940387e-01 
34.600000 1.6364014341002833e-01 
34.800000 1.6079702499424614e-01 
35.000000 1.5796651033312492e-01 
35.200000 1.5515085680261623e-01 
35.400000 1.5235216947507157e-01 
35.600000 1.4957240772348290e-01 
35.800000 1.4681339168515325e-01 
36.000000 1.4407680856647420e-01 
36.200000 1.4136421877480021e-01 
36.400000 1.3867706186708087e-01 
36.600000 1.3601666230805992e-01 
36.800000 1.3338423503353172e-01 
37.000000 1.3078089081636834e-01 
37.200000 1.2820764143488053e-01 
37.400000 1.2566540464462225e-01 
37.600000 1.2315500895596168e-01 
37.800000 1.2067719822074749e-01 
38.000000 1.1823263603216586e-01 
38.200000 1.1582190994247618e-01 
38.400000 1.1344553550375365e-01 
38.600000 1.1110396013706535e-01 
38.800000 1.0879756683572417e-01 
39.000000 1.0652667770835358e-01 
39.200000 1.0429155736754564e-01 
39.400000 1.0209241616987523e-01 
39.600000 9.9929413312958210e-02 
39.800000 9.7802659795135333e-02 
40.000000 9.5712221243248061e-02 
40.200000 9.3658120613794221e-02 
40.400000 9.1640340772605508e-02 
40.600000 8.9658826958006005e-02 
40.800000 8.7713489132221920e-02 
41.000000 8.5804204225639114e-02 
41.200000 8.3930818278316638e-02 
41.400000 8.2093148482983352e-02 
41.600000 8.0290985133569609e-02 
41.800000 7.8524093483152341e-02 
42.000000 7.6792215515029558e-02 
42.200000 7.5095071630479446e-02 
42.400000 7.3432362256606612e-02 
42.600000 7.1803769377536339e-02 
42.800000 7.0208957992074258e-02 
43.000000 6.8647577500825771e-02 
43.200000 6.7119263025642875e-02 
43.400000 6.5623636664136273e-02 
43.600000 6.4160308681908876e-02 
43.800000 6.2728878645023106e-02 
44.000000 6.1328936495150782e-02 
44.200000 5.9960063569731381e-02 
44.400000 5.8621833569391324e-02 
44.600000 5.7313813474790275e-02 
44.800000 5.6035564414967556e-02 
45.000000 5.4786642489198963e-02 
45.200000 5.3566599544291008e-02 
45.400000 5.2374983909173251e-02 
45.600000 5.1211341088581434e-02 
45.800000 5.0075214417558002e-02 
46.000000 4.8966145678434922e-02 
46.200000 4.7883675681905914e-02 
46.400000 4.6827344813736571e-02 
46.600000 4.5796693548602989e-02 
46.800000 4.4791262932501047e-02 
47.000000 4.3810595035112865e-02 
47.200000 4.2854233373468012e-02 
47.400000 4.1921723308188039e-02 
47.600000 4.1012612413560121e-02 
47.800000 4.0126450822631846e-02 
48.000000 3.9262791548484312e-02 
48.200000 3.8421190782790743e-02 
48.400000 3.7601208172731437e-02 
48.600000 3.6802407077290294e-02 
48.800000 3.6024354803924866e-02 
49.000000 3.5266622826560505e-02 
49.200000 3.4528786985818995e-02 
49.400000 3.3810427672366541e-02 
49.600000 3.3111129994218669e-02 
49.800000 3.2430483928815590e-02 
50.000000 3.1768084460643310e-02 
50.200000 3.1123531705147991e-02 
50.400000 3.0496431019656031e-02 
50.600000 2.9886393101987558e-02 
50.800000 2.9293034077416475e-02 
51.000000 2.8715975574611342e-02 
51.200000 2.8154844791152146e-02 
51.400000 2.7609274549203280e-02 
51.600000 2.7078903341892870e-02 
51.800000 2.6563375370922598e-02 
52.000000 2.6062340575914698e-02 
52.200000 2.5575454655973915e-02 
52.400000 2.5102379083924480e-02 
52.600000 2.4642781113660663e-02 
52.800000 2.4196333781028239e-02 
53.000000 2.3762715898636044e-02 
53.200000 2.3341612044976173e-02 
53.400000 2.2932712548218673e-02 
53.600000 2.2535713465020750e-02 
53.800000 2.2150316554683986e-02 
54.000000 2.1776229248968805e-02 
54.200000 2.1413164617866558e-02 
54.400000 2.1060841331609941e-02 
54.600000 2.0718983619193328e-02 
54.800000 2.0387321223657860e-02 
55.000000 2.0065589354384388e-02 
55.200000 1.9753528636626005e-02 
55.400000 1.9450885058498586e-02 
55.600000 1.9157409915639637e-02 
55.800000 1.8872859753730292e-02 
56.000000 1.8596996309069948e-02 
56.200000 1.8329586447380981e-02 
56.400000 1.8070402101010411e-02 
56.600000 1.7819220204691309e-02 
56.800000 1.7575822630010868e-02 
57.000000 1.7339996118732510e-02 
57.200000 1.7111532215103458e-02 
57.400000 1.6890227197279336e-02 
57.600000 1.6675882007983991e-02 
57.800000 1.6468302184520719e-02 
58.000000 1.6267297788242253e-02 
58.200000 1.6072683333581157e-02 
58.400000 1.5884277716738015e-02 
58.600000 1.5701904144115666e-02 
58.800000 1.5525390060588907e-02 
59.000000 1.5354567077685465e-02 
59.200000 1.5189270901757783e-02 
59.400000 1.5029341262214611e-02 
59.600000 1.4874621839880219e-02 
59.800000 1.4724960195543781e-02 
60.000000 1.4580207698757565e-02 
60.200000 1.4440219456939641e-02 
60.400000 1.4304854244832148e-02 
60.600000 1.4173974434363867e-02 
60.800000 1.4047445924961776e-02 
61.000000 1.3925138074353687e-02 
61.200000 1.3806923629901338e-02 
61.400000 1.3692678660499677e-02 
61.600000 1.3582282489076785e-02 
61.800000 1.3475617625725050e-02 
62.000000 1.3372569701492540e-02 
62.200000 1.3273027402861386e-02 
62.400000 1.3176882406937209e-02 
62.600000 1.3084029317372481e-02 
62.800000 1.2994365601043228e-02 
63.000000 1.2907791525499007e-02 
63.200000 1.2824210097201858e-02 
63.400000 1.2743527000569547e-02 
63.600000 1.2665650537837175e-02 
63.800000 1.2590491569748705e-02 
64.000000 1.2517963457088608e-02 
64.200000 1.2447982003064080e-02 
64.400000 1.2380465396544643e-02 
64.600000 1.2315334156165786e-02 
64.800000 1.2252511075303202e-02 
65.000000 1.2191921167921236e-02 
65.200000 1.2133491615298711e-02 
65.400000 1.2077151713635768e-02 
65.600000 1.2022832822541171e-02 
65.800000 1.1970468314402981e-02 
66.000000 1.1919993524640134e-02 
66.200000 1.1871345702835448e-02 
66.400000 1.1824463964747661e-02 
66.600000 1.1779289245199049e-02 
66.800000 1.1735764251837566e-02 
67.000000 1.1693833419767404e-02 
67.200000 1.1653442867044953e-02 
67.400000 1.1614540351034586e-02 
67.600000 1.1577075225619262e-02 
67.800000 1.1540998399258869e-02 
68.000000 1.1506262293891701e-02 
68.200000 1.1472820804669676e-02 
68.400000 1.1440629260522679e-02 
68.600000 1.1409644385542277e-02 
68.800000 1.1379824261177590e-02 
69.000000 1.1351128289235415e-02 
69.200000 1.1323517155675212e-02 
69.400000 1.1296952795190092e-02 
69.600000 1.1271398356565395e-02 
69.800000 1.1246818168804625e-02 
70.000000 1.1223177708013368e-02 
70.200000 1.1200443565031562e-02 
70.400000 1.1178583413804484e-02 
70.600000 1.1157565980480726e-02 
70.800000 1.1137361013229241e-02 
71.000000 1.1117939252763239e-02 
71.200000 1.1099272403560990e-02 
71.400000 1.1081333105773156e-02 
71.600000 1.1064094907805903e-02 
71.800000 1.1047532239568341e-02 
72.000000 1.1031620386374867e-02 
72.200000 1.1016335463490358e-02 
72.400000 1.1001654391307590e-02 
72.600000 1.0987554871146761e-02 
72.800000 1.0974015361665070e-02 
73.000000 1.0961015055866693e-02 
73.200000 1.0948533858700780e-02 
73.400000 1.0936552365238435e-02 
73.600000 1.0925051839416252e-02 
73.800000 1.0914014193336716e-02 
74.000000 1.0903421967113979e-02 
74.200000 1.0893258309254876e-02 
74.400000 1.0883506957564437e-02 
74.600000 1.0874152220565170e-02 
74.800000 1.0865178959419769e-02 
75.000000 1.0856572570346850e-02 
75.200000 1.0848318967519479e-02 
75.400000 1.0840404566436087e-02 
75.600000 1.0832816267753988e-02 
75.800000 1.0825541441575093e-02 
76.000000 1.0818567912174249e-02 
76.200000 1.0811883943159890e-02 
76.400000 1.0805478223058369e-02 
76.600000 1.0799339851310695e-02 
76.800000 1.0793458324674297e-02 
77.000000 1.0787823524018525e-02 
77.200000 1.0782425701506072e-02 
77.400000 1.0777255468150502e-02 
77.600000 1.0772303781740881e-02 
77.800000 1.0767561935125614e-02 
78.000000 1.0763021544845470e-02 
78.200000 1.0758674540108058e-02 
78.400000 1.0754513152095168e-02 
78.600000 1.0750529903594791e-02 
78.800000 1.0746717598949251e-02 
79.000000 1.0743069314311807e-02 
79.200000 1.0739578388203809e-02 
79.400000 1.0736238412364471e-02 
79.600000 1.0733043222885900e-02 
79.800000 1.0729986891625557e-02 
80.000000 1.0727063717889373e-02 
80.200000 1.0724268220377493e-02 
80.400000 1.0721595129386863e-02 
80.600000 1.0719039379261939e-02 
80.800000 1.0716596101088919e-02 
81.000000 1.0714260615624745e-02 
81.200000 1.0712028426455798e-02 
81.400000 1.0709895213379490e-02 
81.600000 1.0707856826002246e-02 
81.800000 1.0705909277547889e-02 
82.000000 1.0704048738871040e-02 
82.200000 1.0702271532668658e-02 
82.400000 1.0700574127884719e-02 
82.600000 1.0698953134302483e-02 
82.800000 1.0697405297318295e-02 
83.000000 1.0695927492892080e-02 
83.200000 1.0694516722669498e-02 
83.400000 1.0693170109269883e-02 
83.600000 1.0691884891735661e-02 
83.800000 1.0690658421138409e-02 
84.000000 1.0689488156336325e-02 
84.200000 1.0688371659878904e-02 
84.400000 1.0687306594054261e-02 
84.600000 1.0686290717074502e-02 
84.800000 1.0685321879395186e-02 
85.000000 1.0684398020164319e-02 
85.200000 1.0683517163797127e-02 
85.400000 1.0682677416672705e-02 
85.600000 1.0681876963948138e-02 
85.800000 1.0681114066487151e-02 
86.000000 1.0680387057898810e-02 
86.200000 1.0679694341683612e-02 
86.400000 1.0679034388482403e-02 
86.600000 1.0678405733425914e-02 
86.800000 1.0677806973580823e-02 
87.000000 1.0677236765489312e-02 
87.200000 1.0676693822799628e-02 
87.400000 1.0676176913983607e-02 
87.600000 1.0675684860139135e-02 
87.800000 1.0675216532874244e-02 
88.000000 1.0674770852270409e-02 
88.200000 1.0674346784921808e-02 
88.400000 1.0673943342048719e-02 
88.600000 1.0673559577681889e-02 
88.800000 1.0673194586915685e-02 
89.000000 1.0672847504227874e-02 
89.200000 1.0672517501863141e-02 
89.400000 1.0672203788278874e-02 
89.600000 1.0671905606650274e-02 
89.800000 1.0671622233433356e-02 
90.000000 1.0671352976983555e-02 
90.200000 1.0671097176227376e-02 
90.400000 1.0670854199386706e-02 
90.600000 1.0670623442752099e-02 
90.800000 1.0670404329504691e-02 
91.000000 1.0670196308584116e-02 
91.200000 1.0669998853601278e-02 
91.400000 1.0669811461793919e-02 
91.600000 1.0669633653024037e-02 
91.800000 1.0669464968814940e-02 
92.000000 1.0669304971426671e-02 
92.200000 1.0669153242969017e-02 
92.400000 1.0669009384549564e-02 
92.600000 1.0668873015456468e-02 
92.800000 1.0668743772374274e-02 
93.000000 1.0668621308631466e-02 
93.200000 1.0668505293478762e-02 
93.400000 1.0668395411396761e-02 
93.600000 1.0668291361431820e-02 
93.800000 1.0668192856559709e-02 
94.000000 1.0668099623074877e-02 
94.200000 1.0668011400005440e-02 
94.400000 1.0667927938552110e-02 
94.600000 1.0667849001550531e-02 
94.800000 1.0667774362956095e-02 
95.000000 1.0667703807350286e-02 
95.200000 1.0667637129467583e-02 
95.400000 1.0667574133742331e-02 
95.600000 1.0667514633875127e-02 
95.800000 1.0667458452416543e-02 
96.000000 1.0667405420369659e-02 
96.200000 1.0667355376808556e-02 
96.400000 1.0667308168513970e-02 
96.600000 1.0667263649623535e-02 
96.800000 1.0667221681297807e-02 
97.000000 1.0667182131400397e-02 
97.200000 1.0667144874191686e-02 
97.400000 1.0667109790036109e-02 
97.600000 1.0667076765122090e-02 
97.800000 1.0667045691193651e-02 
98.000000 1.0667016465294653e-02 
98.200000 1.0666988989523188e-02 
98.400000 1.0666963170797626e-02 
98.600000 1.0666938920632162e-02 
98.800000 1.0666916154922903e-02 
99.000000 1.0666894793742995e-02 
99.200000 1.0666874761147103e-02 
99.400000 1.0666855984984007e-02 
99.600000 1.0666838396718512e-02 
99.800000 1.0666821931260395e-02 
100.000000 1.0666806526801334e-02 
100.200000 1.0666792124659414e-02 
100.400000 1.0666778669130099e-02 
100.600000 1.0666766107344352e-02 
100.800000 1.0666754389133235e-02 
101.000000 1.0666743466897943e-02 
101.200000 1.0666733295486652e-02 
101.400000 1.0666723832076378e-02 
101.600000 1.0666715036060469e-02 
101.800000 1.0666706868941176e-02 
102.000000 1.0666699294227139e-02 
102.200000 1.0666692277335658e-02 
102.400000 1.0666685785499449e-02 
102.600000 1.0666679787677708e-02 
102.800000 1.0666674254471124e-02 
103.000000 1.0666669158041231e-02 
103.200000 1.0666664472033162e-02 
103.400000 1.0666660171502180e-02 
103.600000 1.0666656232843658e-02 
103.800000 1.0666652633726180e-02 
104.000000 1.0666649353027973e-02 
104.200000 1.0666646370776231e-02 
104.400000 1.0666643668089570e-02 
104.600000 1.0666641227122632e-02 
104.800000 1.0666639031014013e-02 
105.000000 1.0666637063836200e-02 
105.200000 1.0666635310547975e-02 
105.400000 1.0666633756949312e-02 
105.600000 1.0666632389638296e-02 
105.800000 1.0666631195969927e-02 
106.000000 1.0666630164017444e-02 
106.200000 1.0666629282534822e-02 
106.400000 1.0666628540921805e-02 
106.600000 1.0666627929189838e-02 
106.800000 1.0666627437930542e-02 
107.000000 1.0666627058285106e-02 
107.200000 1.0666626781915487e-02 
107.400000 1.0666626600976597e-02 
107.600000 1.0666626508090622e-02 
107.800000 1.0666626496321822e-02 
108.000000 1.0666626559153080e-02 
108.200000 1.0666626690463459e-02 
108.400000 1.0666626884506807e-02 
108.600000 1.0666627135891636e-02 
108.800000 1.0666627439561717e-02 
109.000000 1.0666627790777832e-02 
109.200000 1.0666628185100745e-02 
109.400000 1.0666628618374151e-02 
109.600000 1.0666629086709548e-02 
109.800000 1.0666629586471091e-02 
110.000000 1.0666630114261874e-02 
110.200000 1.0666630666909985e-02 
110.400000 1.0666631241456368e-02 
110.600000 1.0666631835142572e-02 
110.800000 1.0666632445399308e-02 
111.000000 1.0666633069835830e-02 
111.200000 1.0666633706229358e-02 
111.400000 1.0666634352515818e-02 
111.600000 1.0666635006780126e-02 
111.800000 1.0666635667247940e-02 
112.000000 1.0666636332277052e-02 
112.200000 1.0666637000349798e-02 
112.400000 1.0666637670065433e-02 
112.600000 1.0666638340133320e-02 
112.800000 1.0666639009366161e-02 
113.000000 1.0666639676673823e-02 
113.200000 1.0666640341057212e-02 
113.400000 1.0666641001602825e-02 
113.600000 1.0666641657477403e-02 
113.800000 1.0666642307922806e-02 
114.000000 1.0666642952251407e-02 
114.200000 1.0666643589841523e-02 
114.400000 1.0666644220133012e-02 
114.600000 1.0666644842623647e-02 
114.800000 1.0666645456865031e-02 
115.000000 1.0666646062459076e-02 
115.200000 1.0666646659054686e-02 
115.400000 1.0666647246344618e-02 
115.600000 1.0666647824062380e-02 
115.800000 1.0666648391979377e-02 
116.000000 1.0666648949902427e-02 
116.200000 1.0666649497671115e-02 
116.400000 1.0666650035155422e-02 
116.600000 1.0666650562253558e-02 
116.800000 1.0666651078889798e-02 
117.000000 1.0666651585012548e-02 
117.200000 1.0666652080592615e-02 
117.400000 1.0666652565621193e-02 
117.600000 1.0666653040108446e-02 
117.800000 1.0666653504081846e-02 
118.000000 1.0666653957584808e-02 
118.200000 1.0666654400675272e-02 
118.400000 1.0666654833424561e-02 
118.600000 1.0666655255916009e-02 
118.800000 1.0666655668243869e-02 
119.000000 1.0666656070512507e-02 
119.200000 1.0666656462835055e-02 
119.400000 1.0666656845332764e-02 
119.600000 1.0666657218134047e-02 
119.800000 1.0666657581373713e-02 
120.000000 1.0666657935192253e-02 
120.200000 1.0666658279735021e-02 
120.400000 1.0666658615151665e-02 
120.600000 1.0666658941595615e-02 
120.800000 1.0666659259223367e-02 
121.000000 1.0666659568194022e-02 
121.200000 1.0666659868668840e-02 
121.400000 1.0666660160810722e-02 
121.600000 1.0666660444783885e-02 
121.800000 1.0666660720753363e-02 
122.000000 1.0666660988884816e-02 
122.200000 1.0666661249343991e-02 
122.400000 1.0666661502296589e-02 
122.600000 1.0666661747907967e-02 
122.800000 1.0666661986342734e-02 
123.000000 1.0666662217764718e-02 
123.200000 1.0666662442336709e-02 
123.400000 1.0666662660220162e-02 
123.600000 1.0666662871575137e-02 
123.800000 1.0666663076560053e-02 
124.000000 1.0666663275331535e-02 
124.200000 1.0666663468044502e-02 
124.400000 1.0666663654851668e-02 
124.600000 1.0666663835903820e-02 
124.800000 1.0666664011349457e-02 
125.000000 1.0666664181334924e-02 
125.200000 1.0666664346004140e-02 
125.400000 1.0666664505498585e-02 
125.600000 1.0666664659957463e-02 
125.800000 1.0666664809517444e-02 
126.000000 1.0666664954312476e-02 
126.200000 1.0666665094474314e-02 
126.400000 1.0666665230131739e-02 
126.600000 1.0666665361411264e-02 
126.800000 1.0666665488436720e-02 
127.000000 1.0666665611329267e-02 
127.200000 1.0666665730207510e-02 
127.400000 1.0666665845187466e-02 
127.600000 1.0666665956382602e-02 
127.800000 1.0666666063903717e-02 
128.000000 1.0666666167859180e-02 
128.200000 1.0666666268354710e-02 
128.400000 1.0666666365493557e-02 
128.600000 1.0666666459376526e-02 
128.800000 1.0666666550101837e-02 
129.000000 1.0666666637765349e-02 
129.200000 1.0666666722460664e-02 
129.400000 1.0666666804278656e-02 
129.600000 1.0666666883308230e-02 
129.800000 1.0666666959635706e-02 
130.000000 1.0666667033345350e-02 
130.200000 1.0666667104519037e-02 
130.400000 1.0666667173236541e-02 
130.600000 1.0666667239575472e-02 
130.800000 1.0666667303611320e-02 
131.000000 1.0666667365417421e-02 
131.200000 1.0666667425065184e-02 
131.400000 1.0666667482624048e-02 
131.600000 1.0666667538161371e-02 
131.800000 1.0666667591742618e-02 
132.000000 1.0666667643431552e-02 
132.200000 1.0666667693289935e-02 
132.400000 1.0666667741377664e-02 
132.600000 1.0666667787753166e-02 
132.800000 1.0666667832472854e-02 
133.000000 1.0666667875591739e-02 
133.200000 1.0666667917162979e-02 
133.400000 1.0666667957238236e-02 
133.600000 1.0666667995867633e-02 
133.800000 1.0666668033099723e-02 
134.000000 1.0666668068981647e-02 
134.200000 1.0666668103559013e-02 
134.400000 1.0666668136876141e-02 
134.600000 1.0666668168975879e-02 
134.800000 1.0666668199899797e-02 
135.000000 1.0666668229688125e-02 
135.200000 1.0666668258379928e-02 
135.400000 1.0666668286012876e-02 
135.600000 1.0666668312623551e-02 
135.800000 1.0666668338247406e-02 
136.000000 1.0666668362918687e-02 
136.200000 1.0666668386670559e-02 
136.400000 1.0666668409535104e-02 
136.600000 1.0666668431543390e-02 
136.800000 1.0666668452725471e-02 
137.000000 1.0666668473110383e-02 
137.200000 1.0666668492726303e-02 
137.400000 1.0666668511600327e-02 
137.600000 1.0666668529758762e-02 
137.800000 1.0666668547227046e-02 
138.000000 1.0666668564029749e-02 
138.200000 1.0666668580190535e-02 
138.400000 1.0666668595732469e-02 
138.600000 1.0666668610677570e-02 
138.800000 1.0666668625047339e-02 
139.000000 1.0666668638862504e-02 
139.200000 1.0666668652142939e-02 
139.400000 1.0666668664908041e-02 
139.600000 1.0666668677176260e-02 
139.800000 1.0666668688965720e-02 
140.000000 1.0666668700293815e-02 
140.200000 1.0666668711177196e-02 
140.400000 1.0666668721632050e-02 
140.600000 1.0666668731674007e-02 
140.800000 1.0666668741318107e-02 
141.000000 1.0666668750578793e-02 
141.200000 1.0666668759470109e-02 
141.400000 1.0666668768005604e-02 
141.600000 1.0666668776198191e-02 
141.800000 1.0666668784060467e-02 
142.000000 1.0666668791604529e-02 
142.200000 1.0666668798841964e-02 
142.400000 1.0666668805783935e-02 
142.600000 1.0666668812441394e-02 
142.800000 1.0666668818824618e-02 
143.000000 1.0666668824943579e-02 
143.200000 1.0666668830808057e-02 
143.400000 1.0666668836427187e-02 
143.600000 1.0666668841810010e-02 
143.800000 1.0666668846965042e-02 
144.000000 1.0666668851900611e-02 
144.200000 1.0666668856624626e-02 
144.400000 1.0666668861144681e-02 
144.600000 1.0666668865468094e-02 
144.800000 1.0666668869601749e-02 
145.000000 1.0666668873552380e-02 
145.200000 1.0666668877326450e-02 
145.400000 1.0666668880930159e-02 
145.600000 1.0666668884369445e-02 
145.800000 1.0666668887650034e-02 
146.000000 1.0666668890777532e-02 
146.200000 1.0666668893757213e-02 
146.400000 1.0666668896594256e-02 
146.600000 1.0666668899293711e-02 
146.800000 1.0666668901860358e-02 
147.000000 1.0666668904298512e-02 
147.200000 1.0666668906611058e-02 
147.400000 1.0666668908801365e-02 
147.600000 1.0666668910872817e-02 
147.800000 1.0666668912828921e-02 
148.000000 1.0666668914673355e-02 
148.200000 1.0666668916409907e-02 
148.400000 1.0666668918042315e-02 
148.600000 1.0666668919574421e-02 
148.800000 1.0666668921009996e-02 
149.000000 1.0666668922352933e-02 
149.200000 1.0666668923606844e-02 
149.400000 1.0666668924775647e-02 
149.600000 1.0666668925862939e-02 
149.800000 1.0666668926872283e-02 
