0.000000 2.3431564058469335e-02 
0.200000 2.3432153043683516e-02 
0.400000 2.3434626359298154e-02 
0.600000 2.3440201023899879e-02 
0.800000 2.3449922146525380e-02 
1.000000 2.3464692910090717e-02 
1.200000 2.3485307850158565e-02 
1.400000 2.3512449623937694e-02 
1.600000 2.3546694201402336e-02 
1.800000 2.3588587846383156e-02 
2.000000 2.3638634737581207e-02 
2.200000 2.3697290845003230e-02 
2.400000 2.3764966224309465e-02 
2.600000 2.3842037879603487e-02 
2.800000 2.3928860983165705e-02 
3.000000 2.4025765938518111e-02 
3.200000 2.4133063691343423e-02 
3.400000 2.4251105604635025e-02 
3.600000 2.4380181531799886e-02 
3.800000 2.4520556195183375e-02 
4.000000 2.4672486280981846e-02 
4.200000 2.4836231171785406e-02 
4.400000 2.5012048135958496e-02 
4.600000 2.5200197180467308e-02 
4.800000 2.5400942941861130e-02 
5.000000 2.5614560645659468e-02 
5.200000 2.5841332274690616e-02 
5.400000 2.6081550048031348e-02 
5.600000 2.6335517010071110e-02 
5.800000 2.6603550635189634e-02 
6.000000 2.6885980184312742e-02 
6.200000 2.7183149250058585e-02 
6.400000 2.7495415540735684e-02 
6.600000 2.7823151369833588e-02 
6.800000 2.8166746140231978e-02 
7.000000 2.8526607244456260e-02 
7.200000 2.8903162355020006e-02 
7.400000 2.9296860244777737e-02 
7.600000 2.9708172466065483e-02 
7.800000 3.0137594344490027e-02 
8.000000 3.0585646613325142e-02 
8.200000 3.1052876394852283e-02 
8.400000 3.1539858706445247e-02 
8.600000 3.2047197619962740e-02 
8.800000 3.2575527806013520e-02 
9.000000 3.3125515773670490e-02 
9.200000 3.3697861495248886e-02 
9.400000 3.4293299941324164e-02 
9.600000 3.4912602902430180e-02 
9.800000 3.5556580528722369e-02 
10.000000 3.6226083099653236e-02 
10.200000 3.6922002727290563e-02 
10.400000 3.7645275332978012e-02 
10.600000 3.8396882475258950e-02 
10.800000 3.9177853332371532e-02 
11.000000 3.9989266564712786e-02 
11.200000 4.0832252273391129e-02 
11.400000 4.1707993826829298e-02 
11.600000 4.2617729725388027e-02 
11.800000 4.3562755340121634e-02 
12.000000 4.4544424637363085e-02 
12.200000 4.5564151733508626e-02 
12.400000 4.6623412347112404e-02 
12.600000 4.7723745031707954e-02 
12.800000 4.8866752228450508e-02 
13.000000 5.0054100973682736e-02 
13.200000 5.1287523321513859e-02 
13.400000 5.2568816327964604e-02 
13.600000 5.3899841580597817e-02 
13.800000 5.5282524118376260e-02 
14.000000 5.6718850721274000e-02 
14.200000 5.8210867420745063e-02 
14.400000 5.9760676149186932e-02 
14.600000 6.1370430369387531e-02 
14.800000 6.3042329596264907e-02 
15.000000 6.4778612644467257e-02 
15.200000 6.6581549472336285e-02 
15.400000 6.8453431445658200e-02 
15.600000 7.0396559887211482e-02 
15.800000 7.2413232737353742e-02 
16.000000 7.4505729166618934e-02 
16.200000 7.6676291987313697e-02 
16.400000 7.8927107716066966e-02 
16.600000 8.1260284158613999e-02 
16.800000 8.3677825405816017e-02 
17.000000 8.6181604162318848e-02 
17.200000 8.8773331364840002e-02 
17.400000 9.1454523095384752e-02 
17.600000 9.4226464848759059e-02 
17.800000 9.7090173281620465e-02 
18.000000 1.0004635564553371e-01 
18.200000 1.0309536719274848e-01 
18.400000 1.0623716693670343e-01 
18.600000 1.0947127225182869e-01 
18.800000 1.1279671290351063e-01 
19.000000 1.1621198520940090e-01 
19.200000 1.1971500714073006e-01 
19.400000 1.2330307527771908e-01 
19.600000 1.2697282462640716e-01 
19.800000 1.3072019238557844e-01 
20.000000 1.3454038681114999e-01 
20.200000 1.3842786236083338e-01 
20.400000 1.4237630230404616e-01 
20.600000 1.4637860994948040e-01 
20.800000 1.5042690956784147e-01 
21.000000 1.5451255796979790e-01 
21.200000 1.5862616753503692e-01 
21.400000 1.6275764127972051e-01 
21.600000 1.6689622029752793e-01 
21.800000 1.7103054362103753e-01 
22.000000 1.7514872023089079e-01 
22.200000 1.7923841260240567e-01 
22.400000 1.8328693083382885e-01 
22.600000 1.8728133606303779e-01 
22.800000 1.9120855156366939e-01 
23.000000 1.9505547963399281e-01 
23.200000 1.9880912216536631e-01 
23.400000 2.0245670261515653e-01 
23.600000 2.0598578701979436e-01 
23.800000 2.0938440167386116e-01 
24.000000 2.1264114517164151e-01 
24.200000 2.1574529265630302e-01 
24.400000 2.1868689034145269e-01 
24.600000 2.2145683865024834e-01 
24.800000 2.2404696264491791e-01 
25.000000 2.2645006877938750e-01 
25.200000 2.2865998738344409e-01 
25.400000 2.3067160066268355e-01 
25.600000 2.3248085635931087e-01 
25.800000 2.3408476755196175e-01 
26.000000 2.3548139936731211e-01 
26.200000 2.3666984362477109e-01 
26.400000 2.3765018263314974e-01 
26.600000 2.3842344350273895e-01 
26.800000 2.3899154442834997e-01 
27.000000 2.3935723444113208e-01 
27.200000 2.3952402812385823e-01 
27.400000 2.3949613674147671e-01 
27.600000 2.3927839716251026e-01 
27.800000 2.3887619984417074e-01 
28.000000 2.3829541703168777e-01 
28.200000 2.3754233218677365e-01 
28.400000 2.3662357151749586e-01 
28.600000 2.3554603833724166e-01 
28.800000 2.3431685083858081e-01 
29.000000 2.3294328373227954e-01 
29.200000 2.3143271407528582e-01 
29.400000 2.2979257149632887e-01 
29.600000 2.2803029292507815e-01 
29.800000 2.2615328184129868e-01 
30.000000 2.2416887198429611e-01 
30.200000 2.2208429539975794e-01 
30.400000 2.1990665465037496e-01 
30.600000 2.1764289897731831e-01 
30.800000 2.1529980417085684e-01 
31.000000 2.1288395588881218e-01 
31.200000 2.1040173615012911e-01 
31.400000 2.0785931272629929e-01 
31.600000 2.0526263115460372e-01 
31.800000 2.0261740910307419e-01 
32.000000 1.9992913282673344e-01 
32.200000 1.9720305546714717e-01 
32.400000 1.9444419696184115e-01 
32.600000 1.9165734534603379e-01 
32.800000 1.8884705924580078e-01 
33.000000 1.8601767137880756e-01 
33.200000 1.8317329289563111e-01 
33.400000 1.8031781841124131e-01 
33.600000 1.7745493159210352e-01 
33.800000 1.7458811117950390e-01 
34.000000 1.7172063734384144e-01 
34.200000 1.6885559827787747e-01 
34.400000 1.6599589694906786e-01 
34.600000 1.6314425794220910e-01 
34.800000 1.6030323433373792e-01 
35.000000 1.5747521454806518e-01 
35.200000 1.5466242915445091e-01 
35.400000 1.5186695757013152e-01 
35.600000 1.4909073464176037e-01 
35.800000 1.4633555708277235e-01 
36.000000 1.4360308974915756e-01 
36.200000 1.4089487174028761e-01 
36.400000 1.3821232231504874e-01 
36.600000 1.3555674661658784e-01 
36.800000 1.3292934120156008e-01 
37.000000 1.3033119937196580e-01 
37.200000 1.2776331630938645e-01 
37.400000 1.2522659401300629e-01 
37.600000 1.2272184604389728e-01 
37.800000 1.2024980207905911e-01 
38.000000 1.1781111227942179e-01 
38.200000 1.1540635147658490e-01 
38.400000 1.1303602318348008e-01 
38.600000 1.1070056343443829e-01 
38.800000 1.0840034446030718e-01 
39.000000 1.0613567820438743e-01 
39.200000 1.0390681968496032e-01 
39.400000 1.0171397021015492e-01 
39.600000 9.9557280450838212e-02 
39.800000 9.7436853377084909e-02 
40.000000 9.5352747063662327e-02 
40.200000 9.3304977369798980e-02 
40.400000 9.1293520498346298e-02 
40.600000 8.9318315439256279e-02 
40.800000 8.7379266302121436e-02 
41.000000 8.5476244542337654e-02 
41.200000 8.3609091085266318e-02 
41.400000 8.1777618352594658e-02 
41.600000 7.9981612194911650e-02 
41.800000 7.8220833734355968e-02 
42.000000 7.6495021121015985e-02 
42.200000 7.4803891206616888e-02 
42.400000 7.3147141138867347e-02 
42.600000 7.1524449879703647e-02 
42.800000 6.9935479650529833e-02 
43.000000 6.8379877307418999e-02 
43.200000 6.6857275649123304e-02 
43.400000 6.5367294660623992e-02 
43.600000 6.3909542694836258e-02 
43.800000 6.2483617594985719e-02 
44.000000 6.1089107760071835e-02 
44.200000 5.9725593155739658e-02 
44.400000 5.8392646272794210e-02 
44.600000 5.7089833035501712e-02 
44.800000 5.5816713661749326e-02 
45.000000 5.4572843477051922e-02 
45.200000 5.3357773684324865e-02 
45.400000 5.2171052091268974e-02 
45.600000 5.1012223797149904e-02 
45.800000 4.9880831840688082e-02 
46.000000 4.8776417810713631e-02 
46.200000 4.7698522421183068e-02 
46.400000 4.6646686052094516e-02 
46.600000 4.5620449257787028e-02 
46.800000 4.4619353244054291e-02 
47.000000 4.3642940315447000e-02 
47.200000 4.2690754294102705e-02 
47.400000 4.1762340911372528e-02 
47.600000 4.0857248173490235e-02 
47.800000 3.9975026702464347e-02 
48.000000 3.9115230053343594e-02 
48.200000 3.8277415008956192e-02 
48.400000 3.7461141853186650e-02 
48.600000 3.6665974623807482e-02 
48.800000 3.5891481345853828e-02 
49.000000 3.5137234246478195e-02 
49.200000 3.4402809952201817e-02 
49.400000 3.3687789669426975e-02 
49.600000 3.2991759349052283e-02 
49.800000 3.2314309835994703e-02 
50.000000 3.1655037004390249e-02 
50.200000 3.1013541879208992e-02 
50.400000 3.0389430745003165e-02 
50.600000 2.9782315242458446e-02 
50.800000 2.9191812453407972e-02 
51.000000 2.8617544974927835e-02 
51.200000 2.8059140983114034e-02 
51.400000 2.7516234287111477e-02 
51.600000 2.6988464373941600e-02 
51.800000 2.6475476444650030e-02 
52.000000 2.5976921442275619e-02 
52.200000 2.5492456072116587e-02 
52.400000 2.5021742814746700e-02 
52.600000 2.4564449932221774e-02 
52.800000 2.4120251467884799e-02 
53.000000 2.3688827240169491e-02 
53.200000 2.3269862830777310e-02 
53.400000 2.2863049567587196e-02 
53.600000 2.2468084502641136e-02 
53.800000 2.2084670385530476e-02 
54.000000 2.1712515632492862e-02 
54.200000 2.1351334291517615e-02 
54.400000 2.1000846003736012e-02 
54.600000 2.0660775961366576e-02 
54.800000 2.0330854862469556e-02 
55.000000 2.0010818862747613e-02 
55.200000 1.9700409524627593e-02 
55.400000 1.9399373763835742e-02 
55.600000 1.9107463793675290e-02 
55.800000 1.8824437067202038e-02 
56.000000 1.8550056217483464e-02 
56.200000 1.8284088996116266e-02 
56.400000 1.8026308210171822e-02 
56.600000 1.7776491657725380e-02 
56.800000 1.7534422062118703e-02 
57.000000 1.7299887005100361e-02 
57.200000 1.7072678858974254e-02 
57.400000 1.6852594717885933e-02 
57.600000 1.6639436328365606e-02 
57.800000 1.6433010019240201e-02 
58.000000 1.6233126631023359e-02 
58.200000 1.6039601444882159e-02 
58.400000 1.5852254111277615e-02 
58.600000 1.5670908578367920e-02 
58.800000 1.5495393020258539e-02 
59.000000 1.5325539765179433e-02 
59.200000 1.5161185223664929e-02 
59.400000 1.5002169816804601e-02 
59.600000 1.4848337904633670e-02 
59.800000 1.4699537714723794e-02 
60.000000 1.4555621271032286e-02 
60.200000 1.4416444323065093e-02 
60.400000 1.4281866275403779e-02 
60.600000 1.4151750117645091e-02 
60.800000 1.4025962354796400e-02 
61.000000 1.3904372938169880e-02 
61.200000 1.3786855196812792e-02 
61.400000 1.3673285769510763e-02 
61.600000 1.3563544537396480e-02 
61.800000 1.3457514557195077e-02 
62.000000 1.3355081995134670e-02 
62.200000 1.3256136061547826e-02 
62.400000 1.3160568946188301e-02 
62.600000 1.3068275754285104e-02 
62.800000 1.2979154443353730e-02 
63.000000 1.2893105760782880e-02 
63.200000 1.2810033182213389e-02 
63.400000 1.2729842850724078e-02 
63.600000 1.2652443516837220e-02 
63.800000 1.2577746479356682e-02 
64.000000 1.2505665527047625e-02 
64.200000 1.2436116881168078e-02 
64.400000 1.2369019138858597e-02 
64.600000 1.2304293217398525e-02 
64.800000 1.2241862299331724e-02 
65.000000 1.2181651778468536e-02 
65.200000 1.2123589206765095e-02 
65.400000 1.2067604242083581e-02 
65.600000 1.2013628596833782e-02 
65.800000 1.1961595987497478e-02 
66.000000 1.1911442085033879e-02 
66.200000 1.1863104466165817e-02 
66.400000 1.1816522565544791e-02 
66.600000 1.1771637628791420e-02 
66.800000 1.1728392666408819e-02 
67.000000 1.1686732408564769e-02 
67.200000 1.1646603260737319e-02 
67.400000 1.1607953260220362e-02 
67.600000 1.1570732033481954e-02 
67.800000 1.1534890754370333e-02 
68.000000 1.1500382103160572e-02 
68.200000 1.1467160226435357e-02 
68.400000 1.1435180697791635e-02 
68.600000 1.1404400479367142e-02 
68.800000 1.1374777884176424e-02 
69.000000 1.1346272539249887e-02 
69.200000 1.1318845349566226e-02 
69.400000 1.1292458462769469e-02 
69.600000 1.1267075234661634e-02 
69.800000 1.1242660195461171e-02 
70.000000 1.1219179016817847e-02 
70.200000 1.1196598479574228e-02 
70.400000 1.1174886442263379e-02 
70.600000 1.1154011810333469e-02 
70.800000 1.1133944506087571e-02 
71.000000 1.1114655439330013e-02 
71.200000 1.1096116478707093e-02 
71.400000 1.1078300423732612e-02 
71.600000 1.1061180977487324e-02 
71.800000 1.1044732719980905e-02 
72.000000 1.1028931082166916e-02 
72.200000 1.1013752320598133e-02 
72.400000 1.0999173492713671e-02 
72.600000 1.0985172432744550e-02 
72.800000 1.0971727728228620e-02 
73.000000 1.0958818697123547e-02 
73.200000 1.0946425365506078e-02 
73.400000 1.0934528445848172e-02 
73.600000 1.0923109315858015e-02 
73.800000 1.0912149997875825e-02 
74.000000 1.0901633138813711e-02 
74.200000 1.0891541990628051e-02 
74.400000 1.0881860391315133e-02 
74.600000 1.0872572746418768e-02 
74.800000 1.0863664011039038e-02 
75.000000 1.0855119672332833e-02 
75.200000 1.0846925732494966e-02 
75.400000 1.0839068692210218e-02 
75.600000 1.0831535534565869e-02 
75.800000 1.0824313709415251e-02 
76.000000 1.0817391118181290e-02 
76.200000 1.0810756099092151e-02 
76.400000 1.0804397412837003e-02 
76.600000 1.0798304228634294e-02 
76.800000 1.0792466110702264e-02 
77.000000 1.0786873005122100e-02 
77.200000 1.0781515227085195e-02 
77.400000 1.0776383448515021e-02 
77.600000 1.0771468686055006e-02 
77.800000 1.0766762289412968e-02 
78.000000 1.0762255930054412e-02 
78.200000 1.0757941590235428e-02 
78.400000 1.0753811552366573e-02 
78.600000 1.0749858388700552e-02 
78.800000 1.0746074951334275e-02 
79.000000 1.0742454362518274e-02 
79.200000 1.0738990005265093e-02 
79.400000 1.0735675514249159e-02 
79.600000 1.0732504766990270e-02 
79.800000 1.0729471875313515e-02 
80.000000 1.0726571177078681e-02 
80.200000 1.0723797228170828e-02 
80.400000 1.0721144794746347e-02 
80.600000 1.0718608845726731e-02 
80.800000 1.0716184545533320e-02 
81.000000 1.0713867247057293e-02 
81.200000 1.0711652484856901e-02 
81.400000 1.0709535968577358e-02 
81.600000 1.0707513576585627e-02 
81.800000 1.0705581349814704e-02 
82.000000 1.0703735485811822e-02 
82.200000 1.0701972332983789e-02 
82.400000 1.0700288385034938e-02 
82.600000 1.0698680275590544e-02 
82.800000 1.0697144773002340e-02 
83.000000 1.0695678775328846e-02 
83.200000 1.0694279305486311e-02 
83.400000 1.0692943506565527e-02 
83.600000 1.0691668637308457e-02 
83.800000 1.0690452067740818e-02 
84.000000 1.0689291274955362e-02 
84.200000 1.0688183839041882e-02 
84.400000 1.0687127439158403e-02 
84.600000 1.0686119849740274e-02 
84.800000 1.0685158936842309e-02 
85.000000 1.0684242654610003e-02 
85.200000 1.0683369041875475e-02 
85.400000 1.0682536218874784e-02 
85.600000 1.0681742384082338e-02 
85.800000 1.0680985811158658e-02 
86.000000 1.0680264846008156e-02 
86.200000 1.0679577903942824e-02 
86.400000 1.0678923466949498e-02 
86.600000 1.0678300081055728e-02 
86.800000 1.0677706353792556e-02 
87.000000 1.0677140951750165e-02 
87.200000 1.0676602598223334e-02 
87.400000 1.0676090070944231e-02 
87.600000 1.0675602199898975e-02 
87.800000 1.0675137865225849e-02 
88.000000 1.0674695995191798e-02 
88.200000 1.0674275564244738e-02 
88.400000 1.0673875591139343e-02 
88.600000 1.0673495137133730e-02 
88.800000 1.0673133304254161e-02 
89.000000 1.0672789233625871e-02 
89.200000 1.0672462103867872e-02 
89.400000 1.0672151129548783e-02 
89.600000 1.0671855559702563e-02 
89.800000 1.0671574676400642e-02 
90.000000 1.0671307793380576e-02 
90.200000 1.0671054254726415e-02 
90.400000 1.0670813433601928e-02 
90.600000 1.0670584731032124e-02 
90.800000 1.0670367574733641e-02 
91.000000 1.0670161417990199e-02 
91.200000 1.0669965738573109e-02 
91.400000 1.0669780037704250e-02 
91.600000 1.0669603839059991e-02 
91.800000 1.0669436687815658e-02 
92.000000 1.0669278149727113e-02 
92.200000 1.0669127810249942e-02 
92.400000 1.0668985273693997e-02 
92.600000 1.0668850162411349e-02 
92.800000 1.0668722116018433e-02 
93.000000 1.0668600790648356e-02 
93.200000 1.0668485858234570e-02 
93.400000 1.0668377005823591e-02 
93.600000 1.0668273934915717e-02 
93.800000 1.0668176360833222e-02 
94.000000 1.0668084012113953e-02 
94.200000 1.0667996629930669e-02 
94.400000 1.0667913967534064e-02 
94.600000 1.0667835789719299e-02 
94.800000 1.0667761872314064e-02 
95.000000 1.0667692001688918e-02 
95.200000 1.0667625974287758e-02 
95.400000 1.0667563596178016e-02 
95.600000 1.0667504682619832e-02 
95.800000 1.0667449057653610e-02 
96.000000 1.0667396553704861e-02 
96.200000 1.0667347011206224e-02 
96.400000 1.0667300278235078e-02 
96.600000 1.0667256210167000e-02 
96.800000 1.0667214669344253e-02 
97.000000 1.0667175524758024e-02 
97.200000 1.0667138651745019e-02 
97.400000 1.0667103931696309e-02 
97.600000 1.0667071251779849e-02 
97.800000 1.0667040504674159e-02 
98.000000 1.0667011588314346e-02 
98.200000 1.0666984405648351e-02 
98.400000 1.0666958864405130e-02 
98.600000 1.0666934876871559e-02 
98.800000 1.0666912359680463e-02 
99.000000 1.0666891233607159e-02 
99.200000 1.0666871423375461e-02 
99.400000 1.0666852857472025e-02 
99.600000 1.0666835467969355e-02 
99.800000 1.0666819190356018e-02 
100.000000 1.0666803963375306e-02 
100.200000 1.0666789728870597e-02 
100.400000 1.0666776431637518e-02 
100.600000 1.0666764019283573e-02 
100.800000 1.0666752442093197e-02 
101.000000 1.0666741652899332e-02 
101.200000 1.0666731606961173e-02 
101.400000 1.0666722261846806e-02 
101.600000 1.0666713577321853e-02 
101.800000 1.0666705515242630e-02 
102.000000 1.0666698039454563e-02 
102.200000 1.0666691115695551e-02 
102.400000 1.0666684711502939e-02 
102.600000 1.0666678796125715e-02 
102.800000 1.0666673340440176e-02 
103.000000 1.0666668316869779e-02 
103.200000 1.0666663699308561e-02 
103.400000 1.0666659463048492e-02 
103.600000 1.0666655584709707e-02 
103.800000 1.0666652042174402e-02 
104.000000 1.0666648814523760e-02 
104.200000 1.0666645881977778e-02 
104.400000 1.0666643225837947e-02 
104.600000 1.0666640828432839e-02 
104.800000 1.0666638673065892e-02 
105.000000 1.0666636743966274e-02 
105.200000 1.0666635026241392e-02 
105.400000 1.0666633505832157e-02 
105.600000 1.0666632169470430e-02 
105.800000 1.0666631004638244e-02 
106.000000 1.0666629999528960e-02 
106.200000 1.0666629143010807e-02 
106.400000 1.0666628424591564e-02 
106.600000 1.0666627834385380e-02 
106.800000 1.0666627363080952e-02 
107.000000 1.0666627001911545e-02 
107.200000 1.0666626742626206e-02 
107.400000 1.0666626577462625e-02 
107.600000 1.0666626499121010e-02 
107.800000 1.0666626500739856e-02 
108.000000 1.0666626575871951e-02 
108.200000 1.0666626718462781e-02 
108.400000 1.0666626922828853e-02 
108.600000 1.0666627183638011e-02 
108.800000 1.0666627495890127e-02 
109.000000 1.0666627854899198e-02 
109.200000 1.0666628256275828e-02 
109.400000 1.0666628695911378e-02 
109.600000 1.0666629169961875e-02 
109.800000 1.0666629674833962e-02 
110.000000 1.0666630207170394e-02 
110.200000 1.0666630763837082e-02 
110.400000 1.0666631341910475e-02 
110.600000 1.0666631938665615e-02 
110.800000 1.0666632551564859e-02 
111.000000 1.0666633178247216e-02 
111.200000 1.0666633816518122e-02 
111.400000 1.0666634464339792e-02 
111.600000 1.0666635119822156e-02 
111.800000 1.0666635781214323e-02 
112.000000 1.0666636446896182e-02 
112.200000 1.0666637115370754e-02 
112.400000 1.0666637785256875e-02 
112.600000 1.0666638455282235e-02 
112.800000 1.0666639124276796e-02 
113.000000 1.0666639791166589e-02 
113.200000 1.0666640454967664e-02 
113.400000 1.0666641114780887e-02 
113.600000 1.0666641769786264e-02 
113.800000 1.0666642419238205e-02 
114.000000 1.0666643062460833e-02 
114.200000 1.0666643698843341e-02 
114.400000 1.0666644327836044e-02 
114.600000 1.0666644948946152e-02 
114.800000 1.0666645561734222e-02 
115.000000 1.0666646165810650e-02 
115.200000 1.0666646760832007e-02 
115.400000 1.0666647346498456e-02 
115.600000 1.0666647922550114e-02 
115.800000 1.0666648488764864e-02 
116.000000 1.0666649044955307e-02 
116.200000 1.0666649590966387e-02 
116.400000 1.0666650126673201e-02 
116.600000 1.0666650651978603e-02 
116.800000 1.0666651166811217e-02 
117.000000 1.0666651671123453e-02 
117.200000 1.0666652164889719e-02 
117.400000 1.0666652648104643e-02 
117.600000 1.0666653120781473e-02 
117.800000 1.0666653582950606e-02 
118.000000 1.0666654034658010e-02 
118.200000 1.0666654475964130e-02 
118.400000 1.0666654906942330e-02 
118.600000 1.0666655327677965e-02 
118.800000 1.0666655738267120e-02 
119.000000 1.0666656138815697e-02 
119.200000 1.0666656529438413e-02 
119.400000 1.0666656910257817e-02 
119.600000 1.0666657281403365e-02 
119.800000 1.0666657643011015e-02 
120.000000 1.0666657995222120e-02 
120.200000 1.0666658338182837e-02 
120.400000 1.0666658672043545e-02 
120.600000 1.0666658996958142e-02 
120.800000 1.0666659313083672e-02 
121.000000 1.0666659620579713e-02 
121.200000 1.0666659919607755e-02 
121.400000 1.0666660210331011e-02 
121.600000 1.0666660492913886e-02 
121.800000 1.0666660767521497e-02 
122.000000 1.0666661034319557e-02 
122.200000 1.0666661293473819e-02 
122.400000 1.0666661545150051e-02 
122.600000 1.0666661789513306e-02 
122.800000 1.0666662026728335e-02 
123.000000 1.0666662256958630e-02 
123.200000 1.0666662480366802e-02 
123.400000 1.0666662697114044e-02 
123.600000 1.0666662907360198e-02 
123.800000 1.0666663111263418e-02 
124.000000 1.0666663308979984e-02 
124.200000 1.0666663500664418e-02 
124.400000 1.0666663686469216e-02 
124.600000 1.0666663866544709e-02 
124.800000 1.0666664041039088e-02 
125.000000 1.0666664210098152e-02 
125.200000 1.0666664373865617e-02 
125.400000 1.0666664532482380e-02 
125.600000 1.0666664686087318e-02 
125.800000 1.0666664834816557e-02 
126.000000 1.0666664978803813e-02 
126.200000 1.0666665118180105e-02 
126.400000 1.0666665253074054e-02 
126.600000 1.0666665383611655e-02 
126.800000 1.0666665509916151e-02 
127.000000 1.0666665632108397e-02 
127.200000 1.0666665750306482e-02 
127.400000 1.0666665864626026e-02 
127.600000 1.0666665975180054e-02 
127.800000 1.0666666082078901e-02 
128.000000 1.0666666185430477e-02 
128.200000 1.0666666285340102e-02 
128.400000 1.0666666381910580e-02 
128.600000 1.0666666475242269e-02 
128.800000 1.0666666565432985e-02 
129.000000 1.0666666652578238e-02 
129.200000 1.0666666736771082e-02 
129.400000 1.0666666818102159e-02 
129.600000 1.0666666896659778e-02 
129.800000 1.0666666972529998e-02 
130.000000 1.0666667045796668e-02 
130.200000 1.0666667116541307e-02 
130.400000 1.0666667184843255e-02 
130.600000 1.0666667250779797e-02 
130.800000 1.0666667314426049e-02 
131.000000 1.0666667375855036e-02 
131.200000 1.0666667435137731e-02 
131.400000 1.0666667492343324e-02 
131.600000 1.0666667547538790e-02 
131.800000 1.0666667600789270e-02 
132.000000 1.0666667652158212e-02 
132.200000 1.0666667701707060e-02 
132.400000 1.0666667749495507e-02 
132.600000 1.0666667795581510e-02 
132.800000 1.0666667840021354e-02 
133.000000 1.0666667882869610e-02 
133.200000 1.0666667924179269e-02 
133.400000 1.0666667964001685e-02 
133.600000 1.0666668002386711e-02 
133.800000 1.0666668039382690e-02 
134.000000 1.0666668075036507e-02 
134.200000 1.0666668109393443e-02 
134.400000 1.0666668142497634e-02 
134.600000 1.0666668174391682e-02 
134.800000 1.0666668205116978e-02 
135.000000 1.0666668234713472e-02 
135.200000 1.0666668263220025e-02 
135.400000 1.0666668290674116e-02 
135.600000 1.0666668317112167e-02 
135.800000 1.0666668342569369e-02 
136.000000 1.0666668367079770e-02 
136.200000 1.0666668390676369e-02 
136.400000 1.0666668413391077e-02 
136.600000 1.0666668435254802e-02 
136.800000 1.0666668456297351e-02 
137.000000 1.0666668476547741e-02 
137.200000 1.0666668496033793e-02 
137.400000 1.0666668514782570e-02 
137.600000 1.0666668532820205e-02 
137.800000 1.0666668550172013e-02 
138.000000 1.0666668566862395e-02 
138.200000 1.0666668582914799e-02 
138.400000 1.0666668598352276e-02 
138.600000 1.0666668613196737e-02 
138.800000 1.0666668627469423e-02 
139.000000 1.0666668641190960e-02 
139.200000 1.0666668654381191e-02 
139.400000 1.0666668667059280e-02 
139.600000 1.0666668679243750e-02 
139.800000 1.0666668690952390e-02 
140.000000 1.0666668702202639e-02 
140.200000 1.0666668713011009e-02 
140.400000 1.0666668723393590e-02 
140.600000 1.0666668733365893e-02 
140.800000 1.0666668742942821e-02 
141.000000 1.0666668752138911e-02 
141.200000 1.0666668760967942e-02 
141.400000 1.0666668769443399e-02 
141.600000 1.0666668777578199e-02 
141.800000 1.0666668785384838e-02 
142.000000 1.0666668792875169e-02 
142.200000 1.0666668800060924e-02 
142.400000 1.0666668806953163e-02 
142.600000 1.0666668813562596e-02 
142.800000 1.0666668819899583e-02 
143.000000 1.0666668825974049e-02 
143.200000 1.0666668831795586e-02 
143.400000 1.0666668837373428e-02 
143.600000 1.0666668842716383e-02 
143.800000 1.0666668847833060e-02 
144.000000 1.0666668852731650e-02 
144.200000 1.0666668857420042e-02 
144.400000 1.0666668861905775e-02 
144.600000 1.0666668866195977e-02 
144.800000 1.0666668870297666e-02 
145.000000 1.0666668874217508e-02 
145.200000 1.0666668877961895e-02 
145.400000 1.0666668881536877e-02 
145.600000 1.0666668884948442e-02 
145.800000 1.0666668888202349e-02 
146.000000 1.0666668891304036e-02 
146.200000 1.0666668894258857e-02 
146.400000 1.0666668897071933e-02 
146.600000 1.0666668899748240e-02 
146.800000 1.0666668902292557e-02 
147.000000 1.0666668904709039e-02 
147.200000 1.0666668907000479e-02 
147.400000 1.0666668909170177e-02 
147.600000 1.0666668911221585e-02 
147.800000 1.0666668913158326e-02 
148.000000 1.0666668914984030e-02 
148.200000 1.0666668916702468e-02 
148.400000 1.0666668918317374e-02 
148.600000 1.0666668919832699e-02 
148.800000 1.0666668921252124e-02 
149.000000 1.0666668922579508e-02 
149.200000 1.0666668923818600e-02 
149.400000 1.0666668924973125e-02 
149.600000 1.0666668926046763e-02 
149.800000 1.0666668927043153e-02 
