0.000000 2.3202813133154900e-02 
0.200000 2.3202853770491097e-02 
0.400000 2.3203652419366033e-02 
0.600000 2.3206603104572947e-02 
0.800000 2.3212928178123961e-02 
1.000000 2.3223687862649181e-02 
1.200000 2.3239780130439286e-02 
1.400000 2.3261985196138653e-02 
1.600000 2.3290971763023104e-02 
1.800000 2.3327301063206317e-02 
2.000000 2.3371517957367072e-02 
2.200000 2.3424112125054557e-02 
2.400000 2.3485520041775960e-02 
2.600000 2.3556142226103395e-02 
2.800000 2.3636347488413291e-02 
3.000000 2.3726474525855280e-02 
3.200000 2.3826843718614248e-02 
3.400000 2.3937762283443041e-02 
3.600000 2.4059576148126583e-02 
3.800000 2.4192555562899287e-02 
4.000000 2.4336956080902493e-02 
4.200000 2.4493027121015740e-02 
4.400000 2.4661019913428714e-02 
4.600000 2.4841186012890249e-02 
4.800000 2.5033780445385595e-02 
5.000000 2.5239067586753487e-02 
5.200000 2.5457318852273682e-02 
5.400000 2.5688814392024077e-02 
5.600000 2.5933847581469164e-02 
5.800000 2.6192723046968149e-02 
6.000000 2.6465757712300825e-02 
6.200000 2.6753283838024843e-02 
6.400000 2.7055648050308266e-02 
6.600000 2.7373210222672462e-02 
6.800000 2.7706347161153243e-02 
7.000000 2.8055452133466163e-02 
7.200000 2.8420938279928726e-02 
7.400000 2.8803239041675182e-02 
7.600000 2.9202809728887624e-02 
7.800000 2.9620129572104411e-02 
8.000000 3.0055702191898365e-02 
8.200000 3.0510057055605978e-02 
8.400000 3.0983751260741117e-02 
8.600000 3.1477370314201406e-02 
8.800000 3.1991529530905304e-02 
9.000000 3.2526875770480169e-02 
9.200000 3.3084088543121074e-02 
9.400000 3.3663881580587827e-02 
9.600000 3.4267004801678179e-02 
9.800000 3.4894245786323615e-02 
10.000000 3.5546431554453702e-02 
10.200000 3.6224430419698680e-02 
10.400000 3.6929153678266678e-02 
10.600000 3.7661557723680711e-02 
10.800000 3.8422645918288201e-02 
11.000000 3.9213470611586074e-02 
11.200000 4.0035135202564069e-02 
11.400000 4.0888796043162846e-02 
11.600000 4.1775664404611279e-02 
11.800000 4.2697008438567517e-02 
12.000000 4.3654154989245381e-02 
12.200000 4.4648491378413674e-02 
12.400000 4.5681467111795354e-02 
12.600000 4.6754595373690040e-02 
12.800000 4.7869454368391143e-02 
13.000000 4.9027688448995022e-02 
13.200000 5.0231008922447418e-02 
13.400000 5.1481194531538411e-02 
13.600000 5.2780091524878968e-02 
13.800000 5.4129613199490972e-02 
14.000000 5.5531738890082415e-02 
14.200000 5.6988512251306050e-02 
14.400000 5.8502038761588708e-02 
14.600000 6.0074482325731607e-02 
14.800000 6.1708060832492952e-02 
15.000000 6.3405040552172831e-02 
15.200000 6.5167729223630205e-02 
15.400000 6.6998467664886291e-02 
15.600000 6.8899619758755387e-02 
15.800000 7.0873560644228548e-02 
16.000000 7.2922662935864635e-02 
16.200000 7.5049280810676439e-02 
16.400000 7.7255731796769617e-02 
16.600000 7.9544276104039746e-02 
16.800000 8.1917093365141747e-02 
17.000000 8.4376256668792171e-02 
17.200000 8.6923703797879989e-02 
17.400000 8.9561205632029434e-02 
17.600000 9.2290331713828347e-02 
17.800000 9.5112413045107216e-02 
18.000000 9.8028502245658067e-02 
18.200000 1.0103933128676404e-01 
18.400000 1.0414526710568228e-01 
18.600000 1.0734626550473278e-01 
18.800000 1.1064182384605994e-01 
19.000000 1.1403093316826370e-01 
19.200000 1.1751203046560398e-01 
19.400000 1.2108295198517055e-01 
19.600000 1.2474088850850323e-01 
19.800000 1.2848234368277625e-01 
20.000000 1.3230309655031591e-01 
20.200000 1.3619816948849439e-01 
20.400000 1.4016180280593607e-01 
20.600000 1.4418743724217239e-01 
20.800000 1.4826770558056340e-01 
21.000000 1.5239443450199575e-01 
21.200000 1.5655865767895119e-01 
21.400000 1.6075064093204117e-01 
21.600000 1.6495992004584198e-01 
21.800000 1.6917535157068450e-01 
22.000000 1.7338517662715269e-01 
22.200000 1.7757709738945518e-01 
22.400000 1.8173836556393197e-01 
22.600000 1.8585588181280460e-01 
22.800000 1.8991630471668411e-01 
23.000000 1.9390616753859546e-01 
23.200000 1.9781200076323097e-01 
23.400000 2.0162045815322963e-01 
23.600000 2.0531844390219536e-01 
23.800000 2.0889323838141624e-01 
24.000000 2.1233261997944830e-01 
24.200000 2.1562498062207713e-01 
24.400000 2.1875943273079429e-01 
24.600000 2.2172590562319636e-01 
24.800000 2.2451522966656834e-01 
25.000000 2.2711920685174736e-01 
25.200000 2.2953066684150586e-01 
25.400000 2.3174350794868709e-01 
25.600000 2.3375272289716667e-01 
25.800000 2.3555440959774765e-01 
26.000000 2.3714576751776689e-01 
26.200000 2.3852508052678720e-01 
26.400000 2.3969168735363239e-01 
26.600000 2.4064594098752717e-01 
26.800000 2.4138915849676898e-01 
27.000000 2.4192356282326682e-01 
27.200000 2.4225221814372166e-01 
27.400000 2.4237896037338630e-01 
27.600000 2.4230832433251190e-01 
27.800000 2.4204546900585633e-01 
28.000000 2.4159610220941297e-01 
28.200000 2.4096640584310605e-01 
28.400000 2.4016296276048316e-01 
28.600000 2.3919268613276823e-01 
28.800000 2.3806275203044114e-01 
29.000000 2.3678053579546240e-01 
29.200000 2.3535355263505231e-01 
29.400000 2.3378940273635940e-01 
29.600000 2.3209572108237758e-01 
29.800000 2.3028013204431436e-01 
30.000000 2.2835020873477824e-01 
30.200000 2.2631343702962761e-01 
30.400000 2.2417718410369356e-01 
30.600000 2.2194867127594742e-01 
30.800000 2.1963495092215743e-01 
31.000000 2.1724288718627055e-01 
31.200000 2.1477914020461189e-01 
31.400000 2.1225015354801152e-01 
31.600000 2.0966214458504381e-01 
31.800000 2.0702109747332884e-01 
32.000000 2.0433275849432750e-01 
32.200000 2.0160263345904125e-01 
32.400000 1.9883598692677543e-01 
32.600000 1.9603784299566715e-01 
32.800000 1.9321298744143503e-01 
33.000000 1.9036597099914498e-01 
33.200000 1.8750111360120927e-01 
33.400000 1.8462250940304142e-01 
33.600000 1.8173403244535211e-01 
33.800000 1.7883934281890213e-01 
34.000000 1.7594189321334228e-01 
34.200000 1.7304493574658300e-01 
34.400000 1.7015152898475835e-01 
34.600000 1.6726454507536809e-01 
34.800000 1.6438667692754100e-01 
35.000000 1.6152044538356941e-01 
35.200000 1.5866820633505707e-01 
35.400000 1.5583215774511602e-01 
35.600000 1.5301434654524573e-01 
35.800000 1.5021667538179442e-01 
36.000000 1.4744090919238237e-01 
36.200000 1.4468868159735612e-01 
36.400000 1.4196150109542613e-01 
36.600000 1.3926075705604560e-01 
36.800000 1.3658772550400528e-01 
37.000000 1.3394357469414034e-01 
37.200000 1.3132937047604162e-01 
37.400000 1.2874608145032143e-01 
37.600000 1.2619458391925550e-01 
37.800000 1.2367566663572786e-01 
38.000000 1.2119003535517028e-01 
38.200000 1.1873831719580082e-01 
38.400000 1.1632106481292345e-01 
38.600000 1.1393876039334393e-01 
38.800000 1.1159181947612168e-01 
39.000000 1.0928059460599052e-01 
39.200000 1.0700537882577460e-01 
39.400000 1.0476640901406710e-01 
39.600000 1.0256386907436436e-01 
39.800000 1.0039789298167404e-01 
40.000000 9.8268567692477521e-02 
40.200000 9.6175935923729902e-02 
40.400000 9.4119998806373034e-02 
40.600000 9.2100718418648475e-02 
40.800000 9.0118020204265875e-02 
41.000000 8.8171795280284834e-02 
41.200000 8.6261902639348381e-02 
41.400000 8.4388171250710658e-02 
41.600000 8.2550402064295592e-02 
41.800000 8.0748369921837676e-02 
42.000000 7.8981825378962978e-02 
42.200000 7.7250496441907568e-02 
42.400000 7.5554090222390916e-02 
42.600000 7.3892294514008555e-02 
42.800000 7.2264779293367706e-02 
43.000000 7.0671198149026254e-02 
43.200000 6.9111189641192797e-02 
43.400000 6.7584378594992639e-02 
43.600000 6.6090377330002600e-02 
43.800000 6.4628786828642024e-02 
44.000000 6.3199197845901098e-02 
44.200000 6.1801191962791928e-02 
44.400000 6.0434342585807481e-02 
44.600000 5.9098215894595220e-02 
44.800000 5.7792371739960255e-02 
45.000000 5.6516364494234902e-02 
45.200000 5.5269743855981691e-02 
45.400000 5.4052055610914328e-02 
45.600000 5.2862842350863914e-02 
45.800000 5.1701644152543948e-02 
46.000000 5.0567999217807413e-02 
46.200000 4.9461444477029687e-02 
46.400000 4.8381516157193431e-02 
46.600000 4.7327750316192296e-02 
46.800000 4.6299683344818293e-02 
47.000000 4.5296852437851705e-02 
47.200000 4.4318796035608538e-02 
47.400000 4.3365054237264805e-02 
47.600000 4.2435169187224737e-02 
47.800000 4.1528685435751597e-02 
48.000000 4.0645150275040988e-02 
48.200000 3.9784114051868130e-02 
48.400000 3.8945130457903328e-02 
48.600000 3.8127756798745575e-02 
48.800000 3.7331554242685742e-02 
49.000000 3.6556088050177300e-02 
49.200000 3.5800927784944120e-02 
49.400000 3.5065647507630908e-02 
49.600000 3.4349825952859431e-02 
49.800000 3.3653046690521368e-02 
50.000000 3.2974898272105924e-02 
50.200000 3.2314974362828104e-02 
50.400000 3.1672873860291356e-02 
50.600000 3.1048201000390765e-02 
50.800000 3.0440565451129244e-02 
51.000000 2.9849582394996847e-02 
51.200000 2.9274872600529561e-02 
51.400000 2.8716062483643230e-02 
51.600000 2.8172784159307438e-02 
51.800000 2.7644675484104875e-02 
52.000000 2.7131380090192236e-02 
52.200000 2.6632547411160629e-02 
52.400000 2.6147832700267441e-02 
52.600000 2.5676897041492966e-02 
52.800000 2.5219407353853224e-02 
53.000000 2.4775036389379924e-02 
53.200000 2.4343462725161504e-02 
53.400000 2.3924370749818690e-02 
53.600000 2.3517450644772193e-02 
53.800000 2.3122398360640884e-02 
54.000000 2.2738915589096447e-02 
54.200000 2.2366709730480112e-02 
54.400000 2.2005493857476140e-02 
54.600000 2.1654986675120724e-02 
54.800000 2.1314912477410464e-02 
55.000000 2.0985001100763470e-02 
55.200000 2.0664987874572098e-02 
55.400000 2.0354613569074628e-02 
55.600000 2.0053624340761626e-02 
55.800000 1.9761771675522909e-02 
56.000000 1.9478812329727545e-02 
56.200000 1.9204508269424103e-02 
56.400000 1.8938626607832378e-02 
56.600000 1.8680939541296033e-02 
56.800000 1.8431224283850311e-02 
57.000000 1.8189263000554373e-02 
57.200000 1.7954842739729516e-02 
57.400000 1.7727755364234082e-02 
57.600000 1.7507797481905021e-02 
57.800000 1.7294770375279822e-02 
58.000000 1.7088479930715880e-02 
58.200000 1.6888736567009958e-02 
58.400000 1.6695355163620324e-02 
58.600000 1.6508154988584000e-02 
58.800000 1.6326959626220328e-02 
59.000000 1.6151596904701537e-02 
59.200000 1.5981898823573440e-02 
59.400000 1.5817701481296759e-02 
59.600000 1.5658845002880485e-02 
59.800000 1.5505173467674110e-02 
60.000000 1.5356534837376650e-02 
60.200000 1.5212780884324300e-02 
60.400000 1.5073767120108154e-02 
60.600000 1.4939352724572585e-02 
60.800000 1.4809400475243137e-02 
61.000000 1.4683776677225703e-02 
61.200000 1.4562351093620243e-02 
61.400000 1.4444996876485537e-02 
61.600000 1.4331590498391026e-02 
61.800000 1.4222011684589182e-02 
62.000000 1.4116143345837648e-02 
62.200000 1.4013871511899820e-02 
62.400000 1.3915085265750372e-02 
62.600000 1.3819676678507553e-02 
62.800000 1.3727540745115917e-02 
63.000000 1.3638575320797965e-02 
63.200000 1.3552681058293185e-02 
63.400000 1.3469761345900586e-02 
63.600000 1.3389722246338704e-02 
63.800000 1.3312472436437460e-02 
64.000000 1.3237923147671412e-02 
64.200000 1.3165988107546137e-02 
64.400000 1.3096583481845772e-02 
64.600000 1.3029627817748876e-02 
64.800000 1.2965041987819337e-02 
65.000000 1.2902749134877548e-02 
65.200000 1.2842674617755004e-02 
65.400000 1.2784745957936165e-02 
65.600000 1.2728892787089387e-02 
65.800000 1.2675046795487491e-02 
66.000000 1.2623141681318617e-02 
66.200000 1.2573113100886740e-02 
66.400000 1.2524898619700423e-02 
66.600000 1.2478437664447126e-02 
66.800000 1.2433671475850772e-02 
67.000000 1.2390543062409188e-02 
67.200000 1.2348997155006638e-02 
67.400000 1.2308980162397098e-02 
67.600000 1.2270440127553165e-02 
67.800000 1.2233326684874559e-02 
68.000000 1.2197591018249987e-02 
68.200000 1.2163185819965713e-02 
68.400000 1.2130065250453841e-02 
68.600000 1.2098184898872160e-02 
68.800000 1.2067501744508805e-02 
69.000000 1.2037974119002245e-02 
69.200000 1.2009561669368880e-02 
69.400000 1.1982225321829012e-02 
69.600000 1.1955927246422322e-02 
69.800000 1.1930630822403077e-02 
70.000000 1.1906300604406332e-02 
70.200000 1.1882902289374213e-02 
70.400000 1.1860402684233065e-02 
70.600000 1.1838769674311208e-02 
70.800000 1.1817972192486887e-02 
71.000000 1.1797980189055916e-02 
71.200000 1.1778764602308679e-02 
71.400000 1.1760297329805635e-02 
71.600000 1.1742551200340850e-02 
71.800000 1.1725499946582238e-02 
72.000000 1.1709118178378311e-02 
72.200000 1.1693381356720180e-02 
72.400000 1.1678265768347610e-02 
72.600000 1.1663748500988584e-02 
72.800000 1.1649807419221158e-02 
73.000000 1.1636421140946743e-02 
73.200000 1.1623569014463542e-02 
73.400000 1.1611231096129637e-02 
73.600000 1.1599388128604600e-02 
73.800000 1.1588021519658043e-02 
74.000000 1.1577113321535706e-02 
74.200000 1.1566646210870885e-02 
74.400000 1.1556603469131429e-02 
74.600000 1.1546968963590450e-02 
74.800000 1.1537727128811917e-02 
75.000000 1.1528862948638717e-02 
75.200000 1.1520361938673875e-02 
75.400000 1.1512210129244461e-02 
75.600000 1.1504394048837574e-02 
75.800000 1.1496900707998083e-02 
76.000000 1.1489717583679088e-02 
76.200000 1.1482832604033844e-02 
76.400000 1.1476234133639910e-02 
76.600000 1.1469910959146311e-02 
76.800000 1.1463852275332762e-02 
77.000000 1.1458047671572987e-02 
77.200000 1.1452487118691417e-02 
77.400000 1.1447160956205259e-02 
77.600000 1.1442059879941655e-02 
77.800000 1.1437174930021804e-02 
78.000000 1.1432497479202801e-02 
78.200000 1.1428019221568504e-02 
78.400000 1.1423732161560996e-02 
78.600000 1.1419628603344011e-02 
78.800000 1.1415701140490354e-02 
79.000000 1.1411942645984309e-02 
79.200000 1.1408346262532168e-02 
79.400000 1.1404905393172167e-02 
79.600000 1.1401613692176191e-02 
79.800000 1.1398465056236009e-02 
80.000000 1.1395453615926006e-02 
80.200000 1.1392573727435702e-02 
80.400000 1.1389819964563999e-02 
80.600000 1.1387187110969241e-02 
80.800000 1.1384670152667217e-02 
81.000000 1.1382264270770492e-02 
81.200000 1.1379964834463057e-02 
81.400000 1.1377767394202784e-02 
81.600000 1.1375667675146375e-02 
81.800000 1.1373661570789454e-02 
82.000000 1.1371745136816835e-02 
82.200000 1.1369914585156064e-02 
82.400000 1.1368166278229003e-02 
82.600000 1.1366496723395155e-02 
82.800000 1.1364902567582004e-02 
83.000000 1.1363380592095884e-02 
83.200000 1.1361927707609106e-02 
83.400000 1.1360540949317009e-02 
83.600000 1.1359217472261070e-02 
83.800000 1.1357954546811832e-02 
84.000000 1.1356749554308180e-02 
84.200000 1.1355599982846725e-02 
84.400000 1.1354503423218369e-02 
84.600000 1.1353457564985767e-02 
84.800000 1.1352460192698982e-02 
85.000000 1.1351509182243697e-02 
85.200000 1.1350602497319109e-02 
85.400000 1.1349738186039815e-02 
85.600000 1.1348914377659650e-02 
85.800000 1.1348129279411940e-02 
86.000000 1.1347381173463773e-02 
86.200000 1.1346668413979384e-02 
86.400000 1.1345989424290426e-02 
86.600000 1.1345342694168490e-02 
86.800000 1.1344726777197377e-02 
87.000000 1.1344140288241293e-02 
87.200000 1.1343581901006263e-02 
87.400000 1.1343050345691295e-02 
87.600000 1.1342544406726537e-02 
87.800000 1.1342062920595357e-02 
88.000000 1.1341604773737876e-02 
88.200000 1.1341168900532567e-02 
88.400000 1.1340754281353853e-02 
88.600000 1.1340359940702918e-02 
88.800000 1.1339984945409366e-02 
89.000000 1.1339628402900530e-02 
89.200000 1.1339289459537381e-02 
89.400000 1.1338967299013798e-02 
89.600000 1.1338661140817228e-02 
89.800000 1.1338370238748027e-02 
90.000000 1.1338093879497461e-02 
90.200000 1.1337831381278833e-02 
90.400000 1.1337582092513548e-02 
90.600000 1.1337345390567506e-02 
90.800000 1.1337120680536925e-02 
91.000000 1.1336907394082508e-02 
91.200000 1.1336704988308650e-02 
91.400000 1.1336512944687831e-02 
91.600000 1.1336330768026748e-02 
91.800000 1.1336157985474460e-02 
92.000000 1.1335994145569456e-02 
92.200000 1.1335838817325273e-02 
92.400000 1.1335691589352366e-02 
92.600000 1.1335552069015972e-02 
92.800000 1.1335419881627453e-02 
93.000000 1.1335294669668844e-02 
93.200000 1.1335176092048548e-02 
93.400000 1.1335063823387618e-02 
93.600000 1.1334957553335166e-02 
93.800000 1.1334856985911974e-02 
94.000000 1.1334761838880932e-02 
94.200000 1.1334671843143346e-02 
94.400000 1.1334586742160840e-02 
94.600000 1.1334506291400643e-02 
94.800000 1.1334430257803950e-02 
95.000000 1.1334358419277159e-02 
95.200000 1.1334290564203618e-02 
95.400000 1.1334226490976521e-02 
95.600000 1.1334166007550859e-02 
95.800000 1.1334108931014922e-02 
96.000000 1.1334055087179645e-02 
96.200000 1.1334004310185086e-02 
96.400000 1.1333956442124579e-02 
96.600000 1.1333911332683643e-02 
96.800000 1.1333868838795809e-02 
97.000000 1.1333828824312022e-02 
97.200000 1.1333791159684990e-02 
97.400000 1.1333755721666719e-02 
97.600000 1.1333722393019649e-02 
97.800000 1.1333691062239939e-02 
98.000000 1.1333661623292831e-02 
98.200000 1.1333633975359867e-02 
98.400000 1.1333608022596713e-02 
98.600000 1.1333583673902057e-02 
98.800000 1.1333560842696488e-02 
99.000000 1.1333539446710918e-02 
99.200000 1.1333519407785023e-02 
99.400000 1.1333500651673597e-02 
99.600000 1.1333483107862643e-02 
99.800000 1.1333466709392779e-02 
100.000000 1.1333451392691127e-02 
100.200000 1.1333437097410302e-02 
100.400000 1.1333423766275120e-02 
100.600000 1.1333411344935495e-02 
100.800000 1.1333399781826903e-02 
101.000000 1.1333389028036350e-02 
101.200000 1.1333379037175000e-02 
101.400000 1.1333369765256078e-02 
101.600000 1.1333361170579006e-02 
101.800000 1.1333353213618082e-02 
102.000000 1.1333345856916944e-02 
102.200000 1.1333339064987544e-02 
102.400000 1.1333332804213588e-02 
102.600000 1.1333327042759167e-02 
102.800000 1.1333321750480595e-02 
103.000000 1.1333316898843360e-02 
103.200000 1.1333312460842159e-02 
103.400000 1.1333308410925292e-02 
103.600000 1.1333304724921852e-02 
103.800000 1.1333301379973305e-02 
104.000000 1.1333298354467260e-02 
104.200000 1.1333295627975267e-02 
104.400000 1.1333293181192956e-02 
104.600000 1.1333290995883188e-02 
104.800000 1.1333289054822010e-02 
105.000000 1.1333287341747088e-02 
105.200000 1.1333285841308717e-02 
105.400000 1.1333284539022992e-02 
105.600000 1.1333283421227268e-02 
105.800000 1.1333282475038045e-02 
106.000000 1.1333281688310482e-02 
106.200000 1.1333281049600144e-02 
106.400000 1.1333280548126570e-02 
106.600000 1.1333280173738386e-02 
106.800000 1.1333279916880564e-02 
107.000000 1.1333279768562845e-02 
107.200000 1.1333279720329983e-02 
107.400000 1.1333279764233291e-02 
107.600000 1.1333279892803772e-02 
107.800000 1.1333280099026354e-02 
108.000000 1.1333280376315539e-02 
108.200000 1.1333280718492569e-02 
108.400000 1.1333281119762777e-02 
108.600000 1.1333281574695351e-02 
108.800000 1.1333282078203097e-02 
109.000000 1.1333282625523715e-02 
109.200000 1.1333283212201907e-02 
109.400000 1.1333283834072460e-02 
109.600000 1.1333284487243942e-02 
109.800000 1.1333285168083474e-02 
110.000000 1.1333285873202353e-02 
110.200000 1.1333286599442109e-02 
110.400000 1.1333287343861539e-02 
110.600000 1.1333288103724245e-02 
110.800000 1.1333288876486922e-02 
111.000000 1.1333289659788241e-02 
111.200000 1.1333290451438301e-02 
111.400000 1.1333291249408540e-02 
111.600000 1.1333292051822376e-02 
111.800000 1.1333292856946129e-02 
112.000000 1.1333293663180683e-02 
112.200000 1.1333294469053129e-02 
112.400000 1.1333295273209474e-02 
112.600000 1.1333296074407258e-02 
112.800000 1.1333296871508806e-02 
113.000000 1.1333297663474630e-02 
113.200000 1.1333298449357444e-02 
113.400000 1.1333299228296432e-02 
113.600000 1.1333299999511699e-02 
113.800000 1.1333300762299053e-02 
114.000000 1.1333301516025218e-02 
114.200000 1.1333302260123359e-02 
114.400000 1.1333302994088378e-02 
114.600000 1.1333303717473219e-02 
114.800000 1.1333304429884658e-02 
115.000000 1.1333305130979918e-02 
115.200000 1.1333305820462859e-02 
115.400000 1.1333306498081140e-02 
115.600000 1.1333307163622994e-02 
115.800000 1.1333307816914136e-02 
116.000000 1.1333308457815206e-02 
116.200000 1.1333309086219457e-02 
116.400000 1.1333309702049901e-02 
116.600000 1.1333310305257223e-02 
116.800000 1.1333310895817713e-02 
117.000000 1.1333311473731211e-02 
117.200000 1.1333312039019171e-02 
117.400000 1.1333312591722907e-02 
117.600000 1.1333313131902063e-02 
117.800000 1.1333313659632723e-02 
118.000000 1.1333314175006425e-02 
118.200000 1.1333314678128309e-02 
118.400000 1.1333315169116152e-02 
118.600000 1.1333315648099000e-02 
118.800000 1.1333316115216086e-02 
119.000000 1.1333316570615901e-02 
119.200000 1.1333317014454929e-02 
119.400000 1.1333317446896916e-02 
119.600000 1.1333317868112211e-02 
119.800000 1.1333318278276321e-02 
120.000000 1.1333318677569952e-02 
120.200000 1.1333319066177811e-02 
120.400000 1.1333319444288011e-02 
120.600000 1.1333319812091673e-02 
120.800000 1.1333320169782207e-02 
121.000000 1.1333320517554809e-02 
121.200000 1.1333320855606012e-02 
121.400000 1.1333321184133322e-02 
121.600000 1.1333321503334638e-02 
121.800000 1.1333321813407985e-02 
122.000000 1.1333322114551141e-02 
122.200000 1.1333322406961411e-02 
122.400000 1.1333322690835210e-02 
122.600000 1.1333322966367744e-02 
122.800000 1.1333323233752982e-02 
123.000000 1.1333323493183299e-02 
123.200000 1.1333323744849218e-02 
123.400000 1.1333323988939336e-02 
123.600000 1.1333324225640167e-02 
123.800000 1.1333324455135931e-02 
124.000000 1.1333324677608286e-02 
124.200000 1.1333324893236704e-02 
124.400000 1.1333325102197695e-02 
124.600000 1.1333325304665239e-02 
124.800000 1.1333325500810426e-02 
125.000000 1.1333325690801525e-02 
125.200000 1.1333325874803854e-02 
125.400000 1.1333326052979795e-02 
125.600000 1.1333326225488763e-02 
125.800000 1.1333326392486969e-02 
126.000000 1.1333326554127741e-02 
126.200000 1.1333326710561207e-02 
126.400000 1.1333326861934445e-02 
126.600000 1.1333327008391529e-02 
126.800000 1.1333327150073222e-02 
127.000000 1.1333327287117435e-02 
127.200000 1.1333327419658899e-02 
127.400000 1.1333327547829217e-02 
127.600000 1.1333327671757145e-02 
127.800000 1.1333327791568206e-02 
128.000000 1.1333327907385095e-02 
128.200000 1.1333328019327495e-02 
128.400000 1.1333328127512176e-02 
128.600000 1.1333328232052967e-02 
128.800000 1.1333328333060865e-02 
129.000000 1.1333328430644192e-02 
129.200000 1.1333328524908285e-02 
129.400000 1.1333328615955818e-02 
129.600000 1.1333328703886758e-02 
129.800000 1.1333328788798587e-02 
130.000000 1.1333328870785966e-02 
130.200000 1.1333328949941074e-02 
130.400000 1.1333329026353678e-02 
130.600000 1.1333329100110975e-02 
130.800000 1.1333329171297790e-02 
131.000000 1.1333329239996580e-02 
131.200000 1.1333329306287453e-02 
131.400000 1.1333329370248328e-02 
131.600000 1.1333329431954775e-02 
131.800000 1.1333329491480283e-02 
132.000000 1.1333329548896286e-02 
132.200000 1.1333329604271969e-02 
132.400000 1.1333329657674633e-02 
132.600000 1.1333329709169445e-02 
132.800000 1.1333329758819826e-02 
133.000000 1.1333329806687114e-02 
133.200000 1.1333329852830937e-02 
133.400000 1.1333329897309117e-02 
133.600000 1.1333329940177658e-02 
133.800000 1.1333329981490921e-02 
134.000000 1.1333330021301494e-02 
134.200000 1.1333330059660437e-02 
134.400000 1.1333330096617238e-02 
134.600000 1.1333330132219790e-02 
134.800000 1.1333330166514503e-02 
135.000000 1.1333330199546290e-02 
135.200000 1.1333330231358695e-02 
135.400000 1.1333330261993946e-02 
135.600000 1.1333330291492770e-02 
135.800000 1.1333330319894629e-02 
136.000000 1.1333330347237864e-02 
136.200000 1.1333330373559328e-02 
136.400000 1.1333330398894999e-02 
136.600000 1.1333330423279343e-02 
136.800000 1.1333330446745929e-02 
137.000000 1.1333330469327109e-02 
137.200000 1.1333330491054189e-02 
137.400000 1.1333330511957521e-02 
137.600000 1.1333330532066385e-02 
137.800000 1.1333330551409056e-02 
138.000000 1.1333330570012885e-02 
138.200000 1.1333330587904278e-02 
138.400000 1.1333330605108834e-02 
138.600000 1.1333330621651223e-02 
138.800000 1.1333330637555252e-02 
139.000000 1.1333330652843971e-02 
139.200000 1.1333330667539589e-02 
139.400000 1.1333330681663570e-02 
139.600000 1.1333330695236692e-02 
139.800000 1.1333330708278836e-02 
140.000000 1.1333330720809460e-02 
140.200000 1.1333330732847115e-02 
140.400000 1.1333330744409793e-02 
140.600000 1.1333330755514778e-02 
140.800000 1.1333330766178972e-02 
141.000000 1.1333330776418328e-02 
141.200000 1.1333330786248449e-02 
141.400000 1.1333330795684431e-02 
141.600000 1.1333330804740593e-02 
141.800000 1.1333330813431018e-02 
142.000000 1.1333330821769020e-02 
142.200000 1.1333330829767624e-02 
142.400000 1.1333330837439192e-02 
142.600000 1.1333330844795755e-02 
142.800000 1.1333330851848903e-02 
143.000000 1.1333330858609766e-02 
143.200000 1.1333330865088937e-02 
143.400000 1.1333330871296845e-02 
143.600000 1.1333330877243357e-02 
143.800000 1.1333330882938008e-02 
144.000000 1.1333330888390015e-02 
144.200000 1.1333330893608226e-02 
144.400000 1.1333330898601078e-02 
144.600000 1.1333330903376628e-02 
144.800000 1.1333330907942708e-02 
145.000000 1.1333330912306653e-02 
145.200000 1.1333330916475712e-02 
145.400000 1.1333330920456609e-02 
145.600000 1.1333330924256127e-02 
145.800000 1.1333330927880435e-02 
146.000000 1.1333330931335889e-02 
146.200000 1.1333330934628197e-02 
146.400000 1.1333330937763146e-02 
146.600000 1.1333330940746306e-02 
146.800000 1.1333330943582937e-02 
147.000000 1.1333330946278216e-02 
147.200000 1.1333330948836312e-02 
147.400000 1.1333330951260231e-02 
147.600000 1.1333330953553577e-02 
147.800000 1.1333330955719824e-02 
148.000000 1.1333330957763120e-02 
148.200000 1.1333330959687204e-02 
148.400000 1.1333330961496487e-02 
148.600000 1.1333330963194875e-02 
148.800000 1.1333330964786470e-02 
149.000000 1.1333330966275637e-02 
149.200000 1.1333330967666391e-02 
149.400000 1.1333330968962784e-02 
149.600000 1.1333330970168894e-02 
149.800000 1.1333330971288745e-02 
