0.000000 1.1427716649900249e-01 
0.200000 1.1431057558784152e-01 
0.400000 1.1435041552648519e-01 
0.600000 1.1439669236536608e-01 
0.800000 1.1444941265516451e-01 
1.000000 1.1450858344763001e-01 
1.200000 1.1457421229645812e-01 
1.400000 1.1464630725822027e-01 
1.600000 1.1472487689334761e-01 
1.800000 1.1481075142452374e-01 
2.000000 1.1490430345920380e-01 
2.200000 1.1500593111431177e-01 
2.400000 1.1511606365367497e-01 
2.600000 1.1523516614190710e-01 
2.800000 1.1536374389057127e-01 
3.000000 1.1550229934693039e-01 
3.200000 1.1565358965421614e-01 
3.400000 1.1581809900742082e-01 
3.600000 1.1599648196505846e-01 
3.800000 1.1618948075508134e-01 
4.000000 1.1639794103146417e-01 
4.200000 1.1662281268242625e-01 
4.400000 1.1686514305195816e-01 
4.600000 1.1712608099264191e-01 
4.800000 1.1740687901900780e-01 
5.000000 1.1770889769514745e-01 
5.200000 1.1803361060151082e-01 
5.400000 1.1838260997935124e-01 
5.600000 1.1875761165578098e-01 
5.800000 1.1916047270638667e-01 
6.000000 1.1959315811041984e-01 
6.200000 1.2005776899587285e-01 
6.400000 1.2055656429592750e-01 
6.600000 1.2109197164053936e-01 
6.800000 1.2166659836215493e-01 
7.000000 1.2228324296520518e-01 
7.200000 1.2294490731593835e-01 
7.400000 1.2365480938220426e-01 
7.600000 1.2441639651755901e-01 
7.800000 1.2523335929002502e-01 
8.000000 1.2610964579705239e-01 
8.200000 1.2704947640308936e-01 
8.400000 1.2805735877677027e-01 
8.600000 1.2913810386620581e-01 
8.800000 1.3029684300603694e-01 
9.000000 1.3153904044616754e-01 
9.200000 1.3287050744369161e-01 
9.400000 1.3429741642805085e-01 
9.600000 1.3582631414033644e-01 
9.800000 1.3746413340065194e-01 
10.000000 1.3921820308142482e-01 
10.200000 1.4109625578553592e-01 
10.400000 1.4310643266282369e-01 
10.600000 1.4525728470500307e-01 
10.800000 1.4755776977203391e-01 
11.000000 1.5001724451099110e-01 
11.200000 1.5264545023499954e-01 
11.400000 1.5545249173804584e-01 
11.600000 1.5844880783091644e-01 
11.800000 1.6164513254406832e-01 
12.000000 1.6505244567402605e-01 
12.200000 1.6868191129308346e-01 
12.400000 1.7254480284367410e-01 
12.600000 1.7665241343674895e-01 
12.800000 1.8101595001399456e-01 
13.000000 1.8564641012594460e-01 
13.200000 1.9055444023398380e-01 
13.400000 1.9575017467503386e-01 
13.600000 2.0124305474435761e-01 
13.800000 2.0704162776387758e-01 
14.000000 2.1315332651872715e-01 
14.200000 2.1958423006625125e-01 
14.400000 2.2633880765411060e-01 
14.600000 2.3341964831183115e-01 
14.800000 2.4082717960054117e-01 
15.000000 2.4855937999348798e-01 
15.200000 2.5661149038334763e-01 
15.400000 2.6497573123459561e-01 
15.600000 2.7364103287352293e-01 
15.800000 2.8259278728336035e-01 
16.000000 2.9181263049311224e-01 
16.200000 3.0127826516477280e-01 
16.400000 3.1096333324946979e-01 
16.600000 3.2083734856401036e-01 
16.800000 3.3086569881277095e-01 
17.000000 3.4100972593320067e-01 
17.200000 3.5122689266955232e-01 
17.400000 3.6147104196932017e-01 
17.600000 3.7169275412876934e-01 
17.800000 3.8183980454961225e-01 
18.000000 3.9185772245186828e-01 
18.200000 4.0169044785435537e-01 
18.400000 4.1128108053272394e-01 
18.600000 4.2057271048786221e-01 
18.800000 4.2950931477585796e-01 
19.000000 4.3803670054393745e-01 
19.200000 4.4610346909129389e-01 
19.400000 4.5366197115644363e-01 
19.600000 4.6066921993957921e-01 
19.800000 4.6708772614522953e-01 
20.000000 4.7288621907626371e-01 
20.200000 4.7804021989215134e-01 
20.400000 4.8253243772493554e-01 
20.600000 4.8635296633152736e-01 
20.800000 4.8949926798638083e-01 
21.000000 4.9197594177338172e-01 
21.200000 4.9379428452552376e-01 
21.400000 4.9497166349890570e-01 
21.600000 4.9553072957856664e-01 
21.800000 4.9549850763905856e-01 
22.000000 4.9490540606332695e-01 
22.200000 4.9378419005663987e-01 
22.400000 4.9216896324753240e-01 
22.600000 4.9009419936761239e-01 
22.800000 4.8759386097006391e-01 
23.000000 4.8470063573279221e-01 
23.200000 4.8144531349322645e-01 
23.400000 4.7785631934465606e-01 
23.600000 4.7395941036780731e-01 
23.800000 4.6977753623410046e-01 
24.000000 4.6533085722694345e-01 
24.200000 4.6063690730176798e-01 
24.400000 4.5571088468373139e-01 
24.600000 4.5056604818992257e-01 
24.800000 4.4521419397474971e-01 
25.000000 4.3966618478528474e-01 
25.200000 4.3393250218237889e-01 
25.400000 4.2802379168081262e-01 
25.600000 4.2195137154859091e-01 
25.800000 4.1572767821254192e-01 
26.000000 4.0936662489441655e-01 
26.200000 4.0288385517384190e-01 
26.400000 3.9629687941575059e-01 
26.600000 3.8962508903175336e-01 
26.800000 3.8288965086540833e-01 
27.000000 3.7611329102988666e-01 
27.200000 3.6931998371566094e-01 
27.400000 3.6253456533613587e-01 
27.600000 3.5578229754502411e-01 
27.800000 3.4908840397873753e-01 
28.000000 3.4247760508504421e-01 
28.200000 3.3597367330785727e-01 
28.400000 3.2959902755488812e-01 
28.600000 3.2337438170440858e-01 
28.800000 3.1731845735229341e-01 
29.000000 3.1144776646693079e-01 
29.200000 3.0577646543987408e-01 
29.400000 3.0031627843111480e-01 
29.600000 2.9507648504642869e-01 
29.800000 2.9006396529726414e-01 
30.000000 2.8528329345460213e-01 
30.200000 2.8073687174072626e-01 
30.400000 2.7642509469890220e-01 
30.600000 2.7234653542229414e-01 
30.800000 2.6849814549178702e-01 
31.000000 2.6487546136059625e-01 
31.200000 2.6147281093871644e-01 
31.400000 2.5828351519674814e-01 
31.600000 2.5530008066636151e-01 
31.800000 2.5251437971931262e-01 
32.000000 2.4991781642670963e-01 
32.200000 2.4750147661508889e-01 
32.400000 2.4525626143495369e-01 
32.600000 2.4317300433779918e-01 
32.800000 2.4124257182218831e-01 
33.000000 2.3945594866607203e-01 
33.200000 2.3780430862164820e-01 
33.400000 2.3627907172348889e-01 
33.600000 2.3487194946333323e-01 
33.800000 2.3357497912910585e-01 
34.000000 2.3238054860329255e-01 
34.200000 2.3128141287779883e-01 
34.400000 2.3027070347831169e-01 
34.600000 2.2934193190881536e-01 
34.800000 2.2848898813324509e-01 
35.000000 2.2770613501133424e-01 
35.200000 2.2698799950422641e-01 
35.400000 2.2632956136546101e-01 
35.600000 2.2572613993724897e-01 
35.800000 2.2517337958228620e-01 
36.000000 2.2466723419894793e-01 
36.200000 2.2420395119320372e-01 
36.400000 2.2378005521428662e-01 
36.600000 2.2339233190293048e-01 
36.800000 2.2303781185044852e-01 
37.000000 2.2271375492364251e-01 
37.200000 2.2241763507378795e-01 
37.400000 2.2214712571711578e-01 
37.600000 2.2190008574856582e-01 
37.800000 2.2167454622958446e-01 
38.000000 2.2146869777352243e-01 
38.200000 2.2128087863845569e-01 
38.400000 2.2110956352624730e-01 
38.600000 2.2095335307807298e-01 
38.800000 2.2081096404996173e-01 
39.000000 2.2068122014689087e-01 
39.200000 2.2056304349022590e-01 
39.400000 2.2045544669068945e-01 
39.600000 2.2035752549729287e-01 
39.800000 2.2026845199164616e-01 
40.000000 2.2018746829664018e-01 
40.200000 2.2011388076856236e-01 
40.400000 2.2004705464210500e-01 
40.600000 2.1998640909851419e-01 
40.800000 2.1993141272804886e-01 
41.000000 2.1988157935906952e-01 
41.200000 2.1983646422731290e-01 
41.400000 2.1979566046026097e-01 
41.600000 2.1975879585281524e-01 
41.800000 2.1972552991195277e-01 
42.000000 2.1969555114932102e-01 
42.200000 2.1966857460216427e-01 
42.400000 2.1964433956423218e-01 
42.600000 2.1962260750963614e-01 
42.800000 2.1960316019382425e-01 
43.000000 2.1958579791701402e-01 
43.200000 2.1957033793656072e-01 
43.400000 2.1955661301573007e-01 
43.600000 2.1954447009738481e-01 
43.800000 2.1953376909196087e-01 
44.000000 2.1952438177001699e-01 
44.200000 2.1951619075036891e-01 
44.400000 2.1950908857562879e-01 
44.600000 2.1950297686758252e-01 
44.800000 2.1949776555557673e-01 
45.000000 2.1949337217146866e-01 
45.200000 2.1948972120547050e-01 
45.400000 2.1948674351755901e-01 
45.600000 2.1948437579959371e-01 
45.800000 2.1948256008375355e-01 
46.000000 2.1948124329323429e-01 
46.200000 2.1948037683153204e-01 
46.400000 2.1947991620694488e-01 
46.600000 2.1947982068921079e-01 
46.800000 2.1948005299550152e-01 
47.000000 2.1948057900318949e-01 
47.200000 2.1948136748706945e-01 
47.400000 2.1948238987890964e-01 
47.600000 2.1948362004738245e-01 
47.800000 2.1948503409661485e-01 
48.000000 2.1948661018173327e-01 
48.200000 2.1948832833995302e-01 
48.400000 2.1949017033584206e-01 
48.600000 2.1949211951955613e-01 
48.800000 2.1949416069692465e-01 
49.000000 2.1949628001035995e-01 
49.200000 2.1949846482967497e-01 
49.400000 2.1950070365194829e-01 
49.600000 2.1950298600967036e-01 
49.800000 2.1950530238646609e-01 
50.000000 2.1950764413974072e-01 
50.200000 2.1951000342967564e-01 
50.400000 2.1951237315401650e-01 
50.600000 2.1951474688819042e-01 
50.800000 2.1951711883027386e-01 
51.000000 2.1951948375042551e-01 
51.200000 2.1952183694440536e-01 
51.400000 2.1952417419082701e-01 
51.600000 2.1952649171184777e-01 
51.800000 2.1952878613699695e-01 
52.000000 2.1953105446989696e-01 
52.200000 2.1953329405762245e-01 
52.400000 2.1953550256249288e-01 
52.600000 2.1953767793609022e-01 
52.800000 2.1953981839532760e-01 
53.000000 2.1954192240039197e-01 
53.200000 2.1954398863442504e-01 
53.400000 2.1954601598477286e-01 
53.600000 2.1954800352571885e-01 
53.800000 2.1954995050254145e-01 
54.000000 2.1955185631681040e-01 
54.200000 2.1955372051282587e-01 
54.400000 2.1955554276510614e-01 
54.600000 2.1955732286681781e-01 
54.800000 2.1955906071912987e-01 
55.000000 2.1956075632135669e-01 
55.200000 2.1956240976187111e-01 
55.400000 2.1956402120970903e-01 
55.600000 2.1956559090681954e-01 
55.800000 2.1956711916090654e-01 
56.000000 2.1956860633882125e-01 
56.200000 2.1957005286045933e-01 
56.400000 2.1957145919312379e-01 
56.600000 2.1957282584633334e-01 
56.800000 2.1957415336700861e-01 
57.000000 2.1957544233505200e-01 
57.200000 2.1957669335926291e-01 
57.400000 2.1957790707355962e-01 
57.600000 2.1957908413351340e-01 
57.800000 2.1958022521314638e-01 
58.000000 2.1958133100198143e-01 
58.200000 2.1958240220233166e-01 
58.400000 2.1958343952680087e-01 
58.600000 2.1958444369599853e-01 
58.800000 2.1958541543641852e-01 
59.000000 2.1958635547853247e-01 
59.200000 2.1958726455499555e-01 
59.400000 2.1958814339903257e-01 
59.600000 2.1958899274296956e-01 
59.800000 2.1958981331687821e-01 
60.000000 2.1959060584733134e-01 
60.200000 2.1959137105631130e-01 
60.400000 2.1959210966016787e-01 
60.600000 2.1959282236872890e-01 
60.800000 2.1959350988444620e-01 
61.000000 2.1959417290167679e-01 
61.200000 2.1959481210599668e-01 
61.400000 2.1959542817361696e-01 
61.600000 2.1959602177085083e-01 
61.800000 2.1959659355366773e-01 
62.000000 2.1959714416726284e-01 
62.200000 2.1959767424569310e-01 
62.400000 2.1959818441162199e-01 
62.600000 2.1959867527600954e-01 
62.800000 2.1959914743792919e-01 
63.000000 2.1959960148438318e-01 
63.200000 2.1960003799014513e-01 
63.400000 2.1960045751769522e-01 
63.600000 2.1960086061709772e-01 
63.800000 2.1960124782598719e-01 
64.000000 2.1960161966954247e-01 
64.200000 2.1960197666049272e-01 
64.400000 2.1960231929912422e-01 
64.600000 2.1960264807337193e-01 
64.800000 2.1960296345883029e-01 
65.000000 2.1960326591889509e-01 
65.200000 2.1960355590481140e-01 
65.400000 2.1960383385581872e-01 
65.600000 2.1960410019926688e-01 
65.800000 2.1960435535077497e-01 
66.000000 2.1960459971432800e-01 
66.200000 2.1960483368248560e-01 
66.400000 2.1960505763653224e-01 
66.600000 2.1960527194665716e-01 
66.800000 2.1960547697209923e-01 
67.000000 2.1960567306139539e-01 
67.200000 2.1960586055251566e-01 
67.400000 2.1960603977309506e-01 
67.600000 2.1960621104059871e-01 
67.800000 2.1960637466256114e-01 
68.000000 2.1960653093676519e-01 
68.200000 2.1960668015146009e-01 
68.400000 2.1960682258554709e-01 
68.600000 2.1960695850882483e-01 
68.800000 2.1960708818218030e-01 
69.000000 2.1960721185775872e-01 
69.200000 2.1960732977926034e-01 
69.400000 2.1960744218205902e-01 
69.600000 2.1960754929344670e-01 
69.800000 2.1960765133286897e-01 
70.000000 2.1960774851205150e-01 
70.200000 2.1960784103528297e-01 
70.400000 2.1960792909957152e-01 
70.600000 2.1960801289484780e-01 
70.800000 2.1960809260417458e-01 
71.000000 2.1960816840392561e-01 
71.200000 2.1960824046397801e-01 
71.400000 2.1960830894789099e-01 
71.600000 2.1960837401312250e-01 
71.800000 2.1960843581118863e-01 
72.000000 2.1960849448782616e-01 
72.200000 2.1960855018320047e-01 
72.400000 2.1960860303205035e-01 
72.600000 2.1960865316390779e-01 
72.800000 2.1960870070315813e-01 
73.000000 2.1960874576933112e-01 
73.200000 2.1960878847714679e-01 
73.400000 2.1960882893677625e-01 
73.600000 2.1960886725388595e-01 
73.800000 2.1960890352986370e-01 
74.000000 2.1960893786195074e-01 
74.200000 2.1960897034333066e-01 
74.400000 2.1960900106334261e-01 
74.600000 2.1960903010757671e-01 
74.800000 2.1960905755796853e-01 
75.000000 2.1960908349301719e-01 
75.200000 2.1960910798783628e-01 
75.400000 2.1960913111430022e-01 
75.600000 2.1960915294115513e-01 
75.800000 2.1960917353412693e-01 
76.000000 2.1960919295609097e-01 
76.200000 2.1960921126705479e-01 
76.400000 2.1960922852441703e-01 
76.600000 2.1960924478291158e-01 
76.800000 2.1960926009486112e-01 
77.000000 2.1960927451017945e-01 
77.200000 2.1960928807643526e-01 
77.400000 2.1960930083904337e-01 
77.600000 2.1960931284127608e-01 
77.800000 2.1960932412439524e-01 
78.000000 2.1960933472765767e-01 
78.200000 2.1960934468850501e-01 
78.400000 2.1960935404251297e-01 
78.600000 2.1960936282362764e-01 
78.800000 2.1960937106403602e-01 
79.000000 2.1960937879440789e-01 
79.200000 2.1960938604385893e-01 
79.400000 2.1960939284008918e-01 
79.600000 2.1960939920938502e-01 
79.800000 2.1960940517670077e-01 
80.000000 2.1960941076572241e-01 
80.200000 2.1960941599890202e-01 
80.400000 2.1960942089757374e-01 
80.600000 2.1960942548189513e-01 
80.800000 2.1960942977101974e-01 
81.000000 2.1960943378300490e-01 
81.200000 2.1960943753505913e-01 
81.400000 2.1960944104337984e-01 
81.600000 2.1960944432326804e-01 
81.800000 2.1960944738928354e-01 
82.000000 2.1960945025505904e-01 
82.200000 2.1960945293357476e-01 
82.400000 2.1960945543698907e-01 
82.600000 2.1960945777683960e-01 
82.800000 2.1960945996397896e-01 
83.000000 2.1960946200862960e-01 
83.200000 2.1960946392042527e-01 
83.400000 2.1960946570842924e-01 
83.600000 2.1960946738115697e-01 
83.800000 2.1960946894665467e-01 
84.000000 2.1960947041241585e-01 
84.200000 2.1960947178552273e-01 
84.400000 2.1960947307262502e-01 
84.600000 2.1960947427991331e-01 
84.800000 2.1960947541323883e-01 
85.000000 2.1960947647807461e-01 
85.200000 2.1960947747948278e-01 
85.400000 2.1960947842226941e-01 
85.600000 2.1960947931089192e-01 
85.800000 2.1960948014949891e-01 
86.000000 2.1960948094198043e-01 
86.200000 2.1960948169196723e-01 
86.400000 2.1960948240283523e-01 
86.600000 2.1960948307767478e-01 
86.800000 2.1960948371942102e-01 
87.000000 2.1960948433076533e-01 
87.200000 2.1960948491422830e-01 
87.400000 2.1960948547213013e-01 
87.600000 2.1960948600660030e-01 
87.800000 2.1960948651965331e-01 
88.000000 2.1960948701307648e-01 
88.200000 2.1960948748857270e-01 
88.400000 2.1960948794770541e-01 
88.600000 2.1960948839187786e-01 
88.800000 2.1960948882239467e-01 
89.000000 2.1960948924047688e-01 
89.200000 2.1960948964723484e-01 
89.400000 2.1960949004360086e-01 
89.600000 2.1960949043052491e-01 
89.800000 2.1960949080880568e-01 
90.000000 2.1960949117923131e-01 
90.200000 2.1960949154244103e-01 
90.400000 2.1960949189904469e-01 
90.600000 2.1960949224959758e-01 
90.800000 2.1960949259457649e-01 
91.000000 2.1960949293441093e-01 
91.200000 2.1960949326952611e-01 
91.400000 2.1960949360021159e-01 
91.600000 2.1960949392678375e-01 
91.800000 2.1960949424952558e-01 
92.000000 2.1960949456862469e-01 
92.200000 2.1960949488430487e-01 
92.400000 2.1960949519671238e-01 
92.600000 2.1960949550599274e-01 
92.800000 2.1960949581224634e-01 
93.000000 2.1960949611558844e-01 
93.200000 2.1960949641607030e-01 
93.400000 2.1960949671377661e-01 
93.600000 2.1960949700870738e-01 
93.800000 2.1960949730089033e-01 
94.000000 2.1960949759038095e-01 
94.200000 2.1960949787713199e-01 
94.400000 2.1960949816117431e-01 
94.600000 2.1960949844244940e-01 
94.800000 2.1960949872094881e-01 
95.000000 2.1960949899667273e-01 
95.200000 2.1960949926953779e-01 
95.400000 2.1960949953954403e-01 
95.600000 2.1960949980663594e-01 
95.800000 2.1960950007075788e-01 
96.000000 2.1960950033185489e-01 
96.200000 2.1960950058992601e-01 
96.400000 2.1960950084486230e-01 
96.600000 2.1960950109665955e-01 
96.800000 2.1960950134524393e-01 
97.000000 2.1960950159059778e-01 
97.200000 2.1960950183262642e-01 
97.400000 2.1960950207132435e-01 
97.600000 2.1960950230665477e-01 
97.800000 2.1960950253853392e-01 
98.000000 2.1960950276693461e-01 
98.200000 2.1960950299183804e-01 
98.400000 2.1960950321321651e-01 
98.600000 2.1960950343101451e-01 
98.800000 2.1960950364523202e-01 
99.000000 2.1960950385583503e-01 
99.200000 2.1960950406275917e-01 
99.400000 2.1960950426605169e-01 
99.600000 2.1960950446565911e-01 
99.800000 2.1960950466158569e-01 
100.000000 2.1960950485379302e-01 
100.200000 2.1960950504230892e-01 
100.400000 2.1960950522710554e-01 
100.600000 2.1960950540818308e-01 
100.800000 2.1960950558556883e-01 
101.000000 2.1960950575926319e-01 
101.200000 2.1960950592923834e-01 
101.400000 2.1960950609554977e-01 
101.600000 2.1960950625819473e-01 
101.800000 2.1960950641717381e-01 
102.000000 2.1960950657252934e-01 
102.200000 2.1960950672429680e-01 
102.400000 2.1960950687245609e-01 
102.600000 2.1960950701709037e-01 
102.800000 2.1960950715817187e-01 
103.000000 2.1960950729575637e-01 
103.200000 2.1960950742989904e-01 
103.400000 2.1960950756060002e-01 
103.600000 2.1960950768791487e-01 
103.800000 2.1960950781184360e-01 
104.000000 2.1960950793249723e-01 
104.200000 2.1960950804987533e-01 
104.400000 2.1960950816403405e-01 
104.600000 2.1960950827500081e-01 
104.800000 2.1960950838283122e-01 
105.000000 2.1960950848755303e-01 
105.200000 2.1960950858927658e-01 
105.400000 2.1960950868797602e-01 
105.600000 2.1960950878370503e-01 
105.800000 2.1960950887657518e-01 
106.000000 2.1960950896661424e-01 
106.200000 2.1960950905383336e-01 
106.400000 2.1960950913833333e-01 
106.600000 2.1960950922013370e-01 
106.800000 2.1960950929929260e-01 
107.000000 2.1960950937589796e-01 
107.200000 2.1960950944992211e-01 
107.400000 2.1960950952150377e-01 
107.600000 2.1960950959067060e-01 
107.800000 2.1960950965742279e-01 
108.000000 2.1960950972192100e-01 
108.200000 2.1960950978409921e-01 
108.400000 2.1960950984410677e-01 
108.600000 2.1960950990194941e-01 
108.800000 2.1960950995768258e-01 
109.000000 2.1960951001136189e-01 
109.200000 2.1960951006304269e-01 
109.400000 2.1960951011275298e-01 
109.600000 2.1960951016057587e-01 
109.800000 2.1960951020656685e-01 
110.000000 2.1960951025072598e-01 
110.200000 2.1960951029316425e-01 
110.400000 2.1960951033389195e-01 
110.600000 2.1960951037296150e-01 
110.800000 2.1960951041043153e-01 
111.000000 2.1960951044634727e-01 
111.200000 2.1960951048073640e-01 
111.400000 2.1960951051365452e-01 
111.600000 2.1960951054515712e-01 
111.800000 2.1960951057529965e-01 
112.000000 2.1960951060408221e-01 
112.200000 2.1960951063158796e-01 
112.400000 2.1960951065781700e-01 
112.600000 2.1960951068285253e-01 
112.800000 2.1960951070670121e-01 
113.000000 2.1960951072945412e-01 
113.200000 2.1960951075108048e-01 
113.400000 2.1960951077167035e-01 
113.600000 2.1960951079123117e-01 
113.800000 2.1960951080979324e-01 
114.000000 2.1960951082743121e-01 
114.200000 2.1960951084414018e-01 
114.400000 2.1960951085998862e-01 
114.600000 2.1960951087494887e-01 
114.800000 2.1960951088910424e-01 
115.000000 2.1960951090251010e-01 
115.200000 2.1960951091514019e-01 
115.400000 2.1960951092707007e-01 
115.600000 2.1960951093828707e-01 
115.800000 2.1960951094880646e-01 
116.000000 2.1960951095871520e-01 
116.200000 2.1960951096801326e-01 
116.400000 2.1960951097670406e-01 
116.600000 2.1960951098483317e-01 
116.800000 2.1960951099243819e-01 
117.000000 2.1960951099951587e-01 
117.200000 2.1960951100611345e-01 
117.400000 2.1960951101222792e-01 
117.600000 2.1960951101790760e-01 
117.800000 2.1960951102311754e-01 
118.000000 2.1960951102796533e-01 
118.200000 2.1960951103240622e-01 
118.400000 2.1960951103647558e-01 
118.600000 2.1960951104017784e-01 
118.800000 2.1960951104356394e-01 
119.000000 2.1960951104661708e-01 
119.200000 2.1960951104939264e-01 
119.400000 2.1960951105185417e-01 
119.600000 2.1960951105405557e-01 
119.800000 2.1960951105598148e-01 
120.000000 2.1960951105770365e-01 
120.200000 2.1960951105915699e-01 
120.400000 2.1960951106040053e-01 
120.600000 2.1960951106146631e-01 
120.800000 2.1960951106229903e-01 
121.000000 2.1960951106299278e-01 
121.200000 2.1960951106349247e-01 
121.400000 2.1960951106385332e-01 
121.600000 2.1960951106404758e-01 
121.800000 2.1960951106408086e-01 
122.000000 2.1960951106401982e-01 
122.200000 2.1960951106384591e-01 
122.400000 2.1960951106353682e-01 
122.600000 2.1960951106312432e-01 
122.800000 2.1960951106260432e-01 
123.000000 2.1960951106202145e-01 
123.200000 2.1960951106133555e-01 
123.400000 2.1960951106057816e-01 
123.600000 2.1960951105977325e-01 
123.800000 2.1960951105888507e-01 
124.000000 2.1960951105793189e-01 
124.200000 2.1960951105694218e-01 
124.400000 2.1960951105590626e-01 
124.600000 2.1960951105480778e-01 
124.800000 2.1960951105369494e-01 
125.000000 2.1960951105255316e-01 
125.200000 2.1960951105136331e-01 
125.400000 2.1960951105014206e-01 
125.600000 2.1960951104892115e-01 
125.800000 2.1960951104770099e-01 
126.000000 2.1960951104645057e-01 
126.200000 2.1960951104519777e-01 
126.400000 2.1960951104392476e-01 
126.600000 2.1960951104264193e-01 
126.800000 2.1960951104136608e-01 
127.000000 2.1960951104006710e-01 
127.200000 2.1960951103879006e-01 
127.400000 2.1960951103754103e-01 
127.600000 2.1960951103626425e-01 
127.800000 2.1960951103501525e-01 
128.000000 2.1960951103376625e-01 
128.200000 2.1960951103253890e-01 
128.400000 2.1960951103129600e-01 
128.600000 2.1960951103010251e-01 
128.800000 2.1960951102890902e-01 
129.000000 2.1960951102773330e-01 
129.200000 2.1960951102657758e-01 
129.400000 2.1960951102543957e-01 
129.600000 2.1960951102431706e-01 
129.800000 2.1960951102321913e-01 
130.000000 2.1960951102214618e-01 
130.200000 2.1960951102109041e-01 
130.400000 2.1960951102002724e-01 
130.600000 2.1960951101902804e-01 
130.800000 2.1960951101803508e-01 
131.000000 2.1960951101705742e-01 
131.200000 2.1960951101611370e-01 
131.400000 2.1960951101517800e-01 
131.600000 2.1960951101428186e-01 
131.800000 2.1960951101342141e-01 
132.000000 2.1960951101253817e-01 
132.200000 2.1960951101170531e-01 
132.400000 2.1960951101092341e-01 
132.600000 2.1960951101011955e-01 
132.800000 2.1960951100936910e-01 
133.000000 2.1960951100861970e-01 
133.200000 2.1960951100789808e-01 
133.400000 2.1960951100720266e-01 
133.600000 2.1960951100653800e-01 
133.800000 2.1960951100587114e-01 
134.000000 2.1960951100520579e-01 
134.200000 2.1960951100462289e-01 
134.400000 2.1960951100403539e-01 
134.600000 2.1960951100342962e-01 
134.800000 2.1960951100290207e-01 
135.000000 2.1960951100237466e-01 
135.200000 2.1960951100184753e-01 
135.400000 2.1960951100134776e-01 
135.600000 2.1960951100087589e-01 
135.800000 2.1960951100043180e-01 
136.000000 2.1960951099998771e-01 
136.200000 2.1960951099954365e-01 
136.400000 2.1960951099915504e-01 
136.600000 2.1960951099876649e-01 
136.800000 2.1960951099837797e-01 
137.000000 2.1960951099801709e-01 
137.200000 2.1960951099768400e-01 
137.400000 2.1960951099735096e-01 
137.600000 2.1960951099703221e-01 
137.800000 2.1960951099672596e-01 
138.000000 2.1960951099643503e-01 
138.200000 2.1960951099615744e-01 
138.400000 2.1960951099590764e-01 
138.600000 2.1960951099565784e-01 
138.800000 2.1960951099541820e-01 
139.000000 2.1960951099518602e-01 
139.200000 2.1960951099496398e-01 
139.400000 2.1960951099476969e-01 
139.600000 2.1960951099457537e-01 
139.800000 2.1960951099438109e-01 
140.000000 2.1960951099421444e-01 
140.200000 2.1960951099402773e-01 
140.400000 2.1960951099388151e-01 
140.600000 2.1960951099371495e-01 
140.800000 2.1960951099357620e-01 
141.000000 2.1960951099346515e-01 
141.200000 2.1960951099333179e-01 
141.400000 2.1960951099321535e-01 
141.600000 2.1960951099310433e-01 
141.800000 2.1960951099299908e-01 
142.000000 2.1960951099288759e-01 
142.200000 2.1960951099279902e-01 
142.400000 2.1960951099271578e-01 
142.600000 2.1960951099263251e-01 
142.800000 2.1960951099254925e-01 
143.000000 2.1960951099249251e-01 
143.200000 2.1960951099241047e-01 
143.400000 2.1960951099235526e-01 
143.600000 2.1960951099229942e-01 
143.800000 2.1960951099224393e-01 
144.000000 2.1960951099219597e-01 
144.200000 2.1960951099216064e-01 
144.400000 2.1960951099212025e-01 
144.600000 2.1960951099207737e-01 
144.800000 2.1960951099204951e-01 
145.000000 2.1960951099199438e-01 
145.200000 2.1960951099196635e-01 
145.400000 2.1960951099191309e-01 
145.600000 2.1960951099188553e-01 
145.800000 2.1960951099185538e-01 
146.000000 2.1960951099185538e-01 
146.200000 2.1960951099182760e-01 
146.400000 2.1960951099179984e-01 
146.600000 2.1960951099179982e-01 
146.800000 2.1960951099177206e-01 
147.000000 2.1960951099177206e-01 
147.200000 2.1960951099174433e-01 
147.400000 2.1960951099174433e-01 
147.600000 2.1960951099174433e-01 
147.800000 2.1960951099171658e-01 
148.000000 2.1960951099171658e-01 
148.200000 2.1960951099171658e-01 
148.400000 2.1960951099171658e-01 
148.600000 2.1960951099171658e-01 
148.800000 2.1960951099168963e-01 
149.000000 2.1960951099168882e-01 
149.200000 2.1960951099168879e-01 
149.400000 2.1960951099168879e-01 
149.600000 2.1960951099168879e-01 
149.800000 2.1960951099168879e-01 
