0.000000 7.6906228979496229e-03 
0.200000 7.6993806598259799e-03 
0.400000 7.7184667120008535e-03 
0.600000 7.7479070765239001e-03 
0.800000 7.7877343459255522e-03 
1.000000 7.8379877015020832e-03 
1.200000 7.8987129315166351e-03 
1.400000 7.9699624493220454e-03 
1.600000 8.0517953114084238e-03 
1.800000 8.1447860512271122e-03 
2.000000 8.2491925923962508e-03 
2.200000 8.3652755907018678e-03 
2.400000 8.4932950011852807e-03 
2.600000 8.6335136277089219e-03 
2.800000 8.7861967716008089e-03 
3.000000 8.9516176133160267e-03 
3.200000 9.1295988382779879e-03 
3.400000 9.3219371621934190e-03 
3.600000 9.5277656437120911e-03 
3.800000 9.7477032099408337e-03 
4.000000 9.9821029741982599e-03 
4.200000 1.0231338695908284e-02 
4.400000 1.0495797334109656e-02 
4.600000 1.0775871755132106e-02 
4.800000 1.1071954712759883e-02 
5.000000 1.1384429787393374e-02 
5.200000 1.1713668575200408e-02 
5.400000 1.2060023446051445e-02 
5.600000 1.2423824722071387e-02 
5.800000 1.2805373106429587e-02 
6.000000 1.3204930070621061e-02 
6.200000 1.3622749635293177e-02 
6.400000 1.4058984853019903e-02 
6.600000 1.4513748177691833e-02 
6.800000 1.4987084450082898e-02 
7.000000 1.5478989523219381e-02 
7.200000 1.5989374965511251e-02 
7.400000 1.6518062302529911e-02 
7.600000 1.7064775523569203e-02 
7.800000 1.7629133705276752e-02 
8.000000 1.8210643491855028e-02 
8.200000 1.8808692234842116e-02 
8.400000 1.9422542159173436e-02 
8.600000 2.0051325291332800e-02 
8.800000 2.0694039318757282e-02 
9.000000 2.1349546368398531e-02 
9.200000 2.2016572141443074e-02 
9.400000 2.2693710158125217e-02 
9.600000 2.3379421633125126e-02 
9.800000 2.4072039403855394e-02 
10.000000 2.4769772300744557e-02 
10.200000 2.5470716334151575e-02 
10.400000 2.6172865487270897e-02 
10.600000 2.6874124257055113e-02 
10.800000 2.7572321521513215e-02 
11.000000 2.8265226196469651e-02 
11.200000 2.8950564300900174e-02 
11.400000 2.9626037095571902e-02 
11.600000 3.0289339919488487e-02 
11.800000 3.0938181657504123e-02 
12.000000 3.1570304242393030e-02 
12.200000 3.2183501873073839e-02 
12.400000 3.2775639538668064e-02 
12.600000 3.3344670831566912e-02 
12.800000 3.3888654587251016e-02 
13.000000 3.4405770267919279e-02 
13.200000 3.4894331527215168e-02 
13.400000 3.5352798237178268e-02 
13.600000 3.5779786418090424e-02 
13.800000 3.6174076134124981e-02 
14.000000 3.6534617326709790e-02 
14.200000 3.6860533634462227e-02 
14.400000 3.7151124218959969e-02 
14.600000 3.7405863664854939e-02 
14.800000 3.7624400063637438e-02 
15.000000 3.7806551422109223e-02 
15.200000 3.7952300550257514e-02 
15.400000 3.8061788605542005e-02 
15.600000 3.8135307467674323e-02 
15.800000 3.8173291138005890e-02 
16.000000 3.8176306338834405e-02 
16.200000 3.8145042503733281e-02 
16.400000 3.8080301323687303e-02 
16.600000 3.7982986022551186e-02 
16.800000 3.7854090508070093e-02 
17.000000 3.7694688539302468e-02 
17.200000 3.7505923036190603e-02 
17.400000 3.7288995641837741e-02 
17.600000 3.7045156628410750e-02 
17.800000 3.6775695222178287e-02 
18.000000 3.6481930408004938e-02 
18.200000 3.6165202258935908e-02 
18.400000 3.5826863822388609e-02 
18.600000 3.5468273582175518e-02 
18.800000 3.5090788504379085e-02 
19.000000 3.4695757666296227e-02 
19.200000 3.4284516459589652e-02 
19.400000 3.3858381353249416e-02 
19.600000 3.3418645197360826e-02 
19.800000 3.2966573046239525e-02 
20.000000 3.2503398477559259e-02 
20.200000 3.2030320383327003e-02 
20.400000 3.1548500208334572e-02 
20.600000 3.1059059612144814e-02 
20.800000 3.0563078531162691e-02 
21.000000 3.0061593617935593e-02 
21.200000 2.9555597035346458e-02 
21.400000 2.9046035583804124e-02 
21.600000 2.8533810139777068e-02 
21.800000 2.8019775384125242e-02 
22.000000 2.7504739798665589e-02 
22.200000 2.6989465909358940e-02 
22.400000 2.6474670754430621e-02 
22.600000 2.5961026555710868e-02 
22.800000 2.5449161571539147e-02 
23.000000 2.4939661109785200e-02 
23.200000 2.4433068679887635e-02 
23.400000 2.3929887263341856e-02 
23.600000 2.3430580682771564e-02 
23.800000 2.2935575050594272e-02 
24.000000 2.2445260279325748e-02 
24.200000 2.1959991636713649e-02 
24.400000 2.1480091330161384e-02 
24.600000 2.1005850106234791e-02 
24.800000 2.0537528852429408e-02 
25.000000 2.0075360189771897e-02 
25.200000 1.9619550046219531e-02 
25.400000 1.9170279202170966e-02 
25.600000 1.8727704800708785e-02 
25.800000 1.8291961816418453e-02 
26.000000 1.7863164477783293e-02 
26.200000 1.7441407639213029e-02 
26.400000 1.7026768099728321e-02 
26.600000 1.6619305866193930e-02 
26.800000 1.6219065359760924e-02 
27.000000 1.5826076564856573e-02 
27.200000 1.5440356120643572e-02 
27.400000 1.5061908355368693e-02 
27.600000 1.4690726264440753e-02 
27.800000 1.4326792433420343e-02 
28.000000 1.3970079907385892e-02 
28.200000 1.3620553008356535e-02 
28.400000 1.3278168102622096e-02 
28.600000 1.2942874319950674e-02 
28.800000 1.2614614226727596e-02 
29.000000 1.2293324455125775e-02 
29.200000 1.1978936290429990e-02 
29.400000 1.1671376218632781e-02 
29.600000 1.1370566436396036e-02 
29.800000 1.1076425325435115e-02 
30.000000 1.0788867893329623e-02 
30.200000 1.0507806182704766e-02 
30.400000 1.0233149650659036e-02 
30.600000 9.9648055202403267e-03 
30.800000 9.7026791056958953e-03 
31.000000 9.4466741131425547e-03 
31.200000 9.1966929182243484e-03 
31.400000 8.9526368222444322e-03 
31.600000 8.7144062881800450e-03 
31.800000 8.4819011579124678e-03 
32.000000 8.2550208519274922e-03 
32.200000 8.0336645526708512e-03 
32.400000 7.8177313726716102e-03 
32.600000 7.6071205084805938e-03 
32.800000 7.4017313814047324e-03 
33.000000 7.2014637659596464e-03 
33.200000 7.0062179069015013e-03 
33.400000 6.8158946256467214e-03 
33.600000 6.6303954168342259e-03 
33.800000 6.4496225357359889e-03 
34.000000 6.2734790771761554e-03 
34.200000 6.1018690465733660e-03 
34.400000 5.9346974236820999e-03 
34.600000 5.7718702195687019e-03 
34.800000 5.6132945273216182e-03 
35.000000 5.4588785669628034e-03 
35.200000 5.3085317249940934e-03 
35.400000 5.1621645889829105e-03 
35.600000 5.0196889775649079e-03 
35.800000 4.8810179662137449e-03 
36.000000 4.7460659091049968e-03 
36.200000 4.6147484573779299e-03 
36.400000 4.4869825740782229e-03 
36.600000 4.3626865460445838e-03 
36.800000 4.2417799929837189e-03 
37.000000 4.1241838739615438e-03 
37.200000 4.0098204915216132e-03 
37.400000 3.8986134936275351e-03 
37.600000 3.7904878736118898e-03 
37.800000 3.6853699683008891e-03 
38.000000 3.5831874544725575e-03 
38.200000 3.4838693437942302e-03 
38.400000 3.3873459763752610e-03 
38.600000 3.2935490130601946e-03 
38.800000 3.2024114265796445e-03 
39.000000 3.1138674916664530e-03 
39.200000 3.0278527742375176e-03 
39.400000 2.9443041197340599e-03 
39.600000 2.8631596407061258e-03 
39.800000 2.7843587037208730e-03 
40.000000 2.7078419156680816e-03 
40.200000 2.6335511095309052e-03 
40.400000 2.5614293296846394e-03 
40.600000 2.4914208167814466e-03 
40.800000 2.4234709922746249e-03 
41.000000 2.3575264426317715e-03 
41.200000 2.2935349032822739e-03 
41.400000 2.2314452423412160e-03 
41.600000 2.1712074441480366e-03 
41.800000 2.1127725926557714e-03 
42.000000 2.0560928547030967e-03 
42.200000 2.0011214631996009e-03 
42.400000 1.9478127002513239e-03 
42.600000 1.8961218802521819e-03 
42.800000 1.8460053329640051e-03 
43.000000 1.7974203866066667e-03 
43.200000 1.7503253509772261e-03 
43.400000 1.7046795006161392e-03 
43.600000 1.6604430580361769e-03 
43.800000 1.6175771770290449e-03 
44.000000 1.5760439260627788e-03 
44.200000 1.5358062717820559e-03 
44.400000 1.4968280626224727e-03 
44.600000 1.4590740125485090e-03 
44.800000 1.4225096849242397e-03 
45.000000 1.3871014765248285e-03 
45.200000 1.3528166016960157e-03 
45.400000 1.3196230766680539e-03 
45.600000 1.2874897040299508e-03 
45.800000 1.2563860573691073e-03 
46.000000 1.2262824660809225e-03 
46.200000 1.1971500003524079e-03 
46.400000 1.1689604563233380e-03 
46.600000 1.1416863414279840e-03 
46.800000 1.1153008599201085e-03 
47.000000 1.0897778985834879e-03 
47.200000 1.0650920126298973e-03 
47.400000 1.0412184117860948e-03 
47.600000 1.0181329465712053e-03 
47.800000 9.9581209476542316e-04 
48.000000 9.7423294807092722e-04 
48.200000 9.5337319896541411e-04 
48.400000 9.3321112774876402e-04 
48.600000 9.1372558978283672e-04 
48.800000 8.9489600292445100e-04 
49.000000 8.7670233515135321e-04 
49.200000 8.5912509238077271e-04 
49.400000 8.4214530648019949e-04 
49.600000 8.2574452346967798e-04 
49.800000 8.0990479191496163e-04 
50.000000 7.9460865151068213e-04 
50.200000 7.7983912185262635e-04 
50.400000 7.6557969139813293e-04 
50.600000 7.5181430661343414e-04 
50.800000 7.3852736130690627e-04 
51.000000 7.2570368614686791e-04 
51.200000 7.1332853836270950e-04 
51.400000 7.0138759162794383e-04 
51.600000 6.8986692612379150e-04 
51.800000 6.7875301878180861e-04 
52.000000 6.6803273370406337e-04 
52.200000 6.5769331275929469e-04 
52.400000 6.4772236635343738e-04 
52.600000 6.3810786437293104e-04 
52.800000 6.2883812729906446e-04 
53.000000 6.1990181749173551e-04 
53.200000 6.1128793064081643e-04 
53.400000 6.0298578738343818e-04 
53.600000 5.9498502508535255e-04 
53.800000 5.8727558978459080e-04 
54.000000 5.7984772829561011e-04 
54.200000 5.7269198047201376e-04 
54.400000 5.6579917162606099e-04 
54.600000 5.5916040510302736e-04 
54.800000 5.5276705500852412e-04 
55.000000 5.4661075908690011e-04 
55.200000 5.4068341174876369e-04 
55.400000 5.3497715724570513e-04 
55.600000 5.2948438299028737e-04 
55.800000 5.2419771301933163e-04 
56.000000 5.1911000159855932e-04 
56.200000 5.1421432696662763e-04 
56.400000 5.0950398521654508e-04 
56.600000 5.0497248431257151e-04 
56.800000 5.0061353824055262e-04 
57.000000 4.9642106128974827e-04 
57.200000 4.9238916246418488e-04 
57.400000 4.8851214002152961e-04 
57.600000 4.8478447613751568e-04 
57.800000 4.8120083169396179e-04 
58.000000 4.7775604118839945e-04 
58.200000 4.7444510776333633e-04 
58.400000 4.7126319835322483e-04 
58.600000 4.6820563894712998e-04 
58.800000 4.6526790996518768e-04 
59.000000 4.6244564174691610e-04 
59.200000 4.5973461014939954e-04 
59.400000 4.5713073225346547e-04 
59.600000 4.5463006217592562e-04 
59.800000 4.5222878698597557e-04 
60.000000 4.4992322272384503e-04 
60.200000 4.4770981051985552e-04 
60.400000 4.4558511281197479e-04 
60.600000 4.4354580966002831e-04 
60.800000 4.4158869515474125e-04 
61.000000 4.3971067391976499e-04 
61.200000 4.3790875770486812e-04 
61.400000 4.3618006206852067e-04 
61.600000 4.3452180314807056e-04 
61.800000 4.3293129451574903e-04 
62.000000 4.3140594411877160e-04 
62.200000 4.2994325130178251e-04 
62.400000 4.2854080390994652e-04 
62.600000 4.2719627547098334e-04 
62.800000 4.2590742245449397e-04 
63.000000 4.2467208160687416e-04 
63.200000 4.2348816736023154e-04 
63.400000 4.2235366931364345e-04 
63.600000 4.2126664978520519e-04 
63.800000 4.2022524143324366e-04 
64.000000 4.1922764494516676e-04 
64.200000 4.1827212679241540e-04 
64.400000 4.1735701704999497e-04 
64.600000 4.1648070727909418e-04 
64.800000 4.1564164847130249e-04 
65.000000 4.1483834905302786e-04 
65.200000 4.1406937294861934e-04 
65.400000 4.1333333770083187e-04 
65.600000 4.1262891264723579e-04 
65.800000 4.1195481715121547e-04 
66.000000 4.1130981888618570e-04 
66.200000 4.1069273217175182e-04 
66.400000 4.1010241636048675e-04 
66.600000 4.0953777427405591e-04 
66.800000 4.0899775068743976e-04 
67.000000 4.0848133086003222e-04 
67.200000 4.0798753911238988e-04 
67.400000 4.0751543744744318e-04 
67.600000 4.0706412421504212e-04 
67.800000 4.0663273281864803e-04 
68.000000 4.0622043046306211e-04 
68.200000 4.0582641694213108e-04 
68.400000 4.0544992346528422e-04 
68.600000 4.0509021152190301e-04 
68.800000 4.0474657178247780e-04 
69.000000 4.0441832303547546e-04 
69.200000 4.0410481115906696e-04 
69.400000 4.0380540812655732e-04 
69.600000 4.0351951104472815e-04 
69.800000 4.0324654122406611e-04 
70.000000 4.0298594328002605e-04 
70.200000 4.0273718426436322e-04 
70.400000 4.0249975282574479e-04 
70.600000 4.0227315839876467e-04 
70.800000 4.0205693042046900e-04 
71.000000 4.0185061757368808e-04 
71.200000 4.0165378705629224e-04 
71.400000 4.0146602387563081e-04 
71.600000 4.0128693016739205e-04 
71.800000 4.0111612453816074e-04 
72.000000 4.0095324143093943e-04 
72.200000 4.0079793051290983e-04 
72.400000 4.0064985608478758e-04 
72.600000 4.0050869651110307e-04 
72.800000 4.0037414367069931e-04 
73.000000 4.0024590242686644e-04 
73.200000 4.0012369011647824e-04 
73.400000 4.0000723605757244e-04 
73.600000 3.9989628107464989e-04 
73.800000 3.9979057704130636e-04 
74.000000 3.9968988643950974e-04 
74.200000 3.9959398193500049e-04 
74.400000 3.9950264596836765e-04 
74.600000 3.9941567036119052e-04 
74.800000 3.9933285593676777e-04 
75.000000 3.9925401215504876e-04 
75.200000 3.9917895676113720e-04 
75.400000 3.9910751544700333e-04 
75.600000 3.9903952152601060e-04 
75.800000 3.9897481561967490e-04 
76.000000 3.9891324535639783e-04 
76.200000 3.9885466508161633e-04 
76.400000 3.9879893557914255e-04 
76.600000 3.9874592380314389e-04 
76.800000 3.9869550262047239e-04 
77.000000 3.9864755056304987e-04 
77.200000 3.9860195158976386e-04 
77.400000 3.9855859485776290e-04 
77.600000 3.9851737450265120e-04 
77.800000 3.9847818942737213e-04 
78.000000 3.9844094309936945e-04 
78.200000 3.9840554335583976e-04 
78.400000 3.9837190221672392e-04 
78.600000 3.9833993570508844e-04 
78.800000 3.9830956367481782e-04 
79.000000 3.9828070964515599e-04 
79.200000 3.9825330064193555e-04 
79.400000 3.9822726704527383e-04 
79.600000 3.9820254244336741e-04 
79.800000 3.9817906349238401e-04 
80.000000 3.9815676978194184e-04 
80.200000 3.9813560370624210e-04 
80.400000 3.9811551034041765e-04 
80.600000 3.9809643732203109e-04 
80.800000 3.9807833473748920e-04 
81.000000 3.9806115501321787e-04 
81.200000 3.9804485281127278e-04 
81.400000 3.9802938492946037e-04 
81.600000 3.9801471020558643e-04 
81.800000 3.9800078942574116e-04 
82.000000 3.9798758523649667e-04 
82.200000 3.9797506206078664e-04 
82.400000 3.9796318601744042e-04 
82.600000 3.9795192484407200e-04 
82.800000 3.9794124782335544e-04 
83.000000 3.9793112571242026e-04 
83.200000 3.9792153067528066e-04 
83.400000 3.9791243621827374e-04 
83.600000 3.9790381712817932e-04 
83.800000 3.9789564941313421e-04 
84.000000 3.9788791024610693e-04 
84.200000 3.9788057791077634e-04 
84.400000 3.9787363174991310e-04 
84.600000 3.9786705211593894e-04 
84.800000 3.9786082032370213e-04 
85.000000 3.9785491860537249e-04 
85.200000 3.9784933006728392e-04 
85.400000 3.9784403864879338e-04 
85.600000 3.9783902908287737e-04 
85.800000 3.9783428685857201e-04 
86.000000 3.9782979818507531e-04 
86.200000 3.9782554995746377e-04 
86.400000 3.9782152972401988e-04 
86.600000 3.9781772565489307e-04 
86.800000 3.9781412651239439e-04 
87.000000 3.9781072162246763e-04 
87.200000 3.9780750084759454e-04 
87.400000 3.9780445456083963e-04 
87.600000 3.9780157362119295e-04 
87.800000 3.9779884934994599e-04 
88.000000 3.9779627350823978e-04 
88.200000 3.9779383827562780e-04 
88.400000 3.9779153622966049e-04 
88.600000 3.9778936032634131e-04 
88.800000 3.9778730388161641e-04 
89.000000 3.9778536055362212e-04 
89.200000 3.9778352432586541e-04 
89.400000 3.9778178949112861e-04 
89.600000 3.9778015063610827e-04 
89.800000 3.9777860262693419e-04 
90.000000 3.9777714059517503e-04 
90.200000 3.9777575992465657e-04 
90.400000 3.9777445623885533e-04 
90.600000 3.9777322538887654e-04 
90.800000 3.9777206344209691e-04 
91.000000 3.9777096667121539e-04 
91.200000 3.9776993154394134e-04 
91.400000 3.9776895471316980e-04 
91.600000 3.9776803300759493e-04 
91.800000 3.9776716342274803e-04 
92.000000 3.9776634311262856e-04 
92.200000 3.9776556938153813e-04 
92.400000 3.9776483967644919e-04 
92.600000 3.9776415157970842e-04 
92.800000 3.9776350280210521e-04 
93.000000 3.9776289117627700e-04 
93.200000 3.9776231465043859e-04 
93.400000 3.9776177128240481e-04 
93.600000 3.9776125923398319e-04 
93.800000 3.9776077676552022e-04 
94.000000 3.9776032223087484e-04 
94.200000 3.9775989407245710e-04 
94.400000 3.9775949081673857e-04 
94.600000 3.9775911106974848e-04 
94.800000 3.9775875351301794e-04 
95.000000 3.9775841689954576e-04 
95.200000 3.9775810005009197e-04 
95.400000 3.9775780184962017e-04 
95.600000 3.9775752124388106e-04 
95.800000 3.9775725723623144e-04 
96.000000 3.9775700888459325e-04 
96.200000 3.9775677529853715e-04 
96.400000 3.9775655563655297e-04 
96.600000 3.9775634910347506e-04 
96.800000 3.9775615494794649e-04 
97.000000 3.9775597246017431e-04 
97.200000 3.9775580096959400e-04 
97.400000 3.9775563984289591e-04 
97.600000 3.9775548848191563e-04 
97.800000 3.9775534632177379e-04 
98.000000 3.9775521282914056e-04 
98.200000 3.9775508750044847e-04 
98.400000 3.9775496986036032e-04 
98.600000 3.9775485946014541e-04 
98.800000 3.9775475587635375e-04 
99.000000 3.9775465870932027e-04 
99.200000 3.9775456758199464e-04 
99.400000 3.9775448213856551e-04 
99.600000 3.9775440204341218e-04 
99.800000 3.9775432697995911e-04 
100.000000 3.9775425664963487e-04 
100.200000 3.9775419077086297e-04 
100.400000 3.9775412907817138e-04 
100.600000 3.9775407132122155e-04 
100.800000 3.9775401726407532e-04 
101.000000 3.9775396668430973e-04 
101.200000 3.9775391937233443e-04 
101.400000 3.9775387513060713e-04 
101.600000 3.9775383377306235e-04 
101.800000 3.9775379512434499e-04 
102.000000 3.9775375901932801e-04 
102.200000 3.9775372530245995e-04 
102.400000 3.9775369382725616e-04 
102.600000 3.9775366445582769e-04 
102.800000 3.9775363705832730e-04 
103.000000 3.9775361151250826e-04 
103.200000 3.9775358770338984e-04 
103.400000 3.9775356552266552e-04 
103.600000 3.9775354486852843e-04 
103.800000 3.9775352564512415e-04 
104.000000 3.9775350776233775e-04 
104.200000 3.9775349113541314e-04 
104.400000 3.9775347568461896e-04 
104.600000 3.9775346133506660e-04 
104.800000 3.9775344801626421e-04 
105.000000 3.9775343566203670e-04 
105.200000 3.9775342421011938e-04 
105.400000 3.9775341360211229e-04 
105.600000 3.9775340378308876e-04 
105.800000 3.9775339470145548e-04 
106.000000 3.9775338630880025e-04 
106.200000 3.9775337855966727e-04 
106.400000 3.9775337141134220e-04 
106.600000 3.9775336482380158e-04 
106.800000 3.9775335875943133e-04 
107.000000 3.9775335318299385e-04 
107.200000 3.9775334806143713e-04 
107.400000 3.9775334336370746e-04 
107.600000 3.9775333906075905e-04 
107.800000 3.9775333512533562e-04 
108.000000 3.9775333153191611e-04 
108.200000 3.9775332825658309e-04 
108.400000 3.9775332527689400e-04 
108.600000 3.9775332257192890e-04 
108.800000 3.9775332012198365e-04 
109.000000 3.9775331790874722e-04 
109.200000 3.9775331591497548e-04 
109.400000 3.9775331412458267e-04 
109.600000 3.9775331252254862e-04 
109.800000 3.9775331109482534e-04 
110.000000 3.9775330982824264e-04 
110.200000 3.9775330871054599e-04 
110.400000 3.9775330773030888e-04 
110.600000 3.9775330687677327e-04 
110.800000 3.9775330613999669e-04 
111.000000 3.9775330551065235e-04 
111.200000 3.9775330498004983e-04 
111.400000 3.9775330454010075e-04 
111.600000 3.9775330418328835e-04 
111.800000 3.9775330390256298e-04 
112.000000 3.9775330369139813e-04 
112.200000 3.9775330354371895e-04 
112.400000 3.9775330345386217e-04 
112.600000 3.9775330341659522e-04 
112.800000 3.9775330342700383e-04 
113.000000 3.9775330348056445e-04 
113.200000 3.9775330357310083e-04 
113.400000 3.9775330370067944e-04 
113.600000 3.9775330385973450e-04 
113.800000 3.9775330404689599e-04 
114.000000 3.9775330425906346e-04 
114.200000 3.9775330449339901e-04 
114.400000 3.9775330474723752e-04 
114.600000 3.9775330501817498e-04 
114.800000 3.9775330530392655e-04 
115.000000 3.9775330560245625e-04 
115.200000 3.9775330591185004e-04 
115.400000 3.9775330623037091e-04 
115.600000 3.9775330655639164e-04 
115.800000 3.9775330688847973e-04 
116.000000 3.9775330722523590e-04 
116.200000 3.9775330756549671e-04 
116.400000 3.9775330790807467e-04 
116.600000 3.9775330825199618e-04 
116.800000 3.9775330859630832e-04 
117.000000 3.9775330894018104e-04 
117.200000 3.9775330928285170e-04 
117.400000 3.9775330962365369e-04 
117.600000 3.9775330996192644e-04 
117.800000 3.9775331029716002e-04 
118.000000 3.9775331062883893e-04 
118.200000 3.9775331095652267e-04 
118.400000 3.9775331127983159e-04 
118.600000 3.9775331159845384e-04 
118.800000 3.9775331191202766e-04 
119.000000 3.9775331222033361e-04 
119.200000 3.9775331252316272e-04 
119.400000 3.9775331282031532e-04 
119.600000 3.9775331311160564e-04 
119.800000 3.9775331339694830e-04 
120.000000 3.9775331367621801e-04 
120.200000 3.9775331394933684e-04 
120.400000 3.9775331421625847e-04 
120.600000 3.9775331447693330e-04 
120.800000 3.9775331473135896e-04 
121.000000 3.9775331497951712e-04 
121.200000 3.9775331522142219e-04 
121.400000 3.9775331545710292e-04 
121.600000 3.9775331568662065e-04 
121.800000 3.9775331590996657e-04 
122.000000 3.9775331612724036e-04 
122.200000 3.9775331633851396e-04 
122.400000 3.9775331654385085e-04 
122.600000 3.9775331674332106e-04 
122.800000 3.9775331693702533e-04 
123.000000 3.9775331712503179e-04 
123.200000 3.9775331730747368e-04 
123.400000 3.9775331748444475e-04 
123.600000 3.9775331765602484e-04 
123.800000 3.9775331782233630e-04 
124.000000 3.9775331798350296e-04 
124.200000 3.9775331813961061e-04 
124.400000 3.9775331829076585e-04 
124.600000 3.9775331843712670e-04 
124.800000 3.9775331857876513e-04 
125.000000 3.9775331871579945e-04 
125.200000 3.9775331884833498e-04 
125.400000 3.9775331897652373e-04 
125.600000 3.9775331910044386e-04 
125.800000 3.9775331922022337e-04 
126.000000 3.9775331933595149e-04 
126.200000 3.9775331944778771e-04 
126.400000 3.9775331955578161e-04 
126.600000 3.9775331966007108e-04 
126.800000 3.9775331976076771e-04 
127.000000 3.9775331985795890e-04 
127.200000 3.9775331995176358e-04 
127.400000 3.9775332004225923e-04 
127.600000 3.9775332012957268e-04 
127.800000 3.9775332021376489e-04 
128.000000 3.9775332029499380e-04 
128.200000 3.9775332037329147e-04 
128.400000 3.9775332044876186e-04 
128.600000 3.9775332052151182e-04 
128.800000 3.9775332059160929e-04 
129.000000 3.9775332065916023e-04 
129.200000 3.9775332072423909e-04 
129.400000 3.9775332078692451e-04 
129.600000 3.9775332084729327e-04 
129.800000 3.9775332090542776e-04 
130.000000 3.9775332096137264e-04 
130.200000 3.9775332101525755e-04 
130.400000 3.9775332106711439e-04 
130.600000 3.9775332111701442e-04 
130.800000 3.9775332116504019e-04 
131.000000 3.9775332121124216e-04 
131.200000 3.9775332125568106e-04 
131.400000 3.9775332129845110e-04 
131.600000 3.9775332133956166e-04 
131.800000 3.9775332137910132e-04 
132.000000 3.9775332141711708e-04 
132.200000 3.9775332145367275e-04 
132.400000 3.9775332148879374e-04 
132.600000 3.9775332152256577e-04 
132.800000 3.9775332155502754e-04 
133.000000 3.9775332158620876e-04 
133.200000 3.9775332161619145e-04 
133.400000 3.9775332164499117e-04 
133.600000 3.9775332167263605e-04 
133.800000 3.9775332169921277e-04 
134.000000 3.9775332172474346e-04 
134.200000 3.9775332174922046e-04 
134.400000 3.9775332177275730e-04 
134.600000 3.9775332179534193e-04 
134.800000 3.9775332181703356e-04 
135.000000 3.9775332183784163e-04 
135.200000 3.9775332185781968e-04 
135.400000 3.9775332187700583e-04 
135.600000 3.9775332189540902e-04 
135.800000 3.9775332191305181e-04 
136.000000 3.9775332193000705e-04 
136.200000 3.9775332194626071e-04 
136.400000 3.9775332196184253e-04 
136.600000 3.9775332197679878e-04 
136.800000 3.9775332199113833e-04 
137.000000 3.9775332200487511e-04 
137.200000 3.9775332201808753e-04 
137.400000 3.9775332203072033e-04 
137.600000 3.9775332204281010e-04 
137.800000 3.9775332205442619e-04 
138.000000 3.9775332206557645e-04 
138.200000 3.9775332207624402e-04 
138.400000 3.9775332208645065e-04 
138.600000 3.9775332209625829e-04 
138.800000 3.9775332210563929e-04 
139.000000 3.9775332211462109e-04 
139.200000 3.9775332212321638e-04 
139.400000 3.9775332213145951e-04 
139.600000 3.9775332213934817e-04 
139.800000 3.9775332214691465e-04 
140.000000 3.9775332215415447e-04 
140.200000 3.9775332216105189e-04 
140.400000 3.9775332216770309e-04 
140.600000 3.9775332217402068e-04 
140.800000 3.9775332218008381e-04 
141.000000 3.9775332218588484e-04 
141.200000 3.9775332219144083e-04 
141.400000 3.9775332219674431e-04 
141.600000 3.9775332220180938e-04 
141.800000 3.9775332220665544e-04 
142.000000 3.9775332221129501e-04 
142.200000 3.9775332221572268e-04 
142.400000 3.9775332221994835e-04 
142.600000 3.9775332222398023e-04 
142.800000 3.9775332222782861e-04 
143.000000 3.9775332223151007e-04 
143.200000 3.9775332223500218e-04 
143.400000 3.9775332223834596e-04 
143.600000 3.9775332224154441e-04 
143.800000 3.9775332224457514e-04 
144.000000 3.9775332224746454e-04 
144.200000 3.9775332225022768e-04 
144.400000 3.9775332225284337e-04 
144.600000 3.9775332225532945e-04 
144.800000 3.9775332225770092e-04 
145.000000 3.9775332225994533e-04 
145.200000 3.9775332226208728e-04 
145.400000 3.9775332226411295e-04 
145.600000 3.9775332226601426e-04 
145.800000 3.9775332226783626e-04 
146.000000 3.9775332226956242e-04 
146.200000 3.9775332227117035e-04 
146.400000 3.9775332227271018e-04 
146.600000 3.9775332227415353e-04 
146.800000 3.9775332227549414e-04 
147.000000 3.9775332227678088e-04 
147.200000 3.9775332227795062e-04 
147.400000 3.9775332227905770e-04 
147.600000 3.9775332228007007e-04 
147.800000 3.9775332228100926e-04 
148.000000 3.9775332228187668e-04 
148.200000 3.9775332228268978e-04 
148.400000 3.9775332228342492e-04 
148.600000 3.9775332228409924e-04 
148.800000 3.9775332228472103e-04 
149.000000 3.9775332228528162e-04 
149.200000 3.9775332228579824e-04 
149.400000 3.9775332228626710e-04 
149.600000 3.9775332228667709e-04 
149.800000 3.9775332228705667e-04 
