0.000000 3.4940961864600092e-08 
0.200000 3.4827303061705965e-08 
0.400000 3.5603576206013067e-08 
0.600000 3.7282625045673671e-08 
0.800000 3.9880149457400956e-08 
1.000000 4.3414775480921339e-08 
1.200000 4.7908134315929946e-08 
1.400000 5.3384950588363606e-08 
1.600000 5.9873140224651787e-08 
1.800000 6.7817383813823595e-08 
2.000000 7.7489592629354006e-08 
2.200000 8.9225515374700121e-08 
2.400000 1.0343632308736344e-07 
2.600000 1.2062446774528378e-07 
2.800000 1.4140323440903646e-07 
3.000000 1.6652089905301928e-07 
3.200000 1.9693734523340204e-07 
3.400000 2.3379120371514465e-07 
3.600000 2.7848122197109032e-07 
3.800000 3.3271922570764036e-07 
4.000000 3.9860460592270556e-07 
4.200000 4.7871407743412556e-07 
4.400000 5.7621208911646227e-07 
4.600000 6.9498853909945538e-07 
4.800000 8.3982732849217476e-07 
5.000000 1.0166165181084102e-06 
5.200000 1.2326090668615680e-06 
5.400000 1.4967458988442151e-06 
5.600000 1.8200567354910396e-06 
5.800000 2.2161567653839404e-06 
6.000000 2.7018645727200078e-06 
6.200000 3.2979649827859816e-06 
6.400000 4.0301548150375126e-06 
6.600000 4.9302130612050477e-06 
6.800000 6.0374441348671273e-06 
7.000000 7.4004546906641165e-06 
7.200000 9.0793346252204812e-06 
7.400000 1.1148325165872961e-05 
7.600000 1.3699069925153709e-05 
7.800000 1.6844558480284252e-05 
8.000000 2.0723885854685631e-05 
8.200000 2.5507964571211090e-05 
8.400000 3.1406337911105527e-05 
8.600000 3.8675254758282353e-05 
8.800000 4.7627174999643923e-05 
9.000000 5.8641853832128721e-05 
9.200000 7.2179178119981114e-05 
9.400000 8.8793902295753347e-05 
9.600000 1.0915240932009606e-04 
9.800000 1.3405159273974256e-04 
10.000000 1.6443991643073138e-04 
10.200000 2.0144065314527685e-04 
10.400000 2.4637724966454239e-04 
10.600000 3.0080069938981765e-04 
10.800000 3.6651873530926446e-04 
11.000000 4.4562659101000268e-04 
11.200000 5.4053902005921008e-04 
11.400000 6.5402322165403854e-04 
11.600000 7.8923229689956717e-04 
11.800000 9.4973886620548591e-04 
12.000000 1.1395685076838462e-03 
12.200000 1.3632327376475553e-03 
12.400000 1.6257613371796330e-03 
12.600000 1.9327339269446628e-03 
12.800000 2.2903107934009572e-03 
13.000000 2.7052630551262428e-03 
13.200000 3.1850023142618619e-03 
13.400000 3.7376099474313506e-03 
13.600000 4.3718661393279089e-03 
13.800000 5.0972786421501614e-03 
14.000000 5.9241110523312922e-03 
14.200000 6.8634101346754725e-03 
14.400000 7.9270314031364784e-03 
14.600000 9.1276617985255656e-03 
14.800000 1.0478837903962443e-02 
15.000000 1.1994957726748950e-02 
15.200000 1.3691283669187575e-02 
15.400000 1.5583933929762086e-02 
15.600000 1.7689859239127061e-02 
15.800000 2.0026801563634063e-02 
16.000000 2.2613231224151053e-02 
16.200000 2.5468258803324931e-02 
16.400000 2.8611518276910015e-02 
16.600000 3.2063018031713866e-02 
16.800000 3.5842956851689894e-02 
17.000000 3.9971502590676292e-02 
17.200000 4.4468532127071421e-02 
17.400000 4.9353332328316124e-02 
17.600000 5.4644263145680688e-02 
17.800000 6.0358385605955224e-02 
18.000000 6.6511059342799828e-02 
18.200000 7.3115516373456216e-02 
18.400000 8.0182420009005828e-02 
18.600000 8.7719419993636458e-02 
18.800000 9.5730717076282362e-02 
19.000000 1.0421665207299100e-01 
19.200000 1.1317333590245310e-01 
19.400000 1.2259233787792338e-01 
19.600000 1.3246044952697100e-01 
19.800000 1.4275954022241924e-01 
20.000000 1.5346651883226264e-01 
20.200000 1.6455341240120328e-01 
20.400000 1.7598756863139284e-01 
20.600000 1.8773198381774284e-01 
20.800000 1.9974575220745161e-01 
21.000000 2.1198462687894340e-01 
21.200000 2.2440167661261182e-01 
21.400000 2.3694801830303761e-01 
21.600000 2.4957360064327883e-01 
21.800000 2.6222801240594845e-01 
22.000000 2.7486128783137093e-01 
22.200000 2.8742468243748331e-01 
22.400000 2.9987139486764414e-01 
22.600000 3.1215721394154988e-01 
22.800000 3.2424107453081863e-01 
23.000000 3.3608551085794719e-01 
23.200000 3.4765700092897617e-01 
23.400000 3.5892620070834497e-01 
23.600000 3.6986807104890840e-01 
23.800000 3.8046190410249786e-01 
24.000000 3.9069125884397127e-01 
24.200000 4.0054381740823358e-01 
24.400000 4.1001117519331726e-01 
24.600000 4.1908857819720818e-01 
24.800000 4.2777462093567120e-01 
25.000000 4.3607091765183759e-01 
25.200000 4.4398175849831339e-01 
25.400000 4.5151376106697383e-01 
25.600000 4.5867552616850882e-01 
25.800000 4.6547730521757680e-01 
26.000000 4.7193068503973384e-01 
26.200000 4.7804829444653330e-01 
26.400000 4.8384353557312548e-01 
26.600000 4.8933034177063345e-01 
26.800000 4.9452296281222829e-01 
27.000000 4.9943577731376898e-01 
27.200000 5.0408313158370188e-01 
27.400000 5.0847920359237164e-01 
27.600000 5.1263789037217034e-01 
27.800000 5.1657271690907891e-01 
28.000000 5.2029676444353790e-01 
28.200000 5.2382261604541935e-01 
28.400000 5.2716231734614694e-01 
28.600000 5.3032735038444723e-01 
28.800000 5.3332861863633629e-01 
29.000000 5.3617644144222887e-01 
29.200000 5.3888055620348396e-01 
29.400000 5.4145012688881167e-01 
29.600000 5.4389375755965697e-01 
29.800000 5.4621950978834588e-01 
30.000000 5.4843492299816321e-01 
30.200000 5.5054703689894258e-01 
30.400000 5.5256241532254979e-01 
30.600000 5.5448717088016730e-01 
30.800000 5.5632698996662822e-01 
31.000000 5.5808715772776885e-01 
31.200000 5.5977258268480656e-01 
31.400000 5.6138782077687710e-01 
31.600000 5.6293709863977748e-01 
31.800000 5.6442433598688024e-01 
32.000000 5.6585316699805843e-01 
32.200000 5.6722696065548717e-01 
32.400000 5.6854883999185557e-01 
32.600000 5.6982170023825318e-01 
32.800000 5.7104822587604542e-01 
33.000000 5.7223090661042253e-01 
33.200000 5.7337205229355270e-01 
33.400000 5.7447380683297056e-01 
33.600000 5.7553816112630940e-01 
33.800000 5.7656696506738858e-01 
34.000000 5.7756193867107652e-01 
34.200000 5.7852468236557630e-01 
34.400000 5.7945668650125404e-01 
34.600000 5.8035934012466506e-01 
34.800000 5.8123393906555343e-01 
35.000000 5.8208169338317128e-01 
35.200000 5.8290373421657349e-01 
35.400000 5.8370112008157804e-01 
35.600000 5.8447484265499039e-01 
35.800000 5.8522583208450552e-01 
36.000000 5.8595496186051121e-01 
36.200000 5.8666305328374235e-01 
36.400000 5.8735087956068310e-01 
36.600000 5.8801916955632938e-01 
36.800000 5.8866861123202985e-01 
37.000000 5.8929985479410674e-01 
37.200000 5.8991351557697946e-01 
37.400000 5.9051017668292971e-01 
37.600000 5.9109039139879105e-01 
37.800000 5.9165468540832789e-01 
38.000000 5.9220355881763487e-01 
38.200000 5.9273748800943671e-01 
38.400000 5.9325692734090307e-01 
38.600000 5.9376231069842245e-01 
38.800000 5.9425405292168132e-01 
39.000000 5.9473255110828505e-01 
39.200000 5.9519818580934591e-01 
39.400000 5.9565132212548622e-01 
39.600000 5.9609231071190139e-01 
39.800000 5.9652148870046962e-01 
40.000000 5.9693918054611428e-01 
40.200000 5.9734569880403521e-01 
40.400000 5.9774134484390007e-01 
40.600000 5.9812640950645202e-01 
40.800000 5.9850117370759603e-01 
41.000000 5.9886590899457703e-01 
41.200000 5.9922087805840019e-01 
41.400000 5.9956633520630620e-01 
41.600000 5.9990252679784850e-01 
41.800000 6.0022969164763817e-01 
42.000000 6.0054806139774974e-01 
42.200000 6.0085786086234050e-01 
42.400000 6.0115930834691300e-01 
42.600000 6.0145261594441979e-01 
42.800000 6.0173798981015525e-01 
43.000000 6.0201563041728079e-01 
43.200000 6.0228573279462227e-01 
43.400000 6.0254848674823402e-01 
43.600000 6.0280407706810757e-01 
43.800000 6.0305268372125376e-01 
44.000000 6.0329448203232616e-01 
44.200000 6.0352964285278321e-01 
44.400000 6.0375833271953883e-01 
44.600000 6.0398071400399334e-01 
44.800000 6.0419694505217691e-01 
45.000000 6.0440718031675178e-01 
45.200000 6.0461157048150571e-01 
45.400000 6.0481026257895421e-01 
45.600000 6.0500340010154208e-01 
45.800000 6.0519112310702894e-01 
46.000000 6.0537356831838052e-01 
46.200000 6.0555086921870371e-01 
46.400000 6.0572315614152161e-01 
46.600000 6.0589055635676159e-01 
46.800000 6.0605319415277137e-01 
47.000000 6.0621119091463649e-01 
47.200000 6.0636466519908161e-01 
47.400000 6.0651373280617782e-01 
47.600000 6.0665850684808786e-01 
47.800000 6.0679909781505759e-01 
48.000000 6.0693561363882453e-01 
48.200000 6.0706815975362527e-01 
48.400000 6.0719683915494538e-01 
48.600000 6.0732175245619513e-01 
48.800000 6.0744299794337497e-01 
49.000000 6.0756067162792005e-01 
49.200000 6.0767486729780562e-01 
49.400000 6.0778567656701332e-01 
49.600000 6.0789318892346300e-01 
49.800000 6.0799749177550877e-01 
50.000000 6.0809867049704691e-01 
50.200000 6.0819680847135249e-01 
50.400000 6.0829198713369359e-01 
50.600000 6.0838428601278172e-01 
50.800000 6.0847378277112973e-01 
51.000000 6.0856055324437053e-01 
51.200000 6.0864467147960033e-01 
51.400000 6.0872620977274217e-01 
51.600000 6.0880523870506764e-01 
51.800000 6.0888182717881689e-01 
52.000000 6.0895604245202928e-01 
52.200000 6.0902795017257938e-01 
52.400000 6.0909761441146981e-01 
52.600000 6.0916509769541050e-01 
52.800000 6.0923046103870315e-01 
53.000000 6.0929376397447998e-01 
53.200000 6.0935506458526911e-01 
53.400000 6.0941441953299624e-01 
53.600000 6.0947188408835773e-01 
53.800000 6.0952751215963763e-01 
54.000000 6.0958135632097854e-01 
54.200000 6.0963346784009320e-01 
54.400000 6.0968389670549294e-01 
54.600000 6.0973269165318955e-01 
54.800000 6.0977990019290906e-01 
55.000000 6.0982556863385040e-01 
55.200000 6.0986974210995915e-01 
55.400000 6.0991246460476956e-01 
55.600000 6.0995377897579472e-01 
55.800000 6.0999372697850041e-01 
56.000000 6.1003234928984551e-01 
56.200000 6.1006968553143481e-01 
56.400000 6.1010577429224422e-01 
56.600000 6.1014065315097799e-01 
56.800000 6.1017435869801862e-01 
57.000000 6.1020692655702613e-01 
57.200000 6.1023839140615055e-01 
57.400000 6.1026878699885712e-01 
57.600000 6.1029814618445544e-01 
57.800000 6.1032650092820129e-01 
58.000000 6.1035388233111632e-01 
58.200000 6.1038032064943704e-01 
58.400000 6.1040584531369746e-01 
58.600000 6.1043048494755081e-01 
58.800000 6.1045426738620701e-01 
59.000000 6.1047721969456703e-01 
59.200000 6.1049936818503903e-01 
59.400000 6.1052073843503396e-01 
59.600000 6.1054135530416342e-01 
59.800000 6.1056124295112313e-01 
60.000000 6.1058042485026631e-01 
60.200000 6.1059892380788938e-01 
60.400000 6.1061676197822290e-01 
60.600000 6.1063396087912036e-01 
60.800000 6.1065054140747099e-01 
61.000000 6.1066652385431408e-01 
61.200000 6.1068192791968157e-01 
61.400000 6.1069677272715839e-01 
61.600000 6.1071107683816295e-01 
61.800000 6.1072485826597511e-01 
62.000000 6.1073813448945424e-01 
62.200000 6.1075092246653973e-01 
62.400000 6.1076323864745929e-01 
62.600000 6.1077509898768079e-01 
62.800000 6.1078651896060532e-01 
63.000000 6.1079751357003076e-01 
63.200000 6.1080809736232089e-01 
63.400000 6.1081828443837682e-01 
63.600000 6.1082808846531578e-01 
63.800000 6.1083752268795721e-01 
64.000000 6.1084659994001900e-01 
64.200000 6.1085533265512137e-01 
64.400000 6.1086373287753382e-01 
64.600000 6.1087181227271248e-01 
64.800000 6.1087958213757587e-01 
65.000000 6.1088705341061134e-01 
65.200000 6.1089423668170140e-01 
65.400000 6.1090114220178493e-01 
65.600000 6.1090777989227030e-01 
65.800000 6.1091415935425997e-01 
66.000000 6.1092028987753799e-01 
66.200000 6.1092618044939651e-01 
66.400000 6.1093183976320908e-01 
66.600000 6.1093727622685767e-01 
66.800000 6.1094249797091960e-01 
67.000000 6.1094751285668980e-01 
67.200000 6.1095232848399816e-01 
67.400000 6.1095695219885526e-01 
67.600000 6.1096139110089465e-01 
67.800000 6.1096565205066033e-01 
68.000000 6.1096974167669316e-01 
68.200000 6.1097366638245165e-01 
68.400000 6.1097743235307000e-01 
68.600000 6.1098104556193211e-01 
68.800000 6.1098451177709501e-01 
69.000000 6.1098783656754596e-01 
69.200000 6.1099102530928451e-01 
69.400000 6.1099408319127502e-01 
69.600000 6.1099701522122385e-01 
69.800000 6.1099982623121840e-01 
70.000000 6.1100252088321227e-01 
70.200000 6.1100510367436744e-01 
70.400000 6.1100757894225488e-01 
70.600000 6.1100995086991405e-01 
70.800000 6.1101222349078210e-01 
71.000000 6.1101440069347102e-01 
71.200000 6.1101648622644822e-01 
71.400000 6.1101848370255463e-01 
71.600000 6.1102039660340468e-01 
71.800000 6.1102222828369490e-01 
72.000000 6.1102398197534125e-01 
72.200000 6.1102566079153608e-01 
72.400000 6.1102726773068217e-01 
72.600000 6.1102880568020779e-01 
72.800000 6.1103027742026661e-01 
73.000000 6.1103168562735777e-01 
73.200000 6.1103303287781086e-01 
73.400000 6.1103432165117244e-01 
73.600000 6.1103555433351908e-01 
73.800000 6.1103673322063567e-01 
74.000000 6.1103786052113174e-01 
74.200000 6.1103893835942757e-01 
74.400000 6.1103996877869904e-01 
74.600000 6.1104095374368084e-01 
74.800000 6.1104189514342022e-01 
75.000000 6.1104279479392898e-01 
75.200000 6.1104365444078024e-01 
75.400000 6.1104447576155763e-01 
75.600000 6.1104526036832241e-01 
75.800000 6.1104600980991663e-01 
76.000000 6.1104672557425688e-01 
76.200000 6.1104740909051758e-01 
76.400000 6.1104806173124970e-01 
76.600000 6.1104868481444519e-01 
76.800000 6.1104927960554278e-01 
77.000000 6.1104984731930734e-01 
77.200000 6.1105038912175336e-01 
77.400000 6.1105090613188040e-01 
77.600000 6.1105139942348830e-01 
77.800000 6.1105187002678907e-01 
78.000000 6.1105231893007583e-01 
78.200000 6.1105274708131085e-01 
78.400000 6.1105315538958893e-01 
78.600000 6.1105354472665607e-01 
78.800000 6.1105391592833214e-01 
79.000000 6.1105426979582611e-01 
79.200000 6.1105460709710868e-01 
79.400000 6.1105492856818899e-01 
79.600000 6.1105523491430758e-01 
79.800000 6.1105552681119779e-01 
80.000000 6.1105580490612732e-01 
80.200000 6.1105606981911931e-01 
80.400000 6.1105632214395522e-01 
80.600000 6.1105656244921680e-01 
80.800000 6.1105679127927537e-01 
81.000000 6.1105700915527139e-01 
81.200000 6.1105721657601686e-01 
81.400000 6.1105741401890479e-01 
81.600000 6.1105760194074887e-01 
81.800000 6.1105778077859552e-01 
82.000000 6.1105795095058768e-01 
82.200000 6.1105811285663469e-01 
82.400000 6.1105826687926057e-01 
82.600000 6.1105841338417421e-01 
82.800000 6.1105855272109455e-01 
83.000000 6.1105868522436202e-01 
83.200000 6.1105881121351535e-01 
83.400000 6.1105893099394593e-01 
83.600000 6.1105904485753104e-01 
83.800000 6.1105915308307168e-01 
84.000000 6.1105925593701838e-01 
84.200000 6.1105935367382536e-01 
84.400000 6.1105944653648692e-01 
84.600000 6.1105953475713048e-01 
84.800000 6.1105961855735735e-01 
85.000000 6.1105969814868177e-01 
85.200000 6.1105977373308262e-01 
85.400000 6.1105984550330339e-01 
85.600000 6.1105991364327261e-01 
85.800000 6.1105997832849823e-01 
86.000000 6.1106003972641254e-01 
86.200000 6.1106009799677352e-01 
86.400000 6.1106015329191021e-01 
86.600000 6.1106020575712960e-01 
86.800000 6.1106025553089061e-01 
87.000000 6.1106030274538736e-01 
87.200000 6.1106034752647698e-01 
87.400000 6.1106038999417378e-01 
87.600000 6.1106043026286971e-01 
87.800000 6.1106046844150630e-01 
88.000000 6.1106050463400563e-01 
88.200000 6.1106053893922807e-01 
88.400000 6.1106057145143333e-01 
88.600000 6.1106060226039505e-01 
88.800000 6.1106063145149836e-01 
89.000000 6.1106065910617335e-01 
89.200000 6.1106068530186686e-01 
89.400000 6.1106071011230800e-01 
89.600000 6.1106073360768443e-01 
89.800000 6.1106075585478892e-01 
90.000000 6.1106077691717531e-01 
90.200000 6.1106079685530013e-01 
90.400000 6.1106081572664905e-01 
90.600000 6.1106083358596441e-01 
90.800000 6.1106085048526193e-01 
91.000000 6.1106086647398539e-01 
91.200000 6.1106088159918359e-01 
91.400000 6.1106089590555368e-01 
91.600000 6.1106090943561764e-01 
91.800000 6.1106092222978847e-01 
92.000000 6.1106093432633468e-01 
92.200000 6.1106094576183900e-01 
92.400000 6.1106095657087423e-01 
92.600000 6.1106096678636923e-01 
92.800000 6.1106097643959167e-01 
93.000000 6.1106098556020427e-01 
93.200000 6.1106099417637438e-01 
93.400000 6.1106100231487215e-01 
93.600000 6.1106101000111424e-01 
93.800000 6.1106101725913586e-01 
94.000000 6.1106102411184737e-01 
94.200000 6.1106103058100547e-01 
94.400000 6.1106103668712108e-01 
94.600000 6.1106104244974835e-01 
94.800000 6.1106104788745763e-01 
95.000000 6.1106105301778024e-01 
95.200000 6.1106105785736142e-01 
95.400000 6.1106106242205005e-01 
95.600000 6.1106106672675875e-01 
95.800000 6.1106107078573402e-01 
96.000000 6.1106107461240922e-01 
96.200000 6.1106107821954303e-01 
96.400000 6.1106108161916795e-01 
96.600000 6.1106108482272781e-01 
96.800000 6.1106108784114888e-01 
97.000000 6.1106109068460146e-01 
97.200000 6.1106109336283787e-01 
97.400000 6.1106109588509139e-01 
97.600000 6.1106109825997912e-01 
97.800000 6.1106110049585716e-01 
98.000000 6.1106110260044155e-01 
98.200000 6.1106110458116114e-01 
98.400000 6.1106110644500111e-01 
98.600000 6.1106110819858472e-01 
98.800000 6.1106110984813300e-01 
99.000000 6.1106111139955266e-01 
99.200000 6.1106111285847697e-01 
99.400000 6.1106111423015019e-01 
99.600000 6.1106111551961728e-01 
99.800000 6.1106111673153674e-01 
100.000000 6.1106111787040340e-01 
100.200000 6.1106111894043691e-01 
100.400000 6.1106111994566570e-01 
100.600000 6.1106112088976683e-01 
100.800000 6.1106112177639016e-01 
101.000000 6.1106112260883538e-01 
101.200000 6.1106112339022789e-01 
101.400000 6.1106112412367020e-01 
101.600000 6.1106112481194674e-01 
101.800000 6.1106112545766755e-01 
102.000000 6.1106112606340524e-01 
102.200000 6.1106112663150691e-01 
102.400000 6.1106112716424277e-01 
102.600000 6.1106112766369380e-01 
102.800000 6.1106112813186197e-01 
103.000000 6.1106112857064709e-01 
103.200000 6.1106112898180454e-01 
103.400000 6.1106112936698387e-01 
103.600000 6.1106112972772930e-01 
103.800000 6.1106113006562146e-01 
104.000000 6.1106113038195120e-01 
104.200000 6.1106113067813317e-01 
104.400000 6.1106113095530556e-01 
104.600000 6.1106113121470895e-01 
104.800000 6.1106113145741225e-01 
105.000000 6.1106113168443077e-01 
105.200000 6.1106113189674627e-01 
105.400000 6.1106113209529944e-01 
105.600000 6.1106113228092995e-01 
105.800000 6.1106113245442106e-01 
106.000000 6.1106113261660766e-01 
106.200000 6.1106113276815310e-01 
106.400000 6.1106113290970665e-01 
106.600000 6.1106113304194010e-01 
106.800000 6.1106113316545596e-01 
107.000000 6.1106113328074319e-01 
107.200000 6.1106113338843471e-01 
107.400000 6.1106113348892122e-01 
107.600000 6.1106113358272385e-01 
107.800000 6.1106113367026627e-01 
108.000000 6.1106113375192184e-01 
108.200000 6.1106113382809824e-01 
108.400000 6.1106113389918670e-01 
108.600000 6.1106113396546713e-01 
108.800000 6.1106113402725715e-01 
109.000000 6.1106113408488905e-01 
109.200000 6.1106113413861363e-01 
109.400000 6.1106113418871832e-01 
109.600000 6.1106113423542385e-01 
109.800000 6.1106113427894471e-01 
110.000000 6.1106113431949571e-01 
110.200000 6.1106113435732634e-01 
110.400000 6.1106113439254794e-01 
110.600000 6.1106113442538312e-01 
110.800000 6.1106113445601773e-01 
111.000000 6.1106113448449029e-01 
111.200000 6.1106113451109201e-01 
111.400000 6.1106113453585020e-01 
111.600000 6.1106113455894284e-01 
111.800000 6.1106113458048117e-01 
112.000000 6.1106113460052336e-01 
112.200000 6.1106113461922795e-01 
112.400000 6.1106113463667755e-01 
112.600000 6.1106113465297884e-01 
112.800000 6.1106113466814183e-01 
113.000000 6.1106113468228862e-01 
113.200000 6.1106113469550050e-01 
113.400000 6.1106113470783552e-01 
113.600000 6.1106113471937851e-01 
113.800000 6.1106113473015888e-01 
114.000000 6.1106113474024237e-01 
114.200000 6.1106113474966928e-01 
114.400000 6.1106113475844992e-01 
114.600000 6.1106113476670310e-01 
114.800000 6.1106113477442692e-01 
115.000000 6.1106113478165369e-01 
115.200000 6.1106113478842605e-01 
115.400000 6.1106113479480795e-01 
115.600000 6.1106113480077906e-01 
115.800000 6.1106113480641155e-01 
116.000000 6.1106113481167301e-01 
116.200000 6.1106113481663826e-01 
116.400000 6.1106113482129720e-01 
116.600000 6.1106113482572955e-01 
116.800000 6.1106113482987079e-01 
117.000000 6.1106113483381619e-01 
117.200000 6.1106113483751223e-01 
117.400000 6.1106113484104163e-01 
117.600000 6.1106113484436730e-01 
117.800000 6.1106113484748992e-01 
118.000000 6.1106113485048752e-01 
118.200000 6.1106113485331448e-01 
118.400000 6.1106113485603286e-01 
118.600000 6.1106113485859204e-01 
118.800000 6.1106113486102587e-01 
119.000000 6.1106113486336611e-01 
119.200000 6.1106113486557723e-01 
119.400000 6.1106113486768632e-01 
119.600000 6.1106113486969438e-01 
119.800000 6.1106113487165115e-01 
120.000000 6.1106113487346914e-01 
120.200000 6.1106113487524549e-01 
120.400000 6.1106113487697089e-01 
120.600000 6.1106113487857616e-01 
120.800000 6.1106113488016101e-01 
121.000000 6.1106113488168456e-01 
121.200000 6.1106113488311720e-01 
121.400000 6.1106113488448499e-01 
121.600000 6.1106113488583591e-01 
121.800000 6.1106113488712477e-01 
122.000000 6.1106113488834601e-01 
122.200000 6.1106113488956715e-01 
122.400000 6.1106113489069636e-01 
122.600000 6.1106113489181102e-01 
122.800000 6.1106113489289793e-01 
123.000000 6.1106113489391811e-01 
123.200000 6.1106113489491809e-01 
123.400000 6.1106113489589542e-01 
123.600000 6.1106113489679170e-01 
123.800000 6.1106113489768854e-01 
124.000000 6.1106113489856029e-01 
124.200000 6.1106113489939662e-01 
124.400000 6.1106113490022551e-01 
124.600000 6.1106113490100256e-01 
124.800000 6.1106113490175928e-01 
125.000000 6.1106113490244829e-01 
125.200000 6.1106113490317882e-01 
125.400000 6.1106113490385339e-01 
125.600000 6.1106113490448233e-01 
125.800000 6.1106113490511049e-01 
126.000000 6.1106113490571001e-01 
126.200000 6.1106113490632663e-01 
126.400000 6.1106113490688641e-01 
126.600000 6.1106113490742753e-01 
126.800000 6.1106113490794145e-01 
127.000000 6.1106113490844105e-01 
127.200000 6.1106113490891323e-01 
127.400000 6.1106113490937708e-01 
127.600000 6.1106113490981018e-01 
127.800000 6.1106113491025926e-01 
128.000000 6.1106113491066161e-01 
128.200000 6.1106113491106795e-01 
128.400000 6.1106113491143876e-01 
128.600000 6.1106113491180036e-01 
128.800000 6.1106113491215774e-01 
129.000000 6.1106113491246938e-01 
129.200000 6.1106113491279346e-01 
129.400000 6.1106113491310399e-01 
129.600000 6.1106113491340552e-01 
129.800000 6.1106113491366099e-01 
130.000000 6.1106113491393932e-01 
130.200000 6.1106113491419756e-01 
130.400000 6.1106113491443614e-01 
130.600000 6.1106113491465841e-01 
130.800000 6.1106113491488034e-01 
131.000000 6.1106113491507319e-01 
131.200000 6.1106113491527303e-01 
131.400000 6.1106113491543579e-01 
131.600000 6.1106113491564007e-01 
131.800000 6.1106113491579850e-01 
132.000000 6.1106113491595893e-01 
132.200000 6.1106113491610170e-01 
132.400000 6.1106113491621294e-01 
132.600000 6.1106113491635894e-01 
132.800000 6.1106113491646363e-01 
133.000000 6.1106113491660419e-01 
133.200000 6.1106113491670599e-01 
133.400000 6.1106113491677749e-01 
133.600000 6.1106113491687886e-01 
133.800000 6.1106113491698855e-01 
134.000000 6.1106113491705050e-01 
134.200000 6.1106113491711256e-01 
134.400000 6.1106113491721170e-01 
134.600000 6.1106113491723846e-01 
134.800000 6.1106113491731373e-01 
135.000000 6.1106113491734049e-01 
135.200000 6.1106113491739056e-01 
135.400000 6.1106113491743375e-01 
135.600000 6.1106113491745706e-01 
135.800000 6.1106113491751368e-01 
136.000000 6.1106113491754477e-01 
136.200000 6.1106113491754488e-01 
136.400000 6.1106113491755398e-01 
136.600000 6.1106113491757252e-01 
136.800000 6.1106113491758429e-01 
137.000000 6.1106113491759484e-01 
137.200000 6.1106113491760761e-01 
137.400000 6.1106113491760383e-01 
137.600000 6.1106113491760372e-01 
137.800000 6.1106113491760516e-01 
138.000000 6.1106113491759728e-01 
138.200000 6.1106113491759506e-01 
138.400000 6.1106113491757752e-01 
138.600000 6.1106113491755776e-01 
138.800000 6.1106113491754499e-01 
139.000000 6.1106113491754488e-01 
139.200000 6.1106113491754188e-01 
139.400000 6.1106113491752478e-01 
139.600000 6.1106113491750280e-01 
139.800000 6.1106113491746639e-01 
140.000000 6.1106113491743441e-01 
140.200000 6.1106113491743386e-01 
140.400000 6.1106113491741587e-01 
140.600000 6.1106113491738234e-01 
140.800000 6.1106113491735914e-01 
141.000000 6.1106113491732283e-01 
141.200000 6.1106113491732283e-01 
141.400000 6.1106113491728042e-01 
141.600000 6.1106113491724401e-01 
141.800000 6.1106113491721614e-01 
142.000000 6.1106113491721192e-01 
142.200000 6.1106113491718572e-01 
142.400000 6.1106113491714331e-01 
142.600000 6.1106113491711411e-01 
142.800000 6.1106113491710090e-01 
143.000000 6.1106113491708702e-01 
143.200000 6.1106113491704017e-01 
143.400000 6.1106113491700687e-01 
143.600000 6.1106113491698999e-01 
143.800000 6.1106113491698988e-01 
144.000000 6.1106113491693936e-01 
144.200000 6.1106113491689962e-01 
144.400000 6.1106113491688130e-01 
144.600000 6.1106113491687886e-01 
144.800000 6.1106113491685932e-01 
145.000000 6.1106113491680836e-01 
145.200000 6.1106113491678304e-01 
145.400000 6.1106113491676861e-01 
145.600000 6.1106113491676772e-01 
145.800000 6.1106113491674230e-01 
146.000000 6.1106113491671221e-01 
146.200000 6.1106113491667979e-01 
146.400000 6.1106113491666314e-01 
146.600000 6.1106113491665726e-01 
146.800000 6.1106113491665670e-01 
147.000000 6.1106113491663983e-01 
147.200000 6.1106113491661429e-01 
147.400000 6.1106113491658387e-01 
147.600000 6.1106113491656733e-01 
147.800000 6.1106113491655423e-01 
148.000000 6.1106113491654612e-01 
148.200000 6.1106113491654579e-01 
148.400000 6.1106113491654579e-01 
148.600000 6.1106113491653791e-01 
148.800000 6.1106113491652592e-01 
149.000000 6.1106113491651282e-01 
149.200000 6.1106113491650338e-01 
149.400000 6.1106113491649694e-01 
149.600000 6.1106113491648129e-01 
149.800000 6.1106113491647596e-01 
