0.000000 4.3097315814253029e-01 
0.200000 4.3117562376601115e-01 
0.400000 4.3135407672011872e-01 
0.600000 4.3150859276284581e-01 
0.800000 4.3163926683935300e-01 
1.000000 4.3174621328182872e-01 
1.200000 4.3182956596643690e-01 
1.400000 4.3188947842683278e-01 
1.600000 4.3192612392399138e-01 
1.800000 4.3195791271798240e-01 
2.000000 4.3199050751242868e-01 
2.200000 4.3202639749826288e-01 
2.400000 4.3206587710070693e-01 
2.600000 4.3210753485935277e-01 
2.800000 4.3214838886780060e-01 
3.000000 4.3218393775019170e-01 
3.200000 4.3223990216375874e-01 
3.400000 4.3227734485561914e-01 
3.600000 4.3228942895161876e-01 
3.800000 4.3229004001682064e-01 
4.000000 4.3227850686264990e-01 
4.200000 4.3225435738610596e-01 
4.400000 4.3221713544348567e-01 
4.600000 4.3216633721733555e-01 
4.800000 4.3210133252280153e-01 
5.000000 4.3202138019038178e-01 
5.200000 4.3192559848788853e-01 
5.400000 4.3181298271868873e-01 
5.600000 4.3168252442998806e-01 
5.800000 4.3153332452113891e-01 
6.000000 4.3136394804398109e-01 
6.200000 4.3117356163314963e-01 
6.400000 4.3096132357354505e-01 
6.600000 4.3072608546046726e-01 
6.800000 4.3046721018458489e-01 
7.000000 4.3018449096997446e-01 
7.200000 4.2987760676727738e-01 
7.400000 4.2954610946803123e-01 
7.600000 4.2918950568953468e-01 
7.800000 4.2880725185519653e-01 
8.000000 4.2839872806111551e-01 
8.200000 4.2796321422967543e-01 
8.400000 4.2749986252131361e-01 
8.600000 4.2700767745572260e-01 
8.800000 4.2648550699285914e-01 
9.000000 4.2593197371804559e-01 
9.200000 4.2534544425522147e-01 
9.400000 4.2472400324376075e-01 
9.600000 4.2406542423435201e-01 
9.800000 4.2336713984197161e-01 
10.000000 4.2262622472682820e-01 
10.200000 4.2183937719541148e-01 
10.400000 4.2100290075853569e-01 
10.600000 4.2011269755337238e-01 
10.800000 4.1916427226695635e-01 
11.000000 4.1815274715156736e-01 
11.200000 4.1707288661356218e-01 
11.400000 4.1591913387305329e-01 
11.600000 4.1468565721695561e-01 
11.800000 4.1336641258635481e-01 
12.000000 4.1195521642302069e-01 
12.200000 4.1044583065233964e-01 
12.400000 4.0883205595275707e-01 
12.600000 4.0710783734517453e-01 
12.800000 4.0526738042064719e-01 
13.000000 4.0330527000055827e-01 
13.200000 4.0121659214132088e-01 
13.400000 3.9899705675424668e-01 
13.600000 3.9664311833248167e-01 
13.800000 3.9415208998828893e-01 
14.000000 3.9152224753523490e-01 
14.200000 3.8875292126986521e-01 
14.400000 3.8584457180861292e-01 
14.600000 3.8279884699145061e-01 
14.800000 3.7961861787352452e-01 
15.000000 3.7630799218349587e-01 
15.200000 3.7287230447847269e-01 
15.400000 3.6931808280004236e-01 
15.600000 3.6565299239478694e-01 
15.800000 3.6188575804916950e-01 
16.000000 3.5802606704609924e-01 
16.200000 3.5408445522110210e-01 
16.400000 3.5007217921494088e-01 
16.600000 3.4600107834002691e-01 
16.800000 3.4188342959127399e-01 
17.000000 3.3773179927053931e-01 
17.200000 3.3355889464869570e-01 
17.400000 3.2937741888696598e-01 
17.600000 3.2519993206885572e-01 
17.800000 3.2103872080886825e-01 
18.000000 3.1690567848324763e-01 
18.200000 3.1281219768088914e-01 
18.400000 3.0876907602373510e-01 
18.600000 3.0478643607303635e-01 
18.800000 3.0087365964415397e-01 
19.000000 2.9703933650385345e-01 
19.200000 2.9329122711784533e-01 
19.400000 2.8963623885798812e-01 
19.600000 2.8608041487260483e-01 
19.800000 2.8262893466186456e-01 
20.000000 2.7928612527920121e-01 
20.200000 2.7605548199607843e-01 
20.400000 2.7293969722046946e-01 
20.600000 2.6994069644061169e-01 
20.800000 2.6705967997249347e-01 
21.000000 2.6429716931876024e-01 
21.200000 2.6165305699606672e-01 
21.400000 2.5912665875353902e-01 
21.600000 2.5671676718398184e-01 
21.800000 2.5442170581883133e-01 
22.000000 2.5223938289455450e-01 
22.200000 2.5016734407977204e-01 
22.400000 2.4820282355562256e-01 
22.600000 2.4634279294453384e-01 
22.800000 2.4458400768200553e-01 
23.000000 2.4292305052065538e-01 
23.200000 2.4135637194395379e-01 
23.400000 2.3988032734757081e-01 
23.600000 2.3849121091803213e-01 
23.800000 2.3718528620130269e-01 
24.000000 2.3595881340760574e-01 
24.200000 2.3480807354364075e-01 
24.400000 2.3372938949941421e-01 
24.600000 2.3271914424501811e-01 
24.800000 2.3177379631335782e-01 
25.000000 2.3088989275891056e-01 
25.200000 2.3006407979086627e-01 
25.400000 2.2929311128236846e-01 
25.600000 2.2857385535669789e-01 
25.800000 2.2790329924712066e-01 
26.000000 2.2727855262018118e-01 
26.200000 2.2669684954337177e-01 
26.400000 2.2615554926769343e-01 
26.600000 2.2565213598428827e-01 
26.800000 2.2518421770233221e-01 
27.000000 2.2474952438322712e-01 
27.200000 2.2434590545394784e-01 
27.400000 2.2397132681052742e-01 
27.600000 2.2362386741118701e-01 
27.800000 2.2330171554771214e-01 
28.000000 2.2300316487338201e-01 
28.200000 2.2272661025618068e-01 
28.400000 2.2247054351715456e-01 
28.600000 2.2223354910562954e-01 
28.800000 2.2201429975560225e-01 
29.000000 2.2181155216089665e-01 
29.200000 2.2162414270064015e-01 
29.400000 2.2145098324121068e-01 
29.600000 2.2129105703601434e-01 
29.800000 2.2114341474019791e-01 
30.000000 2.2100717055369212e-01 
30.200000 2.2088149850270422e-01 
30.400000 2.2076562886698745e-01 
30.600000 2.2065884475776631e-01 
30.800000 2.2056047884911950e-01 
31.000000 2.2046991026386051e-01 
31.200000 2.2038656161348583e-01 
31.400000 2.2030989619050087e-01 
31.600000 2.2023941531045096e-01 
31.800000 2.2017465580013196e-01 
32.000000 2.2011518762784449e-01 
32.200000 2.2006061167099839e-01 
32.400000 2.2001055761605437e-01 
32.600000 2.1996468198547373e-01 
32.800000 2.1992266628620261e-01 
33.000000 2.1988421527410792e-01 
33.200000 2.1984905532875887e-01 
33.400000 2.1981693293296531e-01 
33.600000 2.1978761325157084e-01 
33.800000 2.1976087880408887e-01 
34.000000 2.1973652822591141e-01 
34.200000 2.1971437511299557e-01 
34.400000 2.1969424694508893e-01 
34.600000 2.1967598408275379e-01 
34.800000 2.1965943883365577e-01 
35.000000 2.1964447458377448e-01 
35.200000 2.1963096498940965e-01 
35.400000 2.1961879322606218e-01 
35.600000 2.1960785129046451e-01 
35.800000 2.1959803935225028e-01 
36.000000 2.1958926515194668e-01 
36.200000 2.1958144344215039e-01 
36.400000 2.1957449546895536e-01 
36.600000 2.1956834849086085e-01 
36.800000 2.1956293533256199e-01 
37.000000 2.1955819397120199e-01 
37.200000 2.1955406715279172e-01 
37.400000 2.1955050203668380e-01 
37.600000 2.1954744986610167e-01 
37.800000 2.1954486566286618e-01 
38.000000 2.1954270794459119e-01 
38.200000 2.1954093846272751e-01 
38.400000 2.1953952195995502e-01 
38.600000 2.1953842594551073e-01 
38.800000 2.1953762048717088e-01 
39.000000 2.1953707801864250e-01 
39.200000 2.1953677316126829e-01 
39.400000 2.1953668255897646e-01 
39.600000 2.1953678472550506e-01 
39.800000 2.1953705990301461e-01 
40.000000 2.1953748993121996e-01 
40.200000 2.1953805812629035e-01 
40.400000 2.1953874916878865e-01 
40.600000 2.1953954899995734e-01 
40.800000 2.1954044472578244e-01 
41.000000 2.1954142452818881e-01 
41.200000 2.1954247758291751e-01 
41.400000 2.1954359398350254e-01 
41.600000 2.1954476467096404e-01 
41.800000 2.1954598136875011e-01 
42.000000 2.1954723652255329e-01 
42.200000 2.1954852324462681e-01 
42.400000 2.1954983526227936e-01 
42.600000 2.1955116687021908e-01 
42.800000 2.1955251288647676e-01 
43.000000 2.1955386861162138e-01 
43.200000 2.1955522979104394e-01 
43.400000 2.1955659258005830e-01 
43.600000 2.1955795351162810e-01 
43.800000 2.1955930946650487e-01 
44.000000 2.1956065764561822e-01 
44.200000 2.1956199554452699e-01 
44.400000 2.1956332092979514e-01 
44.600000 2.1956463181714220e-01 
44.800000 2.1956592645123477e-01 
45.000000 2.1956720328699519e-01 
45.200000 2.1956846097232435e-01 
45.400000 2.1956969833211723e-01 
45.600000 2.1957091435349074e-01 
45.800000 2.1957210817212022e-01 
46.000000 2.1957327905961443e-01 
46.200000 2.1957442641183977e-01 
46.400000 2.1957554973813603e-01 
46.600000 2.1957664865134355e-01 
46.800000 2.1957772285859314e-01 
47.000000 2.1957877215279725e-01 
47.200000 2.1957979640479000e-01 
47.400000 2.1958079555606835e-01 
47.600000 2.1958176961209502e-01 
47.800000 2.1958271863611037e-01 
48.000000 2.1958364274342948e-01 
48.200000 2.1958454209617698e-01 
48.400000 2.1958541689843242e-01 
48.600000 2.1958626739175924e-01 
48.800000 2.1958709385108183e-01 
49.000000 2.1958789658088917e-01 
49.200000 2.1958867591174117e-01 
49.400000 2.1958943219705382e-01 
49.600000 2.1959016581014551e-01 
49.800000 2.1959087714151976e-01 
50.000000 2.1959156659637466e-01 
50.200000 2.1959223459231331e-01 
50.400000 2.1959288155724921e-01 
50.600000 2.1959350792748725e-01 
50.800000 2.1959411414596658e-01 
51.000000 2.1959470066065787e-01 
51.200000 2.1959526792309755e-01 
51.400000 2.1959581638705711e-01 
51.600000 2.1959634650732621e-01 
51.800000 2.1959685873861132e-01 
52.000000 2.1959735353453783e-01 
52.200000 2.1959783134674674e-01 
52.400000 2.1959829262407646e-01 
52.600000 2.1959873781183342e-01 
52.800000 2.1959916735112689e-01 
53.000000 2.1959958167828653e-01 
53.200000 2.1959998122433524e-01 
53.400000 2.1960036641452479e-01 
53.600000 2.1960073766792373e-01 
53.800000 2.1960109539706127e-01 
54.000000 2.1960144000761297e-01 
54.200000 2.1960177189813013e-01 
54.400000 2.1960209145980950e-01 
54.600000 2.1960239907630369e-01 
54.800000 2.1960269512355460e-01 
55.000000 2.1960297996966963e-01 
55.200000 2.1960325397481625e-01 
55.400000 2.1960351749114912e-01 
55.600000 2.1960377086275729e-01 
55.800000 2.1960401442563376e-01 
56.000000 2.1960424850766741e-01 
56.200000 2.1960447342864969e-01 
56.400000 2.1960468950029433e-01 
56.600000 2.1960489702628486e-01 
56.800000 2.1960509630231573e-01 
57.000000 2.1960528761616960e-01 
57.200000 2.1960547124778262e-01 
57.400000 2.1960564746933264e-01 
57.600000 2.1960581654533554e-01 
57.800000 2.1960597873274337e-01 
58.000000 2.1960613428105774e-01 
58.200000 2.1960628343243940e-01 
58.400000 2.1960642642182907e-01 
58.600000 2.1960656347707877e-01 
58.800000 2.1960669481906889e-01 
59.000000 2.1960682066185541e-01 
59.200000 2.1960694121278559e-01 
59.400000 2.1960705667265495e-01 
59.600000 2.1960716723583248e-01 
59.800000 2.1960727309040706e-01 
60.000000 2.1960737441832223e-01 
60.200000 2.1960747139553444e-01 
60.400000 2.1960756419213368e-01 
60.600000 2.1960765297249613e-01 
60.800000 2.1960773789543492e-01 
61.000000 2.1960781911431834e-01 
61.200000 2.1960789677723874e-01 
61.400000 2.1960797102713361e-01 
61.600000 2.1960804200191572e-01 
61.800000 2.1960810983463802e-01 
62.000000 2.1960817465360677e-01 
62.200000 2.1960823658251585e-01 
62.400000 2.1960829574059507e-01 
62.600000 2.1960835224272116e-01 
62.800000 2.1960840619955463e-01 
63.000000 2.1960845771766913e-01 
63.200000 2.1960850689966258e-01 
63.400000 2.1960855384430064e-01 
63.600000 2.1960859864660062e-01 
63.800000 2.1960864139798872e-01 
64.000000 2.1960868218638591e-01 
64.200000 2.1960872109632484e-01 
64.400000 2.1960875820908102e-01 
64.600000 2.1960879360273861e-01 
64.800000 2.1960882735233789e-01 
65.000000 2.1960885952994469e-01 
65.200000 2.1960889020477417e-01 
65.400000 2.1960891944327199e-01 
65.600000 2.1960894730921648e-01 
65.800000 2.1960897386380246e-01 
66.000000 2.1960899916574927e-01 
66.200000 2.1960902327136567e-01 
66.400000 2.1960904623466132e-01 
66.600000 2.1960906810739780e-01 
66.800000 2.1960908893919490e-01 
67.000000 2.1960910877759399e-01 
67.200000 2.1960912766814039e-01 
67.400000 2.1960914565445733e-01 
67.600000 2.1960916277833259e-01 
67.800000 2.1960917907974517e-01 
68.000000 2.1960919459695719e-01 
68.200000 2.1960920936661399e-01 
68.400000 2.1960922342375114e-01 
68.600000 2.1960923680187644e-01 
68.800000 2.1960924953303146e-01 
69.000000 2.1960926164786568e-01 
69.200000 2.1960927317564294e-01 
69.400000 2.1960928414436159e-01 
69.600000 2.1960929458074407e-01 
69.800000 2.1960930451033581e-01 
70.000000 2.1960931395752206e-01 
70.200000 2.1960932294558208e-01 
70.400000 2.1960933149672821e-01 
70.600000 2.1960933963218923e-01 
70.800000 2.1960934737218227e-01 
71.000000 2.1960935473602206e-01 
71.200000 2.1960936174211393e-01 
71.400000 2.1960936840800796e-01 
71.600000 2.1960937475044640e-01 
71.800000 2.1960938078537084e-01 
72.000000 2.1960938652797979e-01 
72.200000 2.1960939199276153e-01 
72.400000 2.1960939719349229e-01 
72.600000 2.1960940214331406e-01 
72.800000 2.1960940685471211e-01 
73.000000 2.1960941133962444e-01 
73.200000 2.1960941560935732e-01 
73.400000 2.1960941967469125e-01 
73.600000 2.1960942354588822e-01 
73.800000 2.1960942723268928e-01 
74.000000 2.1960943074438000e-01 
74.200000 2.1960943408978392e-01 
74.400000 2.1960943727726534e-01 
74.600000 2.1960944031480212e-01 
74.800000 2.1960944320996545e-01 
75.000000 2.1960944596994389e-01 
75.200000 2.1960944860157958e-01 
75.400000 2.1960945111134478e-01 
75.600000 2.1960945350541403e-01 
75.800000 2.1960945578962235e-01 
76.000000 2.1960945796954151e-01 
76.200000 2.1960946005041423e-01 
76.400000 2.1960946203726497e-01 
76.600000 2.1960946393483036e-01 
76.800000 2.1960946574759291e-01 
77.000000 2.1960946747984095e-01 
77.200000 2.1960946913561091e-01 
77.400000 2.1960947071873718e-01 
77.600000 2.1960947223287383e-01 
77.800000 2.1960947368144790e-01 
78.000000 2.1960947506775305e-01 
78.200000 2.1960947639486048e-01 
78.400000 2.1960947766570796e-01 
78.600000 2.1960947888309523e-01 
78.800000 2.1960948004963432e-01 
79.000000 2.1960948116784623e-01 
79.200000 2.1960948224007260e-01 
79.400000 2.1960948326855426e-01 
79.600000 2.1960948425542565e-01 
79.800000 2.1960948520267659e-01 
80.000000 2.1960948611222311e-01 
80.200000 2.1960948698584903e-01 
80.400000 2.1960948782527559e-01 
80.600000 2.1960948863210900e-01 
80.800000 2.1960948940787944e-01 
81.000000 2.1960949015402612e-01 
81.200000 2.1960949087193143e-01 
81.400000 2.1960949156289689e-01 
81.600000 2.1960949222811782e-01 
81.800000 2.1960949286880407e-01 
82.000000 2.1960949348602521e-01 
82.200000 2.1960949408084690e-01 
82.400000 2.1960949465422500e-01 
82.600000 2.1960949520712073e-01 
82.800000 2.1960949574041924e-01 
83.000000 2.1960949625497694e-01 
83.200000 2.1960949675155200e-01 
83.400000 2.1960949723094036e-01 
83.600000 2.1960949769382598e-01 
83.800000 2.1960949814089523e-01 
84.000000 2.1960949857281345e-01 
84.200000 2.1960949899016730e-01 
84.400000 2.1960949939354968e-01 
84.600000 2.1960949978351552e-01 
84.800000 2.1960950016056172e-01 
85.000000 2.1960950052522776e-01 
85.200000 2.1960950087794692e-01 
85.400000 2.1960950121920189e-01 
85.600000 2.1960950154938455e-01 
85.800000 2.1960950186895517e-01 
86.000000 2.1960950217823710e-01 
86.200000 2.1960950247763494e-01 
86.400000 2.1960950276748972e-01 
86.600000 2.1960950304814209e-01 
86.800000 2.1960950331992751e-01 
87.000000 2.1960950358310766e-01 
87.200000 2.1960950383801098e-01 
87.400000 2.1960950408490004e-01 
87.600000 2.1960950432405016e-01 
87.800000 2.1960950455571376e-01 
88.000000 2.1960950478012467e-01 
88.200000 2.1960950499751783e-01 
88.400000 2.1960950520812769e-01 
88.600000 2.1960950541217972e-01 
88.800000 2.1960950560984396e-01 
89.000000 2.1960950580134059e-01 
89.200000 2.1960950598685891e-01 
89.400000 2.1960950616657626e-01 
89.600000 2.1960950634066267e-01 
89.800000 2.1960950650930208e-01 
90.000000 2.1960950667264947e-01 
90.200000 2.1960950683087560e-01 
90.400000 2.1960950698409235e-01 
90.600000 2.1960950713247870e-01 
90.800000 2.1960950727618042e-01 
91.000000 2.1960950741530855e-01 
91.200000 2.1960950755002517e-01 
91.400000 2.1960950768042692e-01 
91.600000 2.1960950780666408e-01 
91.800000 2.1960950792883327e-01 
92.000000 2.1960950804707202e-01 
92.200000 2.1960950816147279e-01 
92.400000 2.1960950827214462e-01 
92.600000 2.1960950837922300e-01 
92.800000 2.1960950848276545e-01 
93.000000 2.1960950858291936e-01 
93.200000 2.1960950867973725e-01 
93.400000 2.1960950877334470e-01 
93.600000 2.1960950886380964e-01 
93.800000 2.1960950895123765e-01 
94.000000 2.1960950903571183e-01 
94.200000 2.1960950911732233e-01 
94.400000 2.1960950919612512e-01 
94.600000 2.1960950927222309e-01 
94.800000 2.1960950934569989e-01 
95.000000 2.1960950941661539e-01 
95.200000 2.1960950948504221e-01 
95.400000 2.1960950955106548e-01 
95.600000 2.1960950961475506e-01 
95.800000 2.1960950967616050e-01 
96.000000 2.1960950973536045e-01 
96.200000 2.1960950979242350e-01 
96.400000 2.1960950984740518e-01 
96.600000 2.1960950990037376e-01 
96.800000 2.1960950995138639e-01 
97.000000 2.1960951000050766e-01 
97.200000 2.1960951004778395e-01 
97.400000 2.1960951009327248e-01 
97.600000 2.1960951013703905e-01 
97.800000 2.1960951017911659e-01 
98.000000 2.1960951021958797e-01 
98.200000 2.1960951025848716e-01 
98.400000 2.1960951029584347e-01 
98.600000 2.1960951033173010e-01 
98.800000 2.1960951036618423e-01 
99.000000 2.1960951039926771e-01 
99.200000 2.1960951043098798e-01 
99.400000 2.1960951046141855e-01 
99.600000 2.1960951049060490e-01 
99.800000 2.1960951051856728e-01 
100.000000 2.1960951054536709e-01 
100.200000 2.1960951057102529e-01 
100.400000 2.1960951059558900e-01 
100.600000 2.1960951061909229e-01 
100.800000 2.1960951064157472e-01 
101.000000 2.1960951066306281e-01 
101.200000 2.1960951068360371e-01 
101.400000 2.1960951070322510e-01 
101.600000 2.1960951072196011e-01 
101.800000 2.1960951073983470e-01 
102.000000 2.1960951075687662e-01 
102.200000 2.1960951077313190e-01 
102.400000 2.1960951078860735e-01 
102.600000 2.1960951080336072e-01 
102.800000 2.1960951081738608e-01 
103.000000 2.1960951083073424e-01 
103.200000 2.1960951084341609e-01 
103.400000 2.1960951085546446e-01 
103.600000 2.1960951086691627e-01 
103.800000 2.1960951087776787e-01 
104.000000 2.1960951088805949e-01 
104.200000 2.1960951089780206e-01 
104.400000 2.1960951090703432e-01 
104.600000 2.1960951091576264e-01 
104.800000 2.1960951092399458e-01 
105.000000 2.1960951093179257e-01 
105.200000 2.1960951093914244e-01 
105.400000 2.1960951094606315e-01 
105.600000 2.1960951095258124e-01 
105.800000 2.1960951095871517e-01 
106.000000 2.1960951096446535e-01 
106.200000 2.1960951096987297e-01 
106.400000 2.1960951097495221e-01 
106.600000 2.1960951097969511e-01 
106.800000 2.1960951098411152e-01 
107.000000 2.1960951098825496e-01 
107.200000 2.1960951099211776e-01 
107.400000 2.1960951099569298e-01 
107.600000 2.1960951099902465e-01 
107.800000 2.1960951100209847e-01 
108.000000 2.1960951100495543e-01 
108.200000 2.1960951100757903e-01 
108.400000 2.1960951101000659e-01 
108.600000 2.1960951101221921e-01 
108.800000 2.1960951101425377e-01 
109.000000 2.1960951101609319e-01 
109.200000 2.1960951101777534e-01 
109.400000 2.1960951101928380e-01 
109.600000 2.1960951102065646e-01 
109.800000 2.1960951102185891e-01 
110.000000 2.1960951102294157e-01 
110.200000 2.1960951102388551e-01 
110.400000 2.1960951102471793e-01 
110.600000 2.1960951102542672e-01 
110.800000 2.1960951102604098e-01 
111.000000 2.1960951102654810e-01 
111.200000 2.1960951102694373e-01 
111.400000 2.1960951102726889e-01 
111.600000 2.1960951102749912e-01 
111.800000 2.1960951102764473e-01 
112.000000 2.1960951102773912e-01 
112.200000 2.1960951102774010e-01 
112.400000 2.1960951102768836e-01 
112.600000 2.1960951102758230e-01 
112.800000 2.1960951102741025e-01 
113.000000 2.1960951102719325e-01 
113.200000 2.1960951102693663e-01 
113.400000 2.1960951102663304e-01 
113.600000 2.1960951102627976e-01 
113.800000 2.1960951102590492e-01 
114.000000 2.1960951102548812e-01 
114.200000 2.1960951102503723e-01 
114.400000 2.1960951102457438e-01 
114.600000 2.1960951102407233e-01 
114.800000 2.1960951102355086e-01 
115.000000 2.1960951102302168e-01 
115.200000 2.1960951102246351e-01 
115.400000 2.1960951102188681e-01 
115.600000 2.1960951102130399e-01 
115.800000 2.1960951102070875e-01 
116.000000 2.1960951102011037e-01 
116.200000 2.1960951101949375e-01 
116.400000 2.1960951101887421e-01 
116.600000 2.1960951101826112e-01 
116.800000 2.1960951101763071e-01 
117.000000 2.1960951101700188e-01 
117.200000 2.1960951101636630e-01 
117.400000 2.1960951101575305e-01 
117.600000 2.1960951101513454e-01 
117.800000 2.1960951101451012e-01 
118.000000 2.1960951101389328e-01 
118.200000 2.1960951101328263e-01 
118.400000 2.1960951101267204e-01 
118.600000 2.1960951101207479e-01 
118.800000 2.1960951101147852e-01 
119.000000 2.1960951101089568e-01 
119.200000 2.1960951101031409e-01 
119.400000 2.1960951100975187e-01 
119.600000 2.1960951100919368e-01 
119.800000 2.1960951100863374e-01 
120.000000 2.1960951100809234e-01 
120.200000 2.1960951100755177e-01 
120.400000 2.1960951100703766e-01 
120.600000 2.1960951100652756e-01 
120.800000 2.1960951100603696e-01 
121.000000 2.1960951100554696e-01 
121.200000 2.1960951100506299e-01 
121.400000 2.1960951100460005e-01 
121.600000 2.1960951100413600e-01 
121.800000 2.1960951100368459e-01 
122.000000 2.1960951100326287e-01 
122.200000 2.1960951100284656e-01 
122.400000 2.1960951100242898e-01 
122.600000 2.1960951100203233e-01 
122.800000 2.1960951100163603e-01 
123.000000 2.1960951100126450e-01 
123.200000 2.1960951100089668e-01 
123.400000 2.1960951100052892e-01 
123.600000 2.1960951100018206e-01 
123.800000 2.1960951099984893e-01 
124.000000 2.1960951099953152e-01 
124.200000 2.1960951099921808e-01 
124.400000 2.1960951099890533e-01 
124.600000 2.1960951099862330e-01 
124.800000 2.1960951099835013e-01 
125.000000 2.1960951099807258e-01 
125.200000 2.1960951099781362e-01 
125.400000 2.1960951099754908e-01 
125.600000 2.1960951099731391e-01 
125.800000 2.1960951099707338e-01 
126.000000 2.1960951099685297e-01 
126.200000 2.1960951099662929e-01 
126.400000 2.1960951099642931e-01 
126.600000 2.1960951099621295e-01 
126.800000 2.1960951099603396e-01 
127.000000 2.1960951099585210e-01 
127.200000 2.1960951099567202e-01 
127.400000 2.1960951099549914e-01 
127.600000 2.1960951099532489e-01 
127.800000 2.1960951099518605e-01 
128.000000 2.1960951099504722e-01 
128.200000 2.1960951099490608e-01 
128.400000 2.1960951099476966e-01 
128.600000 2.1960951099463430e-01 
128.800000 2.1960951099451878e-01 
129.000000 2.1960951099440881e-01 
129.200000 2.1960951099429732e-01 
129.400000 2.1960951099419199e-01 
129.600000 2.1960951099408096e-01 
129.800000 2.1960951099399137e-01 
130.000000 2.1960951099390000e-01 
130.200000 2.1960951099382597e-01 
130.400000 2.1960951099373680e-01 
130.600000 2.1960951099366055e-01 
130.800000 2.1960951099358794e-01 
131.000000 2.1960951099352069e-01 
131.200000 2.1960951099346451e-01 
131.400000 2.1960951099339407e-01 
131.600000 2.1960951099335413e-01 
131.800000 2.1960951099329862e-01 
132.000000 2.1960951099324355e-01 
132.200000 2.1960951099320769e-01 
132.400000 2.1960951099315987e-01 
132.600000 2.1960951099312398e-01 
132.800000 2.1960951099308301e-01 
133.000000 2.1960951099304885e-01 
133.200000 2.1960951099302106e-01 
133.400000 2.1960951099299558e-01 
133.600000 2.1960951099296785e-01 
133.800000 2.1960951099293780e-01 
134.000000 2.1960951099293413e-01 
134.200000 2.1960951099290965e-01 
134.400000 2.1960951099288231e-01 
134.600000 2.1960951099287609e-01 
134.800000 2.1960951099285456e-01 
135.000000 2.1960951099284448e-01 
135.200000 2.1960951099284384e-01 
135.400000 2.1960951099282677e-01 
135.600000 2.1960951099281573e-01 
135.800000 2.1960951099279927e-01 
136.000000 2.1960951099279924e-01 
136.200000 2.1960951099279902e-01 
136.400000 2.1960951099279902e-01 
136.600000 2.1960951099279788e-01 
136.800000 2.1960951099278855e-01 
137.000000 2.1960951099278223e-01 
137.200000 2.1960951099279902e-01 
137.400000 2.1960951099279902e-01 
137.600000 2.1960951099279899e-01 
137.800000 2.1960951099279902e-01 
138.000000 2.1960951099279902e-01 
138.200000 2.1960951099279902e-01 
138.400000 2.1960951099281539e-01 
138.600000 2.1960951099281539e-01 
138.800000 2.1960951099282036e-01 
139.000000 2.1960951099282805e-01 
139.200000 2.1960951099284351e-01 
139.400000 2.1960951099284384e-01 
139.600000 2.1960951099284870e-01 
139.800000 2.1960951099285705e-01 
140.000000 2.1960951099287152e-01 
140.200000 2.1960951099287609e-01 
140.400000 2.1960951099288184e-01 
140.600000 2.1960951099288734e-01 
140.800000 2.1960951099289833e-01 
141.000000 2.1960951099290965e-01 
141.200000 2.1960951099291534e-01 
141.400000 2.1960951099292131e-01 
141.600000 2.1960951099292203e-01 
141.800000 2.1960951099293780e-01 
142.000000 2.1960951099294287e-01 
142.200000 2.1960951099295012e-01 
142.400000 2.1960951099295886e-01 
142.600000 2.1960951099297024e-01 
142.800000 2.1960951099297726e-01 
143.000000 2.1960951099298595e-01 
143.200000 2.1960951099299331e-01 
143.400000 2.1960951099300560e-01 
143.600000 2.1960951099301440e-01 
143.800000 2.1960951099302106e-01 
144.000000 2.1960951099302106e-01 
144.200000 2.1960951099303549e-01 
144.400000 2.1960951099304812e-01 
144.600000 2.1960951099304885e-01 
144.800000 2.1960951099304885e-01 
145.000000 2.1960951099305651e-01 
145.200000 2.1960951099306558e-01 
145.400000 2.1960951099307657e-01 
145.600000 2.1960951099307657e-01 
145.800000 2.1960951099308226e-01 
146.000000 2.1960951099308323e-01 
146.200000 2.1960951099309331e-01 
146.400000 2.1960951099309650e-01 
146.600000 2.1960951099310433e-01 
146.800000 2.1960951099310974e-01 
147.000000 2.1960951099311207e-01 
147.200000 2.1960951099311907e-01 
147.400000 2.1960951099312137e-01 
147.600000 2.1960951099312137e-01 
147.800000 2.1960951099313208e-01 
148.000000 2.1960951099313208e-01 
148.200000 2.1960951099313208e-01 
148.400000 2.1960951099313208e-01 
148.600000 2.1960951099313208e-01 
148.800000 2.1960951099314746e-01 
149.000000 2.1960951099314882e-01 
149.200000 2.1960951099314882e-01 
149.400000 2.1960951099314882e-01 
149.600000 2.1960951099314882e-01 
149.800000 2.1960951099315079e-01 
