0.000000 1.9257588741004711e-01 
0.200000 1.9381148658407393e-01 
0.400000 1.9481339978541043e-01 
0.600000 1.9557825540972998e-01 
0.800000 1.9610404894362768e-01 
1.000000 1.9639019127706031e-01 
1.200000 1.9643754760840365e-01 
1.400000 1.9624846651808431e-01 
1.600000 1.9582679888361215e-01 
1.800000 1.9517790641037447e-01 
2.000000 1.9430869067309806e-01 
2.200000 1.9328030297585092e-01 
2.400000 1.9211189432576878e-01 
2.600000 1.9081868683178144e-01 
2.800000 1.8941281143780739e-01 
3.000000 1.8790294756745840e-01 
3.200000 1.8629490565420778e-01 
3.400000 1.8474297834063672e-01 
3.600000 1.8324747131880043e-01 
3.800000 1.8175221701421304e-01 
4.000000 1.8025616792559507e-01 
4.200000 1.7876077462403603e-01 
4.400000 1.7727045890992654e-01 
4.600000 1.7579155482519093e-01 
4.800000 1.7433196190910449e-01 
5.000000 1.7290061974794285e-01 
5.200000 1.7150694589289794e-01 
5.400000 1.7016065412600878e-01 
5.600000 1.6887060754430225e-01 
5.800000 1.6764457998608967e-01 
6.000000 1.6649007920977471e-01 
6.200000 1.6541344964161897e-01 
6.400000 1.6442008447960604e-01 
6.600000 1.6351522642312152e-01 
6.800000 1.6270074496542491e-01 
7.000000 1.6197641015665587e-01 
7.200000 1.6134224365923622e-01 
7.400000 1.6079806567950863e-01 
7.600000 1.6034304497465576e-01 
7.800000 1.5997564547766296e-01 
8.000000 1.5969360660477189e-01 
8.200000 1.5949393575321036e-01 
8.400000 1.5937291436898482e-01 
8.600000 1.5932611467879398e-01 
8.800000 1.5934841324711696e-01 
9.000000 1.5943406841044014e-01 
9.200000 1.5957679654601392e-01 
9.400000 1.5976982990267519e-01 
9.600000 1.6000592163741881e-01 
9.800000 1.6027739367170216e-01 
10.000000 1.6057617379284270e-01 
10.200000 1.6089385970521453e-01 
10.400000 1.6122178450540645e-01 
10.600000 1.6155105058368419e-01 
10.800000 1.6187253872185056e-01 
11.000000 1.6217692717592075e-01 
11.200000 1.6245471621159652e-01 
11.400000 1.6269625360001913e-01 
11.600000 1.6289176303987365e-01 
11.800000 1.6303137316946661e-01 
12.000000 1.6310515099728776e-01 
12.200000 1.6310313646497510e-01 
12.400000 1.6301538555050657e-01 
12.600000 1.6283201668022793e-01 
12.800000 1.6254326102278974e-01 
13.000000 1.6213952104181920e-01 
13.200000 1.6161143663421093e-01 
13.400000 1.6094995956241073e-01 
13.600000 1.6014643258183217e-01 
13.800000 1.5919267839175055e-01 
14.000000 1.5808109582098148e-01 
14.200000 1.5680476145643274e-01 
14.400000 1.5535753697888724e-01 
14.600000 1.5373418076276552e-01 
14.800000 1.5193046160545207e-01 
15.000000 1.4994327236216001e-01 
15.200000 1.4777074077205404e-01 
15.400000 1.4541233444103918e-01 
15.600000 1.4286895681579276e-01 
15.800000 1.4014303045084106e-01 
16.000000 1.3723856384191405e-01 
16.200000 1.3416119812937036e-01 
16.400000 1.3091823000408659e-01 
16.600000 1.2751860744261739e-01 
16.800000 1.2397289531608990e-01 
17.000000 1.2029320890187334e-01 
17.200000 1.1649311400252491e-01 
17.400000 1.1258749350321071e-01 
17.600000 1.0859238163987513e-01 
17.800000 1.0452476858080208e-01 
18.000000 1.0040237925541898e-01 
18.200000 9.6243431639239069e-02 
18.400000 9.2066380790726446e-02 
18.600000 8.7889655753447787e-02 
18.800000 8.3731396908423877e-02 
19.000000 7.9609201443061356e-02 
19.200000 7.5539884291092110e-02 
19.400000 7.1539261211789384e-02 
19.600000 6.7621959661869097e-02 
19.800000 6.3801261850113172e-02 
20.000000 6.0088982938548446e-02 
20.200000 5.6495385870776897e-02 
20.400000 5.3029132850537425e-02 
20.600000 4.9697272155964763e-02 
20.800000 4.6505257822259956e-02 
21.000000 4.3456998798812520e-02 
21.200000 4.0554933511217285e-02 
21.400000 3.7800125341223408e-02 
21.600000 3.5192374363926832e-02 
21.800000 3.2730340723974939e-02 
22.000000 3.0411675255465488e-02 
22.200000 2.8233153313195185e-02 
22.400000 2.6190808245306597e-02 
22.600000 2.4280061460477679e-02 
22.800000 2.2495846592363249e-02 
23.000000 2.0832725811329250e-02 
23.200000 1.9284996855902386e-02 
23.400000 1.7846789837283328e-02 
23.600000 1.6512153298466593e-02 
23.800000 1.5275129378641816e-02 
24.000000 1.4129818241161099e-02 
24.200000 1.3070432170151632e-02 
24.400000 1.2091339929900139e-02 
24.600000 1.1187102117235094e-02 
24.800000 1.0352498326113404e-02 
25.000000 9.5825469918829394e-03 
25.200000 8.8725187968333018e-03 
25.400000 8.2179445051642503e-03 
25.600000 7.6146180605142699e-03 
25.800000 7.0585957283121744e-03 
26.000000 6.5461920034147799e-03 
26.200000 6.0739729350471824e-03 
26.400000 5.6387474495466381e-03 
26.600000 5.2375571797038441e-03 
26.800000 4.8676652398320025e-03 
27.000000 4.5265443197215266e-03 
27.200000 4.2118644094889177e-03 
27.400000 3.9214804117073850e-03 
27.600000 3.6534198474546947e-03 
27.800000 3.4058708191009720e-03 
28.000000 3.1771703546342486e-03 
28.200000 2.9657932257862976e-03 
28.400000 2.7703413047734564e-03 
28.600000 2.5895335016439176e-03 
28.800000 2.4221963055335990e-03 
29.000000 2.2672549380851471e-03 
29.200000 2.1237251153978466e-03 
29.400000 1.9907054057004851e-03 
29.600000 1.8673701630563366e-03 
29.800000 1.7529630124432482e-03 
30.000000 1.6467908581649904e-03 
30.200000 1.5482183854479688e-03 
30.400000 1.4566630240035068e-03 
30.600000 1.3715903420705390e-03 
30.800000 1.2925098398121196e-03 
31.000000 1.2189711117645558e-03 
31.200000 1.1505603492043843e-03 
31.400000 1.0868971546992470e-03 
31.600000 1.0276316426610572e-03 
31.800000 9.7244180135685218e-04 
32.000000 9.2103109350222593e-04 
32.200000 8.7312627422474025e-04 
32.400000 8.2847540681058919e-04 
32.600000 7.8684605821553299e-04 
32.800000 7.4802365781590472e-04 
33.000000 7.1181000428771797e-04 
33.200000 6.7802190682597521e-04 
33.400000 6.4648994814979792e-04 
33.600000 6.1705735788195677e-04 
33.800000 5.8957898594568219e-04 
34.000000 5.6392036659003001e-04 
34.200000 5.3995686454185972e-04 
34.400000 5.1757289559198046e-04 
34.600000 4.9666121466002144e-04 
34.800000 4.7712226505234126e-04 
35.000000 4.5886358323465843e-04 
35.200000 4.4179925399093683e-04 
35.400000 4.2584941133742431e-04 
35.600000 4.1093978100980200e-04 
35.800000 3.9700126074672338e-04 
36.000000 3.8396953495847439e-04 
36.200000 3.7178472069875811e-04 
36.400000 3.6039104215429590e-04 
36.600000 3.4973653113389410e-04 
36.800000 3.3977275127919105e-04 
37.000000 3.3045454393555761e-04 
37.200000 3.2173979381652405e-04 
37.400000 3.1358921277032021e-04 
37.600000 3.0596614011505971e-04 
37.800000 2.9883635815117454e-04 
38.000000 2.9216792158776560e-04 
38.200000 2.8593099973492440e-04 
38.400000 2.8009773041809524e-04 
38.600000 2.7464208466438603e-04 
38.800000 2.6953974129540446e-04 
39.000000 2.6476797063770049e-04 
39.200000 2.6030552663100157e-04 
39.400000 2.5613254667690563e-04 
39.600000 2.5223045862728273e-04 
39.800000 2.4858189436287071e-04 
40.000000 2.4517060945893586e-04 
40.200000 2.4198140847704358e-04 
40.400000 2.3900007546018515e-04 
40.600000 2.3621330924326398e-04 
40.800000 2.3360866322255270e-04 
41.000000 2.3117448925648150e-04 
41.200000 2.2889988539634125e-04 
41.400000 2.2677464716936894e-04 
41.600000 2.2478922215848839e-04 
41.800000 2.2293466764293249e-04 
42.000000 2.2120261108214264e-04 
42.200000 2.1958521324206071e-04 
42.400000 2.1807513377815373e-04 
42.600000 2.1666549910354885e-04 
42.800000 2.1534987238345965e-04 
43.000000 2.1412222550891126e-04 
43.200000 2.1297691291358024e-04 
43.400000 2.1190864710755186e-04 
43.600000 2.1091247581096897e-04 
43.800000 2.0998376057898045e-04 
44.000000 2.0911815681722034e-04 
44.200000 2.0831159509418972e-04 
44.400000 2.0756026366360923e-04 
44.600000 2.0686059211586511e-04 
44.800000 2.0620923608341340e-04 
45.000000 2.0560306293017564e-04 
45.200000 2.0503913835987319e-04 
45.400000 2.0451471388268846e-04 
45.600000 2.0402721508382975e-04 
45.800000 2.0357423064143215e-04 
46.000000 2.0315350204479877e-04 
46.200000 2.0276291396731171e-04 
46.400000 2.0240048525142914e-04 
46.600000 2.0206436046603751e-04 
46.800000 2.0175280199911044e-04 
47.000000 2.0146418265108360e-04 
47.200000 2.0119697869665874e-04 
47.400000 2.0094976338490435e-04 
47.600000 2.0072120084949768e-04 
47.800000 2.0051004040282414e-04 
48.000000 2.0031511118936577e-04 
48.200000 2.0013531717543080e-04 
48.400000 1.9996963245377212e-04 
48.600000 1.9981709684305181e-04 
48.800000 1.9967681176339219e-04 
49.000000 1.9954793637050084e-04 
49.200000 1.9942968393197466e-04 
49.400000 1.9932131843043707e-04 
49.600000 1.9922215137918586e-04 
49.800000 1.9913153883692518e-04 
50.000000 1.9904887860902121e-04 
50.200000 1.9897360762353715e-04 
50.400000 1.9890519947104760e-04 
50.600000 1.9884316209794448e-04 
50.800000 1.9878703564358400e-04 
51.000000 1.9873639041226610e-04 
51.200000 1.9869082497159536e-04 
51.400000 1.9864996436930166e-04 
51.600000 1.9861345846112496e-04 
51.800000 1.9858098034282053e-04 
52.000000 1.9855222487977345e-04 
52.200000 1.9852690732815342e-04 
52.400000 1.9850476204188650e-04 
52.600000 1.9848554126010356e-04 
52.800000 1.9846901397006949e-04 
53.000000 1.9845496484086926e-04 
53.200000 1.9844319322349151e-04 
53.400000 1.9843351221315075e-04 
53.600000 1.9842574777000963e-04 
53.800000 1.9841973789466231e-04 
54.000000 1.9841533185499210e-04 
54.200000 1.9841238946121962e-04 
54.400000 1.9841078038615115e-04 
54.600000 1.9841038352783378e-04 
54.800000 1.9841108641198814e-04 
55.000000 1.9841278463176846e-04 
55.200000 1.9841538132252723e-04 
55.400000 1.9841878666943205e-04 
55.600000 1.9842291744589705e-04 
55.800000 1.9842769658093238e-04 
56.000000 1.9843305275361794e-04 
56.200000 1.9843892001302976e-04 
56.400000 1.9844523742204988e-04 
56.600000 1.9845194872357964e-04 
56.800000 1.9845900202777617e-04 
57.000000 1.9846634951901541e-04 
57.200000 1.9847394718136070e-04 
57.400000 1.9848175454139573e-04 
57.600000 1.9848973442734835e-04 
57.800000 1.9849785274350554e-04 
58.000000 1.9850607825895936e-04 
58.200000 1.9851438240982028e-04 
58.400000 1.9852273911404356e-04 
58.600000 1.9853112459810438e-04 
58.800000 1.9853951723477955e-04 
59.000000 1.9854789739135806e-04 
59.200000 1.9855624728761474e-04 
59.400000 1.9856455086297284e-04 
59.600000 1.9857279365225429e-04 
59.800000 1.9858096266950578e-04 
60.000000 1.9858904629938925e-04 
60.200000 1.9859703419567053e-04 
60.400000 1.9860491718636067e-04 
60.600000 1.9861268718510418e-04 
60.800000 1.9862033710840696e-04 
61.000000 1.9862786079836352e-04 
61.200000 1.9863525295051813e-04 
61.400000 1.9864250904654996e-04 
61.600000 1.9864962529147644e-04 
61.800000 1.9865659855509225e-04 
62.000000 1.9866342631737476e-04 
62.200000 1.9867010661761255e-04 
62.400000 1.9867663800701051e-04 
62.600000 1.9868301950456645e-04 
62.800000 1.9868925055599538e-04 
63.000000 1.9869533099552258e-04 
63.200000 1.9870126101035482e-04 
63.400000 1.9870704110765987e-04 
63.600000 1.9871267208389348e-04 
63.800000 1.9871815499632496e-04 
64.000000 1.9872349113662208e-04 
64.200000 1.9872868200635082e-04 
64.400000 1.9873372929428285e-04 
64.600000 1.9873863485538081e-04 
64.800000 1.9874340069135686e-04 
65.000000 1.9874802893269996e-04 
65.200000 1.9875252182207514e-04 
65.400000 1.9875688169900874e-04 
65.600000 1.9876111098576706e-04 
65.800000 1.9876521217435434e-04 
66.000000 1.9876918781455493e-04 
66.200000 1.9877304050294693e-04 
66.400000 1.9877677287282423e-04 
66.600000 1.9878038758496289e-04 
66.800000 1.9878388731917596e-04 
67.000000 1.9878727476660502e-04 
67.200000 1.9879055262269219e-04 
67.400000 1.9879372358078514e-04 
67.600000 1.9879679032634525e-04 
67.800000 1.9879975553168780e-04 
68.000000 1.9880262185124691e-04 
68.200000 1.9880539191731054e-04 
68.400000 1.9880806833619298e-04 
68.600000 1.9881065368481800e-04 
68.800000 1.9881315050768018e-04 
69.000000 1.9881556131415141e-04 
69.200000 1.9881788857612122e-04 
69.400000 1.9882013472592353e-04 
69.600000 1.9882230215455043e-04 
69.800000 1.9882439321011850e-04 
70.000000 1.9882641019656385e-04 
70.200000 1.9882835537256237e-04 
70.400000 1.9883023095064518e-04 
70.600000 1.9883203909649448e-04 
70.800000 1.9883378192840995e-04 
71.000000 1.9883546151693043e-04 
71.200000 1.9883707988458727e-04 
71.400000 1.9883863900579902e-04 
71.600000 1.9884014080687082e-04 
71.800000 1.9884158716610361e-04 
72.000000 1.9884297991400423e-04 
72.200000 1.9884432083357203e-04 
72.400000 1.9884561166067557e-04 
72.600000 1.9884685408449001e-04 
72.800000 1.9884804974800113e-04 
73.000000 1.9884920024856772e-04 
73.200000 1.9885030713853152e-04 
73.400000 1.9885137192586822e-04 
73.600000 1.9885239607488029e-04 
73.800000 1.9885338100692902e-04 
74.000000 1.9885432810117664e-04 
74.200000 1.9885523869537722e-04 
74.400000 1.9885611408667418e-04 
74.600000 1.9885695553241019e-04 
74.800000 1.9885776425096379e-04 
75.000000 1.9885854142259133e-04 
75.200000 1.9885928819026737e-04 
75.400000 1.9886000566055162e-04 
75.600000 1.9886069490443348e-04 
75.800000 1.9886135695819769e-04 
76.000000 1.9886199282427428e-04 
76.200000 1.9886260347210013e-04 
76.400000 1.9886318983895965e-04 
76.600000 1.9886375283083028e-04 
76.800000 1.9886429332322558e-04 
77.000000 1.9886481216200696e-04 
77.200000 1.9886531016421213e-04 
77.400000 1.9886578811885954e-04 
77.600000 1.9886624678774613e-04 
77.800000 1.9886668690622270e-04 
78.000000 1.9886710918397895e-04 
78.200000 1.9886751430578519e-04 
78.400000 1.9886790293224566e-04 
78.600000 1.9886827570053184e-04 
78.800000 1.9886863322508930e-04 
79.000000 1.9886897609834302e-04 
79.200000 1.9886930489138244e-04 
79.400000 1.9886962015463355e-04 
79.600000 1.9886992241851755e-04 
79.800000 1.9887021219408478e-04 
80.000000 1.9887048997364428e-04 
80.200000 1.9887075623137540e-04 
80.400000 1.9887101142391638e-04 
80.600000 1.9887125599095368e-04 
80.800000 1.9887149035577957e-04 
81.000000 1.9887171492583892e-04 
81.200000 1.9887193009328043e-04 
81.400000 1.9887213623545776e-04 
81.600000 1.9887233371544422e-04 
81.800000 1.9887252288252371e-04 
82.000000 1.9887270407267568e-04 
82.200000 1.9887287760901994e-04 
82.400000 1.9887304380228528e-04 
82.600000 1.9887320295123838e-04 
82.800000 1.9887335534311799e-04 
83.000000 1.9887350125401745e-04 
83.200000 1.9887364094932372e-04 
83.400000 1.9887377468405824e-04 
83.600000 1.9887390270329831e-04 
83.800000 1.9887402524249682e-04 
84.000000 1.9887414252786278e-04 
84.200000 1.9887425477667586e-04 
84.400000 1.9887436219764512e-04 
84.600000 1.9887446499118846e-04 
84.800000 1.9887456334977604e-04 
85.000000 1.9887465745820212e-04 
85.200000 1.9887474749388047e-04 
85.400000 1.9887483362713071e-04 
85.600000 1.9887491602142400e-04 
85.800000 1.9887499483366334e-04 
86.000000 1.9887507021442051e-04 
86.200000 1.9887514230818661e-04 
86.400000 1.9887521125359740e-04 
86.600000 1.9887527718365341e-04 
86.800000 1.9887534022595900e-04 
87.000000 1.9887540050289736e-04 
87.200000 1.9887545813186274e-04 
87.400000 1.9887551322543594e-04 
87.600000 1.9887556589158619e-04 
87.800000 1.9887561623383270e-04 
88.000000 1.9887566435144663e-04 
88.200000 1.9887571033958709e-04 
88.400000 1.9887575428947972e-04 
88.600000 1.9887579628857582e-04 
88.800000 1.9887583642069930e-04 
89.000000 1.9887587476618196e-04 
89.200000 1.9887591140201299e-04 
89.400000 1.9887594640196436e-04 
89.600000 1.9887597983672651e-04 
89.800000 1.9887601177404253e-04 
90.000000 1.9887604227878593e-04 
90.200000 1.9887607141313190e-04 
90.400000 1.9887609923662850e-04 
90.600000 1.9887612580630397e-04 
90.800000 1.9887615117679722e-04 
91.000000 1.9887617540042345e-04 
91.200000 1.9887619852729878e-04 
91.400000 1.9887622060539261e-04 
91.600000 1.9887624168064868e-04 
91.800000 1.9887626179705044e-04 
92.000000 1.9887628099672576e-04 
92.200000 1.9887629931996620e-04 
92.400000 1.9887631680540297e-04 
92.600000 1.9887633348995216e-04 
92.800000 1.9887634940899283e-04 
93.000000 1.9887636459635897e-04 
93.200000 1.9887637908444410e-04 
93.400000 1.9887639290425304e-04 
93.600000 1.9887640608544011e-04 
93.800000 1.9887641865639174e-04 
94.000000 1.9887643064427280e-04 
94.200000 1.9887644207505751e-04 
94.400000 1.9887645297361479e-04 
94.600000 1.9887646336372791e-04 
94.800000 1.9887647326813617e-04 
95.000000 1.9887648270860999e-04 
95.200000 1.9887649170596998e-04 
95.400000 1.9887650028011579e-04 
95.600000 1.9887650845010381e-04 
95.800000 1.9887651623411956e-04 
96.000000 1.9887652364960166e-04 
96.200000 1.9887653071318944e-04 
96.400000 1.9887653744081590e-04 
96.600000 1.9887654384769053e-04 
96.800000 1.9887654994838369e-04 
97.000000 1.9887655575680769e-04 
97.200000 1.9887656128626265e-04 
97.400000 1.9887656654947586e-04 
97.600000 1.9887657155859826e-04 
97.800000 1.9887657632525514e-04 
98.000000 1.9887658086055246e-04 
98.200000 1.9887658517509340e-04 
98.400000 1.9887658927904254e-04 
98.600000 1.9887659318208904e-04 
98.800000 1.9887659689350135e-04 
99.000000 1.9887660042212010e-04 
99.200000 1.9887660377641061e-04 
99.400000 1.9887660696446668e-04 
99.600000 1.9887660999398936e-04 
99.800000 1.9887661287237320e-04 
100.000000 1.9887661560665963e-04 
100.200000 1.9887661820357786e-04 
100.400000 1.9887662066956862e-04 
100.600000 1.9887662301075530e-04 
100.800000 1.9887662523301736e-04 
101.000000 1.9887662734195102e-04 
101.200000 1.9887662934291492e-04 
101.400000 1.9887663124100222e-04 
101.600000 1.9887663304110146e-04 
101.800000 1.9887663474787482e-04 
102.000000 1.9887663636575557e-04 
102.200000 1.9887663789900482e-04 
102.400000 1.9887663935165095e-04 
102.600000 1.9887664072759935e-04 
102.800000 1.9887664203050218e-04 
103.000000 1.9887664326390816e-04 
103.200000 1.9887664443116735e-04 
103.400000 1.9887664553550733e-04 
103.600000 1.9887664657997130e-04 
103.800000 1.9887664756748608e-04 
104.000000 1.9887664850084586e-04 
104.200000 1.9887664938270875e-04 
104.400000 1.9887665021559603e-04 
104.600000 1.9887665100195171e-04 
104.800000 1.9887665174407677e-04 
105.000000 1.9887665244415722e-04 
105.200000 1.9887665310431232e-04 
105.400000 1.9887665372652442e-04 
105.600000 1.9887665431271492e-04 
105.800000 1.9887665486471322e-04 
106.000000 1.9887665538423133e-04 
106.200000 1.9887665587293003e-04 
106.400000 1.9887665633238209e-04 
106.600000 1.9887665676409795e-04 
106.800000 1.9887665716950692e-04 
107.000000 1.9887665754996059e-04 
107.200000 1.9887665790676334e-04 
107.400000 1.9887665824115842e-04 
107.600000 1.9887665855431214e-04 
107.800000 1.9887665884735811e-04 
108.000000 1.9887665912135321e-04 
108.200000 1.9887665937731421e-04 
108.400000 1.9887665961621818e-04 
108.600000 1.9887665983897985e-04 
108.800000 1.9887666004646853e-04 
109.000000 1.9887666023953349e-04 
109.200000 1.9887666041896809e-04 
109.400000 1.9887666058550636e-04 
109.600000 1.9887666073989193e-04 
109.800000 1.9887666088278972e-04 
110.000000 1.9887666101484584e-04 
110.200000 1.9887666113668591e-04 
110.400000 1.9887666124889777e-04 
110.600000 1.9887666135203250e-04 
110.800000 1.9887666144662912e-04 
111.000000 1.9887666153317555e-04 
111.200000 1.9887666161215895e-04 
111.400000 1.9887666168401678e-04 
111.600000 1.9887666174920284e-04 
111.800000 1.9887666180810215e-04 
112.000000 1.9887666186111611e-04 
112.200000 1.9887666190860766e-04 
112.400000 1.9887666195091871e-04 
112.600000 1.9887666198839646e-04 
112.800000 1.9887666202133235e-04 
113.000000 1.9887666205003519e-04 
113.200000 1.9887666207477579e-04 
113.400000 1.9887666209582233e-04 
113.600000 1.9887666211344056e-04 
113.800000 1.9887666212784659e-04 
114.000000 1.9887666213927590e-04 
114.200000 1.9887666214794529e-04 
114.400000 1.9887666215404393e-04 
114.600000 1.9887666215777413e-04 
114.800000 1.9887666215930231e-04 
115.000000 1.9887666215880764e-04 
115.200000 1.9887666215644110e-04 
115.400000 1.9887666215236339e-04 
115.600000 1.9887666214670616e-04 
115.800000 1.9887666213961032e-04 
116.000000 1.9887666213119439e-04 
116.200000 1.9887666212158964e-04 
116.400000 1.9887666211089268e-04 
116.600000 1.9887666209921040e-04 
116.800000 1.9887666208664445e-04 
117.000000 1.9887666207329784e-04 
117.200000 1.9887666205923113e-04 
117.400000 1.9887666204454862e-04 
117.600000 1.9887666202931826e-04 
117.800000 1.9887666201361261e-04 
118.000000 1.9887666199748524e-04 
118.200000 1.9887666198101491e-04 
118.400000 1.9887666196425434e-04 
118.600000 1.9887666194725944e-04 
118.800000 1.9887666193007486e-04 
119.000000 1.9887666191275346e-04 
119.200000 1.9887666189532618e-04 
119.400000 1.9887666187784342e-04 
119.600000 1.9887666186033356e-04 
119.800000 1.9887666184285077e-04 
120.000000 1.9887666182540712e-04 
120.200000 1.9887666180803493e-04 
120.400000 1.9887666179075787e-04 
120.600000 1.9887666177362116e-04 
120.800000 1.9887666175662680e-04 
121.000000 1.9887666173979744e-04 
121.200000 1.9887666172315689e-04 
121.400000 1.9887666170672428e-04 
121.600000 1.9887666169049329e-04 
121.800000 1.9887666167451391e-04 
122.000000 1.9887666165877330e-04 
122.200000 1.9887666164328599e-04 
122.400000 1.9887666162806390e-04 
122.600000 1.9887666161310839e-04 
122.800000 1.9887666159844125e-04 
123.000000 1.9887666158405169e-04 
123.200000 1.9887666156995703e-04 
123.400000 1.9887666155615720e-04 
123.600000 1.9887666154265037e-04 
123.800000 1.9887666152944614e-04 
124.000000 1.9887666151654880e-04 
124.200000 1.9887666150395631e-04 
124.400000 1.9887666149165237e-04 
124.600000 1.9887666147967015e-04 
124.800000 1.9887666146798538e-04 
125.000000 1.9887666145660378e-04 
125.200000 1.9887666144551781e-04 
125.400000 1.9887666143473349e-04 
125.600000 1.9887666142424034e-04 
125.800000 1.9887666141404781e-04 
126.000000 1.9887666140413481e-04 
126.200000 1.9887666139451604e-04 
126.400000 1.9887666138517895e-04 
126.600000 1.9887666137611017e-04 
126.800000 1.9887666136732864e-04 
127.000000 1.9887666135880874e-04 
127.200000 1.9887666135056707e-04 
127.400000 1.9887666134257278e-04 
127.600000 1.9887666133483958e-04 
127.800000 1.9887666132735725e-04 
128.000000 1.9887666132012763e-04 
128.200000 1.9887666131312304e-04 
128.400000 1.9887666130636453e-04 
128.600000 1.9887666129983551e-04 
128.800000 1.9887666129353977e-04 
129.000000 1.9887666128745555e-04 
129.200000 1.9887666128158649e-04 
129.400000 1.9887666127592151e-04 
129.600000 1.9887666127047930e-04 
129.800000 1.9887666126522927e-04 
130.000000 1.9887666126017220e-04 
130.200000 1.9887666125530291e-04 
130.400000 1.9887666125061761e-04 
130.600000 1.9887666124610601e-04 
130.800000 1.9887666124178028e-04 
131.000000 1.9887666123761903e-04 
131.200000 1.9887666123361055e-04 
131.400000 1.9887666122977505e-04 
131.600000 1.9887666122608258e-04 
131.800000 1.9887666122255166e-04 
132.000000 1.9887666121916350e-04 
132.200000 1.9887666121591087e-04 
132.400000 1.9887666121279384e-04 
132.600000 1.9887666120981228e-04 
132.800000 1.9887666120695134e-04 
133.000000 1.9887666120421940e-04 
133.200000 1.9887666120159948e-04 
133.400000 1.9887666119910581e-04 
133.600000 1.9887666119671946e-04 
133.800000 1.9887666119443873e-04 
134.000000 1.9887666119224918e-04 
134.200000 1.9887666119017819e-04 
134.400000 1.9887666118819560e-04 
134.600000 1.9887666118630762e-04 
134.800000 1.9887666118450088e-04 
135.000000 1.9887666118278854e-04 
135.200000 1.9887666118116083e-04 
135.400000 1.9887666117960598e-04 
135.600000 1.9887666117812645e-04 
135.800000 1.9887666117672460e-04 
136.000000 1.9887666117539149e-04 
136.200000 1.9887666117413970e-04 
136.400000 1.9887666117293624e-04 
136.600000 1.9887666117179208e-04 
136.800000 1.9887666117071210e-04 
137.000000 1.9887666116968807e-04 
137.200000 1.9887666116872110e-04 
137.400000 1.9887666116781257e-04 
137.600000 1.9887666116694125e-04 
137.800000 1.9887666116613436e-04 
138.000000 1.9887666116536029e-04 
138.200000 1.9887666116462816e-04 
138.400000 1.9887666116395053e-04 
138.600000 1.9887666116330652e-04 
138.800000 1.9887666116270364e-04 
139.000000 1.9887666116213447e-04 
139.200000 1.9887666116160681e-04 
139.400000 1.9887666116110111e-04 
139.600000 1.9887666116063626e-04 
139.800000 1.9887666116018838e-04 
140.000000 1.9887666115977633e-04 
140.200000 1.9887666115939214e-04 
140.400000 1.9887666115903327e-04 
140.600000 1.9887666115869852e-04 
140.800000 1.9887666115838594e-04 
141.000000 1.9887666115809581e-04 
141.200000 1.9887666115782479e-04 
141.400000 1.9887666115757523e-04 
141.600000 1.9887666115733698e-04 
141.800000 1.9887666115712589e-04 
142.000000 1.9887666115693043e-04 
142.200000 1.9887666115674059e-04 
142.400000 1.9887666115657804e-04 
142.600000 1.9887666115642720e-04 
142.800000 1.9887666115628866e-04 
143.000000 1.9887666115615506e-04 
143.200000 1.9887666115603591e-04 
143.400000 1.9887666115592741e-04 
143.600000 1.9887666115583235e-04 
143.800000 1.9887666115573976e-04 
144.000000 1.9887666115566349e-04 
144.200000 1.9887666115559656e-04 
144.400000 1.9887666115552967e-04 
144.600000 1.9887666115547351e-04 
144.800000 1.9887666115541463e-04 
145.000000 1.9887666115537506e-04 
145.200000 1.9887666115533451e-04 
145.400000 1.9887666115530396e-04 
145.600000 1.9887666115527672e-04 
145.800000 1.9887666115524406e-04 
146.000000 1.9887666115522284e-04 
146.200000 1.9887666115520064e-04 
146.400000 1.9887666115518679e-04 
146.600000 1.9887666115516998e-04 
146.800000 1.9887666115516500e-04 
147.000000 1.9887666115514963e-04 
147.200000 1.9887666115514139e-04 
147.400000 1.9887666115514139e-04 
147.600000 1.9887666115514139e-04 
147.800000 1.9887666115514136e-04 
148.000000 1.9887666115513895e-04 
148.200000 1.9887666115513066e-04 
148.400000 1.9887666115512721e-04 
148.600000 1.9887666115513258e-04 
148.800000 1.9887666115513532e-04 
149.000000 1.9887666115513599e-04 
149.200000 1.9887666115514109e-04 
149.400000 1.9887666115514139e-04 
149.600000 1.9887666115514142e-04 
149.800000 1.9887666115514234e-04 
