0.000000 1.5492061912395724e-01 
0.200000 1.5511887708308117e-01 
0.400000 1.5546958019464552e-01 
0.600000 1.5597345668658791e-01 
0.800000 1.5663149446387067e-01 
1.000000 1.5744494210187782e-01 
1.200000 1.5841530987333471e-01 
1.400000 1.5954437080895051e-01 
1.600000 1.6083416179199281e-01 
1.800000 1.6229056586837221e-01 
2.000000 1.6391591955200366e-01 
2.200000 1.6571180891229603e-01 
2.400000 1.6767918329874401e-01 
2.600000 1.6981847112679327e-01 
2.800000 1.7212959343345335e-01 
3.000000 1.7461210815162134e-01 
3.200000 1.7724347098657778e-01 
3.400000 1.8008712433667032e-01 
3.600000 1.8309752155115719e-01 
3.800000 1.8628219423081716e-01 
4.000000 1.8964040437229110e-01 
4.200000 1.9317180071560594e-01 
4.400000 1.9687601968174773e-01 
4.600000 2.0075237365699217e-01 
4.800000 2.0479995701724041e-01 
5.000000 2.0901742002340715e-01 
5.200000 2.1340297869209884e-01 
5.400000 2.1795436078979502e-01 
5.600000 2.2266883070537721e-01 
5.800000 2.2754316671100974e-01 
6.000000 2.3257347212142965e-01 
6.200000 2.3775675943329230e-01 
6.400000 2.4308768608702122e-01 
6.600000 2.4856100336203096e-01 
6.800000 2.5417102509609141e-01 
7.000000 2.5991213128166407e-01 
7.200000 2.6577811369459348e-01 
7.400000 2.7176227364111000e-01 
7.600000 2.7785746452490789e-01 
7.800000 2.8405611948651288e-01 
8.000000 2.9035027666750446e-01 
8.200000 2.9673160961207973e-01 
8.400000 3.0319146498279265e-01 
8.600000 3.0972089632632510e-01 
8.800000 3.1631068838870485e-01 
9.000000 3.2295143787055652e-01 
9.200000 3.2963358756125422e-01 
9.400000 3.3634754665339234e-01 
9.600000 3.4308365444570299e-01 
9.800000 3.4983220933189235e-01 
10.000000 3.5658347266516399e-01 
10.200000 3.6332777372827657e-01 
10.400000 3.7005556061513023e-01 
10.600000 3.7675744532641536e-01 
10.800000 3.8342424307321205e-01 
11.000000 3.9004701208759796e-01 
11.200000 3.9661709192399730e-01 
11.400000 4.0312613938049652e-01 
11.600000 4.0956615929982032e-01 
11.800000 4.1592953720883663e-01 
12.000000 4.2220906549199849e-01 
12.200000 4.2839796591413509e-01 
12.400000 4.3448990395866971e-01 
12.600000 4.4047900548240981e-01 
12.800000 4.4635986791816717e-01 
13.000000 4.5212757127641406e-01 
13.200000 4.5777768074781733e-01 
13.400000 4.6330625034912409e-01 
13.600000 4.6870982058593008e-01 
13.800000 4.7398541269615130e-01 
14.000000 4.7913052025123598e-01 
14.200000 4.8414309840837766e-01 
14.400000 4.8902155089864385e-01 
14.600000 4.9376471492837326e-01 
14.800000 4.9837184406513163e-01 
15.000000 5.0284258955375816e-01 
15.200000 5.0717698017884394e-01 
15.400000 5.1137540118516245e-01 
15.600000 5.1543857219450673e-01 
15.800000 5.1936752456580304e-01 
16.000000 5.2316357823470938e-01 
16.200000 5.2682831851776535e-01 
16.400000 5.3036357285950708e-01 
16.600000 5.3377138789455369e-01 
16.800000 5.3705400686370930e-01 
17.000000 5.4021384754370072e-01 
17.200000 5.4325348086161540e-01 
17.400000 5.4617561032145168e-01 
17.600000 5.4898305232413014e-01 
17.800000 5.5167871745996322e-01 
18.000000 5.5426559282373578e-01 
18.200000 5.5674672540137971e-01 
18.400000 5.5912520654713738e-01 
18.600000 5.6140415757172246e-01 
18.800000 5.6358671643597369e-01 
19.000000 5.6567602554242036e-01 
19.200000 5.6767522058937347e-01 
19.400000 5.6958742045601196e-01 
19.600000 5.7141571807244562e-01 
19.800000 5.7316317223249724e-01 
20.000000 5.7483280029844208e-01 
20.200000 5.7642757174545489e-01 
20.400000 5.7795040249154961e-01 
20.600000 5.7940414996127509e-01 
20.800000 5.8079160883186631e-01 
21.000000 5.8211550741309470e-01 
21.200000 5.8337850461378971e-01 
21.400000 5.8458318745141880e-01 
21.600000 5.8573206906279740e-01 
21.800000 5.8682758717688166e-01 
22.000000 5.8787210301230941e-01 
22.200000 5.8886790056543292e-01 
22.400000 5.8981718625614687e-01 
22.600000 5.9072208890081501e-01 
22.800000 5.9158465998301735e-01 
23.000000 5.9240687419431137e-01 
23.200000 5.9319063021842866e-01 
23.400000 5.9393775173346897e-01 
23.600000 5.9464998860794971e-01 
23.800000 5.9532901826760987e-01 
24.000000 5.9597644721113230e-01 
24.200000 5.9659381265404721e-01 
24.400000 5.9718258428112947e-01 
24.600000 5.9774416608893288e-01 
24.800000 5.9827989830119821e-01 
25.000000 5.9879105934118793e-01 
25.200000 5.9927886784613105e-01 
25.400000 5.9974448471019870e-01 
25.600000 6.0018901514362766e-01 
25.800000 6.0061351073675406e-01 
26.000000 6.0101897151886374e-01 
26.200000 6.0140634800281445e-01 
26.400000 6.0177654320751084e-01 
26.600000 6.0213041465117256e-01 
26.800000 6.0246877630939732e-01 
27.000000 6.0279240053280891e-01 
27.200000 6.0310201991988699e-01 
27.400000 6.0339832914137514e-01 
27.600000 6.0368198671326734e-01 
27.800000 6.0395361671606806e-01 
28.000000 6.0421381045852052e-01 
28.200000 6.0446312808453806e-01 
28.400000 6.0470210012251191e-01 
28.600000 6.0493122897657869e-01 
28.800000 6.0515099035977860e-01 
29.000000 6.0536183466935389e-01 
29.200000 6.0556418830469283e-01 
29.400000 6.0575845492870017e-01 
29.600000 6.0594501667351675e-01 
29.800000 6.0612423529171899e-01 
30.000000 6.0629645325430170e-01 
30.200000 6.0646199479676233e-01 
30.400000 6.0662116691483170e-01 
30.600000 6.0677426031135806e-01 
30.800000 6.0692155029597983e-01 
31.000000 6.0706329763922295e-01 
31.200000 6.0719974938270282e-01 
31.400000 6.0733113960712615e-01 
31.600000 6.0745769015976470e-01 
31.800000 6.0757961134310567e-01 
32.000000 6.0769710256633069e-01 
32.200000 6.0781035296128061e-01 
32.400000 6.0791954196449549e-01 
32.600000 6.0802483986695066e-01 
32.800000 6.0812640833299614e-01 
33.000000 6.0822440089000895e-01 
33.200000 6.0831896339022762e-01 
33.400000 6.0841023444615305e-01 
33.600000 6.0849834584089912e-01 
33.800000 6.0858342291478995e-01 
34.000000 6.0866558492945522e-01 
34.200000 6.0874494541066115e-01 
34.400000 6.0882161247100330e-01 
34.600000 6.0889568911359326e-01 
34.800000 6.0896727351778035e-01 
35.000000 6.0903645930793948e-01 
35.200000 6.0910333580626952e-01 
35.400000 6.0916798827052143e-01 
35.600000 6.0923049811753804e-01 
35.800000 6.0929094313342624e-01 
36.000000 6.0934939767113305e-01 
36.200000 6.0940593283619238e-01 
36.400000 6.0946061666132745e-01 
36.600000 6.0951351427059186e-01 
36.800000 6.0956468803365127e-01 
37.000000 6.0961419771084624e-01 
37.200000 6.0966210058953796e-01 
37.400000 6.0970845161231857e-01 
37.600000 6.0975330349756185e-01 
37.800000 6.0979670685278808e-01 
38.000000 6.0983871028128112e-01 
38.200000 6.0987936048237801e-01 
38.400000 6.0991870234584467e-01 
38.600000 6.0995677904065249e-01 
38.800000 6.0999363209857371e-01 
39.000000 6.1002930149285473e-01 
39.200000 6.1006382571232554e-01 
39.400000 6.1009724183118497e-01 
39.600000 6.1012958557478825e-01 
39.800000 6.1016089138162366e-01 
40.000000 6.1019119246178266e-01 
40.200000 6.1022052085207013e-01 
40.400000 6.1024890746805305e-01 
40.600000 6.1027638215316204e-01 
40.800000 6.1030297372506681e-01 
41.000000 6.1032871001950439e-01 
41.200000 6.1035361793169440e-01 
41.400000 6.1037772345550756e-01 
41.600000 6.1040105172053194e-01 
41.800000 6.1042362702715103e-01 
42.000000 6.1044547287978290e-01 
42.200000 6.1046661201836383e-01 
42.400000 6.1048706644819895e-01 
42.600000 6.1050685746831301e-01 
42.800000 6.1052600569831939e-01 
43.000000 6.1054453110398521e-01 
43.200000 6.1056245302148116e-01 
43.400000 6.1057979018050390e-01 
43.600000 6.1059656072622048e-01 
43.800000 6.1061278224020676e-01 
44.000000 6.1062847176037716e-01 
44.200000 6.1064364579999386e-01 
44.400000 6.1065832036580603e-01 
44.600000 6.1067251097535602e-01 
44.800000 6.1068623267353661e-01 
45.000000 6.1069950004838769e-01 
45.200000 6.1071232724622915e-01 
45.400000 6.1072472798614641e-01 
45.600000 6.1073671557385711e-01 
45.800000 6.1074830291500160e-01 
46.000000 6.1075950252789990e-01 
46.200000 6.1077032655578090e-01 
46.400000 6.1078078677854242e-01 
46.600000 6.1079089462403624e-01 
46.800000 6.1080066117893161e-01 
47.000000 6.1081009719915336e-01 
47.200000 6.1081921311994358e-01 
47.400000 6.1082801906554507e-01 
47.600000 6.1083652485852979e-01 
47.800000 6.1084474002880540e-01 
48.000000 6.1085267382231034e-01 
48.200000 6.1086033520936822e-01 
48.400000 6.1086773289280516e-01 
48.600000 6.1087487531575746e-01 
48.800000 6.1088177066925853e-01 
49.000000 6.1088842689951917e-01 
49.200000 6.1089485171502023e-01 
49.400000 6.1090105259336369e-01 
49.600000 6.1090703678789826e-01 
49.800000 6.1091281133416075e-01 
50.000000 6.1091838305607682e-01 
50.200000 6.1092375857201175e-01 
50.400000 6.1092894430062605e-01 
50.600000 6.1093394646656241e-01 
50.800000 6.1093877110593142e-01 
51.000000 6.1094342407168478e-01 
51.200000 6.1094791103878732e-01 
51.400000 6.1095223750928340e-01 
51.600000 6.1095640881718782e-01 
51.800000 6.1096043013322510e-01 
52.000000 6.1096430646948785e-01 
52.200000 6.1096804268392213e-01 
52.400000 6.1097164348468636e-01 
52.600000 6.1097511343441946e-01 
52.800000 6.1097845695435138e-01 
53.000000 6.1098167832836348e-01 
53.200000 6.1098478170685899e-01 
53.400000 6.1098777111059244e-01 
53.600000 6.1099065043434986e-01 
53.800000 6.1099342345058061e-01 
54.000000 6.1099609381288844e-01 
54.200000 6.1099866505943545e-01 
54.400000 6.1100114061626831e-01 
54.600000 6.1100352380056977e-01 
54.800000 6.1100581782375896e-01 
55.000000 6.1100802579461788e-01 
55.200000 6.1101015072221088e-01 
55.400000 6.1101219551882535e-01 
55.600000 6.1101416300278377e-01 
55.800000 6.1101605590119135e-01 
56.000000 6.1101787685262277e-01 
56.200000 6.1101962840971291e-01 
56.400000 6.1102131304171725e-01 
56.600000 6.1102293313694844e-01 
56.800000 6.1102449100521961e-01 
57.000000 6.1102598888013959e-01 
57.200000 6.1102742892142992e-01 
57.400000 6.1102881321712021e-01 
57.600000 6.1103014378568454e-01 
57.800000 6.1103142257822085e-01 
58.000000 6.1103265148037900e-01 
58.200000 6.1103383231441877e-01 
58.400000 6.1103496684115588e-01 
58.600000 6.1103605676177297e-01 
58.800000 6.1103710371973752e-01 
59.000000 6.1103810930249514e-01 
59.200000 6.1103907504328669e-01 
59.400000 6.1104000242273515e-01 
59.600000 6.1104089287059515e-01 
59.800000 6.1104174776721509e-01 
60.000000 6.1104256844519200e-01 
60.200000 6.1104335619086092e-01 
60.400000 6.1104411224569333e-01 
60.600000 6.1104483780777219e-01 
60.800000 6.1104553403316042e-01 
61.000000 6.1104620203725368e-01 
61.200000 6.1104684289607147e-01 
61.400000 6.1104745764749457e-01 
61.600000 6.1104804729259243e-01 
61.800000 6.1104861279669465e-01 
62.000000 6.1104915509065549e-01 
62.200000 6.1104967507191588e-01 
62.400000 6.1105017360559544e-01 
62.600000 6.1105065152565941e-01 
62.800000 6.1105110963578513e-01 
63.000000 6.1105154871049627e-01 
63.200000 6.1105196949606655e-01 
63.400000 6.1105237271150625e-01 
63.600000 6.1105275904943668e-01 
63.800000 6.1105312917700327e-01 
64.000000 6.1105348373671808e-01 
64.200000 6.1105382334728886e-01 
64.400000 6.1105414860448060e-01 
64.600000 6.1105446008185493e-01 
64.800000 6.1105475833149914e-01 
65.000000 6.1105504388484777e-01 
65.200000 6.1105531725331907e-01 
65.400000 6.1105557892909801e-01 
65.600000 6.1105582938564518e-01 
65.800000 6.1105606907856114e-01 
66.000000 6.1105629844603215e-01 
66.200000 6.1105651790954685e-01 
66.400000 6.1105672787441589e-01 
66.600000 6.1105692873045014e-01 
66.800000 6.1105712085234332e-01 
67.000000 6.1105730460038588e-01 
67.200000 6.1105748032087770e-01 
67.400000 6.1105764834665521e-01 
67.600000 6.1105780899758699e-01 
67.800000 6.1105796258102874e-01 
68.000000 6.1105810939223726e-01 
68.200000 6.1105824971494449e-01 
68.400000 6.1105838382161382e-01 
68.600000 6.1105851197394934e-01 
68.800000 6.1105863442328934e-01 
69.000000 6.1105875141094002e-01 
69.200000 6.1105886316861058e-01 
69.400000 6.1105896991870534e-01 
69.600000 6.1105907187471498e-01 
69.800000 6.1105916924155712e-01 
70.000000 6.1105926221584206e-01 
70.200000 6.1105935098621411e-01 
70.400000 6.1105943573371468e-01 
70.600000 6.1105951663198821e-01 
70.800000 6.1105959384754793e-01 
71.000000 6.1105966754014929e-01 
71.200000 6.1105973786297652e-01 
71.400000 6.1105980496289680e-01 
71.600000 6.1105986898072528e-01 
71.800000 6.1105993005142256e-01 
72.000000 6.1105998830440722e-01 
72.200000 6.1106004386364809e-01 
72.400000 6.1106009684801432e-01 
72.600000 6.1106014737128134e-01 
72.800000 6.1106019554260960e-01 
73.000000 6.1106024146643612e-01 
73.200000 6.1106028524287226e-01 
73.400000 6.1106032696776136e-01 
73.600000 6.1106036673288311e-01 
73.800000 6.1106040462614730e-01 
74.000000 6.1106044073168686e-01 
74.200000 6.1106047513006279e-01 
74.400000 6.1106050789835931e-01 
74.600000 6.1106053911036362e-01 
74.800000 6.1106056883668280e-01 
75.000000 6.1106059714488214e-01 
75.200000 6.1106062409961870e-01 
75.400000 6.1106064976272378e-01 
75.600000 6.1106067419330845e-01 
75.800000 6.1106069744796199e-01 
76.000000 6.1106071958079056e-01 
76.200000 6.1106074064350735e-01 
76.400000 6.1106076068556781e-01 
76.600000 6.1106077975425277e-01 
76.800000 6.1106079789470324e-01 
77.000000 6.1106081515016808e-01 
77.200000 6.1106083156187108e-01 
77.400000 6.1106084716926568e-01 
77.600000 6.1106086201002308e-01 
77.800000 6.1106087612014626e-01 
78.000000 6.1106088953402204e-01 
78.200000 6.1106090228447918e-01 
78.400000 6.1106091440288224e-01 
78.600000 6.1106092591916950e-01 
78.800000 6.1106093686191587e-01 
79.000000 6.1106094725843452e-01 
79.200000 6.1106095713478403e-01 
79.400000 6.1106096651581787e-01 
79.600000 6.1106097542529469e-01 
79.800000 6.1106098388582764e-01 
80.000000 6.1106099191904006e-01 
80.200000 6.1106099954553317e-01 
80.400000 6.1106100678497588e-01 
80.600000 6.1106101365614363e-01 
80.800000 6.1106102017690811e-01 
81.000000 6.1106102636432003e-01 
81.200000 6.1106103223465436e-01 
81.400000 6.1106103780341736e-01 
81.600000 6.1106104308537457e-01 
81.800000 6.1106104809462636e-01 
82.000000 6.1106105284460055e-01 
82.200000 6.1106105734808047e-01 
82.400000 6.1106106161729012e-01 
82.600000 6.1106106566383100e-01 
82.800000 6.1106106949875116e-01 
83.000000 6.1106107313262037e-01 
83.200000 6.1106107657544206e-01 
83.400000 6.1106107983680669e-01 
83.600000 6.1106108292580075e-01 
83.800000 6.1106108585112273e-01 
84.000000 6.1106108862095698e-01 
84.200000 6.1106109124323560e-01 
84.400000 6.1106109372538386e-01 
84.600000 6.1106109607451831e-01 
84.800000 6.1106109829744959e-01 
85.000000 6.1106110040057970e-01 
85.200000 6.1106110239000877e-01 
85.400000 6.1106110427163307e-01 
85.600000 6.1106110605096675e-01 
85.800000 6.1106110773325140e-01 
86.000000 6.1106110932354263e-01 
86.200000 6.1106111082659198e-01 
86.400000 6.1106111224690174e-01 
86.600000 6.1106111358882798e-01 
86.800000 6.1106111485640402e-01 
87.000000 6.1106111605358893e-01 
87.200000 6.1106111718401324e-01 
87.400000 6.1106111825122444e-01 
87.600000 6.1106111925856610e-01 
87.800000 6.1106112020917713e-01 
88.000000 6.1106112110607014e-01 
88.200000 6.1106112195213325e-01 
88.400000 6.1106112275005320e-01 
88.600000 6.1106112350238317e-01 
88.800000 6.1106112421161840e-01 
89.000000 6.1106112488004161e-01 
89.200000 6.1106112550988911e-01 
89.400000 6.1106112610320062e-01 
89.600000 6.1106112666202073e-01 
89.800000 6.1106112718817229e-01 
90.000000 6.1106112768345111e-01 
90.200000 6.1106112814958369e-01 
90.400000 6.1106112858814388e-01 
90.600000 6.1106112900064158e-01 
90.800000 6.1106112938855717e-01 
91.000000 6.1106112975322324e-01 
91.200000 6.1106113009592533e-01 
91.400000 6.1106113041792531e-01 
91.600000 6.1106113072035961e-01 
91.800000 6.1106113100435211e-01 
92.000000 6.1106113127092743e-01 
92.200000 6.1106113152106800e-01 
92.400000 6.1106113175574062e-01 
92.600000 6.1106113197578704e-01 
92.800000 6.1106113218205937e-01 
93.000000 6.1106113237536253e-01 
93.200000 6.1106113255642880e-01 
93.400000 6.1106113272598139e-01 
93.600000 6.1106113288469310e-01 
93.800000 6.1106113303316956e-01 
94.000000 6.1106113317206956e-01 
94.200000 6.1106113330190082e-01 
94.400000 6.1106113342321799e-01 
94.600000 6.1106113353654645e-01 
94.800000 6.1106113364234016e-01 
95.000000 6.1106113374104409e-01 
95.200000 6.1106113383315153e-01 
95.400000 6.1106113391897510e-01 
95.600000 6.1106113399894024e-01 
95.800000 6.1106113407340978e-01 
96.000000 6.1106113414271290e-01 
96.200000 6.1106113420714880e-01 
96.400000 6.1106113426706776e-01 
96.600000 6.1106113432272824e-01 
96.800000 6.1106113437438403e-01 
97.000000 6.1106113442230969e-01 
97.200000 6.1106113446673915e-01 
97.400000 6.1106113450787269e-01 
97.600000 6.1106113454596012e-01 
97.800000 6.1106113458116462e-01 
98.000000 6.1106113461370859e-01 
98.200000 6.1106113464374734e-01 
98.400000 6.1106113467143797e-01 
98.600000 6.1106113469694368e-01 
98.800000 6.1106113472043122e-01 
99.000000 6.1106113474201174e-01 
99.200000 6.1106113476181401e-01 
99.400000 6.1106113477998836e-01 
99.600000 6.1106113479663671e-01 
99.800000 6.1106113481183577e-01 
100.000000 6.1106113482572944e-01 
100.200000 6.1106113483836977e-01 
100.400000 6.1106113484988056e-01 
100.600000 6.1106113486034874e-01 
100.800000 6.1106113486981506e-01 
101.000000 6.1106113487837355e-01 
101.200000 6.1106113488612401e-01 
101.400000 6.1106113489305203e-01 
101.600000 6.1106113489929015e-01 
101.800000 6.1106113490484804e-01 
102.000000 6.1106113490981595e-01 
102.200000 6.1106113491421421e-01 
102.400000 6.1106113491809833e-01 
102.600000 6.1106113492150060e-01 
102.800000 6.1106113492446756e-01 
103.000000 6.1106113492705461e-01 
103.200000 6.1106113492923686e-01 
103.400000 6.1106113493113856e-01 
103.600000 6.1106113493271275e-01 
103.800000 6.1106113493401470e-01 
104.000000 6.1106113493507885e-01 
104.200000 6.1106113493589576e-01 
104.400000 6.1106113493652991e-01 
104.600000 6.1106113493697378e-01 
104.800000 6.1106113493723979e-01 
105.000000 6.1106113493737291e-01 
105.200000 6.1106113493737957e-01 
105.400000 6.1106113493726288e-01 
105.600000 6.1106113493704317e-01 
105.800000 6.1106113493674652e-01 
106.000000 6.1106113493632841e-01 
106.200000 6.1106113493586767e-01 
106.400000 6.1106113493537229e-01 
106.600000 6.1106113493478820e-01 
106.800000 6.1106113493419822e-01 
107.000000 6.1106113493354253e-01 
107.200000 6.1106113493287673e-01 
107.400000 6.1106113493220104e-01 
107.600000 6.1106113493149983e-01 
107.800000 6.1106113493077663e-01 
108.000000 6.1106113493005265e-01 
108.200000 6.1106113492933023e-01 
108.400000 6.1106113492860137e-01 
108.600000 6.1106113492789893e-01 
108.800000 6.1106113492718384e-01 
109.000000 6.1106113492648972e-01 
109.200000 6.1106113492578640e-01 
109.400000 6.1106113492511438e-01 
109.600000 6.1106113492445757e-01 
109.800000 6.1106113492382674e-01 
110.000000 6.1106113492319780e-01 
110.200000 6.1106113492259206e-01 
110.400000 6.1106113492200476e-01 
110.600000 6.1106113492143255e-01 
110.800000 6.1106113492088232e-01 
111.000000 6.1106113492039238e-01 
111.200000 6.1106113491987646e-01 
111.400000 6.1106113491940006e-01 
111.600000 6.1106113491895919e-01 
111.800000 6.1106113491852698e-01 
112.000000 6.1106113491810010e-01 
112.200000 6.1106113491772363e-01 
112.400000 6.1106113491735858e-01 
112.600000 6.1106113491700531e-01 
112.800000 6.1106113491667602e-01 
113.000000 6.1106113491639069e-01 
113.200000 6.1106113491608849e-01 
113.400000 6.1106113491582315e-01 
113.600000 6.1106113491558034e-01 
113.800000 6.1106113491533987e-01 
114.000000 6.1106113491512870e-01 
114.200000 6.1106113491493141e-01 
114.400000 6.1106113491475622e-01 
114.600000 6.1106113491458203e-01 
114.800000 6.1106113491443637e-01 
115.000000 6.1106113491430281e-01 
115.200000 6.1106113491418701e-01 
115.400000 6.1106113491408032e-01 
115.600000 6.1106113491398406e-01 
115.800000 6.1106113491388170e-01 
116.000000 6.1106113491380576e-01 
116.200000 6.1106113491375824e-01 
116.400000 6.1106113491369674e-01 
116.600000 6.1106113491365910e-01 
116.800000 6.1106113491362157e-01 
117.000000 6.1106113491360436e-01 
117.200000 6.1106113491358982e-01 
117.400000 6.1106113491356084e-01 
117.600000 6.1106113491357550e-01 
117.800000 6.1106113491357517e-01 
118.000000 6.1106113491357639e-01 
118.200000 6.1106113491358616e-01 
118.400000 6.1106113491360736e-01 
118.600000 6.1106113491365288e-01 
118.800000 6.1106113491365910e-01 
119.000000 6.1106113491371028e-01 
119.200000 6.1106113491375003e-01 
119.400000 6.1106113491377401e-01 
119.600000 6.1106113491382974e-01 
119.800000 6.1106113491388114e-01 
120.000000 6.1106113491392089e-01 
120.200000 6.1106113491397263e-01 
120.400000 6.1106113491401604e-01 
120.600000 6.1106113491407688e-01 
120.800000 6.1106113491413661e-01 
121.000000 6.1106113491418812e-01 
121.200000 6.1106113491423975e-01 
121.400000 6.1106113491430902e-01 
121.600000 6.1106113491435499e-01 
121.800000 6.1106113491441849e-01 
122.000000 6.1106113491446579e-01 
122.200000 6.1106113491454217e-01 
122.400000 6.1106113491456060e-01 
122.600000 6.1106113491465830e-01 
122.800000 6.1106113491472169e-01 
123.000000 6.1106113491476932e-01 
123.200000 6.1106113491483438e-01 
123.400000 6.1106113491488001e-01 
123.600000 6.1106113491492497e-01 
123.800000 6.1106113491498981e-01 
124.000000 6.1106113491503355e-01 
124.200000 6.1106113491509428e-01 
124.400000 6.1106113491513736e-01 
124.600000 6.1106113491519209e-01 
124.800000 6.1106113491523717e-01 
125.000000 6.1106113491528313e-01 
125.200000 6.1106113491532432e-01 
125.400000 6.1106113491537772e-01 
125.600000 6.1106113491541947e-01 
125.800000 6.1106113491545599e-01 
126.000000 6.1106113491550451e-01 
126.200000 6.1106113491553471e-01 
126.400000 6.1106113491556568e-01 
126.600000 6.1106113491561442e-01 
126.800000 6.1106113491565728e-01 
127.000000 6.1106113491567193e-01 
127.200000 6.1106113491571046e-01 
127.400000 6.1106113491574943e-01 
127.600000 6.1106113491577374e-01 
127.800000 6.1106113491578373e-01 
128.000000 6.1106113491583358e-01 
128.200000 6.1106113491584935e-01 
128.400000 6.1106113491587966e-01 
128.600000 6.1106113491589220e-01 
128.800000 6.1106113491593295e-01 
129.000000 6.1106113491594494e-01 
129.200000 6.1106113491595460e-01 
129.400000 6.1106113491598391e-01 
129.600000 6.1106113491599390e-01 
129.800000 6.1106113491600389e-01 
130.000000 6.1106113491602421e-01 
130.200000 6.1106113491604697e-01 
130.400000 6.1106113491605563e-01 
130.600000 6.1106113491605729e-01 
130.800000 6.1106113491607394e-01 
131.000000 6.1106113491608782e-01 
131.200000 6.1106113491610059e-01 
131.400000 6.1106113491610181e-01 
131.600000 6.1106113491611047e-01 
131.800000 6.1106113491611491e-01 
132.000000 6.1106113491611713e-01 
132.200000 6.1106113491612690e-01 
132.400000 6.1106113491613046e-01 
132.600000 6.1106113491613512e-01 
132.800000 6.1106113491613934e-01 
133.000000 6.1106113491614089e-01 
133.200000 6.1106113491614622e-01 
133.400000 6.1106113491614900e-01 
133.600000 6.1106113491614511e-01 
133.800000 6.1106113491614356e-01 
134.000000 6.1106113491614078e-01 
134.200000 6.1106113491613401e-01 
134.400000 6.1106113491613778e-01 
134.600000 6.1106113491613778e-01 
134.800000 6.1106113491613789e-01 
135.000000 6.1106113491613678e-01 
135.200000 6.1106113491613401e-01 
135.400000 6.1106113491613123e-01 
135.600000 6.1106113491612557e-01 
135.800000 6.1106113491611713e-01 
136.000000 6.1106113491610625e-01 
136.200000 6.1106113491610348e-01 
136.400000 6.1106113491610170e-01 
136.600000 6.1106113491610159e-01 
136.800000 6.1106113491610159e-01 
137.000000 6.1106113491609415e-01 
137.200000 6.1106113491608516e-01 
137.400000 6.1106113491607950e-01 
137.600000 6.1106113491607950e-01 
137.800000 6.1106113491607839e-01 
138.000000 6.1106113491606484e-01 
138.200000 6.1106113491605862e-01 
138.400000 6.1106113491605618e-01 
138.600000 6.1106113491605385e-01 
138.800000 6.1106113491604885e-01 
139.000000 6.1106113491603142e-01 
139.200000 6.1106113491602954e-01 
139.400000 6.1106113491602743e-01 
139.600000 6.1106113491601566e-01 
139.800000 6.1106113491600322e-01 
140.000000 6.1106113491600045e-01 
140.200000 6.1106113491599268e-01 
140.400000 6.1106113491599046e-01 
140.600000 6.1106113491598990e-01 
140.800000 6.1106113491598624e-01 
141.000000 6.1106113491598402e-01 
141.200000 6.1106113491597724e-01 
141.400000 6.1106113491597225e-01 
141.600000 6.1106113491596847e-01 
141.800000 6.1106113491595992e-01 
142.000000 6.1106113491595593e-01 
142.200000 6.1106113491594738e-01 
142.400000 6.1106113491593894e-01 
142.600000 6.1106113491593483e-01 
142.800000 6.1106113491592828e-01 
143.000000 6.1106113491592162e-01 
143.200000 6.1106113491591552e-01 
143.400000 6.1106113491590697e-01 
143.600000 6.1106113491589942e-01 
143.800000 6.1106113491589453e-01 
144.000000 6.1106113491588732e-01 
144.200000 6.1106113491587966e-01 
144.400000 6.1106113491587966e-01 
144.600000 6.1106113491587921e-01 
144.800000 6.1106113491587921e-01 
145.000000 6.1106113491587799e-01 
145.200000 6.1106113491587666e-01 
145.400000 6.1106113491587521e-01 
145.600000 6.1106113491587244e-01 
145.800000 6.1106113491586933e-01 
146.000000 6.1106113491586544e-01 
146.200000 6.1106113491586334e-01 
146.400000 6.1106113491586023e-01 
146.600000 6.1106113491585756e-01 
146.800000 6.1106113491585501e-01 
147.000000 6.1106113491585157e-01 
147.200000 6.1106113491584757e-01 
147.400000 6.1106113491584679e-01 
147.600000 6.1106113491584257e-01 
147.800000 6.1106113491584046e-01 
148.000000 6.1106113491583802e-01 
148.200000 6.1106113491583802e-01 
148.400000 6.1106113491583802e-01 
148.600000 6.1106113491583658e-01 
148.800000 6.1106113491583491e-01 
149.000000 6.1106113491583680e-01 
149.200000 6.1106113491583680e-01 
149.400000 6.1106113491583680e-01 
149.600000 6.1106113491583780e-01 
149.800000 6.1106113491583758e-01 
