0.000000 5.0287067177741396e-02 
0.200000 5.0356428373215148e-02 
0.400000 5.0383808332800879e-02 
0.600000 5.0369082545999130e-02 
0.800000 5.0312205192268734e-02 
1.000000 5.0213209550336028e-02 
1.200000 5.0072208244817056e-02 
1.400000 4.9889393328918875e-02 
1.600000 4.9665036202429021e-02 
1.800000 4.9399487364657629e-02 
2.000000 4.9093175168891653e-02 
2.200000 4.8749269463986354e-02 
2.400000 4.8368956788178132e-02 
2.600000 4.7953318787080486e-02 
2.800000 4.7503388066210558e-02 
3.000000 4.7020124193858460e-02 
3.200000 4.6504453714920575e-02 
3.400000 4.5954450209064905e-02 
3.600000 4.5391934805875327e-02 
3.800000 4.4803499135384249e-02 
4.000000 4.4189641055544938e-02 
4.200000 4.3550756932463935e-02 
4.400000 4.2887548288007130e-02 
4.600000 4.2200925657640151e-02 
4.800000 4.1491906582197549e-02 
5.000000 4.0761653527235202e-02 
5.200000 4.0011421009939964e-02 
5.400000 3.9242552294421411e-02 
5.600000 3.8456422018336905e-02 
5.800000 3.7654418291588936e-02 
6.000000 3.6838015249611791e-02 
6.200000 3.6008628038509072e-02 
6.400000 3.5167749982707525e-02 
6.600000 3.4316845302632494e-02 
6.800000 3.3457596075397625e-02 
7.000000 3.2591222234633149e-02 
7.200000 3.1719058616502982e-02 
7.400000 3.0842558563844789e-02 
7.600000 2.9963193668416495e-02 
7.800000 2.9082438464429455e-02 
8.000000 2.8201761405078581e-02 
8.200000 2.7322618061608749e-02 
8.400000 2.6446443931358702e-02 
8.600000 2.5574647589018333e-02 
8.800000 2.4708603736571612e-02 
9.000000 2.3849649155801879e-02 
9.200000 2.2999078577393903e-02 
9.400000 2.2158136000766597e-02 
9.600000 2.1328014210227942e-02 
9.800000 2.0509851315707418e-02 
10.000000 1.9704731335281375e-02 
10.200000 1.8913669575975341e-02 
10.400000 1.8137612634521540e-02 
10.600000 1.7377435828139068e-02 
10.800000 1.6633942725831134e-02 
11.000000 1.5907863066072354e-02 
11.200000 1.5199850890497463e-02 
11.400000 1.4510483374125882e-02 
11.600000 1.3840260301413668e-02 
11.800000 1.3189603987609110e-02 
12.000000 1.2558859823537036e-02 
12.200000 1.1948297262833769e-02 
12.400000 1.1358111510090000e-02 
12.600000 1.0788425474303323e-02 
12.800000 1.0239292155890147e-02 
13.000000 9.7106973614658320e-03 
13.200000 9.2025628515119539e-03 
13.400000 8.7147495273521159e-03 
13.600000 8.2470610797203883e-03 
13.800000 7.7992478498826873e-03 
14.000000 7.3710109943508186e-03 
14.200000 6.9620066280879737e-03 
14.400000 6.5718499974527474e-03 
14.600000 6.2001197049168866e-03 
14.800000 5.8463619352376334e-03 
15.000000 5.5100946420120209e-03 
15.200000 5.1908116599015969e-03 
15.400000 4.8879867075462312e-03 
15.600000 4.6010772589112642e-03 
15.800000 4.3295282482738147e-03 
16.000000 4.0727755916909209e-03 
16.200000 3.8302495074590830e-03 
16.400000 3.6013776248318965e-03 
16.600000 3.3855878651666187e-03 
16.800000 3.1823110931513150e-03 
17.000000 2.9909835323812979e-03 
17.200000 2.8110489451990792e-03 
17.400000 2.6419605733325243e-03 
17.600000 2.4831828450342518e-03 
17.800000 2.3341928574585162e-03 
18.000000 2.1944816425903996e-03 
18.200000 2.0635552264599397e-03 
18.400000 1.9409354930740826e-03 
18.600000 1.8261608655870123e-03 
18.800000 1.7187868182390635e-03 
19.000000 1.6183862328905520e-03 
19.200000 1.5245496144075331e-03 
19.400000 1.4368851790373066e-03 
19.600000 1.3550188296364795e-03 
19.800000 1.2785940309694085e-03 
20.000000 1.2072715977263933e-03 
20.200000 1.1407294070553389e-03 
20.400000 1.0786620465315566e-03 
20.600000 1.0207804075196354e-03 
20.800000 9.6681123305017251e-04 
21.000000 9.1649662847252374e-04 
21.200000 8.6959354227774798e-04 
21.400000 8.2587322370604184e-04 
21.600000 7.8512066307282109e-04 
21.800000 7.4713402013225285e-04 
22.000000 7.1172404525265823e-04 
22.200000 6.7871349768078705e-04 
22.400000 6.4793656472941427e-04 
22.600000 6.1923828531429913e-04 
22.800000 5.9247398089069413e-04 
23.000000 5.6750869648429839e-04 
23.200000 5.4421665417815201e-04 
23.400000 5.2248072109805223e-04 
23.600000 5.0219189363383872e-04 
23.800000 4.8324879934123429e-04 
24.000000 4.6555721769146632e-04 
24.200000 4.4902962057245734e-04 
24.400000 4.3358473319721614e-04 
24.600000 4.1914711584416529e-04 
24.800000 4.0564676664219988e-04 
25.000000 3.9301874542077889e-04 
25.200000 3.8120281847294244e-04 
25.400000 3.7014312392684646e-04 
25.600000 3.5978785728945365e-04 
25.800000 3.5008897661392257e-04 
26.000000 3.4100192664950280e-04 
26.200000 3.3248538125822631e-04 
26.400000 3.2450100332543676e-04 
26.600000 3.1701322134975959e-04 
26.800000 3.0998902187104603e-04 
27.000000 3.0339775688057022e-04 
27.200000 2.9721096535481584e-04 
27.400000 2.9140220806084743e-04 
27.600000 2.8594691479619146e-04 
27.800000 2.8082224324773610e-04 
28.000000 2.7600694868114940e-04 
28.200000 2.7148126370351590e-04 
28.400000 2.6722678737609219e-04 
28.600000 2.6322638299041811e-04 
28.800000 2.5946408385859042e-04 
29.000000 2.5592500650662591e-04 
29.200000 2.5259527069788543e-04 
29.400000 2.4946192575106703e-04 
29.600000 2.4651288265382790e-04 
29.800000 2.4373685150849394e-04 
30.000000 2.4112328388016594e-04 
30.200000 2.3866231964982785e-04 
30.400000 2.3634473800562139e-04 
30.600000 2.3416191223418851e-04 
30.800000 2.3210576800101725e-04 
31.000000 2.3016874483383870e-04 
31.200000 2.2834376054661570e-04 
31.400000 2.2662417836334244e-04 
31.600000 2.2500377652101515e-04 
31.800000 2.2347672014965252e-04 
32.000000 2.2203753524433192e-04 
32.200000 2.2068108455988790e-04 
32.400000 2.1940254527333687e-04 
32.600000 2.1819738827226373e-04 
32.800000 2.1706135893950705e-04 
33.000000 2.1599045931549376e-04 
33.200000 2.1498093152968434e-04 
33.400000 2.1402924240178993e-04 
33.600000 2.1313206912182856e-04 
33.800000 2.1228628592575514e-04 
34.000000 2.1148895169039190e-04 
34.200000 2.1073729837775334e-04 
34.400000 2.1002872026468686e-04 
34.600000 2.0936076389903248e-04 
34.800000 2.0873111872834086e-04 
35.000000 2.0813760835160458e-04 
35.200000 2.0757818234845346e-04 
35.400000 2.0705090864396732e-04 
35.600000 2.0655396637056265e-04 
35.800000 2.0608563919150623e-04 
36.000000 2.0564430905337856e-04 
36.200000 2.0522845033736501e-04 
36.400000 2.0483662438159633e-04 
36.600000 2.0446747434888310e-04 
36.800000 2.0411972041615748e-04 
37.000000 2.0379215526371945e-04 
37.200000 2.0348363984402514e-04 
37.400000 2.0319309941126839e-04 
37.600000 2.0291951979439348e-04 
37.800000 2.0266194389743119e-04 
38.000000 2.0241946841223452e-04 
38.200000 2.0219124072976062e-04 
38.400000 2.0197645603703082e-04 
38.600000 2.0177435458781646e-04 
38.800000 2.0158421913593202e-04 
39.000000 2.0140537252080634e-04 
39.200000 2.0123717539569327e-04 
39.400000 2.0107902408957241e-04 
39.600000 2.0093034859438287e-04 
39.800000 2.0079061066979650e-04 
40.000000 2.0065930205827781e-04 
40.200000 2.0053594280364684e-04 
40.400000 2.0042007966680471e-04 
40.600000 2.0031128463273250e-04 
40.800000 2.0020915350320564e-04 
41.000000 2.0011330457007969e-04 
41.200000 2.0002337736430340e-04 
41.400000 1.9993903147613487e-04 
41.600000 1.9985994544232383e-04 
41.800000 1.9978581569629543e-04 
42.000000 1.9971635557762101e-04 
42.200000 1.9965129439727922e-04 
42.400000 1.9959037655545666e-04 
42.600000 1.9953336070881452e-04 
42.800000 1.9948001898434270e-04 
43.000000 1.9943013623710973e-04 
43.200000 1.9938350934937509e-04 
43.400000 1.9933994656867469e-04 
43.600000 1.9929926688265346e-04 
43.800000 1.9926129942854321e-04 
44.000000 1.9922588293529934e-04 
44.200000 1.9919286519655565e-04 
44.400000 1.9916210257264259e-04 
44.600000 1.9913345952001903e-04 
44.800000 1.9910680814659112e-04 
45.000000 1.9908202779143720e-04 
45.200000 1.9905900462759363e-04 
45.400000 1.9903763128659231e-04 
45.600000 1.9901780650354896e-04 
45.800000 1.9899943478165043e-04 
46.000000 1.9898242607495781e-04 
46.200000 1.9896669548852706e-04 
46.400000 1.9895216299486713e-04 
46.600000 1.9893875316584722e-04 
46.800000 1.9892639491919572e-04 
47.000000 1.9891502127879383e-04 
47.200000 1.9890456914799359e-04 
47.400000 1.9889497909525891e-04 
47.600000 1.9888619515144799e-04 
47.800000 1.9887816461810546e-04 
48.000000 1.9887083788615434e-04 
48.200000 1.9886416826443278e-04 
48.400000 1.9885811181753236e-04 
48.600000 1.9885262721242987e-04 
48.800000 1.9884767557344592e-04 
49.000000 1.9884322034506726e-04 
49.200000 1.9883922716221634e-04 
49.400000 1.9883566372755533e-04 
49.600000 1.9883249969545331e-04 
49.800000 1.9882970656225505e-04 
50.000000 1.9882725756251117e-04 
50.200000 1.9882512757083838e-04 
50.400000 1.9882329300912422e-04 
50.600000 1.9882173175878211e-04 
50.800000 1.9882042307777417e-04 
51.000000 1.9881934752215936e-04 
51.200000 1.9881848687192165e-04 
51.400000 1.9881782406084181e-04 
51.600000 1.9881734311019876e-04 
51.800000 1.9881702906610367e-04 
52.000000 1.9881686794025644e-04 
52.200000 1.9881684665395264e-04 
52.400000 1.9881695298516516e-04 
52.600000 1.9881717551852588e-04 
52.800000 1.9881750359807568e-04 
53.000000 1.9881792728259766e-04 
53.200000 1.9881843730343255e-04 
53.400000 1.9881902502462783e-04 
53.600000 1.9881968240527054e-04 
53.800000 1.9882040196394726e-04 
54.000000 1.9882117674514731e-04 
54.200000 1.9882200028754999e-04 
54.400000 1.9882286659410816e-04 
54.600000 1.9882377010374826e-04 
54.800000 1.9882470566471579e-04 
55.000000 1.9882566850937795e-04 
55.200000 1.9882665423048309e-04 
55.400000 1.9882765875872555e-04 
55.600000 1.9882867834160949e-04 
55.800000 1.9882970952350096e-04 
56.000000 1.9883074912681640e-04 
56.200000 1.9883179423429490e-04 
56.400000 1.9883284217227861e-04 
56.600000 1.9883389049496364e-04 
56.800000 1.9883493696954964e-04 
57.000000 1.9883597956225991e-04 
57.200000 1.9883701642516935e-04 
57.400000 1.9883804588380582e-04 
57.600000 1.9883906642546807e-04 
57.800000 1.9884007668824225e-04 
58.000000 1.9884107545066219e-04 
58.200000 1.9884206162199016e-04 
58.400000 1.9884303423306070e-04 
58.600000 1.9884399242768941e-04 
58.800000 1.9884493545459014e-04 
59.000000 1.9884586265979035e-04 
59.200000 1.9884677347949318e-04 
59.400000 1.9884766743338914e-04 
59.600000 1.9884854411836685e-04 
59.800000 1.9884940320262821e-04 
60.000000 1.9885024442015887e-04 
60.200000 1.9885106756553557e-04 
60.400000 1.9885187248908765e-04 
60.600000 1.9885265909233994e-04 
60.800000 1.9885342732375947e-04 
61.000000 1.9885417717476853e-04 
61.200000 1.9885490867601997e-04 
61.400000 1.9885562189392382e-04 
61.600000 1.9885631692738369e-04 
61.800000 1.9885699390476456e-04 
62.000000 1.9885765298106097e-04 
62.200000 1.9885829433524907e-04 
62.400000 1.9885891816783736e-04 
62.600000 1.9885952469855776e-04 
62.800000 1.9886011416424420e-04 
63.000000 1.9886068681684667e-04 
63.200000 1.9886124292159285e-04 
63.400000 1.9886178275527419e-04 
63.600000 1.9886230660466584e-04 
63.800000 1.9886281476505749e-04 
64.000000 1.9886330753889089e-04 
64.200000 1.9886378523452055e-04 
64.400000 1.9886424816503647e-04 
64.600000 1.9886469664721573e-04 
64.800000 1.9886513100053000e-04 
65.000000 1.9886555154624233e-04 
65.200000 1.9886595860658747e-04 
65.400000 1.9886635250400921e-04 
65.600000 1.9886673356047117e-04 
65.800000 1.9886710209681663e-04 
66.000000 1.9886745843221510e-04 
66.200000 1.9886780288360956e-04 
66.400000 1.9886813576528911e-04 
66.600000 1.9886845738841487e-04 
66.800000 1.9886876806068137e-04 
67.000000 1.9886906808594675e-04 
67.200000 1.9886935776395695e-04 
67.400000 1.9886963739004164e-04 
67.600000 1.9886990725491479e-04 
67.800000 1.9887016764444376e-04 
68.000000 1.9887041883947964e-04 
68.200000 1.9887066111571680e-04 
68.400000 1.9887089474353962e-04 
68.600000 1.9887111998794144e-04 
68.800000 1.9887133710842165e-04 
69.000000 1.9887154635892892e-04 
69.200000 1.9887174798781021e-04 
69.400000 1.9887194223777447e-04 
69.600000 1.9887212934588421e-04 
69.800000 1.9887230954352214e-04 
70.000000 1.9887248305643925e-04 
70.200000 1.9887265010474405e-04 
70.400000 1.9887281090293744e-04 
70.600000 1.9887296565994841e-04 
70.800000 1.9887311457918733e-04 
71.000000 1.9887325785860146e-04 
71.200000 1.9887339569071936e-04 
71.400000 1.9887352826273040e-04 
71.600000 1.9887365575655379e-04 
71.800000 1.9887377834891634e-04 
72.000000 1.9887389621142901e-04 
72.200000 1.9887400951067378e-04 
72.400000 1.9887411840829283e-04 
72.600000 1.9887422306108431e-04 
72.800000 1.9887432362107160e-04 
73.000000 1.9887442023562698e-04 
73.200000 1.9887451304755060e-04 
73.400000 1.9887460219518159e-04 
73.600000 1.9887468781247522e-04 
73.800000 1.9887477002911483e-04 
74.000000 1.9887484897062661e-04 
74.200000 1.9887492475843566e-04 
74.400000 1.9887499751001925e-04 
74.600000 1.9887506733895944e-04 
74.800000 1.9887513435506838e-04 
75.000000 1.9887519866448202e-04 
75.200000 1.9887526036974711e-04 
75.400000 1.9887531956992721e-04 
75.600000 1.9887537636069716e-04 
75.800000 1.9887543083443640e-04 
76.000000 1.9887548308031593e-04 
76.200000 1.9887553318439011e-04 
76.400000 1.9887558122970247e-04 
76.600000 1.9887562729635179e-04 
76.800000 1.9887567146159910e-04 
77.000000 1.9887571379993804e-04 
77.200000 1.9887575438318629e-04 
77.400000 1.9887579328056612e-04 
77.600000 1.9887583055878242e-04 
77.800000 1.9887586628210824e-04 
78.000000 1.9887590051245358e-04 
78.200000 1.9887593330944868e-04 
78.400000 1.9887596473050964e-04 
78.600000 1.9887599483091559e-04 
78.800000 1.9887602366388662e-04 
79.000000 1.9887605128062741e-04 
79.200000 1.9887607773041172e-04 
79.400000 1.9887610306065681e-04 
79.600000 1.9887612731696717e-04 
79.800000 1.9887615054320850e-04 
80.000000 1.9887617278155454e-04 
80.200000 1.9887619407255391e-04 
80.400000 1.9887621445520315e-04 
80.600000 1.9887623396696224e-04 
80.800000 1.9887625264383837e-04 
81.000000 1.9887627052044061e-04 
81.200000 1.9887628763000338e-04 
81.400000 1.9887630400445446e-04 
81.600000 1.9887631967447275e-04 
81.800000 1.9887633466950393e-04 
82.000000 1.9887634901782745e-04 
82.200000 1.9887636274659956e-04 
82.400000 1.9887637588187151e-04 
82.600000 1.9887638844865563e-04 
82.800000 1.9887640047096958e-04 
83.000000 1.9887641197184237e-04 
83.200000 1.9887642297337221e-04 
83.400000 1.9887643349676676e-04 
83.600000 1.9887644356235222e-04 
83.800000 1.9887645318963451e-04 
84.000000 1.9887646239732888e-04 
84.200000 1.9887647120335445e-04 
84.400000 1.9887647962492193e-04 
84.600000 1.9887648767849929e-04 
84.800000 1.9887649537989735e-04 
85.000000 1.9887650274425368e-04 
85.200000 1.9887650978608651e-04 
85.400000 1.9887651651929742e-04 
85.600000 1.9887652295721530e-04 
85.800000 1.9887652911260273e-04 
86.000000 1.9887653499768440e-04 
86.200000 1.9887654062418497e-04 
86.400000 1.9887654600331687e-04 
86.600000 1.9887655114581745e-04 
86.800000 1.9887655606199003e-04 
87.000000 1.9887656076167354e-04 
87.200000 1.9887656525429358e-04 
87.400000 1.9887656954889861e-04 
87.600000 1.9887657365411714e-04 
87.800000 1.9887657757822698e-04 
88.000000 1.9887658132915553e-04 
88.200000 1.9887658491446608e-04 
88.400000 1.9887658834141870e-04 
88.600000 1.9887659161695124e-04 
88.800000 1.9887659474770574e-04 
89.000000 1.9887659774002792e-04 
89.200000 1.9887660060001057e-04 
89.400000 1.9887660333344691e-04 
89.600000 1.9887660594591333e-04 
89.800000 1.9887660844273314e-04 
90.000000 1.9887661082898829e-04 
90.200000 1.9887661310953578e-04 
90.400000 1.9887661528904453e-04 
90.600000 1.9887661737196612e-04 
90.800000 1.9887661936254333e-04 
91.000000 1.9887662126484982e-04 
91.200000 1.9887662308278880e-04 
91.400000 1.9887662482007465e-04 
91.600000 1.9887662648026164e-04 
91.800000 1.9887662806674925e-04 
92.000000 1.9887662958278465e-04 
92.200000 1.9887663103149310e-04 
92.400000 1.9887663241582477e-04 
92.600000 1.9887663373864035e-04 
92.800000 1.9887663500263970e-04 
93.000000 1.9887663621042046e-04 
93.200000 1.9887663736447265e-04 
93.400000 1.9887663846715700e-04 
93.600000 1.9887663952075448e-04 
93.800000 1.9887664052740898e-04 
94.000000 1.9887664148920451e-04 
94.200000 1.9887664240812017e-04 
94.400000 1.9887664328604762e-04 
94.600000 1.9887664412478407e-04 
94.800000 1.9887664492607157e-04 
95.000000 1.9887664569154511e-04 
95.200000 1.9887664642279529e-04 
95.400000 1.9887664712133621e-04 
95.600000 1.9887664778858201e-04 
95.800000 1.9887664842593140e-04 
96.000000 1.9887664903470948e-04 
96.200000 1.9887664961615263e-04 
96.400000 1.9887665017147453e-04 
96.600000 1.9887665070182495e-04 
96.800000 1.9887665120830273e-04 
97.000000 1.9887665169195090e-04 
97.200000 1.9887665215377460e-04 
97.400000 1.9887665259474513e-04 
97.600000 1.9887665301576531e-04 
97.800000 1.9887665341772697e-04 
98.000000 1.9887665380145835e-04 
98.200000 1.9887665416775329e-04 
98.400000 1.9887665451738298e-04 
98.600000 1.9887665485108155e-04 
98.800000 1.9887665516955298e-04 
99.000000 1.9887665547346122e-04 
99.200000 1.9887665576344651e-04 
99.400000 1.9887665604011593e-04 
99.600000 1.9887665630406834e-04 
99.800000 1.9887665655584646e-04 
100.000000 1.9887665679599597e-04 
100.200000 1.9887665702502421e-04 
100.400000 1.9887665724341660e-04 
100.600000 1.9887665745163777e-04 
100.800000 1.9887665765014933e-04 
101.000000 1.9887665783936090e-04 
101.200000 1.9887665801970021e-04 
101.400000 1.9887665819155121e-04 
101.600000 1.9887665835527612e-04 
101.800000 1.9887665851124755e-04 
102.000000 1.9887665865980333e-04 
102.200000 1.9887665880126301e-04 
102.400000 1.9887665893595375e-04 
102.600000 1.9887665906417586e-04 
102.800000 1.9887665918620176e-04 
103.000000 1.9887665930230157e-04 
103.200000 1.9887665941276900e-04 
103.400000 1.9887665951782724e-04 
103.600000 1.9887665961772439e-04 
103.800000 1.9887665971269166e-04 
104.000000 1.9887665980294027e-04 
104.200000 1.9887665988869708e-04 
104.400000 1.9887665997015121e-04 
104.600000 1.9887666004749665e-04 
104.800000 1.9887666012092782e-04 
105.000000 1.9887666019061283e-04 
105.200000 1.9887666025671520e-04 
105.400000 1.9887666031940648e-04 
105.600000 1.9887666037883927e-04 
105.800000 1.9887666043515794e-04 
106.000000 1.9887666048851789e-04 
106.200000 1.9887666053903673e-04 
106.400000 1.9887666058684191e-04 
106.600000 1.9887666063208388e-04 
106.800000 1.9887666067485468e-04 
107.000000 1.9887666071528054e-04 
107.200000 1.9887666075347086e-04 
107.400000 1.9887666078952128e-04 
107.600000 1.9887666082354292e-04 
107.800000 1.9887666085563027e-04 
108.000000 1.9887666088586327e-04 
108.200000 1.9887666091433914e-04 
108.400000 1.9887666094113959e-04 
108.600000 1.9887666096634157e-04 
108.800000 1.9887666099002729e-04 
109.000000 1.9887666101227062e-04 
109.200000 1.9887666103313086e-04 
109.400000 1.9887666105268328e-04 
109.600000 1.9887666107099811e-04 
109.800000 1.9887666108811739e-04 
110.000000 1.9887666110412678e-04 
110.200000 1.9887666111905480e-04 
110.400000 1.9887666113296945e-04 
110.600000 1.9887666114592591e-04 
110.800000 1.9887666115796777e-04 
111.000000 1.9887666116913782e-04 
111.200000 1.9887666117949108e-04 
111.400000 1.9887666118905708e-04 
111.600000 1.9887666119789126e-04 
111.800000 1.9887666120601758e-04 
112.000000 1.9887666121349852e-04 
112.200000 1.9887666122032904e-04 
112.400000 1.9887666122658589e-04 
112.600000 1.9887666123227438e-04 
112.800000 1.9887666123742846e-04 
113.000000 1.9887666124208906e-04 
113.200000 1.9887666124627701e-04 
113.400000 1.9887666125001510e-04 
113.600000 1.9887666125334303e-04 
113.800000 1.9887666125627035e-04 
114.000000 1.9887666125883389e-04 
114.200000 1.9887666126104084e-04 
114.400000 1.9887666126292163e-04 
114.600000 1.9887666126450286e-04 
114.800000 1.9887666126579514e-04 
115.000000 1.9887666126681359e-04 
115.200000 1.9887666126757370e-04 
115.400000 1.9887666126811162e-04 
115.600000 1.9887666126842382e-04 
115.800000 1.9887666126853400e-04 
116.000000 1.9887666126845293e-04 
116.200000 1.9887666126819484e-04 
116.400000 1.9887666126776977e-04 
116.600000 1.9887666126719493e-04 
116.800000 1.9887666126648686e-04 
117.000000 1.9887666126563905e-04 
117.200000 1.9887666126467289e-04 
117.400000 1.9887666126360674e-04 
117.600000 1.9887666126243629e-04 
117.800000 1.9887666126117679e-04 
118.000000 1.9887666125983989e-04 
118.200000 1.9887666125842113e-04 
118.400000 1.9887666125693618e-04 
118.600000 1.9887666125538978e-04 
118.800000 1.9887666125378937e-04 
119.000000 1.9887666125214870e-04 
119.200000 1.9887666125046366e-04 
119.400000 1.9887666124874097e-04 
119.600000 1.9887666124699540e-04 
119.800000 1.9887666124521384e-04 
120.000000 1.9887666124342255e-04 
120.200000 1.9887666124160657e-04 
120.400000 1.9887666123978690e-04 
120.600000 1.9887666123795787e-04 
120.800000 1.9887666123611920e-04 
121.000000 1.9887666123427763e-04 
121.200000 1.9887666123244056e-04 
121.400000 1.9887666123060574e-04 
121.600000 1.9887666122878219e-04 
121.800000 1.9887666122696455e-04 
122.000000 1.9887666122516112e-04 
122.200000 1.9887666122336749e-04 
122.400000 1.9887666122159799e-04 
122.600000 1.9887666121984104e-04 
122.800000 1.9887666121809160e-04 
123.000000 1.9887666121637827e-04 
123.200000 1.9887666121468135e-04 
123.400000 1.9887666121301065e-04 
123.600000 1.9887666121136104e-04 
123.800000 1.9887666120973118e-04 
124.000000 1.9887666120814475e-04 
124.200000 1.9887666120656277e-04 
124.400000 1.9887666120502748e-04 
124.600000 1.9887666120351323e-04 
124.800000 1.9887666120202609e-04 
125.000000 1.9887666120056946e-04 
125.200000 1.9887666119913999e-04 
125.400000 1.9887666119774967e-04 
125.600000 1.9887666119637539e-04 
125.800000 1.9887666119504003e-04 
126.000000 1.9887666119372920e-04 
126.200000 1.9887666119244998e-04 
126.400000 1.9887666119120716e-04 
126.600000 1.9887666118998504e-04 
126.800000 1.9887666118880576e-04 
127.000000 1.9887666118764035e-04 
127.200000 1.9887666118651850e-04 
127.400000 1.9887666118541779e-04 
127.600000 1.9887666118435917e-04 
127.800000 1.9887666118331289e-04 
128.000000 1.9887666118230063e-04 
128.200000 1.9887666118132300e-04 
128.400000 1.9887666118036394e-04 
128.600000 1.9887666117943508e-04 
128.800000 1.9887666117853872e-04 
129.000000 1.9887666117766569e-04 
129.200000 1.9887666117682153e-04 
129.400000 1.9887666117598794e-04 
129.600000 1.9887666117519910e-04 
129.800000 1.9887666117443141e-04 
130.000000 1.9887666117368119e-04 
130.200000 1.9887666117295841e-04 
130.400000 1.9887666117226601e-04 
130.600000 1.9887666117158378e-04 
130.800000 1.9887666117093423e-04 
131.000000 1.9887666117029910e-04 
131.200000 1.9887666116969588e-04 
131.400000 1.9887666116910358e-04 
131.600000 1.9887666116853798e-04 
131.800000 1.9887666116799217e-04 
132.000000 1.9887666116746340e-04 
132.200000 1.9887666116695575e-04 
132.400000 1.9887666116646135e-04 
132.600000 1.9887666116598525e-04 
132.800000 1.9887666116553921e-04 
133.000000 1.9887666116510258e-04 
133.200000 1.9887666116468193e-04 
133.400000 1.9887666116427558e-04 
133.600000 1.9887666116388995e-04 
133.800000 1.9887666116351596e-04 
134.000000 1.9887666116315429e-04 
134.200000 1.9887666116281212e-04 
134.400000 1.9887666116248304e-04 
134.600000 1.9887666116216612e-04 
134.800000 1.9887666116186339e-04 
135.000000 1.9887666116157396e-04 
135.200000 1.9887666116129424e-04 
135.400000 1.9887666116102422e-04 
135.600000 1.9887666116077756e-04 
135.800000 1.9887666116053193e-04 
136.000000 1.9887666116029563e-04 
136.200000 1.9887666116007635e-04 
136.400000 1.9887666115985886e-04 
136.600000 1.9887666115966132e-04 
136.800000 1.9887666115946554e-04 
137.000000 1.9887666115928648e-04 
137.200000 1.9887666115910632e-04 
137.400000 1.9887666115893791e-04 
137.600000 1.9887666115878032e-04 
137.800000 1.9887666115863228e-04 
138.000000 1.9887666115848482e-04 
138.200000 1.9887666115835139e-04 
138.400000 1.9887666115821952e-04 
138.600000 1.9887666115809660e-04 
138.800000 1.9887666115797820e-04 
139.000000 1.9887666115787282e-04 
139.200000 1.9887666115776811e-04 
139.400000 1.9887666115766216e-04 
139.600000 1.9887666115757491e-04 
139.800000 1.9887666115747679e-04 
140.000000 1.9887666115739591e-04 
140.200000 1.9887666115731885e-04 
140.400000 1.9887666115724401e-04 
140.600000 1.9887666115717421e-04 
140.800000 1.9887666115710848e-04 
141.000000 1.9887666115703874e-04 
141.200000 1.9887666115698440e-04 
141.400000 1.9887666115692851e-04 
141.600000 1.9887666115687397e-04 
141.800000 1.9887666115682190e-04 
142.000000 1.9887666115677509e-04 
142.200000 1.9887666115673002e-04 
142.400000 1.9887666115668638e-04 
142.600000 1.9887666115665236e-04 
142.800000 1.9887666115661856e-04 
143.000000 1.9887666115657853e-04 
143.200000 1.9887666115655077e-04 
143.400000 1.9887666115652364e-04 
143.600000 1.9887666115649661e-04 
143.800000 1.9887666115646954e-04 
144.000000 1.9887666115644406e-04 
144.200000 1.9887666115641996e-04 
144.400000 1.9887666115640061e-04 
144.600000 1.9887666115638809e-04 
144.800000 1.9887666115636746e-04 
145.000000 1.9887666115634884e-04 
145.200000 1.9887666115633995e-04 
145.400000 1.9887666115632032e-04 
145.600000 1.9887666115631360e-04 
145.800000 1.9887666115629932e-04 
146.000000 1.9887666115628994e-04 
146.200000 1.9887666115627977e-04 
146.400000 1.9887666115626896e-04 
146.600000 1.9887666115626348e-04 
146.800000 1.9887666115625869e-04 
147.000000 1.9887666115625226e-04 
147.200000 1.9887666115624356e-04 
147.400000 1.9887666115623738e-04 
147.600000 1.9887666115623603e-04 
147.800000 1.9887666115623467e-04 
148.000000 1.9887666115622925e-04 
148.200000 1.9887666115622556e-04 
148.400000 1.9887666115622364e-04 
148.600000 1.9887666115621976e-04 
148.800000 1.9887666115621632e-04 
149.000000 1.9887666115621255e-04 
149.200000 1.9887666115620984e-04 
149.400000 1.9887666115620887e-04 
149.600000 1.9887666115620819e-04 
149.800000 1.9887666115620786e-04 
