0.000000 1.7219385500834242e-01 
0.200000 1.7242747843221665e-01 
0.400000 1.7258934267012888e-01 
0.600000 1.7267914801639692e-01 
0.800000 1.7269664906428028e-01 
1.000000 1.7264165535339032e-01 
1.200000 1.7251403191346712e-01 
1.400000 1.7231369970117416e-01 
1.600000 1.7204063592730381e-01 
1.800000 1.7169487427253327e-01 
2.000000 1.7127652440983246e-01 
2.200000 1.7078904853870253e-01 
2.400000 1.7023282786544588e-01 
2.600000 1.6960762129390800e-01 
2.800000 1.6891274761607544e-01 
3.000000 1.6814705308810329e-01 
3.200000 1.6730912266559764e-01 
3.400000 1.6639359372558560e-01 
3.600000 1.6545035294617824e-01 
3.800000 1.6444132290672939e-01 
4.000000 1.6336308121438992e-01 
4.200000 1.6221213049367192e-01 
4.400000 1.6098566807345663e-01 
4.600000 1.5968139774240958e-01 
4.800000 1.5829730982395956e-01 
5.000000 1.5683178088921618e-01 
5.200000 1.5528347418051658e-01 
5.400000 1.5365135309728192e-01 
5.600000 1.5193458382356648e-01 
5.800000 1.5013252541480271e-01 
6.000000 1.4824493616642548e-01 
6.200000 1.4627170612201362e-01 
6.400000 1.4421311048345808e-01 
6.600000 1.4206971922793440e-01 
6.800000 1.3984288333511705e-01 
7.000000 1.3753313355711616e-01 
7.200000 1.3514168714757618e-01 
7.400000 1.3267048290037223e-01 
7.600000 1.3012196258362016e-01 
7.800000 1.2749904028479614e-01 
8.000000 1.2480509408256830e-01 
8.200000 1.2204395680994451e-01 
8.400000 1.1921990095711224e-01 
8.600000 1.1633761845412129e-01 
8.800000 1.1340219354776650e-01 
9.000000 1.1041908223565056e-01 
9.200000 1.0739408227183703e-01 
9.400000 1.0433328731639319e-01 
9.600000 1.0124305267489983e-01 
9.800000 9.8129956353208564e-02 
10.000000 9.5000765925122299e-02 
10.200000 9.1862353051311990e-02 
10.400000 8.8721647071834484e-02 
10.600000 8.5585578801506204e-02 
10.800000 8.2461035989187623e-02 
11.000000 7.9354810072651411e-02 
11.200000 7.6273542665598951e-02 
11.400000 7.3223675093675250e-02 
11.600000 7.0211401551119129e-02 
11.800000 6.7242625766626082e-02 
12.000000 6.4322922435445198e-02 
12.200000 6.1457503300699524e-02 
12.400000 5.8651189064214682e-02 
12.600000 5.5908386113902309e-02 
12.800000 5.3233068388023060e-02 
13.000000 5.0628764860665511e-02 
13.200000 4.8098552457635377e-02 
13.400000 4.5645053209144061e-02 
13.600000 4.3270436861851162e-02 
13.800000 4.0976428015524750e-02 
14.000000 3.8764318064242166e-02 
14.200000 3.6634980138350183e-02 
14.400000 3.4588887022826968e-02 
14.600000 3.2626131869015626e-02 
14.800000 3.0746451172337170e-02 
15.000000 2.8949249535450038e-02 
15.200000 2.7233625754547165e-02 
15.400000 2.5598399788309290e-02 
15.600000 2.4042140218235183e-02 
15.800000 2.2563191791851057e-02 
16.000000 2.1159702716321855e-02 
16.200000 1.9829651413774671e-02 
16.400000 1.8570872478395901e-02 
16.600000 1.7381081592236884e-02 
16.800000 1.6257899229472551e-02 
17.000000 1.5198872996884849e-02 
17.200000 1.4201498501578830e-02 
17.400000 1.3263238640625279e-02 
17.600000 1.2381541271688971e-02 
17.800000 1.1553855254739846e-02 
18.000000 1.0777644869028444e-02 
18.200000 1.0050402630932509e-02 
18.400000 9.3696605586536270e-03 
18.600000 8.7329999462504686e-03 
18.800000 8.1380597228298060e-03 
19.000000 7.5825434819853611e-03 
19.200000 7.0642252739776248e-03 
19.400000 6.5809542572621543e-03 
19.600000 6.1306583073339012e-03 
19.800000 5.7113466797545668e-03 
20.000000 5.3211118221178494e-03 
20.200000 4.9581304256813416e-03 
20.400000 4.6206638025044671e-03 
20.600000 4.3070576681527315e-03 
20.800000 4.0157414045982939e-03 
21.000000 3.7452268721669983e-03 
21.200000 3.4941068335169376e-03 
21.400000 3.2610530471989941e-03 
21.600000 3.0448140833987149e-03 
21.800000 2.8442129099036876e-03 
22.000000 2.6581442921783630e-03 
22.200000 2.4855720475825426e-03 
22.400000 2.3255261902351801e-03 
22.600000 2.1770999997196825e-03 
22.800000 2.0394470437156828e-03 
23.000000 1.9117781816711855e-03 
23.200000 1.7933585737910940e-03 
23.400000 1.6835047168823035e-03 
23.600000 1.5815815259603997e-03 
23.800000 1.4869994779840104e-03 
24.000000 1.3992118316581018e-03 
24.200000 1.3177119349375734e-03 
24.400000 1.2420306296811443e-03 
24.600000 1.1717337608648441e-03 
24.800000 1.1064197958789729e-03 
25.000000 1.0457175577065190e-03 
25.200000 9.8928407422069144e-04 
25.400000 9.3680254444622978e-04 
25.600000 8.8798042140322180e-04 
25.800000 8.4254761009110353e-04 
26.000000 8.0025477826884100e-04 
26.200000 7.6087177693697264e-04 
26.400000 7.2418616681967638e-04 
26.600000 6.9000184666931515e-04 
26.800000 6.5813777886038433e-04 
27.000000 6.2842680749201083e-04 
27.200000 6.0071456406584928e-04 
27.400000 5.7485845573682938e-04 
27.600000 5.5072673113545554e-04 
27.800000 5.2819761882106199e-04 
28.000000 5.0715853353470845e-04 
28.200000 4.8750534556833588e-04 
28.400000 4.6914170874496881e-04 
28.600000 4.5197844270471481e-04 
28.800000 4.3593296540677312e-04 
29.000000 4.2092877198256646e-04 
29.200000 4.0689495630455593e-04 
29.400000 3.9376577186523896e-04 
29.600000 3.8148022878805861e-04 
29.800000 3.6998172401367721e-04 
30.000000 3.5921770191943745e-04 
30.200000 3.4913934283529817e-04 
30.400000 3.3970127711497201e-04 
30.600000 3.3086132260586357e-04 
30.800000 3.2258024353521900e-04 
31.000000 3.1482152899255089e-04 
31.200000 3.0755118934005246e-04 
31.400000 3.0073756902342601e-04 
31.600000 2.9435117438592507e-04 
31.800000 2.8836451520856298e-04 
32.000000 2.8275195881020899e-04 
32.200000 2.7748959564290648e-04 
32.400000 2.7255511541101761e-04 
32.600000 2.6792769282809909e-04 
32.800000 2.6358788220340502e-04 
33.000000 2.5951752012112360e-04 
33.200000 2.5569963554034953e-04 
33.400000 2.5211836670300126e-04 
33.600000 2.4875888429071663e-04 
33.800000 2.4560732032079789e-04 
34.000000 2.4265070231588784e-04 
34.200000 2.3987689232256583e-04 
34.400000 2.3727453039094979e-04 
34.600000 2.3483298216088209e-04 
34.800000 2.3254229023075826e-04 
35.000000 2.3039312901272657e-04 
35.200000 2.2837676280317847e-04 
35.400000 2.2648500682036229e-04 
35.600000 2.2471019098174039e-04 
35.800000 2.2304512621272479e-04 
36.000000 2.2148307309561999e-04 
36.200000 2.2001771268336060e-04 
36.400000 2.1864311931693169e-04 
36.600000 2.1735373529841552e-04 
36.800000 2.1614434728351313e-04 
37.000000 2.1501006426826301e-04 
37.200000 2.1394629705459358e-04 
37.400000 2.1294873908842419e-04 
37.600000 2.1201334857231022e-04 
37.800000 2.1113633176221805e-04 
38.000000 2.1031412736497617e-04 
38.200000 2.0954339195928065e-04 
38.400000 2.0882098636900551e-04 
38.600000 2.0814396292289365e-04 
38.800000 2.0750955353963634e-04 
39.000000 2.0691515858185040e-04 
39.200000 2.0635833642663158e-04 
39.400000 2.0583679370417057e-04 
39.600000 2.0534837615942969e-04 
39.800000 2.0489106009513881e-04 
40.000000 2.0446294435732962e-04 
40.200000 2.0406224282740922e-04 
40.400000 2.0368727738729104e-04 
40.600000 2.0333647132647354e-04 
40.800000 2.0300834316211330e-04 
41.000000 2.0270150084515388e-04 
41.200000 2.0241463632742572e-04 
41.400000 2.0214652046636296e-04 
41.600000 2.0189599824555539e-04 
41.800000 2.0166198429086258e-04 
42.000000 2.0144345866315606e-04 
42.200000 2.0123946291004548e-04 
42.400000 2.0104909636012479e-04 
42.600000 2.0087151264435815e-04 
42.800000 2.0070591643025785e-04 
43.000000 2.0055156035544397e-04 
43.200000 2.0040774214807110e-04 
43.400000 2.0027380192239782e-04 
43.600000 2.0014911963857061e-04 
43.800000 2.0003311271639152e-04 
44.000000 1.9992523379348757e-04 
44.200000 1.9982496861894298e-04 
44.400000 1.9973183407400149e-04 
44.600000 1.9964537631201492e-04 
44.800000 1.9956516901027834e-04 
45.000000 1.9949081172689764e-04 
45.200000 1.9942192835623127e-04 
45.400000 1.9935816567689181e-04 
45.600000 1.9929919198664973e-04 
45.800000 1.9924469581894611e-04 
46.000000 1.9919438473604413e-04 
46.200000 1.9914798419418296e-04 
46.400000 1.9910523647635292e-04 
46.600000 1.9906589968861382e-04 
46.800000 1.9902974681611579e-04 
47.000000 1.9899656483521850e-04 
47.200000 1.9896615387834550e-04 
47.400000 1.9893832644838017e-04 
47.600000 1.9891290667966422e-04 
47.800000 1.9888972964276960e-04 
48.000000 1.9886864069045947e-04 
48.200000 1.9884949484234632e-04 
48.400000 1.9883215620596092e-04 
48.600000 1.9881649743205081e-04 
48.800000 1.9880239920207495e-04 
49.000000 1.9878974974598041e-04 
49.200000 1.9877844438845671e-04 
49.400000 1.9876838512199632e-04 
49.600000 1.9875948020514823e-04 
49.800000 1.9875164378449739e-04 
50.000000 1.9874479553895307e-04 
50.200000 1.9873886034503112e-04 
50.400000 1.9873376796189981e-04 
50.600000 1.9872945273500809e-04 
50.800000 1.9872585331722173e-04 
51.000000 1.9872291240641754e-04 
51.200000 1.9872057649858403e-04 
51.400000 1.9871879565550753e-04 
51.600000 1.9871752328619029e-04 
51.800000 1.9871671594119298e-04 
52.000000 1.9871633311915535e-04 
52.200000 1.9871633708475465e-04 
52.400000 1.9871669269746784e-04 
52.600000 1.9871736725047054e-04 
52.800000 1.9871833031910770e-04 
53.000000 1.9871955361835112e-04 
53.200000 1.9872101086874285e-04 
53.400000 1.9872267767030602e-04 
53.600000 1.9872453138397123e-04 
53.800000 1.9872655102009244e-04 
54.000000 1.9872871713357790e-04 
54.200000 1.9873101172534542e-04 
54.400000 1.9873341814964383e-04 
54.600000 1.9873592102695269e-04 
54.800000 1.9873850616210716e-04 
55.000000 1.9874116046735341e-04 
55.200000 1.9874387189005294e-04 
55.400000 1.9874662934473941e-04 
55.600000 1.9874942264930780e-04 
55.800000 1.9875224246506144e-04 
56.000000 1.9875508024041710e-04 
56.200000 1.9875792815803432e-04 
56.400000 1.9876077908518070e-04 
56.600000 1.9876362652714047e-04 
56.800000 1.9876646458348251e-04 
57.000000 1.9876928790702928e-04 
57.200000 1.9877209166535719e-04 
57.400000 1.9877487150469022e-04 
57.600000 1.9877762351603809e-04 
57.800000 1.9878034420344802e-04 
58.000000 1.9878303045424840e-04 
58.200000 1.9878567951116621e-04 
58.400000 1.9878828894620145e-04 
58.600000 1.9879085663616097e-04 
58.800000 1.9879338073975364e-04 
59.000000 1.9879585967614785e-04 
59.200000 1.9879829210490716e-04 
59.400000 1.9880067690722413e-04 
59.600000 1.9880301316837614e-04 
59.800000 1.9880530016132175e-04 
60.000000 1.9880753733137293e-04 
60.200000 1.9880972428188744e-04 
60.400000 1.9881186076090316e-04 
60.600000 1.9881394664867264e-04 
60.800000 1.9881598194603512e-04 
61.000000 1.9881796676357369e-04 
61.200000 1.9881990131151659e-04 
61.400000 1.9882178589033218e-04 
61.600000 1.9882362088197533e-04 
61.800000 1.9882540674174878e-04 
62.000000 1.9882714399073275e-04 
62.200000 1.9882883320876052e-04 
62.400000 1.9883047502789833e-04 
62.600000 1.9883207012638348e-04 
62.800000 1.9883361922303809e-04 
63.000000 1.9883512307206625e-04 
63.200000 1.9883658245825226e-04 
63.400000 1.9883799819254069e-04 
63.600000 1.9883937110792602e-04 
63.800000 1.9884070205568725e-04 
64.000000 1.9884199190191011e-04 
64.200000 1.9884324152429558e-04 
64.400000 1.9884445180921669e-04 
64.600000 1.9884562364903504e-04 
64.800000 1.9884675793963851e-04 
65.000000 1.9884785557818278e-04 
65.200000 1.9884891746105310e-04 
65.400000 1.9884994448198721e-04 
65.600000 1.9885093753038312e-04 
65.800000 1.9885189748977417e-04 
66.000000 1.9885282523643142e-04 
66.200000 1.9885372163813442e-04 
66.400000 1.9885458755304915e-04 
66.600000 1.9885542382872259e-04 
66.800000 1.9885623130122066e-04 
67.000000 1.9885701079433562e-04 
67.200000 1.9885776311889884e-04 
67.400000 1.9885848907219564e-04 
67.600000 1.9885918943745193e-04 
67.800000 1.9885986498338205e-04 
68.000000 1.9886051646384197e-04 
68.200000 1.9886114461751893e-04 
68.400000 1.9886175016767995e-04 
68.600000 1.9886233382200279e-04 
68.800000 1.9886289627242204e-04 
69.000000 1.9886343819504093e-04 
69.200000 1.9886396025008932e-04 
69.400000 1.9886446308190012e-04 
69.600000 1.9886494731895298e-04 
69.800000 1.9886541357390231e-04 
70.000000 1.9886586244369337e-04 
70.200000 1.9886629450964940e-04 
70.400000 1.9886671033762042e-04 
70.600000 1.9886711047813169e-04 
70.800000 1.9886749546656692e-04 
71.000000 1.9886786582335133e-04 
71.200000 1.9886822205416124e-04 
71.400000 1.9886856465015852e-04 
71.600000 1.9886889408819611e-04 
71.800000 1.9886921083109318e-04 
72.000000 1.9886951532784779e-04 
72.200000 1.9886980801393775e-04 
72.400000 1.9887008931154641e-04 
72.600000 1.9887035962985896e-04 
72.800000 1.9887061936531980e-04 
73.000000 1.9887086890192973e-04 
73.200000 1.9887110861148625e-04 
73.400000 1.9887133885392077e-04 
73.600000 1.9887155997751920e-04 
73.800000 1.9887177231924899e-04 
74.000000 1.9887197620502178e-04 
74.200000 1.9887217194996425e-04 
74.400000 1.9887235985871257e-04 
74.600000 1.9887254022568293e-04 
74.800000 1.9887271333533064e-04 
75.000000 1.9887287946244756e-04 
75.200000 1.9887303887241279e-04 
75.400000 1.9887319182145232e-04 
75.600000 1.9887333855690616e-04 
75.800000 1.9887347931748619e-04 
76.000000 1.9887361433353128e-04 
76.200000 1.9887374382723463e-04 
76.400000 1.9887386801291482e-04 
76.600000 1.9887398709724188e-04 
76.800000 1.9887410127946169e-04 
77.000000 1.9887421075165100e-04 
77.200000 1.9887431569890222e-04 
77.400000 1.9887441629958680e-04 
77.600000 1.9887451272553489e-04 
77.800000 1.9887460514226782e-04 
78.000000 1.9887469370919567e-04 
78.200000 1.9887477857979819e-04 
78.400000 1.9887485990186061e-04 
78.600000 1.9887493781762443e-04 
78.800000 1.9887501246398175e-04 
79.000000 1.9887508397267617e-04 
79.200000 1.9887515247044599e-04 
79.400000 1.9887521807923113e-04 
79.600000 1.9887528091628578e-04 
79.800000 1.9887534109441158e-04 
80.000000 1.9887539872204027e-04 
80.200000 1.9887545390343884e-04 
80.400000 1.9887550673882993e-04 
80.600000 1.9887555732454583e-04 
80.800000 1.9887560575315640e-04 
81.000000 1.9887565211363164e-04 
81.200000 1.9887569649142125e-04 
81.400000 1.9887573896862723e-04 
81.600000 1.9887577962411345e-04 
81.800000 1.9887581853362301e-04 
82.000000 1.9887585576987317e-04 
82.200000 1.9887589140270341e-04 
82.400000 1.9887592549915748e-04 
82.600000 1.9887595812358296e-04 
82.800000 1.9887598933775841e-04 
83.000000 1.9887601920096562e-04 
83.200000 1.9887604777009369e-04 
83.400000 1.9887607509973306e-04 
83.600000 1.9887610124224881e-04 
83.800000 1.9887612624787366e-04 
84.000000 1.9887615016481557e-04 
84.200000 1.9887617303927476e-04 
84.400000 1.9887619491558951e-04 
84.600000 1.9887621583625654e-04 
84.800000 1.9887623584202620e-04 
85.000000 1.9887625497197397e-04 
85.200000 1.9887627326356104e-04 
85.400000 1.9887629075267737e-04 
85.600000 1.9887630747375776e-04 
85.800000 1.9887632345976766e-04 
86.000000 1.9887633874230887e-04 
86.200000 1.9887635335166250e-04 
86.400000 1.9887636731686509e-04 
86.600000 1.9887638066570904e-04 
86.800000 1.9887639342481032e-04 
87.000000 1.9887640561969399e-04 
87.200000 1.9887641727478605e-04 
87.400000 1.9887642841349648e-04 
87.600000 1.9887643905824135e-04 
87.800000 1.9887644923047339e-04 
88.000000 1.9887645895074260e-04 
88.200000 1.9887646823872824e-04 
88.400000 1.9887647711327669e-04 
88.600000 1.9887648559242026e-04 
88.800000 1.9887649369342090e-04 
89.000000 1.9887650143280084e-04 
89.200000 1.9887650882638943e-04 
89.400000 1.9887651588932788e-04 
89.600000 1.9887652263608958e-04 
89.800000 1.9887652908056003e-04 
90.000000 1.9887653523600611e-04 
90.200000 1.9887654111510114e-04 
90.400000 1.9887654673002468e-04 
90.600000 1.9887655209238243e-04 
90.800000 1.9887655721330380e-04 
91.000000 1.9887656210344534e-04 
91.200000 1.9887656677294971e-04 
91.400000 1.9887657123157583e-04 
91.600000 1.9887657548862603e-04 
91.800000 1.9887657955301724e-04 
92.000000 1.9887658343326840e-04 
92.200000 1.9887658713752646e-04 
92.400000 1.9887659067358720e-04 
92.600000 1.9887659404890063e-04 
92.800000 1.9887659727059153e-04 
93.000000 1.9887660034549083e-04 
93.200000 1.9887660328010416e-04 
93.400000 1.9887660608066557e-04 
93.600000 1.9887660875314258e-04 
93.800000 1.9887661130321842e-04 
94.000000 1.9887661373635125e-04 
94.200000 1.9887661605774118e-04 
94.400000 1.9887661827238865e-04 
94.600000 1.9887662038502700e-04 
94.800000 1.9887662240023000e-04 
95.000000 1.9887662432233887e-04 
95.200000 1.9887662615551598e-04 
95.400000 1.9887662790374499e-04 
95.600000 1.9887662957081422e-04 
95.800000 1.9887663116035590e-04 
96.000000 1.9887663267586077e-04 
96.200000 1.9887663412062841e-04 
96.400000 1.9887663549785254e-04 
96.600000 1.9887663681054715e-04 
96.800000 1.9887663806162880e-04 
97.000000 1.9887663925385475e-04 
97.200000 1.9887664038988078e-04 
97.400000 1.9887664147223699e-04 
97.600000 1.9887664250334711e-04 
97.800000 1.9887664348551548e-04 
98.000000 1.9887664442095804e-04 
98.200000 1.9887664531177663e-04 
98.400000 1.9887664616000851e-04 
98.600000 1.9887664696757222e-04 
98.800000 1.9887664773630723e-04 
99.000000 1.9887664846797781e-04 
99.200000 1.9887664916427606e-04 
99.400000 1.9887664982680238e-04 
99.600000 1.9887665045710169e-04 
99.800000 1.9887665105663833e-04 
100.000000 1.9887665162681402e-04 
100.200000 1.9887665216897560e-04 
100.400000 1.9887665268440420e-04 
100.600000 1.9887665317432917e-04 
100.800000 1.9887665363991255e-04 
101.000000 1.9887665408228016e-04 
101.200000 1.9887665450250139e-04 
101.400000 1.9887665490159255e-04 
101.600000 1.9887665528053856e-04 
101.800000 1.9887665564026147e-04 
102.000000 1.9887665598165388e-04 
102.200000 1.9887665630557861e-04 
102.400000 1.9887665661283465e-04 
102.600000 1.9887665690421051e-04 
102.800000 1.9887665718045341e-04 
103.000000 1.9887665744225459e-04 
103.200000 1.9887665769030238e-04 
103.400000 1.9887665792525029e-04 
103.600000 1.9887665814770938e-04 
103.800000 1.9887665835825424e-04 
104.000000 1.9887665855748772e-04 
104.200000 1.9887665874590864e-04 
104.400000 1.9887665892406856e-04 
104.600000 1.9887665909243440e-04 
104.800000 1.9887665925148726e-04 
105.000000 1.9887665940166140e-04 
105.200000 1.9887665954340512e-04 
105.400000 1.9887665967711541e-04 
105.600000 1.9887665980319075e-04 
105.800000 1.9887665992198808e-04 
106.000000 1.9887666003388658e-04 
106.200000 1.9887666013921411e-04 
106.400000 1.9887666023828512e-04 
106.600000 1.9887666033142692e-04 
106.800000 1.9887666041893239e-04 
107.000000 1.9887666050107488e-04 
107.200000 1.9887666057813333e-04 
107.400000 1.9887666065036217e-04 
107.600000 1.9887666071800121e-04 
107.800000 1.9887666078129476e-04 
108.000000 1.9887666084046092e-04 
108.200000 1.9887666089570262e-04 
108.400000 1.9887666094724310e-04 
108.600000 1.9887666099525523e-04 
108.800000 1.9887666103994491e-04 
109.000000 1.9887666108147603e-04 
109.200000 1.9887666112001527e-04 
109.400000 1.9887666115573767e-04 
109.600000 1.9887666118877470e-04 
109.800000 1.9887666121928249e-04 
110.000000 1.9887666124740651e-04 
110.200000 1.9887666127326519e-04 
110.400000 1.9887666129699377e-04 
110.600000 1.9887666131871904e-04 
110.800000 1.9887666133853364e-04 
111.000000 1.9887666135655837e-04 
111.200000 1.9887666137288884e-04 
111.400000 1.9887666138764852e-04 
111.600000 1.9887666140090205e-04 
111.800000 1.9887666141274528e-04 
112.000000 1.9887666142327990e-04 
112.200000 1.9887666143256170e-04 
112.400000 1.9887666144069316e-04 
112.600000 1.9887666144772690e-04 
112.800000 1.9887666145373958e-04 
113.000000 1.9887666145879213e-04 
113.200000 1.9887666146295831e-04 
113.400000 1.9887666146628061e-04 
113.600000 1.9887666146883027e-04 
113.800000 1.9887666147066084e-04 
114.000000 1.9887666147180668e-04 
114.200000 1.9887666147232834e-04 
114.400000 1.9887666147226879e-04 
114.600000 1.9887666147167299e-04 
114.800000 1.9887666147056497e-04 
115.000000 1.9887666146901149e-04 
115.200000 1.9887666146702805e-04 
115.400000 1.9887666146466024e-04 
115.600000 1.9887666146193401e-04 
115.800000 1.9887666145888163e-04 
116.000000 1.9887666145554500e-04 
116.200000 1.9887666145192788e-04 
116.400000 1.9887666144806552e-04 
116.600000 1.9887666144398903e-04 
116.800000 1.9887666143971516e-04 
117.000000 1.9887666143525695e-04 
117.200000 1.9887666143065632e-04 
117.400000 1.9887666142592088e-04 
117.600000 1.9887666142106845e-04 
117.800000 1.9887666141610988e-04 
118.000000 1.9887666141106566e-04 
118.200000 1.9887666140594982e-04 
118.400000 1.9887666140078452e-04 
118.600000 1.9887666139557618e-04 
118.800000 1.9887666139032980e-04 
119.000000 1.9887666138505914e-04 
119.200000 1.9887666137978813e-04 
119.400000 1.9887666137451376e-04 
119.600000 1.9887666136924587e-04 
119.800000 1.9887666136400107e-04 
120.000000 1.9887666135877331e-04 
120.200000 1.9887666135357844e-04 
120.400000 1.9887666134842566e-04 
120.600000 1.9887666134330495e-04 
120.800000 1.9887666133825021e-04 
121.000000 1.9887666133324520e-04 
121.200000 1.9887666132828848e-04 
121.400000 1.9887666132340187e-04 
121.600000 1.9887666131858484e-04 
121.800000 1.9887666131383696e-04 
122.000000 1.9887666130916057e-04 
122.200000 1.9887666130456516e-04 
122.400000 1.9887666130004498e-04 
122.600000 1.9887666129559512e-04 
122.800000 1.9887666129122912e-04 
123.000000 1.9887666128695723e-04 
123.200000 1.9887666128276689e-04 
123.400000 1.9887666127865983e-04 
123.600000 1.9887666127464757e-04 
123.800000 1.9887666127070669e-04 
124.000000 1.9887666126686148e-04 
124.200000 1.9887666126310451e-04 
124.400000 1.9887666125943798e-04 
124.600000 1.9887666125585615e-04 
124.800000 1.9887666125236722e-04 
125.000000 1.9887666124895206e-04 
125.200000 1.9887666124563424e-04 
125.400000 1.9887666124241289e-04 
125.600000 1.9887666123925314e-04 
125.800000 1.9887666123619271e-04 
126.000000 1.9887666123320722e-04 
126.200000 1.9887666123032192e-04 
126.400000 1.9887666122749776e-04 
126.600000 1.9887666122477425e-04 
126.800000 1.9887666122211795e-04 
127.000000 1.9887666121954075e-04 
127.200000 1.9887666121704684e-04 
127.400000 1.9887666121461565e-04 
127.600000 1.9887666121227884e-04 
127.800000 1.9887666121000199e-04 
128.000000 1.9887666120780651e-04 
128.200000 1.9887666120566521e-04 
128.400000 1.9887666120360523e-04 
128.600000 1.9887666120162092e-04 
128.800000 1.9887666119968738e-04 
129.000000 1.9887666119782437e-04 
129.200000 1.9887666119602286e-04 
129.400000 1.9887666119428675e-04 
129.600000 1.9887666119261798e-04 
129.800000 1.9887666119100089e-04 
130.000000 1.9887666118943552e-04 
130.200000 1.9887666118793010e-04 
130.400000 1.9887666118647665e-04 
130.600000 1.9887666118508044e-04 
130.800000 1.9887666118373719e-04 
131.000000 1.9887666118244163e-04 
131.200000 1.9887666118120152e-04 
131.400000 1.9887666118000057e-04 
131.600000 1.9887666117885500e-04 
131.800000 1.9887666117775066e-04 
132.000000 1.9887666117668655e-04 
132.200000 1.9887666117566558e-04 
132.400000 1.9887666117468408e-04 
132.600000 1.9887666117375665e-04 
132.800000 1.9887666117284359e-04 
133.000000 1.9887666117198818e-04 
133.200000 1.9887666117116175e-04 
133.400000 1.9887666117037443e-04 
133.600000 1.9887666116961367e-04 
133.800000 1.9887666116888533e-04 
134.000000 1.9887666116820592e-04 
134.200000 1.9887666116753596e-04 
134.400000 1.9887666116690504e-04 
134.600000 1.9887666116630095e-04 
134.800000 1.9887666116572898e-04 
135.000000 1.9887666116517422e-04 
135.200000 1.9887666116465456e-04 
135.400000 1.9887666116414300e-04 
135.600000 1.9887666116367615e-04 
135.800000 1.9887666116321869e-04 
136.000000 1.9887666116278791e-04 
136.200000 1.9887666116237844e-04 
136.400000 1.9887666116199046e-04 
136.600000 1.9887666116161947e-04 
136.800000 1.9887666116126531e-04 
137.000000 1.9887666116093284e-04 
137.200000 1.9887666116061664e-04 
137.400000 1.9887666116031843e-04 
137.600000 1.9887666116003602e-04 
137.800000 1.9887666115976006e-04 
138.000000 1.9887666115950533e-04 
138.200000 1.9887666115926442e-04 
138.400000 1.9887666115903698e-04 
138.600000 1.9887666115882456e-04 
138.800000 1.9887666115861916e-04 
139.000000 1.9887666115842617e-04 
139.200000 1.9887666115825684e-04 
139.400000 1.9887666115808191e-04 
139.600000 1.9887666115792811e-04 
139.800000 1.9887666115777069e-04 
140.000000 1.9887666115763508e-04 
140.200000 1.9887666115750576e-04 
140.400000 1.9887666115738325e-04 
140.600000 1.9887666115726727e-04 
140.800000 1.9887666115715611e-04 
141.000000 1.9887666115705517e-04 
141.200000 1.9887666115696350e-04 
141.400000 1.9887666115688191e-04 
141.600000 1.9887666115679488e-04 
141.800000 1.9887666115671953e-04 
142.000000 1.9887666115665296e-04 
142.200000 1.9887666115659083e-04 
142.400000 1.9887666115652903e-04 
142.600000 1.9887666115647363e-04 
142.800000 1.9887666115642872e-04 
143.000000 1.9887666115638481e-04 
143.200000 1.9887666115633382e-04 
143.400000 1.9887666115628604e-04 
143.600000 1.9887666115625270e-04 
143.800000 1.9887666115622556e-04 
144.000000 1.9887666115619496e-04 
144.200000 1.9887666115616821e-04 
144.400000 1.9887666115614411e-04 
144.600000 1.9887666115612267e-04 
144.800000 1.9887666115610037e-04 
145.000000 1.9887666115608798e-04 
145.200000 1.9887666115606662e-04 
145.400000 1.9887666115605393e-04 
145.600000 1.9887666115604336e-04 
145.800000 1.9887666115603542e-04 
146.000000 1.9887666115602141e-04 
146.200000 1.9887666115600878e-04 
146.400000 1.9887666115600805e-04 
146.600000 1.9887666115599975e-04 
146.800000 1.9887666115598986e-04 
147.000000 1.9887666115598254e-04 
147.200000 1.9887666115597967e-04 
147.400000 1.9887666115597457e-04 
147.600000 1.9887666115596693e-04 
147.800000 1.9887666115596408e-04 
148.000000 1.9887666115596091e-04 
148.200000 1.9887666115595999e-04 
148.400000 1.9887666115595999e-04 
148.600000 1.9887666115595999e-04 
148.800000 1.9887666115596031e-04 
149.000000 1.9887666115596058e-04 
149.200000 1.9887666115596058e-04 
149.400000 1.9887666115596091e-04 
149.600000 1.9887666115596124e-04 
149.800000 1.9887666115596186e-04 
