0.000000 4.2953071253189995e-01 
0.200000 4.2985721311865976e-01 
0.400000 4.3016807848302430e-01 
0.600000 4.3046353412504551e-01 
0.800000 4.3074384585390102e-01 
1.000000 4.3100932029347883e-01 
1.200000 4.3126030528063364e-01 
1.400000 4.3149719015476040e-01 
1.600000 4.3172040593802979e-01 
1.800000 4.3195953187770314e-01 
2.000000 4.3222300573354150e-01 
2.200000 4.3251405353913747e-01 
2.400000 4.3283215207818726e-01 
2.600000 4.3317374279172483e-01 
2.800000 4.3353240459135239e-01 
3.000000 4.3389887852373810e-01 
3.200000 4.3431846110866218e-01 
3.400000 4.3472040101730897e-01 
3.600000 4.3509828266911771e-01 
3.800000 4.3546886711642685e-01 
4.000000 4.3582976914479871e-01 
4.200000 4.3617904646835698e-01 
4.400000 4.3651481380051255e-01 
4.600000 4.3683515310427018e-01 
4.800000 4.3713793124002021e-01 
5.000000 4.3742084059585351e-01 
5.200000 4.3768134818407950e-01 
5.400000 4.3791673579593615e-01 
5.600000 4.3812430885112563e-01 
5.800000 4.3830162789999549e-01 
6.000000 4.3844537785697901e-01 
6.200000 4.3855342936510361e-01 
6.400000 4.3862378896878895e-01 
6.600000 4.3865426451983608e-01 
6.800000 4.3864369211973830e-01 
7.000000 4.3859170308911022e-01 
7.200000 4.3849796459227691e-01 
7.400000 4.3836220375558849e-01 
7.600000 4.3818433496350895e-01 
7.800000 4.3796445764325281e-01 
8.000000 4.3770283408119193e-01 
8.200000 4.3739987172982669e-01 
8.400000 4.3705609978902044e-01 
8.600000 4.3667215577104590e-01 
8.800000 4.3624878422449959e-01 
9.000000 4.3578674627864156e-01 
9.200000 4.3528678067951304e-01 
9.400000 4.3474957064657843e-01 
9.600000 4.3417569895560726e-01 
9.800000 4.3356559716837034e-01 
10.000000 4.3291950620909447e-01 
10.200000 4.3223742370620788e-01 
10.400000 4.3151904592130724e-01 
10.600000 4.3076371837158711e-01 
10.800000 4.2997039462341657e-01 
11.000000 4.2913759855350414e-01 
11.200000 4.2826338878369719e-01 
11.400000 4.2734532982032314e-01 
11.600000 4.2638046599613694e-01 
11.800000 4.2536530969645475e-01 
12.000000 4.2429583579402669e-01 
12.200000 4.2316748753854588e-01 
12.400000 4.2197518930615247e-01 
12.600000 4.2071337729253133e-01 
12.800000 4.1937604708349896e-01 
13.000000 4.1795681149262320e-01 
13.200000 4.1644897373912909e-01 
13.400000 4.1484561626497446e-01 
13.600000 4.1313970566460922e-01 
13.800000 4.1132421083463439e-01 
14.000000 4.0939223330768154e-01 
14.200000 4.0733714867479820e-01 
14.400000 4.0515275572730070e-01 
14.600000 4.0283342970606972e-01 
14.800000 4.0037427620381416e-01 
15.000000 3.9777128152633556e-01 
15.200000 3.9502145532172572e-01 
15.400000 3.9212296093134308e-01 
15.600000 3.8907522897987051e-01 
15.800000 3.8587905045260584e-01 
16.000000 3.8253664565057727e-01 
16.200000 3.7905170599722848e-01 
16.400000 3.7542940671843306e-01 
16.600000 3.7167638938199393e-01 
16.800000 3.6780071420867155e-01 
17.000000 3.6381178297870703e-01 
17.200000 3.5972023442400747e-01 
17.400000 3.5553781490898900e-01 
17.600000 3.5127722788179638e-01 
17.800000 3.4695196617403040e-01 
18.000000 3.4257613164748046e-01 
18.200000 3.3816424690785030e-01 
18.400000 3.3373106383799978e-01 
18.600000 3.2929137355862725e-01 
18.800000 3.2485982213320963e-01 
19.000000 3.2045073592390044e-01 
19.200000 3.1607795998722976e-01 
19.400000 3.1175471231246044e-01 
19.600000 3.0749345608135203e-01 
19.800000 3.0330579148837050e-01 
20.000000 2.9920236802571676e-01 
20.200000 2.9519281753205046e-01 
20.400000 2.9128570774940299e-01 
20.600000 2.8748851563773525e-01 
20.800000 2.8380761927276343e-01 
21.000000 2.8024830680682794e-01 
21.200000 2.7681480070990350e-01 
21.400000 2.7351029532613380e-01 
21.600000 2.7033700567816987e-01 
21.800000 2.6729622542041015e-01 
22.000000 2.6438839187519825e-01 
22.200000 2.6161315617374220e-01 
22.400000 2.5896945665495136e-01 
22.600000 2.5645559384052558e-01 
22.800000 2.5406930549224233e-01 
23.000000 2.5180784045857774e-01 
23.200000 2.4966803022382550e-01 
23.400000 2.4764635727618103e-01 
23.600000 2.4573901960599406e-01 
23.800000 2.4394199082682103e-01 
24.000000 2.4225107557703884e-01 
24.200000 2.4066196000606624e-01 
24.400000 2.3917025727595934e-01 
24.600000 2.3777154811588508e-01 
24.800000 2.3646141655438060e-01 
25.000000 2.3523548102351227e-01 
25.200000 2.3408942108144948e-01 
25.400000 2.3301900003741866e-01 
25.600000 2.3202008378740199e-01 
25.800000 2.3108865618216334e-01 
26.000000 2.3022083125311441e-01 
26.200000 2.2941286261798124e-01 
26.400000 2.2866115037877374e-01 
26.600000 2.2796224581061697e-01 
26.800000 2.2731285412289820e-01 
27.000000 2.2670983555487689e-01 
27.200000 2.2615020504742406e-01 
27.400000 2.2563113071153082e-01 
27.600000 2.2514993129327268e-01 
27.800000 2.2470407281446780e-01 
28.000000 2.2429116454869916e-01 
28.200000 2.2390895447382597e-01 
28.400000 2.2355532432485553e-01 
28.600000 2.2322828435504852e-01 
28.800000 2.2292596789853425e-01 
29.000000 2.2264662581440348e-01 
29.200000 2.2238862088027991e-01 
29.400000 2.2215042219263970e-01 
29.600000 2.2193059962156780e-01 
29.800000 2.2172781835920302e-01 
30.000000 2.2154083359365459e-01 
30.200000 2.2136848533367423e-01 
30.400000 2.2120969340367513e-01 
30.600000 2.2106345262381374e-01 
30.800000 2.2092882818560447e-01 
31.000000 2.2080495122997226e-01 
31.200000 2.2069101463157401e-01 
31.400000 2.2058626899066802e-01 
31.600000 2.2049001883169284e-01 
31.800000 2.2040161900592556e-01 
32.000000 2.2032047129421223e-01 
32.200000 2.2024602120459325e-01 
32.400000 2.2017775495876393e-01 
32.600000 2.2011519666066301e-01 
32.800000 2.2005790563996783e-01 
33.000000 2.2000547396295597e-01 
33.200000 2.1995752410300851e-01 
33.400000 2.1991370676291921e-01 
33.600000 2.1987369884119640e-01 
33.800000 2.1983720153462766e-01 
34.000000 2.1980393856949179e-01 
34.200000 2.1977365455402934e-01 
34.400000 2.1974611344497041e-01 
34.600000 2.1972109712119342e-01 
34.800000 2.1969840405786054e-01 
35.000000 2.1967784809465624e-01 
35.200000 2.1965925729205094e-01 
35.400000 2.1964247286981878e-01 
35.600000 2.1962734822234131e-01 
35.800000 2.1961374800549377e-01 
36.000000 2.1960154729026596e-01 
36.200000 2.1959063077847238e-01 
36.400000 2.1958089207626058e-01 
36.600000 2.1957223302132747e-01 
36.800000 2.1956456306005581e-01 
37.000000 2.1955779867099817e-01 
37.200000 2.1955186283137082e-01 
37.400000 2.1954668452346227e-01 
37.600000 2.1954219827804136e-01 
37.800000 2.1953834375205813e-01 
38.000000 2.1953506533813488e-01 
38.200000 2.1953231180348357e-01 
38.400000 2.1953003595608284e-01 
38.600000 2.1952819433609130e-01 
38.800000 2.1952674693060667e-01 
39.000000 2.1952565691003681e-01 
39.200000 2.1952489038445611e-01 
39.400000 2.1952441617845314e-01 
39.600000 2.1952420562306862e-01 
39.800000 2.1952423236354446e-01 
40.000000 2.1952447218169477e-01 
40.200000 2.1952490283175968e-01 
40.400000 2.1952550388878203e-01 
40.600000 2.1952625660849059e-01 
40.800000 2.1952714379785521e-01 
41.000000 2.1952814969550358e-01 
41.200000 2.1952925986123684e-01 
41.400000 2.1953046107394808e-01 
41.600000 2.1953174123732072e-01 
41.800000 2.1953308929270174e-01 
42.000000 2.1953449513860435e-01 
42.200000 2.1953594955633987e-01 
42.400000 2.1953744414130871e-01 
42.600000 2.1953897123951235e-01 
42.800000 2.1954052388890349e-01 
43.000000 2.1954209576518852e-01 
43.200000 2.1954368113175574e-01 
43.400000 2.1954527479340677e-01 
43.600000 2.1954687205360596e-01 
43.800000 2.1954846867497715e-01 
44.000000 2.1955006084280562e-01 
44.200000 2.1955164513130482e-01 
44.400000 2.1955321847245401e-01 
44.600000 2.1955477812719626e-01 
44.800000 2.1955632165882716e-01 
45.000000 2.1955784690840580e-01 
45.200000 2.1955935197202936e-01 
45.400000 2.1956083517984074e-01 
45.600000 2.1956229507662606e-01 
45.800000 2.1956373040389127e-01 
46.000000 2.1956514008330003e-01 
46.200000 2.1956652320137388e-01 
46.400000 2.1956787899535959e-01 
46.600000 2.1956920684016959e-01 
46.800000 2.1957050623632454e-01 
47.000000 2.1957177679881587e-01 
47.200000 2.1957301824681993e-01 
47.400000 2.1957423039420271e-01 
47.600000 2.1957541314075499e-01 
47.800000 2.1957656646410109e-01 
48.000000 2.1957769041223263e-01 
48.200000 2.1957878509662196e-01 
48.400000 2.1957985068586822e-01 
48.600000 2.1958088739984150e-01 
48.800000 2.1958189550428581e-01 
49.000000 2.1958287530584186e-01 
49.200000 2.1958382714746866e-01 
49.400000 2.1958475140422481e-01 
49.600000 2.1958564847938855e-01 
49.800000 2.1958651880088889e-01 
50.000000 2.1958736281802682e-01 
50.200000 2.1958818099846181e-01 
50.400000 2.1958897382544904e-01 
50.600000 2.1958974179530436e-01 
50.800000 2.1959048541507889e-01 
51.000000 2.1959120520043615e-01 
51.200000 2.1959190167370590e-01 
51.400000 2.1959257536211249e-01 
51.600000 2.1959322679615217e-01 
51.800000 2.1959385650812011e-01 
52.000000 2.1959446503077260e-01 
52.200000 2.1959505289610493e-01 
52.400000 2.1959562063425411e-01 
52.600000 2.1959616877250204e-01 
52.800000 2.1959669783437760e-01 
53.000000 2.1959720833884752e-01 
53.200000 2.1959770079959512e-01 
53.400000 2.1959817572437729e-01 
53.600000 2.1959863361444509e-01 
53.800000 2.1959907496403949e-01 
54.000000 2.1959950025994451e-01 
54.200000 2.1959990998109633e-01 
54.400000 2.1960030459824306e-01 
54.600000 2.1960068457365739e-01 
54.800000 2.1960105036088817e-01 
55.000000 2.1960140240455353e-01 
55.200000 2.1960174114017347e-01 
55.400000 2.1960206699403617e-01 
55.600000 2.1960238038309265e-01 
55.800000 2.1960268171488362e-01 
56.000000 2.1960297138749316e-01 
56.200000 2.1960324978952003e-01 
56.400000 2.1960351730008013e-01 
56.600000 2.1960377428882660e-01 
56.800000 2.1960402111597618e-01 
57.000000 2.1960425813237330e-01 
57.200000 2.1960448567955146e-01 
57.400000 2.1960470408981711e-01 
57.600000 2.1960491368633911e-01 
57.800000 2.1960511478325706e-01 
58.000000 2.1960530768579548e-01 
58.200000 2.1960549269038274e-01 
58.400000 2.1960567008478096e-01 
58.600000 2.1960584014822990e-01 
58.800000 2.1960600315158291e-01 
59.000000 2.1960615935745287e-01 
59.200000 2.1960630902037589e-01 
59.400000 2.1960645238695109e-01 
59.600000 2.1960658969601490e-01 
59.800000 2.1960672117879121e-01 
60.000000 2.1960684705905803e-01 
60.200000 2.1960696755331618e-01 
60.400000 2.1960708287094682e-01 
60.600000 2.1960719321438832e-01 
60.800000 2.1960729877929042e-01 
61.000000 2.1960739975469062e-01 
61.200000 2.1960749632317492e-01 
61.400000 2.1960758866104160e-01 
61.600000 2.1960767693847261e-01 
61.800000 2.1960776131968138e-01 
62.000000 2.1960784196310082e-01 
62.200000 2.1960791902150775e-01 
62.400000 2.1960799264220673e-01 
62.600000 2.1960806296718022e-01 
62.800000 2.1960813013322994e-01 
63.000000 2.1960819427214709e-01 
63.200000 2.1960825551084612e-01 
63.400000 2.1960831397152181e-01 
63.600000 2.1960836977178338e-01 
63.800000 2.1960842302480538e-01 
64.000000 2.1960847383944490e-01 
64.200000 2.1960852232041522e-01 
64.400000 2.1960856856838659e-01 
64.600000 2.1960861268012105e-01 
64.800000 2.1960865474861269e-01 
65.000000 2.1960869486320203e-01 
65.200000 2.1960873310970150e-01 
65.400000 2.1960876957050052e-01 
65.600000 2.1960880432471513e-01 
65.800000 2.1960883744826026e-01 
66.000000 2.1960886901398258e-01 
66.200000 2.1960889909176617e-01 
66.400000 2.1960892774862897e-01 
66.600000 2.1960895504883018e-01 
66.800000 2.1960898105397419e-01 
67.000000 2.1960900582308832e-01 
67.200000 2.1960902941273297e-01 
67.400000 2.1960905187709326e-01 
67.600000 2.1960907326804929e-01 
67.800000 2.1960909363528938e-01 
68.000000 2.1960911302634883e-01 
68.200000 2.1960913148674185e-01 
68.400000 2.1960914906001627e-01 
68.600000 2.1960916578780559e-01 
68.800000 2.1960918170994825e-01 
69.000000 2.1960919686452010e-01 
69.200000 2.1960921128791350e-01 
69.400000 2.1960922501492289e-01 
69.600000 2.1960923807879193e-01 
69.800000 2.1960925051124605e-01 
70.000000 2.1960926234261796e-01 
70.200000 2.1960927360185925e-01 
70.400000 2.1960928431660451e-01 
70.600000 2.1960929451323261e-01 
70.800000 2.1960930421689709e-01 
71.000000 2.1960931345159970e-01 
71.200000 2.1960932224025112e-01 
71.400000 2.1960933060468246e-01 
71.600000 2.1960933856569878e-01 
71.800000 2.1960934614314515e-01 
72.000000 2.1960935335592885e-01 
72.200000 2.1960936022205721e-01 
72.400000 2.1960936675867795e-01 
72.600000 2.1960937298214062e-01 
72.800000 2.1960937890799029e-01 
73.000000 2.1960938455105306e-01 
73.200000 2.1960938992541446e-01 
73.400000 2.1960939504446481e-01 
73.600000 2.1960939992100503e-01 
73.800000 2.1960940456712522e-01 
74.000000 2.1960940899440307e-01 
74.200000 2.1960941321378941e-01 
74.400000 2.1960941723571362e-01 
74.600000 2.1960942107012013e-01 
74.800000 2.1960942472638836e-01 
75.000000 2.1960942821350404e-01 
75.200000 2.1960943153996582e-01 
75.400000 2.1960943471382180e-01 
75.600000 2.1960943774276442e-01 
75.800000 2.1960944063407550e-01 
76.000000 2.1960944339465324e-01 
76.200000 2.1960944603106866e-01 
76.400000 2.1960944854954872e-01 
76.600000 2.1960945095599016e-01 
76.800000 2.1960945325600428e-01 
77.000000 2.1960945545489144e-01 
77.200000 2.1960945755771447e-01 
77.400000 2.1960945956924482e-01 
77.600000 2.1960946149402225e-01 
77.800000 2.1960946333631454e-01 
78.000000 2.1960946510024015e-01 
78.200000 2.1960946678963011e-01 
78.400000 2.1960946840814100e-01 
78.600000 2.1960946995926137e-01 
78.800000 2.1960947144625456e-01 
79.000000 2.1960947287224150e-01 
79.200000 2.1960947424019375e-01 
79.400000 2.1960947555287028e-01 
79.600000 2.1960947681295195e-01 
79.800000 2.1960947802292230e-01 
80.000000 2.1960947918515916e-01 
80.200000 2.1960948030193495e-01 
80.400000 2.1960948137535161e-01 
80.600000 2.1960948240744274e-01 
80.800000 2.1960948340012101e-01 
81.000000 2.1960948435519845e-01 
81.200000 2.1960948527438096e-01 
81.400000 2.1960948615930645e-01 
81.600000 2.1960948701150992e-01 
81.800000 2.1960948783246428e-01 
82.000000 2.1960948862352003e-01 
82.200000 2.1960948938602709e-01 
82.400000 2.1960949012118902e-01 
82.600000 2.1960949083020712e-01 
82.800000 2.1960949151419976e-01 
83.000000 2.1960949217421344e-01 
83.200000 2.1960949281126069e-01 
83.400000 2.1960949342628994e-01 
83.600000 2.1960949402020905e-01 
83.800000 2.1960949459386803e-01 
84.000000 2.1960949514809128e-01 
84.200000 2.1960949568364332e-01 
84.400000 2.1960949620126990e-01 
84.600000 2.1960949670164745e-01 
84.800000 2.1960949718545489e-01 
85.000000 2.1960949765332996e-01 
85.200000 2.1960949810585867e-01 
85.400000 2.1960949854362938e-01 
85.600000 2.1960949896715989e-01 
85.800000 2.1960949937700550e-01 
86.000000 2.1960949977360680e-01 
86.200000 2.1960950015749414e-01 
86.400000 2.1960950052907949e-01 
86.600000 2.1960950088879808e-01 
86.800000 2.1960950123707382e-01 
87.000000 2.1960950157425668e-01 
87.200000 2.1960950190076636e-01 
87.400000 2.1960950221694903e-01 
87.600000 2.1960950252312936e-01 
87.800000 2.1960950281963618e-01 
88.000000 2.1960950310680163e-01 
88.200000 2.1960950338491672e-01 
88.400000 2.1960950365426105e-01 
88.600000 2.1960950391513179e-01 
88.800000 2.1960950416778627e-01 
89.000000 2.1960950441247234e-01 
89.200000 2.1960950464943274e-01 
89.400000 2.1960950487892980e-01 
89.600000 2.1960950510116325e-01 
89.800000 2.1960950531634937e-01 
90.000000 2.1960950552472858e-01 
90.200000 2.1960950572647581e-01 
90.400000 2.1960950592180417e-01 
90.600000 2.1960950611089861e-01 
90.800000 2.1960950629394679e-01 
91.000000 2.1960950647112673e-01 
91.200000 2.1960950664259432e-01 
91.400000 2.1960950680853500e-01 
91.600000 2.1960950696910103e-01 
91.800000 2.1960950712445210e-01 
92.000000 2.1960950727471790e-01 
92.200000 2.1960950742007307e-01 
92.400000 2.1960950756065484e-01 
92.600000 2.1960950769658960e-01 
92.800000 2.1960950782801722e-01 
93.000000 2.1960950795506187e-01 
93.200000 2.1960950807785298e-01 
93.400000 2.1960950819651645e-01 
93.600000 2.1960950831116632e-01 
93.800000 2.1960950842191140e-01 
94.000000 2.1960950852888109e-01 
94.200000 2.1960950863218731e-01 
94.400000 2.1960950873190679e-01 
94.600000 2.1960950882817182e-01 
94.800000 2.1960950892108114e-01 
95.000000 2.1960950901071788e-01 
95.200000 2.1960950909718724e-01 
95.400000 2.1960950918057956e-01 
95.600000 2.1960950926098988e-01 
95.800000 2.1960950933851031e-01 
96.000000 2.1960950941320198e-01 
96.200000 2.1960950948518249e-01 
96.400000 2.1960950955452446e-01 
96.600000 2.1960950962128500e-01 
96.800000 2.1960950968557216e-01 
97.000000 2.1960950974744975e-01 
97.200000 2.1960950980698088e-01 
97.400000 2.1960950986425434e-01 
97.600000 2.1960950991932560e-01 
97.800000 2.1960950997226547e-01 
98.000000 2.1960951002315801e-01 
98.200000 2.1960951007206791e-01 
98.400000 2.1960951011902577e-01 
98.600000 2.1960951016412575e-01 
98.800000 2.1960951020739949e-01 
99.000000 2.1960951024894962e-01 
99.200000 2.1960951028878259e-01 
99.400000 2.1960951032698792e-01 
99.600000 2.1960951036359999e-01 
99.800000 2.1960951039868890e-01 
100.000000 2.1960951043229218e-01 
100.200000 2.1960951046446334e-01 
100.400000 2.1960951049525260e-01 
100.600000 2.1960951052470132e-01 
100.800000 2.1960951055288228e-01 
101.000000 2.1960951057979625e-01 
101.200000 2.1960951060552550e-01 
101.400000 2.1960951063009171e-01 
101.600000 2.1960951065354259e-01 
101.800000 2.1960951067591364e-01 
102.000000 2.1960951069724907e-01 
102.200000 2.1960951071757476e-01 
102.400000 2.1960951073694218e-01 
102.600000 2.1960951075537785e-01 
102.800000 2.1960951077291929e-01 
103.000000 2.1960951078961402e-01 
103.200000 2.1960951080545932e-01 
103.400000 2.1960951082052368e-01 
103.600000 2.1960951083482436e-01 
103.800000 2.1960951084838676e-01 
104.000000 2.1960951086123762e-01 
104.200000 2.1960951087340033e-01 
104.400000 2.1960951088494082e-01 
104.600000 2.1960951089583611e-01 
104.800000 2.1960951090612121e-01 
105.000000 2.1960951091584882e-01 
105.200000 2.1960951092501990e-01 
105.400000 2.1960951093366315e-01 
105.600000 2.1960951094178777e-01 
105.800000 2.1960951094944514e-01 
106.000000 2.1960951095663353e-01 
106.200000 2.1960951096337811e-01 
106.400000 2.1960951096970638e-01 
106.600000 2.1960951097561832e-01 
106.800000 2.1960951098114748e-01 
107.000000 2.1960951098631573e-01 
107.200000 2.1960951099111808e-01 
107.400000 2.1960951099559498e-01 
107.600000 2.1960951099974826e-01 
107.800000 2.1960951100359594e-01 
108.000000 2.1960951100714865e-01 
108.200000 2.1960951101042483e-01 
108.400000 2.1960951101344919e-01 
108.600000 2.1960951101622406e-01 
108.800000 2.1960951101875389e-01 
109.000000 2.1960951102106274e-01 
109.200000 2.1960951102316367e-01 
109.400000 2.1960951102505100e-01 
109.600000 2.1960951102677176e-01 
109.800000 2.1960951102827242e-01 
110.000000 2.1960951102963067e-01 
110.200000 2.1960951103082413e-01 
110.400000 2.1960951103186083e-01 
110.600000 2.1960951103275211e-01 
110.800000 2.1960951103351645e-01 
111.000000 2.1960951103414600e-01 
111.200000 2.1960951103466572e-01 
111.400000 2.1960951103506610e-01 
111.600000 2.1960951103536636e-01 
111.800000 2.1960951103555890e-01 
112.000000 2.1960951103568138e-01 
112.200000 2.1960951103570539e-01 
112.400000 2.1960951103565368e-01 
112.600000 2.1960951103551488e-01 
112.800000 2.1960951103532061e-01 
113.000000 2.1960951103506987e-01 
113.200000 2.1960951103473775e-01 
113.400000 2.1960951103437049e-01 
113.600000 2.1960951103395157e-01 
113.800000 2.1960951103348869e-01 
114.000000 2.1960951103297907e-01 
114.200000 2.1960951103243040e-01 
114.400000 2.1960951103185114e-01 
114.600000 2.1960951103124052e-01 
114.800000 2.1960951103060214e-01 
115.000000 2.1960951102993895e-01 
115.200000 2.1960951102926518e-01 
115.400000 2.1960951102855580e-01 
115.600000 2.1960951102784523e-01 
115.800000 2.1960951102710491e-01 
116.000000 2.1960951102636320e-01 
116.200000 2.1960951102560616e-01 
116.400000 2.1960951102485354e-01 
116.600000 2.1960951102409387e-01 
116.800000 2.1960951102332960e-01 
117.000000 2.1960951102255302e-01 
117.200000 2.1960951102177681e-01 
117.400000 2.1960951102101756e-01 
117.600000 2.1960951102024928e-01 
117.800000 2.1960951101947443e-01 
118.000000 2.1960951101872275e-01 
118.200000 2.1960951101796866e-01 
118.400000 2.1960951101721807e-01 
118.600000 2.1960951101647652e-01 
118.800000 2.1960951101575291e-01 
119.000000 2.1960951101503123e-01 
119.200000 2.1960951101430964e-01 
119.400000 2.1960951101361570e-01 
119.600000 2.1960951101292178e-01 
119.800000 2.1960951101222792e-01 
120.000000 2.1960951101156792e-01 
120.200000 2.1960951101090934e-01 
120.400000 2.1960951101027695e-01 
120.600000 2.1960951100964665e-01 
120.800000 2.1960951100901707e-01 
121.000000 2.1960951100842271e-01 
121.200000 2.1960951100782442e-01 
121.400000 2.1960951100725967e-01 
121.600000 2.1960951100669118e-01 
121.800000 2.1960951100613499e-01 
122.000000 2.1960951100560830e-01 
122.200000 2.1960951100509446e-01 
122.400000 2.1960951100456949e-01 
122.600000 2.1960951100409548e-01 
122.800000 2.1960951100359594e-01 
123.000000 2.1960951100313345e-01 
123.200000 2.1960951100268769e-01 
123.400000 2.1960951100224260e-01 
123.600000 2.1960951100181958e-01 
123.800000 2.1960951100140830e-01 
124.000000 2.1960951100101467e-01 
124.200000 2.1960951100062298e-01 
124.400000 2.1960951100024237e-01 
124.600000 2.1960951099987672e-01 
124.800000 2.1960951099954362e-01 
125.000000 2.1960951099920298e-01 
125.200000 2.1960951099888448e-01 
125.400000 2.1960951099856993e-01 
125.600000 2.1960951099826689e-01 
125.800000 2.1960951099798046e-01 
126.000000 2.1960951099769815e-01 
126.200000 2.1960951099743206e-01 
126.400000 2.1960951099717194e-01 
126.600000 2.1960951099690690e-01 
126.800000 2.1960951099668488e-01 
127.000000 2.1960951099646278e-01 
127.200000 2.1960951099624074e-01 
127.400000 2.1960951099603571e-01 
127.600000 2.1960951099582637e-01 
127.800000 2.1960951099565360e-01 
128.000000 2.1960951099546208e-01 
128.200000 2.1960951099529416e-01 
128.400000 2.1960951099512527e-01 
128.600000 2.1960951099496259e-01 
128.800000 2.1960951099481041e-01 
129.000000 2.1960951099468010e-01 
129.200000 2.1960951099453155e-01 
129.400000 2.1960951099440879e-01 
129.600000 2.1960951099427253e-01 
129.800000 2.1960951099415907e-01 
130.000000 2.1960951099404996e-01 
130.200000 2.1960951099395207e-01 
130.400000 2.1960951099385373e-01 
130.600000 2.1960951099376194e-01 
130.800000 2.1960951099367143e-01 
131.000000 2.1960951099358661e-01 
131.200000 2.1960951099351456e-01 
131.400000 2.1960951099343851e-01 
131.600000 2.1960951099337533e-01 
131.800000 2.1960951099329870e-01 
132.000000 2.1960951099324313e-01 
132.200000 2.1960951099319170e-01 
132.400000 2.1960951099313444e-01 
132.600000 2.1960951099309489e-01 
132.800000 2.1960951099304873e-01 
133.000000 2.1960951099300041e-01 
133.200000 2.1960951099296527e-01 
133.400000 2.1960951099292858e-01 
133.600000 2.1960951099290019e-01 
133.800000 2.1960951099285456e-01 
134.000000 2.1960951099285042e-01 
134.200000 2.1960951099282669e-01 
134.400000 2.1960951099279899e-01 
134.600000 2.1960951099278003e-01 
134.800000 2.1960951099275214e-01 
135.000000 2.1960951099274353e-01 
135.200000 2.1960951099274295e-01 
135.400000 2.1960951099271578e-01 
135.600000 2.1960951099271522e-01 
135.800000 2.1960951099269815e-01 
136.000000 2.1960951099269718e-01 
136.200000 2.1960951099268808e-01 
136.400000 2.1960951099268761e-01 
136.600000 2.1960951099268730e-01 
136.800000 2.1960951099268480e-01 
137.000000 2.1960951099267748e-01 
137.200000 2.1960951099268730e-01 
137.400000 2.1960951099268808e-01 
137.600000 2.1960951099268808e-01 
137.800000 2.1960951099268844e-01 
138.000000 2.1960951099269113e-01 
138.200000 2.1960951099269124e-01 
138.400000 2.1960951099271486e-01 
138.600000 2.1960951099271486e-01 
138.800000 2.1960951099271583e-01 
139.000000 2.1960951099272721e-01 
139.200000 2.1960951099274262e-01 
139.400000 2.1960951099274295e-01 
139.600000 2.1960951099275056e-01 
139.800000 2.1960951099277015e-01 
140.000000 2.1960951099277015e-01 
140.200000 2.1960951099278128e-01 
140.400000 2.1960951099279799e-01 
140.600000 2.1960951099280368e-01 
140.800000 2.1960951099282608e-01 
141.000000 2.1960951099282608e-01 
141.200000 2.1960951099283532e-01 
141.400000 2.1960951099285342e-01 
141.600000 2.1960951099285370e-01 
141.800000 2.1960951099285456e-01 
142.000000 2.1960951099286347e-01 
142.200000 2.1960951099288228e-01 
142.400000 2.1960951099289111e-01 
142.600000 2.1960951099289844e-01 
142.800000 2.1960951099291007e-01 
143.000000 2.1960951099291820e-01 
143.200000 2.1960951099292889e-01 
143.400000 2.1960951099293785e-01 
143.600000 2.1960951099294726e-01 
143.800000 2.1960951099296427e-01 
144.000000 2.1960951099296558e-01 
144.200000 2.1960951099298451e-01 
144.400000 2.1960951099299303e-01 
144.600000 2.1960951099299331e-01 
144.800000 2.1960951099299669e-01 
145.000000 2.1960951099302053e-01 
145.200000 2.1960951099302106e-01 
145.400000 2.1960951099302106e-01 
145.600000 2.1960951099302869e-01 
145.800000 2.1960951099304801e-01 
146.000000 2.1960951099304885e-01 
146.200000 2.1960951099304885e-01 
146.400000 2.1960951099305848e-01 
146.600000 2.1960951099306245e-01 
146.800000 2.1960951099307657e-01 
147.000000 2.1960951099307657e-01 
147.200000 2.1960951099307660e-01 
147.400000 2.1960951099308415e-01 
147.600000 2.1960951099308634e-01 
147.800000 2.1960951099310433e-01 
148.000000 2.1960951099310433e-01 
148.200000 2.1960951099310433e-01 
148.400000 2.1960951099310433e-01 
148.600000 2.1960951099310441e-01 
148.800000 2.1960951099311715e-01 
149.000000 2.1960951099312304e-01 
149.200000 2.1960951099312304e-01 
149.400000 2.1960951099312304e-01 
149.600000 2.1960951099312304e-01 
149.800000 2.1960951099312304e-01 
