0.000000 2.9100797549926233e-01 
0.200000 2.9109076198187722e-01 
0.400000 2.9112760816936240e-01 
0.600000 2.9111849112584459e-01 
0.800000 2.9106340966247646e-01 
1.000000 2.9096238434245492e-01 
1.200000 2.9081545746816290e-01 
1.400000 2.9062269305045518e-01 
1.600000 2.9038417676011830e-01 
1.800000 2.9010900644929888e-01 
2.000000 2.8979990779956966e-01 
2.200000 2.8945858218450232e-01 
2.400000 2.8908598865677315e-01 
2.600000 2.8868246253532143e-01 
2.800000 2.8824774472839720e-01 
3.000000 2.8778087105294620e-01 
3.200000 2.8732045736325695e-01 
3.400000 2.8682701971456792e-01 
3.600000 2.8630463574220677e-01 
3.800000 2.8575518569606734e-01 
4.000000 2.8517910532961183e-01 
4.200000 2.8457694808415840e-01 
4.400000 2.8394921962151787e-01 
4.600000 2.8329645948968113e-01 
4.800000 2.8261921670471379e-01 
5.000000 2.8191809360573145e-01 
5.200000 2.8119374908368622e-01 
5.400000 2.8044690472836281e-01 
5.600000 2.7967831490408979e-01 
5.800000 2.7888891268548288e-01 
6.000000 2.7807922893022391e-01 
6.200000 2.7724940861063907e-01 
6.400000 2.7640039893540908e-01 
6.600000 2.7553296381672476e-01 
6.800000 2.7464794074487153e-01 
7.000000 2.7374622335064003e-01 
7.200000 2.7282875966794873e-01 
7.400000 2.7189651484753802e-01 
7.600000 2.7095048778046937e-01 
7.800000 2.6999170927358207e-01 
8.000000 2.6902123852082560e-01 
8.200000 2.6804015983653662e-01 
8.400000 2.6704957858392581e-01 
8.600000 2.6605062642254262e-01 
8.800000 2.6504446850232988e-01 
9.000000 2.6403227808166679e-01 
9.200000 2.6301523596689397e-01 
9.400000 2.6199450697995685e-01 
9.600000 2.6097126413537908e-01 
9.800000 2.5994668606794019e-01 
10.000000 2.5892195828006137e-01 
10.200000 2.5789826383666337e-01 
10.400000 2.5687677819599214e-01 
10.600000 2.5585866459427037e-01 
10.800000 2.5484506956416947e-01 
11.000000 2.5383711903905926e-01 
11.200000 2.5283591461055394e-01 
11.400000 2.5184252964483211e-01 
11.600000 2.5085800658840213e-01 
11.800000 2.4988335120460223e-01 
12.000000 2.4891953089160362e-01 
12.200000 2.4796747153700344e-01 
12.400000 2.4702805646390744e-01 
12.600000 2.4610212313655985e-01 
12.800000 2.4519046144454584e-01 
13.000000 2.4429381140760092e-01 
13.200000 2.4341286165493167e-01 
13.400000 2.4254824791486596e-01 
13.600000 2.4170055208367741e-01 
13.800000 2.4087030163413331e-01 
14.000000 2.4005796927488046e-01 
14.200000 2.3926397291784515e-01 
14.400000 2.3848867597096235e-01 
14.600000 2.3773238782365738e-01 
14.800000 2.3699536469086316e-01 
15.000000 2.3627781067825304e-01 
15.200000 2.3557987911282857e-01 
15.400000 2.3490167399453679e-01 
15.600000 2.3424325166231152e-01 
15.800000 2.3360462261936493e-01 
16.000000 2.3298575353977885e-01 
16.200000 2.3238656937297211e-01 
16.400000 2.3180695555547176e-01 
16.600000 2.3124676029701816e-01 
16.800000 2.3070579693110627e-01 
17.000000 2.3018384630721769e-01 
17.200000 2.2968065920097436e-01 
17.400000 2.2919595872561335e-01 
17.600000 2.2872944273115245e-01 
17.800000 2.2828078617150646e-01 
18.000000 2.2784964343040723e-01 
18.200000 2.2743565059235113e-01 
18.400000 2.2703842765149454e-01 
18.600000 2.2665758064583078e-01 
18.800000 2.2629270370938073e-01 
19.000000 2.2594338103582193e-01 
19.200000 2.2560918875114677e-01 
19.400000 2.2528969669116344e-01 
19.600000 2.2498447008194847e-01 
19.800000 2.2469307112148748e-01 
20.000000 2.2441506046241805e-01 
20.200000 2.2414999859615722e-01 
20.400000 2.2389744713966805e-01 
20.600000 2.2365697002626145e-01 
20.800000 2.2342813460281369e-01 
21.000000 2.2321051263547462e-01 
21.200000 2.2300368122643541e-01 
21.400000 2.2280722364439470e-01 
21.600000 2.2262073007189634e-01 
21.800000 2.2244379827264643e-01 
22.000000 2.2227603418213424e-01 
22.200000 2.2211705242482774e-01 
22.400000 2.2196647676137224e-01 
22.600000 2.2182394046919948e-01 
22.800000 2.2168908666001244e-01 
23.000000 2.2156156853765296e-01 
23.200000 2.2144104959988567e-01 
23.400000 2.2132720378763626e-01 
23.600000 2.2121971558521292e-01 
23.800000 2.2111828007499085e-01 
24.000000 2.2102260295001264e-01 
24.200000 2.2093240048789656e-01 
24.400000 2.2084739948938376e-01 
24.600000 2.2076733718476738e-01 
24.800000 2.2069196111132680e-01 
25.000000 2.2062102896480087e-01 
25.200000 2.2055430842778956e-01 
25.400000 2.2049157697785804e-01 
25.600000 2.2043262167798344e-01 
25.800000 2.2037723895182898e-01 
26.000000 2.2032523434619439e-01 
26.200000 2.2027642228284486e-01 
26.400000 2.2023062580175753e-01 
26.600000 2.2018767629770580e-01 
26.800000 2.2014741325190809e-01 
27.000000 2.2010968396037361e-01 
27.200000 2.2007434326040751e-01 
27.400000 2.2004125325660040e-01 
27.600000 2.2001028304752332e-01 
27.800000 2.1998130845418848e-01 
28.000000 2.1995421175125501e-01 
28.200000 2.1992888140181549e-01 
28.400000 2.1990521179651940e-01 
28.600000 2.1988310299767280e-01 
28.800000 2.1986246048886354e-01 
29.000000 2.1984319493059579e-01 
29.200000 2.1982522192230669e-01 
29.400000 2.1980846177109115e-01 
29.600000 2.1979283926738299e-01 
29.800000 2.1977828346778436e-01 
30.000000 2.1976472748517278e-01 
30.200000 2.1975210828617839e-01 
30.400000 2.1974036649606943e-01 
30.600000 2.1972944621104532e-01 
30.800000 2.1971929481790864e-01 
31.000000 2.1970986282104663e-01 
31.200000 2.1970110367663639e-01 
31.400000 2.1969297363395102e-01 
31.600000 2.1968543158364168e-01 
31.800000 2.1967843891282904e-01 
32.000000 2.1967195936685877e-01 
32.200000 2.1966595891751770e-01 
32.400000 2.1966040563754413e-01 
32.600000 2.1965526958122497e-01 
32.800000 2.1965052267088972e-01 
33.000000 2.1964613858908327e-01 
33.200000 2.1964209267622550e-01 
33.400000 2.1963836183354385e-01 
33.600000 2.1963492443107147e-01 
33.800000 2.1963176022050582e-01 
34.000000 2.1962885025272924e-01 
34.200000 2.1962617679978441e-01 
34.400000 2.1962372328111066e-01 
34.600000 2.1962147419384911e-01 
34.800000 2.1961941504703075e-01 
35.000000 2.1961753229945649e-01 
35.200000 2.1961581330110186e-01 
35.400000 2.1961424623786505e-01 
35.600000 2.1961282007949989e-01 
35.800000 2.1961152453056385e-01 
36.000000 2.1961034998423468e-01 
36.200000 2.1960928747884620e-01 
36.400000 2.1960832865698740e-01 
36.600000 2.1960746572704773e-01 
36.800000 2.1960669142706343e-01 
37.000000 2.1960599899074271e-01 
37.200000 2.1960538211554695e-01 
37.400000 2.1960483493272642e-01 
37.600000 2.1960435197917813e-01 
37.800000 2.1960392817104671e-01 
38.000000 2.1960355877895160e-01 
38.200000 2.1960323940475243e-01 
38.400000 2.1960296595977175e-01 
38.600000 2.1960273464437122e-01 
38.800000 2.1960254192882295e-01 
39.000000 2.1960238453538020e-01 
39.200000 2.1960225942149161e-01 
39.400000 2.1960216376408023e-01 
39.600000 2.1960209494482774e-01 
39.800000 2.1960205053640025e-01 
40.000000 2.1960202828956202e-01 
40.200000 2.1960202612112012e-01 
40.400000 2.1960204210264375e-01 
40.600000 2.1960207444992499e-01 
40.800000 2.1960212151311992e-01 
41.000000 2.1960218176753279e-01 
41.200000 2.1960225380500484e-01 
41.400000 2.1960233632587653e-01 
41.600000 2.1960242813145883e-01 
41.800000 2.1960252811702022e-01 
42.000000 2.1960263526524088e-01 
42.200000 2.1960274864006346e-01 
42.400000 2.1960286738102502e-01 
42.600000 2.1960299069786424e-01 
42.800000 2.1960311786561829e-01 
43.000000 2.1960324821991539e-01 
43.200000 2.1960338115266620e-01 
43.400000 2.1960351610806608e-01 
43.600000 2.1960365257873504e-01 
43.800000 2.1960379010229616e-01 
44.000000 2.1960392825806108e-01 
44.200000 2.1960406666397914e-01 
44.400000 2.1960420497378158e-01 
44.600000 2.1960434287437408e-01 
44.800000 2.1960448008331715e-01 
45.000000 2.1960461634657413e-01 
45.200000 2.1960475143632363e-01 
45.400000 2.1960488514899507e-01 
45.600000 2.1960501730342444e-01 
45.800000 2.1960514773908238e-01 
46.000000 2.1960527631451152e-01 
46.200000 2.1960540290581207e-01 
46.400000 2.1960552740524192e-01 
46.600000 2.1960564971995045e-01 
46.800000 2.1960576977074517e-01 
47.000000 2.1960588749099627e-01 
47.200000 2.1960600282559578e-01 
47.400000 2.1960611572998051e-01 
47.600000 2.1960622616924175e-01 
47.800000 2.1960633411730290e-01 
48.000000 2.1960643955614445e-01 
48.200000 2.1960654247506972e-01 
48.400000 2.1960664287006165e-01 
48.600000 2.1960674074316261e-01 
48.800000 2.1960683610190107e-01 
49.000000 2.1960692895875303e-01 
49.200000 2.1960701933067187e-01 
49.400000 2.1960710723861732e-01 
49.600000 2.1960719270715545e-01 
49.800000 2.1960727576404923e-01 
50.000000 2.1960735643990845e-01 
50.200000 2.1960743476787034e-01 
50.400000 2.1960751078328616e-01 
50.600000 2.1960758452342846e-01 
50.800000 2.1960765602724741e-01 
51.000000 2.1960772533512440e-01 
51.200000 2.1960779248866091e-01 
51.400000 2.1960785753046713e-01 
51.600000 2.1960792050397368e-01 
51.800000 2.1960798145327784e-01 
52.000000 2.1960804042296955e-01 
52.200000 2.1960809745800286e-01 
52.400000 2.1960815260354952e-01 
52.600000 2.1960820590490557e-01 
52.800000 2.1960825740736575e-01 
53.000000 2.1960830715611065e-01 
53.200000 2.1960835519616839e-01 
53.400000 2.1960840157227135e-01 
53.600000 2.1960844632883095e-01 
53.800000 2.1960848950984543e-01 
54.000000 2.1960853115885298e-01 
54.200000 2.1960857131889019e-01 
54.400000 2.1960861003241919e-01 
54.600000 2.1960864734130614e-01 
54.800000 2.1960868328677621e-01 
55.000000 2.1960871790938910e-01 
55.200000 2.1960875124901211e-01 
55.400000 2.1960878334477876e-01 
55.600000 2.1960881423510689e-01 
55.800000 2.1960884395763228e-01 
56.000000 2.1960887254923939e-01 
56.200000 2.1960890004602709e-01 
56.400000 2.1960892648330052e-01 
56.600000 2.1960895189558610e-01 
56.800000 2.1960897631657933e-01 
57.000000 2.1960899977923193e-01 
57.200000 2.1960902231564486e-01 
57.400000 2.1960904395714964e-01 
57.600000 2.1960906473427524e-01 
57.800000 2.1960908467677193e-01 
58.000000 2.1960910381357765e-01 
58.200000 2.1960912217289144e-01 
58.400000 2.1960913978213684e-01 
58.600000 2.1960915666794009e-01 
58.800000 2.1960917285621750e-01 
59.000000 2.1960918837213894e-01 
59.200000 2.1960920324012914e-01 
59.400000 2.1960921748392243e-01 
59.600000 2.1960923112653005e-01 
59.800000 2.1960924419026204e-01 
60.000000 2.1960925669677278e-01 
60.200000 2.1960926866702202e-01 
60.400000 2.1960928012134090e-01 
60.600000 2.1960929107941901e-01 
60.800000 2.1960930156029482e-01 
61.000000 2.1960931158240404e-01 
61.200000 2.1960932116359394e-01 
61.400000 2.1960933032113031e-01 
61.600000 2.1960933907169017e-01 
61.800000 2.1960934743140251e-01 
62.000000 2.1960935541583776e-01 
62.200000 2.1960936304006592e-01 
62.400000 2.1960937031860547e-01 
62.600000 2.1960937726550647e-01 
62.800000 2.1960938389430223e-01 
63.000000 2.1960939021805800e-01 
63.200000 2.1960939624937351e-01 
63.400000 2.1960940200041895e-01 
63.600000 2.1960940748290195e-01 
63.800000 2.1960941270809967e-01 
64.000000 2.1960941768690442e-01 
64.200000 2.1960942242978143e-01 
64.400000 2.1960942694682875e-01 
64.600000 2.1960943124775709e-01 
64.800000 2.1960943534191191e-01 
65.000000 2.1960943923829346e-01 
65.200000 2.1960944294553678e-01 
65.400000 2.1960944647196728e-01 
65.600000 2.1960944982557268e-01 
65.800000 2.1960945301405677e-01 
66.000000 2.1960945604478158e-01 
66.200000 2.1960945892485229e-01 
66.400000 2.1960946166108458e-01 
66.600000 2.1960946426000322e-01 
66.800000 2.1960946672790174e-01 
67.000000 2.1960946907078713e-01 
67.200000 2.1960947129444411e-01 
67.400000 2.1960947340441306e-01 
67.600000 2.1960947540600764e-01 
67.800000 2.1960947730431524e-01 
68.000000 2.1960947910422390e-01 
68.200000 2.1960948081040418e-01 
68.400000 2.1960948242733175e-01 
68.600000 2.1960948395929730e-01 
68.800000 2.1960948541040348e-01 
69.000000 2.1960948678457842e-01 
69.200000 2.1960948808556738e-01 
69.400000 2.1960948931697918e-01 
69.600000 2.1960949048225248e-01 
69.800000 2.1960949158465728e-01 
70.000000 2.1960949262734425e-01 
70.200000 2.1960949361331134e-01 
70.400000 2.1960949454541484e-01 
70.600000 2.1960949542639627e-01 
70.800000 2.1960949625886353e-01 
71.000000 2.1960949704531352e-01 
71.200000 2.1960949778812450e-01 
71.400000 2.1960949848955061e-01 
71.600000 2.1960949915177089e-01 
71.800000 2.1960949977682936e-01 
72.000000 2.1960950036670696e-01 
72.200000 2.1960950092324885e-01 
72.400000 2.1960950144826724e-01 
72.600000 2.1960950194343778e-01 
72.800000 2.1960950241037361e-01 
73.000000 2.1960950285061764e-01 
73.200000 2.1960950326562867e-01 
73.400000 2.1960950365679704e-01 
73.600000 2.1960950402542789e-01 
73.800000 2.1960950437279106e-01 
74.000000 2.1960950470008270e-01 
74.200000 2.1960950500840304e-01 
74.400000 2.1960950529886303e-01 
74.600000 2.1960950557246015e-01 
74.800000 2.1960950583015504e-01 
75.000000 2.1960950607290125e-01 
75.200000 2.1960950630152390e-01 
75.400000 2.1960950651685165e-01 
75.600000 2.1960950671968915e-01 
75.800000 2.1960950691075876e-01 
76.000000 2.1960950709075169e-01 
76.200000 2.1960950726033571e-01 
76.400000 2.1960950742014318e-01 
76.600000 2.1960950757075859e-01 
76.800000 2.1960950771272916e-01 
77.000000 2.1960950784659641e-01 
77.200000 2.1960950797286938e-01 
77.400000 2.1960950809198232e-01 
77.600000 2.1960950820441541e-01 
77.800000 2.1960950831055565e-01 
78.000000 2.1960950841081453e-01 
78.200000 2.1960950850556638e-01 
78.400000 2.1960950859514333e-01 
78.600000 2.1960950867988649e-01 
78.800000 2.1960950876010030e-01 
79.000000 2.1960950883607980e-01 
79.200000 2.1960950890810418e-01 
79.400000 2.1960950897641141e-01 
79.600000 2.1960950904124893e-01 
79.800000 2.1960950910285179e-01 
80.000000 2.1960950916143063e-01 
80.200000 2.1960950921717326e-01 
80.400000 2.1960950927026798e-01 
80.600000 2.1960950932091416e-01 
80.800000 2.1960950936923665e-01 
81.000000 2.1960950941541221e-01 
81.200000 2.1960950945957403e-01 
81.400000 2.1960950950185276e-01 
81.600000 2.1960950954237607e-01 
81.800000 2.1960950958126868e-01 
82.000000 2.1960950961863512e-01 
82.200000 2.1960950965455686e-01 
82.400000 2.1960950968914639e-01 
82.600000 2.1960950972247079e-01 
82.800000 2.1960950975463422e-01 
83.000000 2.1960950978570903e-01 
83.200000 2.1960950981574531e-01 
83.400000 2.1960950984483565e-01 
83.600000 2.1960950987301223e-01 
83.800000 2.1960950990034925e-01 
84.000000 2.1960950992689304e-01 
84.200000 2.1960950995268053e-01 
84.400000 2.1960950997775841e-01 
84.600000 2.1960951000217463e-01 
84.800000 2.1960951002596368e-01 
85.000000 2.1960951004916499e-01 
85.200000 2.1960951007179813e-01 
85.400000 2.1960951009390695e-01 
85.600000 2.1960951011549107e-01 
85.800000 2.1960951013659541e-01 
86.000000 2.1960951015724753e-01 
86.200000 2.1960951017745239e-01 
86.400000 2.1960951019724645e-01 
86.600000 2.1960951021662364e-01 
86.800000 2.1960951023562431e-01 
87.000000 2.1960951025423264e-01 
87.200000 2.1960951027248848e-01 
87.400000 2.1960951029039147e-01 
87.600000 2.1960951030795423e-01 
87.800000 2.1960951032518269e-01 
88.000000 2.1960951034209730e-01 
88.200000 2.1960951035869009e-01 
88.400000 2.1960951037498155e-01 
88.600000 2.1960951039097129e-01 
88.800000 2.1960951040666807e-01 
89.000000 2.1960951042208252e-01 
89.200000 2.1960951043719984e-01 
89.400000 2.1960951045206070e-01 
89.600000 2.1960951046661914e-01 
89.800000 2.1960951048091784e-01 
90.000000 2.1960951049497340e-01 
90.200000 2.1960951050873784e-01 
90.400000 2.1960951052224734e-01 
90.600000 2.1960951053549824e-01 
90.800000 2.1960951054850625e-01 
91.000000 2.1960951056125533e-01 
91.200000 2.1960951057375269e-01 
91.400000 2.1960951058601319e-01 
91.600000 2.1960951059802714e-01 
91.800000 2.1960951060978384e-01 
92.000000 2.1960951062131170e-01 
92.200000 2.1960951063259160e-01 
92.400000 2.1960951064366163e-01 
92.600000 2.1960951065446374e-01 
92.800000 2.1960951066506121e-01 
93.000000 2.1960951067541334e-01 
93.200000 2.1960951068554463e-01 
93.400000 2.1960951069542772e-01 
93.600000 2.1960951070511250e-01 
93.800000 2.1960951071457716e-01 
94.000000 2.1960951072381049e-01 
94.200000 2.1960951073284030e-01 
94.400000 2.1960951074165114e-01 
94.600000 2.1960951075024265e-01 
94.800000 2.1960951075862439e-01 
95.000000 2.1960951076680910e-01 
95.200000 2.1960951077477897e-01 
95.400000 2.1960951078255053e-01 
95.600000 2.1960951079012236e-01 
95.800000 2.1960951079749222e-01 
96.000000 2.1960951080468519e-01 
96.200000 2.1960951081166638e-01 
96.400000 2.1960951081847532e-01 
96.600000 2.1960951082509492e-01 
96.800000 2.1960951083152780e-01 
97.000000 2.1960951083778116e-01 
97.200000 2.1960951084385977e-01 
97.400000 2.1960951084975405e-01 
97.600000 2.1960951085549221e-01 
97.800000 2.1960951086105471e-01 
98.000000 2.1960951086644900e-01 
98.200000 2.1960951087167893e-01 
98.400000 2.1960951087675296e-01 
98.600000 2.1960951088167219e-01 
98.800000 2.1960951088643133e-01 
99.000000 2.1960951089104710e-01 
99.200000 2.1960951089551572e-01 
99.400000 2.1960951089984559e-01 
99.600000 2.1960951090400932e-01 
99.800000 2.1960951090805914e-01 
100.000000 2.1960951091195419e-01 
100.200000 2.1960951091574954e-01 
100.400000 2.1960951091938552e-01 
100.600000 2.1960951092290870e-01 
100.800000 2.1960951092630107e-01 
101.000000 2.1960951092957193e-01 
101.200000 2.1960951093273595e-01 
101.400000 2.1960951093577119e-01 
101.600000 2.1960951093870343e-01 
101.800000 2.1960951094153236e-01 
102.000000 2.1960951094424022e-01 
102.200000 2.1960951094686354e-01 
102.400000 2.1960951094937164e-01 
102.600000 2.1960951095178258e-01 
102.800000 2.1960951095411207e-01 
103.000000 2.1960951095633910e-01 
103.200000 2.1960951095847642e-01 
103.400000 2.1960951096051928e-01 
103.600000 2.1960951096249126e-01 
103.800000 2.1960951096437722e-01 
104.000000 2.1960951096618136e-01 
104.200000 2.1960951096791059e-01 
104.400000 2.1960951096956047e-01 
104.600000 2.1960951097114476e-01 
104.800000 2.1960951097264847e-01 
105.000000 2.1960951097408851e-01 
105.200000 2.1960951097546921e-01 
105.400000 2.1960951097678402e-01 
105.600000 2.1960951097803164e-01 
105.800000 2.1960951097922657e-01 
106.000000 2.1960951098036091e-01 
106.200000 2.1960951098144074e-01 
106.400000 2.1960951098246351e-01 
106.600000 2.1960951098342568e-01 
106.800000 2.1960951098436135e-01 
107.000000 2.1960951098523432e-01 
107.200000 2.1960951098607717e-01 
107.400000 2.1960951098685491e-01 
107.600000 2.1960951098760864e-01 
107.800000 2.1960951098830264e-01 
108.000000 2.1960951098896872e-01 
108.200000 2.1960951098959280e-01 
108.400000 2.1960951099018342e-01 
108.600000 2.1960951099072804e-01 
108.800000 2.1960951099125431e-01 
109.000000 2.1960951099174431e-01 
109.200000 2.1960951099220416e-01 
109.400000 2.1960951099263251e-01 
109.600000 2.1960951099302109e-01 
109.800000 2.1960951099339948e-01 
110.000000 2.1960951099374273e-01 
110.200000 2.1960951099407580e-01 
110.400000 2.1960951099436582e-01 
110.600000 2.1960951099463519e-01 
110.800000 2.1960951099489581e-01 
111.000000 2.1960951099513271e-01 
111.200000 2.1960951099535242e-01 
111.400000 2.1960951099554685e-01 
111.600000 2.1960951099572576e-01 
111.800000 2.1960951099587997e-01 
112.000000 2.1960951099603118e-01 
112.200000 2.1960951099618206e-01 
112.400000 2.1960951099629006e-01 
112.600000 2.1960951099639117e-01 
112.800000 2.1960951099647935e-01 
113.000000 2.1960951099655762e-01 
113.200000 2.1960951099662929e-01 
113.400000 2.1960951099669029e-01 
113.600000 2.1960951099673864e-01 
113.800000 2.1960951099677425e-01 
114.000000 2.1960951099679635e-01 
114.200000 2.1960951099682455e-01 
114.400000 2.1960951099684006e-01 
114.600000 2.1960951099684814e-01 
114.800000 2.1960951099685080e-01 
115.000000 2.1960951099684300e-01 
115.200000 2.1960951099682355e-01 
115.400000 2.1960951099679848e-01 
115.600000 2.1960951099678563e-01 
115.800000 2.1960951099676038e-01 
116.000000 2.1960951099672116e-01 
116.200000 2.1960951099669573e-01 
116.400000 2.1960951099664858e-01 
116.600000 2.1960951099660156e-01 
116.800000 2.1960951099655401e-01 
117.000000 2.1960951099650472e-01 
117.200000 2.1960951099645154e-01 
117.400000 2.1960951099640724e-01 
117.600000 2.1960951099635145e-01 
117.800000 2.1960951099629622e-01 
118.000000 2.1960951099624071e-01 
118.200000 2.1960951099617856e-01 
118.400000 2.1960951099611159e-01 
118.600000 2.1960951099605089e-01 
118.800000 2.1960951099599094e-01 
119.000000 2.1960951099592471e-01 
119.200000 2.1960951099585380e-01 
119.400000 2.1960951099579834e-01 
119.600000 2.1960951099573184e-01 
119.800000 2.1960951099565787e-01 
120.000000 2.1960951099560233e-01 
120.200000 2.1960951099553869e-01 
120.400000 2.1960951099547699e-01 
120.600000 2.1960951099540807e-01 
120.800000 2.1960951099534423e-01 
121.000000 2.1960951099528117e-01 
121.200000 2.1960951099521539e-01 
121.400000 2.1960951099515824e-01 
121.600000 2.1960951099510267e-01 
121.800000 2.1960951099503176e-01 
122.000000 2.1960951099497927e-01 
122.200000 2.1960951099491735e-01 
122.400000 2.1960951099486897e-01 
122.600000 2.1960951099481058e-01 
122.800000 2.1960951099474471e-01 
123.000000 2.1960951099469114e-01 
123.200000 2.1960951099464790e-01 
123.400000 2.1960951099460022e-01 
123.600000 2.1960951099454762e-01 
123.800000 2.1960951099449416e-01 
124.000000 2.1960951099444634e-01 
124.200000 2.1960951099440573e-01 
124.400000 2.1960951099435375e-01 
124.600000 2.1960951099431186e-01 
124.800000 2.1960951099427006e-01 
125.000000 2.1960951099421769e-01 
125.200000 2.1960951099418569e-01 
125.400000 2.1960951099413370e-01 
125.600000 2.1960951099410350e-01 
125.800000 2.1960951099407430e-01 
126.000000 2.1960951099402967e-01 
126.200000 2.1960951099399253e-01 
126.400000 2.1960951099396211e-01 
126.600000 2.1960951099393627e-01 
126.800000 2.1960951099389830e-01 
127.000000 2.1960951099385378e-01 
127.200000 2.1960951099382597e-01 
127.400000 2.1960951099379572e-01 
127.600000 2.1960951099377046e-01 
127.800000 2.1960951099374273e-01 
128.000000 2.1960951099371853e-01 
128.200000 2.1960951099368883e-01 
128.400000 2.1960951099365947e-01 
128.600000 2.1960951099364626e-01 
128.800000 2.1960951099362194e-01 
129.000000 2.1960951099360393e-01 
129.200000 2.1960951099357617e-01 
129.400000 2.1960951099355752e-01 
129.600000 2.1960951099354262e-01 
129.800000 2.1960951099351955e-01 
130.000000 2.1960951099350340e-01 
130.200000 2.1960951099348924e-01 
130.400000 2.1960951099346826e-01 
130.600000 2.1960951099344567e-01 
130.800000 2.1960951099343742e-01 
131.000000 2.1960951099341738e-01 
131.200000 2.1960951099340967e-01 
131.400000 2.1960951099340342e-01 
131.600000 2.1960951099339335e-01 
131.800000 2.1960951099337242e-01 
132.000000 2.1960951099336645e-01 
132.200000 2.1960951099335413e-01 
132.400000 2.1960951099335413e-01 
132.600000 2.1960951099333559e-01 
132.800000 2.1960951099332635e-01 
133.000000 2.1960951099331599e-01 
133.200000 2.1960951099330395e-01 
133.400000 2.1960951099330198e-01 
133.600000 2.1960951099329556e-01 
133.800000 2.1960951099327658e-01 
134.000000 2.1960951099327491e-01 
134.200000 2.1960951099327114e-01 
134.400000 2.1960951099327114e-01 
134.600000 2.1960951099327089e-01 
134.800000 2.1960951099325263e-01 
135.000000 2.1960951099324422e-01 
135.200000 2.1960951099324422e-01 
135.400000 2.1960951099324313e-01 
135.600000 2.1960951099324313e-01 
135.800000 2.1960951099324313e-01 
136.000000 2.1960951099324313e-01 
136.200000 2.1960951099324313e-01 
136.400000 2.1960951099323980e-01 
136.600000 2.1960951099323137e-01 
136.800000 2.1960951099322573e-01 
137.000000 2.1960951099322060e-01 
137.200000 2.1960951099321629e-01 
137.400000 2.1960951099321552e-01 
137.600000 2.1960951099321538e-01 
137.800000 2.1960951099321535e-01 
138.000000 2.1960951099321535e-01 
138.200000 2.1960951099321535e-01 
138.400000 2.1960951099321535e-01 
138.600000 2.1960951099321535e-01 
138.800000 2.1960951099321535e-01 
139.000000 2.1960951099321535e-01 
139.200000 2.1960951099321535e-01 
139.400000 2.1960951099321535e-01 
139.600000 2.1960951099321535e-01 
139.800000 2.1960951099321535e-01 
140.000000 2.1960951099321535e-01 
140.200000 2.1960951099321535e-01 
140.400000 2.1960951099321535e-01 
140.600000 2.1960951099321535e-01 
140.800000 2.1960951099321535e-01 
141.000000 2.1960951099321535e-01 
141.200000 2.1960951099321535e-01 
141.400000 2.1960951099321535e-01 
141.600000 2.1960951099321535e-01 
141.800000 2.1960951099321535e-01 
142.000000 2.1960951099321535e-01 
142.200000 2.1960951099321538e-01 
142.400000 2.1960951099321552e-01 
142.600000 2.1960951099321552e-01 
142.800000 2.1960951099321596e-01 
143.000000 2.1960951099321596e-01 
143.200000 2.1960951099321596e-01 
143.400000 2.1960951099321596e-01 
143.600000 2.1960951099321596e-01 
143.800000 2.1960951099321596e-01 
144.000000 2.1960951099321596e-01 
144.200000 2.1960951099321596e-01 
144.400000 2.1960951099321652e-01 
144.600000 2.1960951099321815e-01 
144.800000 2.1960951099321815e-01 
145.000000 2.1960951099321815e-01 
145.200000 2.1960951099321815e-01 
145.400000 2.1960951099321815e-01 
145.600000 2.1960951099321815e-01 
145.800000 2.1960951099321815e-01 
146.000000 2.1960951099321849e-01 
146.200000 2.1960951099321988e-01 
146.400000 2.1960951099322099e-01 
146.600000 2.1960951099322099e-01 
146.800000 2.1960951099322132e-01 
147.000000 2.1960951099322132e-01 
147.200000 2.1960951099322132e-01 
147.400000 2.1960951099322132e-01 
147.600000 2.1960951099322132e-01 
147.800000 2.1960951099322132e-01 
148.000000 2.1960951099322132e-01 
148.200000 2.1960951099322132e-01 
148.400000 2.1960951099322132e-01 
148.600000 2.1960951099322132e-01 
148.800000 2.1960951099322132e-01 
149.000000 2.1960951099322132e-01 
149.200000 2.1960951099322132e-01 
149.400000 2.1960951099322132e-01 
149.600000 2.1960951099322132e-01 
149.800000 2.1960951099322132e-01 
