0.000000 2.1839269240911353e-13 
0.200000 2.1549822883866823e-13 
0.400000 2.1948113402996808e-13 
0.600000 2.3034852622029338e-13 
0.800000 2.4810905753491522e-13 
1.000000 2.7277291685347355e-13 
1.200000 3.0435183304522427e-13 
1.400000 3.4285907857436061e-13 
1.600000 3.8830947348350282e-13 
1.800000 4.4449461551882290e-13 
2.000000 5.1358123703417839e-13 
2.200000 5.9827968741108270e-13 
2.400000 7.0195410422105551e-13 
2.600000 8.2877273683352212e-13 
2.800000 9.8389623379771257e-13 
3.000000 1.1737133458794951e-12 
3.200000 1.4061648992863390e-12 
3.400000 1.6910752528971989e-12 
3.600000 2.0406230559203001e-12 
3.800000 2.4699118627289600e-12 
4.000000 2.9976850630238112e-12 
4.200000 3.6472175468248023e-12 
4.400000 4.4474278223550849e-12 
4.600000 5.4342695112913507e-12 
4.800000 6.6524590638441652e-12 
5.000000 8.1576430548194036e-12 
5.200000 1.0019108487703066e-11 
5.400000 1.2323170657370388e-11 
5.600000 1.5177411930511938e-11 
5.800000 1.8715987007122065e-11 
6.000000 2.3106267483056645e-11 
6.200000 2.8557164375272525e-11 
6.400000 3.5329560393881113e-11 
6.600000 4.3749393803209257e-11 
6.800000 5.4224075923641835e-11 
7.000000 6.7263105711576769e-11 
7.200000 8.3503972986562382e-11 
7.400000 1.0374473344389042e-10 
7.600000 1.2898501111702766e-10 
7.800000 1.6047766161261594e-10 
8.000000 1.9979394362793891e-10 
8.200000 2.4890583888329521e-10 
8.400000 3.1029018732222387e-10 
8.600000 3.8706064165904644e-10 
8.800000 4.8313519187355129e-10 
9.000000 6.0344927632212092e-10 
9.200000 7.5422753413285464e-10 
9.400000 9.4333122617596614e-10 
9.600000 1.1807036406815866e-09 
9.800000 1.4789428558240922e-09 
10.000000 1.8540406729251280e-09 
10.200000 2.3263392104934319e-09 
10.400000 2.9217737179348948e-09 
10.600000 3.6734932017418878e-09 
10.800000 4.6239815939022798e-09 
11.000000 5.8278443267712887e-09 
11.200000 7.3554822168577988e-09 
11.400000 9.2979517510244701e-09 
11.600000 1.1773415225059866e-08 
11.800000 1.4935725035537949e-08 
12.000000 1.8985876060922741e-08 
12.200000 2.4187314603663402e-08 
12.400000 3.0886432705596155e-08 
12.600000 3.9540029670873707e-08 
12.800000 5.0752122504135821e-08 
13.000000 6.5323276603982048e-08 
13.200000 8.4316660575345578e-08 
13.400000 1.0914636918854008e-07 
13.600000 1.4169528378013698e-07 
13.800000 1.8447194044209707e-07 
14.000000 2.4081865659362049e-07 
14.200000 3.1518664012858335e-07 
14.400000 4.1349809305551042e-07 
14.600000 5.4362054381131458e-07 
14.800000 7.1598490872679620e-07 
15.000000 9.4438617713327656e-07 
15.200000 1.2470141745114455e-06 
15.400000 1.6477715519589874e-06 
15.600000 2.1779468469278660e-06 
15.800000 2.8783218969431672e-06 
16.000000 3.8018046373481737e-06 
16.200000 5.0166897528340757e-06 
16.400000 6.6106599376049288e-06 
16.600000 8.6956485753673344e-06 
16.800000 1.1413689175586608e-05 
17.000000 1.4943876394470039e-05 
17.200000 1.9510556280349927e-05 
17.400000 2.5392847805392168e-05 
17.600000 3.2935572127600045e-05 
17.800000 4.2561628925622838e-05 
18.000000 5.4785809512304918e-05 
18.200000 7.0229973813871414e-05 
18.400000 8.9639443090065290e-05 
18.600000 1.1390037392942744e-04 
18.800000 1.4405778432922392e-04 
19.000000 1.8133380372951319e-04 
19.200000 2.2714562131749297e-04 
19.400000 2.8312251760621041e-04 
19.600000 3.5112129089792161e-04 
19.800000 4.3323934055739362e-04 
20.000000 5.3182464998373803e-04 
20.200000 6.4948192873937635e-04 
20.400000 7.8907422732217081e-04 
20.600000 9.5371942739662992e-04 
20.800000 1.1467811283582461e-03 
21.000000 1.3718535871865951e-03 
21.200000 1.6327405089196644e-03 
21.400000 1.9334276148898061e-03 
21.600000 2.2780490215371500e-03 
21.800000 2.6708475344729967e-03 
22.000000 3.1161289969185947e-03 
22.200000 3.6182108325684263e-03 
22.400000 4.1813649018173681e-03 
22.600000 4.8097547650917489e-03 
22.800000 5.5073674398340667e-03 
23.000000 6.2779397717338320e-03 
23.200000 7.1248796372860067e-03 
23.400000 8.0511823700952848e-03 
23.600000 9.0593430671182806e-03 
23.800000 1.0151265784768821e-02 
24.000000 1.1328171071374141e-02 
24.200000 1.2590503785699319e-02 
24.400000 1.3937843695556795e-02 
24.600000 1.5368821900264569e-02 
24.800000 1.6881046629831208e-02 
25.000000 1.8471042386050577e-02 
25.200000 2.0134206642032238e-02 
25.400000 2.1864788339615387e-02 
25.600000 2.3655892155637556e-02 
25.800000 2.5499511899970427e-02 
26.000000 2.7386595439050362e-02 
26.200000 2.9307142224099178e-02 
26.400000 3.1250332903720542e-02 
26.600000 3.3204688721752529e-02 
26.800000 3.5158256587093394e-02 
27.000000 3.7098814019706904e-02 
27.200000 3.9014086794765736e-02 
27.400000 4.0891971171295463e-02 
27.600000 4.2720752204623992e-02 
27.800000 4.4489309845367246e-02 
28.000000 4.6187305297401379e-02 
28.200000 4.7805341357844498e-02 
28.400000 4.9335092060913667e-02 
28.600000 5.0769398735797520e-02 
28.800000 5.2102331403758279e-02 
29.000000 5.3329216135916742e-02 
29.200000 5.4446630456897752e-02 
29.400000 5.5452370036977609e-02 
29.600000 5.6345390733634704e-02 
29.800000 5.7125730525272089e-02 
30.000000 5.7794416055489108e-02 
30.200000 5.8353358423207040e-02 
30.400000 5.8805242567993625e-02 
30.600000 5.9153414167823819e-02 
30.800000 5.9401767440781489e-02 
31.000000 5.9554636668402182e-02 
31.200000 5.9616693673937515e-02 
31.400000 5.9592852923080412e-02 
31.600000 5.9488185389428641e-02 
31.800000 5.9307841857234450e-02 
32.000000 5.9056985928983140e-02 
32.200000 5.8740736669178124e-02 
32.400000 5.8364120548380201e-02 
32.600000 5.7932032149632808e-02 
32.800000 5.7449202957130192e-02 
33.000000 5.6920177456999656e-02 
33.200000 5.6349295734272782e-02 
33.400000 5.5740681740317800e-02 
33.600000 5.5098236423423187e-02 
33.800000 5.4425634954794626e-02 
34.000000 5.3726327336743984e-02 
34.200000 5.3003541744051898e-02 
34.400000 5.2260290018943056e-02 
34.600000 5.1499374811283950e-02 
34.800000 5.0723397925622110e-02 
35.000000 4.9934769503421121e-02 
35.200000 4.9135717730748409e-02 
35.400000 4.8328298817751102e-02 
35.600000 4.7514407046037752e-02 
35.800000 4.6695784723393995e-02 
36.000000 4.5874031922363459e-02 
36.200000 4.5050615910456497e-02 
36.400000 4.4226880205708342e-02 
36.600000 4.3404053212555409e-02 
36.800000 4.2583256410183248e-02 
37.000000 4.1765512079166137e-02 
37.200000 4.0951750562946636e-02 
37.400000 4.0142817068949579e-02 
37.600000 3.9339478020308016e-02 
37.800000 3.8542426973695934e-02 
38.000000 3.7752290121909365e-02 
38.200000 3.6969631401887790e-02 
38.400000 3.6194957230075368e-02 
38.600000 3.5428720887554964e-02 
38.800000 3.4671326577414174e-02 
39.000000 3.3923133176449641e-02 
39.200000 3.3184457702694341e-02 
39.400000 3.2455578519408432e-02 
39.600000 3.1736738295212528e-02 
39.800000 3.1028146738974888e-02 
40.000000 3.0329983126955739e-02 
40.200000 2.9642398638570381e-02 
40.400000 2.8965518516003649e-02 
40.600000 2.8299444061797890e-02 
40.800000 2.7644254487458643e-02 
41.000000 2.7000008625102444e-02 
41.200000 2.6366746513191840e-02 
41.400000 2.5744490866497601e-02 
41.600000 2.5133248439568812e-02 
41.800000 2.4533011292206534e-02 
42.000000 2.3943757964698963e-02 
42.200000 2.3365454569907913e-02 
42.400000 2.2798055808670174e-02 
42.600000 2.2241505914421523e-02 
42.800000 2.1695739532420912e-02 
43.000000 2.1160682538493993e-02 
43.200000 2.0636252801780126e-02 
43.400000 2.0122360895581264e-02 
43.600000 1.9618910760060993e-02 
43.800000 1.9125800320221382e-02 
44.000000 1.8642922062301545e-02 
44.200000 1.8170163571476036e-02 
44.400000 1.7707408033502781e-02 
44.600000 1.7254534702750603e-02 
44.800000 1.6811419338847035e-02 
45.000000 1.6377934614014003e-02 
45.200000 1.5953950492995597e-02 
45.400000 1.5539334587346255e-02 
45.600000 1.5133952485708873e-02 
45.800000 1.4737668061603117e-02 
46.000000 1.4350343760129558e-02 
46.200000 1.3971840864902460e-02 
46.400000 1.3602019746430874e-02 
46.600000 1.3240740093089466e-02 
46.800000 1.2887861125742993e-02 
47.000000 1.2543241797022084e-02 
47.200000 1.2206740976182370e-02 
47.400000 1.1878217620423565e-02 
47.600000 1.1557530933489574e-02 
47.800000 1.1244540512321625e-02 
48.000000 1.0939106482490963e-02 
48.200000 1.0641089623092162e-02 
48.400000 1.0350351481743944e-02 
48.600000 1.0066754480299131e-02 
48.800000 9.7901620118381501e-03 
49.000000 9.5204385294827415e-03 
49.200000 9.2574496275373962e-03 
49.400000 9.0010621154393306e-03 
49.600000 8.7511440849654971e-03 
49.800000 8.5075649711259978e-03 
50.000000 8.2701956071434303e-03 
50.200000 8.0389082738975635e-03 
50.400000 7.8135767441943026e-03 
50.600000 7.5940763221935435e-03 
50.800000 7.3802838783148649e-03 
51.000000 7.1720778799202545e-03 
51.200000 6.9693384180546962e-03 
51.400000 6.7719472305111722e-03 
51.600000 6.5797877214684927e-03 
51.800000 6.3927449779376620e-03 
52.000000 6.2107057832371231e-03 
52.200000 6.0335586277044185e-03 
52.400000 5.8611937168393169e-03 
52.600000 5.6935029770609127e-03 
52.800000 5.5303800592510907e-03 
53.000000 5.3717203402441939e-03 
53.200000 5.2174209224150362e-03 
53.400000 5.0673806315054970e-03 
53.600000 4.9215000128224719e-03 
53.800000 4.7796813259312829e-03 
54.000000 4.6418285379595170e-03 
54.200000 4.5078473156204670e-03 
54.400000 4.3776450160565349e-03 
54.600000 4.2511306765979978e-03 
54.800000 4.1282150035240233e-03 
55.000000 4.0088103599095429e-03 
55.200000 3.8928307526341359e-03 
55.400000 3.7801918186243107e-03 
55.600000 3.6708108103965529e-03 
55.800000 3.5646065809627979e-03 
56.000000 3.4614995681565581e-03 
56.200000 3.3614117784336621e-03 
56.400000 3.2642667701978921e-03 
56.600000 3.1699896366983076e-03 
56.800000 3.0785069885420823e-03 
57.000000 2.9897469358631558e-03 
57.200000 2.9036390701849650e-03 
57.400000 2.8201144460120991e-03 
57.600000 2.7391055621841507e-03 
57.800000 2.6605463430219929e-03 
58.000000 2.5843721192951447e-03 
58.200000 2.5105196090370457e-03 
58.400000 2.4389268982326585e-03 
58.600000 2.3695334214019772e-03 
58.800000 2.3022799421006982e-03 
59.000000 2.2371085333583976e-03 
59.200000 2.1739625580731430e-03 
59.400000 2.1127866493801705e-03 
59.600000 2.0535266910108752e-03 
59.800000 1.9961297976579901e-03 
60.000000 1.9405442953610126e-03 
60.200000 1.8867197019257771e-03 
60.400000 1.8346067073906130e-03 
60.600000 1.7841571545512097e-03 
60.800000 1.7353240195552364e-03 
61.000000 1.6880613925773561e-03 
61.200000 1.6423244585845457e-03 
61.400000 1.5980694782007131e-03 
61.600000 1.5552537686797036e-03 
61.800000 1.5138356849948651e-03 
62.000000 1.4737746010524463e-03 
62.200000 1.4350308910367779e-03 
62.400000 1.3975659108935287e-03 
62.600000 1.3613419799576385e-03 
62.800000 1.3263223627321236e-03 
63.000000 1.2924712508230829e-03 
63.200000 1.2597537450365036e-03 
63.400000 1.2281358376418472e-03 
63.600000 1.1975843948068452e-03 
63.800000 1.1680671392082453e-03 
64.000000 1.1395526328222684e-03 
64.200000 1.1120102598988189e-03 
64.400000 1.0854102101228863e-03 
64.600000 1.0597234619665020e-03 
64.800000 1.0349217662342222e-03 
65.000000 1.0109776298050563e-03 
65.200000 9.8786429957336348e-04 
65.400000 9.6555574659111423e-04 
65.600000 9.4402665041370579e-04 
65.800000 9.2325238365115398e-04 
66.000000 9.0320899672670081e-04 
66.200000 8.8387320284402399e-04 
66.400000 8.6522236316476499e-04 
66.600000 8.4723447219736713e-04 
66.800000 8.2988814339832043e-04 
67.000000 8.1316259498663578e-04 
67.200000 7.9703763597229404e-04 
67.400000 7.8149365239906746e-04 
67.600000 7.6651159380226343e-04 
67.800000 7.5207295988142327e-04 
68.000000 7.3815978738817815e-04 
68.200000 7.2475463722915961e-04 
68.400000 7.1184058178371348e-04 
68.600000 6.9940119243617051e-04 
68.800000 6.8742052732212260e-04 
69.000000 6.7588311928815754e-04 
69.200000 6.6477396406434573e-04 
69.400000 6.5407850864865964e-04 
69.600000 6.4378263990236143e-04 
69.800000 6.3387267335537933e-04 
70.000000 6.2433534222045798e-04 
70.200000 6.1515778661492247e-04 
70.400000 6.0632754298865906e-04 
70.600000 5.9783253375691331e-04 
70.800000 5.8966105713643459e-04 
71.000000 5.8180177718327613e-04 
71.200000 5.7424371403073742e-04 
71.400000 5.6697623432553138e-04 
71.600000 5.5998904186050366e-04 
71.800000 5.5327216840194500e-04 
72.000000 5.4681596470957760e-04 
72.200000 5.4061109174724032e-04 
72.400000 5.3464851208212842e-04 
72.600000 5.2891948147061564e-04 
72.800000 5.2341554062835909e-04 
73.000000 5.1812850718255016e-04 
73.200000 5.1305046780409714e-04 
73.400000 5.0817377051735749e-04 
73.600000 5.0349101718519750e-04 
73.800000 4.9899505616693115e-04 
74.000000 4.9467897514686942e-04 
74.200000 4.9053609413090031e-04 
74.400000 4.8655995860889307e-04 
74.600000 4.8274433288020545e-04 
74.800000 4.7908319354002862e-04 
75.000000 4.7557072312400347e-04 
75.200000 4.7220130390855446e-04 
75.400000 4.6896951186451964e-04 
75.600000 4.6587011076147254e-04 
75.800000 4.6289804642025327e-04 
76.000000 4.6004844111114838e-04 
76.200000 4.5731658809519774e-04 
76.400000 4.5469794630610395e-04 
76.600000 4.5218813517016349e-04 
76.800000 4.4978292956174423e-04 
77.000000 4.4747825489176819e-04 
77.200000 4.4527018232666478e-04 
77.400000 4.4315492413530129e-04 
77.600000 4.4112882916144241e-04 
77.800000 4.3918837841916457e-04 
78.000000 4.3733018080882065e-04 
78.200000 4.3555096895112516e-04 
78.400000 4.3384759513687198e-04 
78.600000 4.3221702738986765e-04 
78.800000 4.3065634564073659e-04 
79.000000 4.2916273800919848e-04 
79.200000 4.2773349719245915e-04 
79.400000 4.2636601695733719e-04 
79.600000 4.2505778873394557e-04 
79.800000 4.2380639830852737e-04 
80.000000 4.2260952261320538e-04 
80.200000 4.2146492661050824e-04 
80.400000 4.2037046027036950e-04 
80.600000 4.1932405563744978e-04 
80.800000 4.1832372398665889e-04 
81.000000 4.1736755306475364e-04 
81.200000 4.1645370441594181e-04 
81.400000 4.1558041078932180e-04 
81.600000 4.1474597362636670e-04 
81.800000 4.1394876062613741e-04 
82.000000 4.1318720338659606e-04 
82.200000 4.1245979511983797e-04 
82.400000 4.1176508843937423e-04 
82.600000 4.1110169321780128e-04 
82.800000 4.1046827451268422e-04 
83.000000 4.0986355055915502e-04 
83.200000 4.0928629082726025e-04 
83.400000 4.0873531414242472e-04 
83.600000 4.0820948686721487e-04 
83.800000 4.0770772114281196e-04 
84.000000 4.0722897318857664e-04 
84.200000 4.0677224165802255e-04 
84.400000 4.0633656604948071e-04 
84.600000 4.0592102517040000e-04 
84.800000 4.0552473565303175e-04 
85.000000 4.0514685052077675e-04 
85.200000 4.0478655780311009e-04 
85.400000 4.0444307919806558e-04 
85.600000 4.0411566878077769e-04 
85.800000 4.0380361175658066e-04 
86.000000 4.0350622325756622e-04 
86.200000 4.0322284718107454e-04 
86.400000 4.0295285506916113e-04 
86.600000 4.0269564502736242e-04 
86.800000 4.0245064068198012e-04 
87.000000 4.0221729017439240e-04 
87.200000 4.0199506519147889e-04 
87.400000 4.0178346003076030e-04 
87.600000 4.0158199069948998e-04 
87.800000 4.0139019404637918e-04 
88.000000 4.0120762692493498e-04 
88.200000 4.0103386538753341e-04 
88.400000 4.0086850390916344e-04 
88.600000 4.0071115463980600e-04 
88.800000 4.0056144668461499e-04 
89.000000 4.0041902541096766e-04 
89.200000 4.0028355178147227e-04 
89.400000 4.0015470171210981e-04 
89.600000 4.0003216545457504e-04 
89.800000 3.9991564700207690e-04 
90.000000 3.9980486351788819e-04 
90.200000 3.9969954478568211e-04 
90.400000 3.9959943268104555e-04 
90.600000 3.9950428066341608e-04 
90.800000 3.9941385328761238e-04 
91.000000 3.9932792573463803e-04 
91.200000 3.9924628336050077e-04 
91.400000 3.9916872126304575e-04 
91.600000 3.9909504386567203e-04 
91.800000 3.9902506451761706e-04 
92.000000 3.9895860511003406e-04 
92.200000 3.9889549570761419e-04 
92.400000 3.9883557419462007e-04 
92.600000 3.9877868593543608e-04 
92.800000 3.9872468344875932e-04 
93.000000 3.9867342609486436e-04 
93.200000 3.9862477977575643e-04 
93.400000 3.9857861664750001e-04 
93.600000 3.9853481484433261e-04 
93.800000 3.9849325821411858e-04 
94.000000 3.9845383606478072e-04 
94.200000 3.9841644292124413e-04 
94.400000 3.9838097829237494e-04 
94.600000 3.9834734644788352e-04 
94.800000 3.9831545620426105e-04 
95.000000 3.9828522072008458e-04 
95.200000 3.9825655729965959e-04 
95.400000 3.9822938720508928e-04 
95.600000 3.9820363547645631e-04 
95.800000 3.9817923075944402e-04 
96.000000 3.9815610514059419e-04 
96.200000 3.9813419398934880e-04 
96.400000 3.9811343580721623e-04 
96.600000 3.9809377208320089e-04 
96.800000 3.9807514715571981e-04 
97.000000 3.9805750808034836e-04 
97.200000 3.9804080450344125e-04 
97.400000 3.9802498854135318e-04 
97.600000 3.9801001466484417e-04 
97.800000 3.9799583958867652e-04 
98.000000 3.9798242216605690e-04 
98.200000 3.9796972328779454e-04 
98.400000 3.9795770578594341e-04 
98.600000 3.9794633434174856e-04 
98.800000 3.9793557539775134e-04 
99.000000 3.9792539707379895e-04 
99.200000 3.9791576908693258e-04 
99.400000 3.9790666267471649e-04 
99.600000 3.9789805052233425e-04 
99.800000 3.9788990669276071e-04 
100.000000 3.9788220656020667e-04 
100.200000 3.9787492674668692e-04 
100.400000 3.9786804506138204e-04 
100.600000 3.9786154044291823e-04 
100.800000 3.9785539290420100e-04 
101.000000 3.9784958347987068e-04 
101.200000 3.9784409417620043e-04 
101.400000 3.9783890792337409e-04 
101.600000 3.9783400852991881e-04 
101.800000 3.9782938063927546e-04 
102.000000 3.9782500968846328e-04 
102.200000 3.9782088186875322e-04 
102.400000 3.9781698408806549e-04 
102.600000 3.9781330393519213e-04 
102.800000 3.9780982964578447e-04 
103.000000 3.9780655006995942e-04 
103.200000 3.9780345464136884e-04 
103.400000 3.9780053334787413e-04 
103.600000 3.9779777670348893e-04 
103.800000 3.9779517572183253e-04 
104.000000 3.9779272189073231e-04 
104.200000 3.9779040714816834e-04 
104.400000 3.9778822385933715e-04 
104.600000 3.9778616479475159e-04 
104.800000 3.9778422310959106e-04 
105.000000 3.9778239232399589e-04 
105.200000 3.9778066630416785e-04 
105.400000 3.9777903924466461e-04 
105.600000 3.9777750565137622e-04 
105.800000 3.9777606032547370e-04 
106.000000 3.9777469834799243e-04 
106.200000 3.9777341506543246e-04 
106.400000 3.9777220607576454e-04 
106.600000 3.9777106721543455e-04 
106.800000 3.9776999454681856e-04 
107.000000 3.9776898434640241e-04 
107.200000 3.9776803309351377e-04 
107.400000 3.9776713745964196e-04 
107.600000 3.9776629429837796e-04 
107.800000 3.9776550063564325e-04 
108.000000 3.9776475366066425e-04 
108.200000 3.9776405071726193e-04 
108.400000 3.9776338929566605e-04 
108.600000 3.9776276702463306e-04 
108.800000 3.9776218166417802e-04 
109.000000 3.9776163109835131e-04 
109.200000 3.9776111332881693e-04 
109.400000 3.9776062646831688e-04 
109.600000 3.9776016873485686e-04 
109.800000 3.9775973844591756e-04 
110.000000 3.9775933401308273e-04 
110.200000 3.9775895393710076e-04 
110.400000 3.9775859680273333e-04 
110.600000 3.9775826127455896e-04 
110.800000 3.9775794609226307e-04 
111.000000 3.9775765006679070e-04 
111.200000 3.9775737207639280e-04 
111.400000 3.9775711106285178e-04 
111.600000 3.9775686602806510e-04 
111.800000 3.9775663603072882e-04 
112.000000 3.9775642018320667e-04 
112.200000 3.9775621764855085e-04 
112.400000 3.9775602763772694e-04 
112.600000 3.9775584940681606e-04 
112.800000 3.9775568225478014e-04 
113.000000 3.9775552552087846e-04 
113.200000 3.9775537858242237e-04 
113.400000 3.9775524085264763e-04 
113.600000 3.9775511177894929e-04 
113.800000 3.9775499084050546e-04 
114.000000 3.9775487754696229e-04 
114.200000 3.9775477143631235e-04 
114.400000 3.9775467207368273e-04 
114.600000 3.9775457904949482e-04 
114.800000 3.9775449197816090e-04 
115.000000 3.9775441049672591e-04 
115.200000 3.9775433426355347e-04 
115.400000 3.9775426295714868e-04 
115.600000 3.9775419627497463e-04 
115.800000 3.9775413393231966e-04 
116.000000 3.9775407566149427e-04 
116.200000 3.9775402121050655e-04 
116.400000 3.9775397034247487e-04 
116.600000 3.9775392283460771e-04 
116.800000 3.9775387847742854e-04 
117.000000 3.9775383707397013e-04 
117.200000 3.9775379843907623e-04 
117.400000 3.9775376239878661e-04 
117.600000 3.9775372878951998e-04 
117.800000 3.9775369745762289e-04 
118.000000 3.9775366825870454e-04 
118.200000 3.9775364105721045e-04 
118.400000 3.9775361572569405e-04 
118.600000 3.9775359214456790e-04 
118.800000 3.9775357020146584e-04 
119.000000 3.9775354979102313e-04 
119.200000 3.9775353081417840e-04 
119.400000 3.9775351317805792e-04 
119.600000 3.9775349679549199e-04 
119.800000 3.9775348158462340e-04 
120.000000 3.9775346746879901e-04 
120.200000 3.9775345437597357e-04 
120.400000 3.9775344223870978e-04 
120.600000 3.9775343099369005e-04 
120.800000 3.9775342058158631e-04 
121.000000 3.9775341094679188e-04 
121.200000 3.9775340203719795e-04 
121.400000 3.9775339380398349e-04 
121.600000 3.9775338620139501e-04 
121.800000 3.9775337918656874e-04 
122.000000 3.9775337271944947e-04 
122.200000 3.9775336676240911e-04 
122.400000 3.9775336128030356e-04 
122.600000 3.9775335624028134e-04 
122.800000 3.9775335161149701e-04 
123.000000 3.9775334736516526e-04 
123.200000 3.9775334347439691e-04 
123.400000 3.9775333991393130e-04 
123.600000 3.9775333666029473e-04 
123.800000 3.9775333369144225e-04 
124.000000 3.9775333098682837e-04 
124.200000 3.9775332852726083e-04 
124.400000 3.9775332629483413e-04 
124.600000 3.9775332427274292e-04 
124.800000 3.9775332244542858e-04 
125.000000 3.9775332079825437e-04 
125.200000 3.9775331931766794e-04 
125.400000 3.9775331799092990e-04 
125.600000 3.9775331680627618e-04 
125.800000 3.9775331575266537e-04 
126.000000 3.9775331481985517e-04 
126.200000 3.9775331399824698e-04 
126.400000 3.9775331327898726e-04 
126.600000 3.9775331265378197e-04 
126.800000 3.9775331211493338e-04 
127.000000 3.9775331165528576e-04 
127.200000 3.9775331126817149e-04 
127.400000 3.9775331094741033e-04 
127.600000 3.9775331068725602e-04 
127.800000 3.9775331048236664e-04 
128.000000 3.9775331032788257e-04 
128.200000 3.9775331021909850e-04 
128.400000 3.9775331015187693e-04 
128.600000 3.9775331012222411e-04 
128.800000 3.9775331012656059e-04 
129.000000 3.9775331016141802e-04 
129.200000 3.9775331022375970e-04 
129.400000 3.9775331031073044e-04 
129.600000 3.9775331041962071e-04 
129.800000 3.9775331054799019e-04 
130.000000 3.9775331069365281e-04 
130.200000 3.9775331085443999e-04 
130.400000 3.9775331102851342e-04 
130.600000 3.9775331121411891e-04 
130.800000 3.9775331140955145e-04 
131.000000 3.9775331161343540e-04 
131.200000 3.9775331182436726e-04 
131.400000 3.9775331204115326e-04 
131.600000 3.9775331226265577e-04 
131.800000 3.9775331248779035e-04 
132.000000 3.9775331271568986e-04 
132.200000 3.9775331294548624e-04 
132.400000 3.9775331317636731e-04 
132.600000 3.9775331340768184e-04 
132.800000 3.9775331363877959e-04 
133.000000 3.9775331386909379e-04 
133.200000 3.9775331409810179e-04 
133.400000 3.9775331432535056e-04 
133.600000 3.9775331455048509e-04 
133.800000 3.9775331477307174e-04 
134.000000 3.9775331499278547e-04 
134.200000 3.9775331520943162e-04 
134.400000 3.9775331542272547e-04 
134.600000 3.9775331563241017e-04 
134.800000 3.9775331583832618e-04 
135.000000 3.9775331604034145e-04 
135.200000 3.9775331623831693e-04 
135.400000 3.9775331643211801e-04 
135.600000 3.9775331662169076e-04 
135.800000 3.9775331680698092e-04 
136.000000 3.9775331698793399e-04 
136.200000 3.9775331716444226e-04 
136.400000 3.9775331733655952e-04 
136.600000 3.9775331750428554e-04 
136.800000 3.9775331766756639e-04 
137.000000 3.9775331782646760e-04 
137.200000 3.9775331798100940e-04 
137.400000 3.9775331813122550e-04 
137.600000 3.9775331827715836e-04 
137.800000 3.9775331841881008e-04 
138.000000 3.9775331855623270e-04 
138.200000 3.9775331868958957e-04 
138.400000 3.9775331881882652e-04 
138.600000 3.9775331894405214e-04 
138.800000 3.9775331906537404e-04 
139.000000 3.9775331918279314e-04 
139.200000 3.9775331929641763e-04 
139.400000 3.9775331940635568e-04 
139.600000 3.9775331951266165e-04 
139.800000 3.9775331961538980e-04 
140.000000 3.9775331971464786e-04 
140.200000 3.9775331981043777e-04 
140.400000 3.9775331990297448e-04 
140.600000 3.9775331999227826e-04 
140.800000 3.9775332007839840e-04 
141.000000 3.9775332016144839e-04 
141.200000 3.9775332024151656e-04 
141.400000 3.9775332031865749e-04 
141.600000 3.9775332039297960e-04 
141.800000 3.9775332046448328e-04 
142.000000 3.9775332053332963e-04 
142.200000 3.9775332059952012e-04 
142.400000 3.9775332066321699e-04 
142.600000 3.9775332072436665e-04 
142.800000 3.9775332078318402e-04 
143.000000 3.9775332083961674e-04 
143.200000 3.9775332089382663e-04 
143.400000 3.9775332094580908e-04 
143.600000 3.9775332099559565e-04 
143.800000 3.9775332104339248e-04 
144.000000 3.9775332108909209e-04 
144.200000 3.9775332113283949e-04 
144.400000 3.9775332117469360e-04 
144.600000 3.9775332121469659e-04 
144.800000 3.9775332125291455e-04 
145.000000 3.9775332128934369e-04 
145.200000 3.9775332132403827e-04 
145.400000 3.9775332135710638e-04 
145.600000 3.9775332138854825e-04 
145.800000 3.9775332141847201e-04 
146.000000 3.9775332144682422e-04 
146.200000 3.9775332147374290e-04 
146.400000 3.9775332149922100e-04 
146.600000 3.9775332152331463e-04 
146.800000 3.9775332154608298e-04 
147.000000 3.9775332156749581e-04 
147.200000 3.9775332158744513e-04 
147.400000 3.9775332160603926e-04 
147.600000 3.9775332162333055e-04 
147.800000 3.9775332163936004e-04 
148.000000 3.9775332165423204e-04 
148.200000 3.9775332166794720e-04 
148.400000 3.9775332168059707e-04 
148.600000 3.9775332169223333e-04 
148.800000 3.9775332170291261e-04 
149.000000 3.9775332171267011e-04 
149.200000 3.9775332172152533e-04 
149.400000 3.9775332172958393e-04 
149.600000 3.9775332173684825e-04 
149.800000 3.9775332174335427e-04 
