0.000000 2.7507951912248699e-08 
0.200000 2.7617325081384655e-08 
0.400000 2.8417629630284033e-08 
0.600000 2.9938043638913905e-08 
0.800000 3.2223405927499473e-08 
1.000000 3.5334934557313842e-08 
1.200000 3.9351046122024533e-08 
1.400000 4.4368281668972723e-08 
1.600000 5.0502345726246842e-08 
1.800000 5.8177204810448348e-08 
2.000000 6.7763052376987312e-08 
2.200000 7.9726889308517739e-08 
2.400000 9.4664808271414912e-08 
2.600000 1.1333702892364651e-07 
2.800000 1.3671262259517338e-07 
3.000000 1.6602653387950613e-07 
3.200000 2.0293345390756638e-07 
3.400000 2.4948762597616710e-07 
3.600000 3.0832823099863162e-07 
3.800000 3.8281984460689148e-07 
4.000000 4.7725746975900881e-07 
4.200000 5.9711647667561827e-07 
4.400000 7.4936396832677549e-07 
4.600000 9.4284823337385477e-07 
4.800000 1.1887769013346052e-06 
5.000000 1.5013061013513611e-06 
5.200000 1.8982607520259658e-06 
5.400000 2.4020063305707532e-06 
5.600000 3.0404985419153233e-06 
5.800000 3.8485347296243045e-06 
6.000000 4.8692405828665722e-06 
6.200000 6.1558100013785523e-06 
6.400000 7.7735288583435469e-06 
6.600000 9.8021028967036888e-06 
6.800000 1.2338310422411323e-05 
7.000000 1.5498990301408713e-05 
7.200000 1.9424367877303777e-05 
7.400000 2.4281711791147064e-05 
7.600000 3.0269301554141769e-05 
7.800000 3.7620671790276832e-05 
8.000000 4.6609083508006330e-05 
8.200000 5.7552156619923242e-05 
8.400000 7.0816582465392251e-05 
8.600000 8.6822827766889013e-05 
8.800000 1.0604973742567216e-04 
9.000000 1.2903886815639404e-04 
9.200000 1.5639848100006389e-04 
9.400000 1.8880708323517056e-04 
9.600000 2.2701643416659346e-04 
9.800000 2.7185394785608021e-04 
10.000000 3.2422446874552424e-04 
10.200000 3.8511138987775599e-04 
10.400000 4.5557717635901038e-04 
10.600000 5.3676337061036574e-04 
10.800000 6.2989018883911777e-04 
11.000000 7.3625583559175692e-04 
11.200000 8.5723567353510250e-04 
11.400000 9.9428138138503474e-04 
11.600000 1.1489202070773758e-03 
11.800000 1.3227543970152366e-03 
12.000000 1.5174608286451098e-03 
12.200000 1.7347908235934930e-03 
12.400000 1.9765700579499712e-03 
12.600000 2.2446984265419895e-03 
12.800000 2.5411496688049957e-03 
13.000000 2.8679705025134025e-03 
13.200000 3.2272789670572378e-03 
13.400000 3.6212616369801671e-03 
13.600000 4.0521693291027923e-03 
13.800000 4.5223108948336324e-03 
14.000000 5.0340446680779485e-03 
14.200000 5.5897671191250638e-03 
14.400000 6.1918982584016772e-03 
14.600000 6.8428633395067441e-03 
14.800000 7.5450704327672379e-03 
15.000000 8.3008834836131879e-03 
15.200000 9.1125905375747333e-03 
15.400000 9.9823669100559710e-03 
15.600000 1.0912233205936740e-02 
15.800000 1.1904008254826730e-02 
16.000000 1.2959257222196340e-02 
16.200000 1.4079235382040202e-02 
16.400000 1.5264828291776009e-02 
16.600000 1.6516489388594451e-02 
16.800000 1.7834176320321825e-02 
17.000000 1.9217287622031790e-02 
17.200000 2.0664601638659442e-02 
17.400000 2.2174219856816581e-02 
17.600000 2.3743517024491248e-02 
17.800000 2.5369100582542107e-02 
18.000000 2.7046781981637409e-02 
18.200000 2.8771562387627157e-02 
18.400000 3.0537635065247728e-02 
18.600000 3.2338406358863821e-02 
18.800000 3.4166536654282452e-02 
19.000000 3.6014002015455682e-02 
19.200000 3.7872176368244422e-02 
19.400000 3.9731933190311243e-02 
19.600000 4.1583764717304891e-02 
19.800000 4.3417915756994614e-02 
20.000000 4.5224528385940058e-02 
20.200000 4.6993793155425935e-02 
20.400000 4.8716102011753769e-02 
20.600000 5.0382197979068309e-02 
20.800000 5.1983316776155919e-02 
21.000000 5.3511315932334928e-02 
21.200000 5.4958787597958247e-02 
21.400000 5.6319152059170575e-02 
21.600000 5.7586729898559966e-02 
21.800000 5.8756791722484839e-02 
22.000000 5.9825585334118948e-02 
22.200000 6.0790341109797807e-02 
22.400000 6.1649257089827998e-02 
22.600000 6.2401465894065512e-02 
22.800000 6.3046986003618882e-02 
23.000000 6.3586660213354185e-02 
23.200000 6.4022084167061816e-02 
23.400000 6.4355527857587316e-02 
23.600000 6.4589852832010144e-02 
23.800000 6.4728427612970610e-02 
24.000000 6.4775043556982784e-02 
24.200000 6.4733833042711686e-02 
24.400000 6.4609191537619640e-02 
24.600000 6.4405704747597117e-02 
24.800000 6.4128081725422961e-02 
25.000000 6.3781094510755865e-02 
25.200000 6.3369524604412114e-02 
25.400000 6.2898116347431532e-02 
25.600000 6.2371537082827194e-02 
25.800000 6.1794343824693392e-02 
26.000000 6.1170956043568175e-02 
26.200000 6.0505634095325188e-02 
26.400000 5.9802462769395368e-02 
26.600000 5.9065339406280989e-02 
26.800000 5.8297966029629333e-02 
27.000000 5.7503844950145044e-02 
27.200000 5.6686277323392542e-02 
27.400000 5.5848364177439512e-02 
27.600000 5.4993009466266687e-02 
27.800000 5.4122924748320991e-02 
28.000000 5.3240635134388058e-02 
28.200000 5.2348486193436641e-02 
28.400000 5.1448651547929047e-02 
28.600000 5.0543140930373272e-02 
28.800000 4.9633808509966175e-02 
29.000000 4.8722361331690014e-02 
29.200000 4.7810367739997868e-02 
29.400000 4.6899265685306099e-02 
29.600000 4.5990370834030937e-02 
29.800000 4.5084884422110318e-02 
30.000000 4.4183900808127036e-02 
30.200000 4.3288414695623251e-02 
30.400000 4.2399328005266669e-02 
30.600000 4.1517456386534618e-02 
30.800000 4.0643535365777285e-02 
31.000000 3.9778226133206925e-02 
31.200000 3.8922120975737683e-02 
31.400000 3.8075748365907776e-02 
31.600000 3.7239577719515714e-02 
31.800000 3.6414023836291352e-02 
32.000000 3.5599451038981558e-02 
32.200000 3.4796177026854135e-02 
32.400000 3.4004476459839783e-02 
32.600000 3.3224584289478012e-02 
32.800000 3.2456698852544472e-02 
33.000000 3.1700984742789887e-02 
33.200000 3.0957575475646780e-02 
33.400000 3.0226575960102291e-02 
33.600000 2.9508064791228954e-02 
33.800000 2.8802096376113286e-02 
34.000000 2.8108702905176346e-02 
34.200000 2.7427896180114705e-02 
34.400000 2.6759669308958425e-02 
34.600000 2.6103998278018951e-02 
34.800000 2.5460843409811331e-02 
35.000000 2.4830150715376725e-02 
35.200000 2.4211853148809383e-02 
35.400000 2.3605871771207362e-02 
35.600000 2.3012116830716210e-02 
35.800000 2.2430488764825431e-02 
36.000000 2.1860879130600683e-02 
36.200000 2.1303171468093622e-02 
36.400000 2.0757242101765463e-02 
36.600000 2.0222960884380668e-02 
36.800000 1.9700191887486347e-02 
37.000000 1.9188794042266533e-02 
37.200000 1.8688621734277544e-02 
37.400000 1.8199525355291929e-02 
37.600000 1.7721351815241711e-02 
37.800000 1.7253945017018900e-02 
38.000000 1.6797146296686955e-02 
38.200000 1.6350794831469468e-02 
38.400000 1.5914728017702714e-02 
38.600000 1.5488781820786012e-02 
38.800000 1.5072791099010788e-02 
39.000000 1.4666589903020902e-02 
39.200000 1.4270011752529141e-02 
39.400000 1.3882889891802235e-02 
39.600000 1.3505057525325386e-02 
39.800000 1.3136348034955522e-02 
40.000000 1.2776595179789216e-02 
40.200000 1.2425633279886555e-02 
40.400000 1.2083297384917129e-02 
40.600000 1.1749423428724599e-02 
40.800000 1.1423848370740728e-02 
41.000000 1.1106410325121680e-02 
41.200000 1.0796948678420043e-02 
41.400000 1.0495304196557939e-02 
41.600000 1.0201319121814878e-02 
41.800000 9.9148372605014842e-03 
42.000000 9.6357040619462295e-03 
42.200000 9.3637666893840142e-03 
42.400000 9.0988740832987202e-03 
42.600000 8.8408770177367743e-03 
42.800000 8.5896281500762988e-03 
43.000000 8.3449820647078198e-03 
43.200000 8.1067953110520400e-03 
43.400000 7.8749264363143605e-03 
43.600000 7.6492360133514356e-03 
43.800000 7.4295866640003098e-03 
44.000000 7.2158430781991212e-03 
44.200000 7.0078720292074438e-03 
44.400000 6.8055423852151830e-03 
44.600000 6.6087251176091101e-03 
44.800000 6.4172933061509190e-03 
45.000000 6.2311221413017450e-03 
45.200000 6.0500889239151296e-03 
45.400000 5.8740730625046452e-03 
45.600000 5.7029560682787138e-03 
45.800000 5.5366215481230940e-03 
46.000000 5.3749551956989413e-03 
46.200000 5.2178447808133395e-03 
46.400000 5.0651801372082386e-03 
46.600000 4.9168531489042627e-03 
46.800000 4.7727577352262018e-03 
47.000000 4.6327898346280351e-03 
47.200000 4.4968473874280220e-03 
47.400000 4.3648303175552244e-03 
47.600000 4.2366405134031393e-03 
47.800000 4.1121818078784988e-03 
48.000000 3.9913599577272221e-03 
48.200000 3.8740826222134921e-03 
48.400000 3.7602593412227876e-03 
48.600000 3.6498015128542415e-03 
48.800000 3.5426223705630352e-03 
49.000000 3.4386369599091228e-03 
49.200000 3.3377621149643716e-03 
49.400000 3.2399164344263168e-03 
49.600000 3.1450202574833728e-03 
49.800000 3.0529956394727254e-03 
50.000000 2.9637663273690538e-03 
50.200000 2.8772577351397141e-03 
50.400000 2.7933969189988519e-03 
50.600000 2.7121125525908503e-03 
50.800000 2.6333349021309812e-03 
51.000000 2.5569958015291589e-03 
51.200000 2.4830286275204735e-03 
51.400000 2.4113682748250474e-03 
51.600000 2.3419511313568838e-03 
51.800000 2.2747150535012495e-03 
52.000000 2.2095993414773763e-03 
52.200000 2.1465447148030785e-03 
52.400000 2.0854932878756303e-03 
52.600000 2.0263885456829650e-03 
52.800000 1.9691753196576472e-03 
53.000000 1.9137997636853750e-03 
53.200000 1.8602093302787456e-03 
53.400000 1.8083527469262585e-03 
53.600000 1.7581799926257378e-03 
53.800000 1.7096422746105482e-03 
54.000000 1.6626920052765768e-03 
54.200000 1.6172827793169346e-03 
54.400000 1.5733693510712008e-03 
54.600000 1.5309076120950998e-03 
54.800000 1.4898545689564220e-03 
55.000000 1.4501683212619857e-03 
55.200000 1.4118080399207254e-03 
55.400000 1.3747339456467772e-03 
55.600000 1.3389072877068137e-03 
55.800000 1.3042903229149893e-03 
56.000000 1.2708462948787518e-03 
56.200000 1.2385394134984237e-03 
56.400000 1.2073348347231929e-03 
56.600000 1.1771986405658070e-03 
56.800000 1.1480978193780039e-03 
57.000000 1.1200002463885670e-03 
57.200000 1.0928746645054649e-03 
57.400000 1.0666906653835483e-03 
57.600000 1.0414186707587815e-03 
57.800000 1.0170299140500772e-03 
58.000000 9.9349642222931961e-04 
58.200000 9.7079099796019324e-04 
58.400000 9.4888720200611435e-04 
58.600000 9.2775933590751481e-04 
58.800000 9.0738242492838152e-04 
59.000000 8.8773220127195962e-04 
59.200000 8.6878508756533667e-04 
59.400000 8.5051818061240142e-04 
59.600000 8.3290923541458925e-04 
59.800000 8.1593664945870618e-04 
60.000000 7.9957944727094871e-04 
60.200000 7.8381726523611510e-04 
60.400000 7.6863033668091022e-04 
60.600000 7.5399947722009730e-04 
60.800000 7.3990607036415247e-04 
61.000000 7.2633205338697572e-04 
61.200000 7.1325990345206755e-04 
61.400000 7.0067262399557738e-04 
61.600000 6.8855373136436778e-04 
61.800000 6.7688724170732791e-04 
62.000000 6.6565765811798811e-04 
62.200000 6.5484995802635702e-04 
62.400000 6.4444958083794822e-04 
62.600000 6.3444241581779289e-04 
62.800000 6.2481479021715399e-04 
63.000000 6.1555345764069381e-04 
63.200000 6.0664558665161276e-04 
63.400000 5.9807874961243087e-04 
63.600000 5.8984091175877450e-04 
63.800000 5.8192042050371538e-04 
64.000000 5.7430599496996785e-04 
64.200000 5.6698671574735029e-04 
64.400000 5.5995201487275164e-04 
64.600000 5.5319166602987261e-04 
64.800000 5.4669577496594519e-04 
65.000000 5.4045477012264545e-04 
65.200000 5.3445939347827561e-04 
65.400000 5.2870069159838273e-04 
65.600000 5.2317000689190306e-04 
65.800000 5.1785896906983398e-04 
66.000000 5.1275948680356935e-04 
66.200000 5.0786373957984181e-04 
66.400000 5.0316416974933011e-04 
66.600000 4.9865347476591153e-04 
66.800000 4.9432459961352483e-04 
67.000000 4.9017072941767627e-04 
67.200000 4.8618528223849856e-04 
67.400000 4.8236190204237921e-04 
67.600000 4.7869445184910739e-04 
67.800000 4.7517700705149152e-04 
68.000000 4.7180384890447083e-04 
68.200000 4.6856945818064398e-04 
68.400000 4.6546850898924167e-04 
68.600000 4.6249586275551535e-04 
68.800000 4.5964656235756755e-04 
69.000000 4.5691582641761122e-04 
69.200000 4.5429904374474813e-04 
69.400000 4.5179176792625703e-04 
69.600000 4.4938971206449891e-04 
69.800000 4.4708874365652460e-04 
70.000000 4.4488487961346300e-04 
70.200000 4.4277428141687537e-04 
70.400000 4.4075325040917386e-04 
70.600000 4.3881822321532323e-04 
70.800000 4.3696576729301731e-04 
71.000000 4.3519257660855267e-04 
71.200000 4.3349546743569030e-04 
71.400000 4.3187137427474852e-04 
71.600000 4.3031734588929918e-04 
71.800000 4.2883054145777635e-04 
72.000000 4.2740822683739592e-04 
72.200000 4.2604777093779454e-04 
72.400000 4.2474664220185483e-04 
72.600000 4.2350240519115805e-04 
72.800000 4.2231271727362287e-04 
73.000000 4.2117532541083769e-04 
73.200000 4.2008806304272175e-04 
73.400000 4.1904884706707928e-04 
73.600000 4.1805567491173736e-04 
73.800000 4.1710662169696890e-04 
74.000000 4.1619983748589088e-04 
74.200000 4.1533354462064919e-04 
74.400000 4.1450603514215051e-04 
74.600000 4.1371566829122948e-04 
74.800000 4.1296086808907965e-04 
75.000000 4.1224012099489777e-04 
75.200000 4.1155197363868656e-04 
75.400000 4.1089503062719879e-04 
75.600000 4.1026795242106478e-04 
75.800000 4.0966945328113603e-04 
76.000000 4.0909829928221332e-04 
76.200000 4.0855330639221642e-04 
76.400000 4.0803333861504472e-04 
76.600000 4.0753730619529923e-04 
76.800000 4.0706416388312203e-04 
77.000000 4.0661290925747881e-04 
77.200000 4.0618258110615218e-04 
77.400000 4.0577225786084020e-04 
77.600000 4.0538105608576208e-04 
77.800000 4.0500812901815407e-04 
78.000000 4.0465266515921588e-04 
78.200000 4.0431388691387747e-04 
78.400000 4.0399104927806029e-04 
78.600000 4.0368343857187923e-04 
78.800000 4.0339037121750096e-04 
79.000000 4.0311119256018616e-04 
79.200000 4.0284527573128322e-04 
79.400000 4.0259202055178972e-04 
79.600000 4.0235085247531695e-04 
79.800000 4.0212122156907387e-04 
80.000000 4.0190260153184770e-04 
80.200000 4.0169448874764925e-04 
80.400000 4.0149640137399339e-04 
80.600000 4.0130787846361240e-04 
80.800000 4.0112847911860091e-04 
81.000000 4.0095778167587357e-04 
81.200000 4.0079538292293404e-04 
81.400000 4.0064089734298324e-04 
81.600000 4.0049395638830826e-04 
81.800000 4.0035420778113936e-04 
82.000000 4.0022131484091747e-04 
82.200000 4.0009495583718407e-04 
82.400000 3.9997482336716144e-04 
82.600000 3.9986062375721687e-04 
82.800000 3.9975207648738236e-04 
83.000000 3.9964891363809785e-04 
83.200000 3.9955087935849930e-04 
83.400000 3.9945772935537561e-04 
83.600000 3.9936923040217494e-04 
83.800000 3.9928515986730997e-04 
84.000000 3.9920530526106211e-04 
84.200000 3.9912946380045921e-04 
84.400000 3.9905744199146120e-04 
84.600000 3.9898905522783173e-04 
84.800000 3.9892412740611142e-04 
85.000000 3.9886249055604597e-04 
85.200000 3.9880398448602480e-04 
85.400000 3.9874845644283393e-04 
85.600000 3.9869576078529757e-04 
85.800000 3.9864575867126599e-04 
86.000000 3.9859831775744282e-04 
86.200000 3.9855331191155426e-04 
86.400000 3.9851062093645826e-04 
86.600000 3.9847013030564800e-04 
86.800000 3.9843173090986630e-04 
87.000000 3.9839531881415705e-04 
87.200000 3.9836079502529441e-04 
87.400000 3.9832806526883443e-04 
87.600000 3.9829703977571049e-04 
87.800000 3.9826763307779765e-04 
88.000000 3.9823976381224386e-04 
88.200000 3.9821335453409546e-04 
88.400000 3.9818833153698065e-04 
88.600000 3.9816462468153513e-04 
88.800000 3.9814216723115583e-04 
89.000000 3.9812089569493154e-04 
89.200000 3.9810074967737066e-04 
89.400000 3.9808167173471706e-04 
89.600000 3.9806360723746462e-04 
89.800000 3.9804650423899847e-04 
90.000000 3.9803031334996805e-04 
90.200000 3.9801498761823126e-04 
90.400000 3.9800048241408863e-04 
90.600000 3.9798675532069365e-04 
90.800000 3.9797376602925455e-04 
91.000000 3.9796147623900413e-04 
91.200000 3.9794984956160421e-04 
91.400000 3.9793885142991293e-04 
91.600000 3.9792844901083245e-04 
91.800000 3.9791861112208423e-04 
92.000000 3.9790930815289318e-04 
92.200000 3.9790051198807197e-04 
92.400000 3.9789219593582237e-04 
92.600000 3.9788433465864752e-04 
92.800000 3.9787690410756656e-04 
93.000000 3.9786988145933279e-04 
93.200000 3.9786324505652285e-04 
93.400000 3.9785697435047924e-04 
93.600000 3.9785104984683007e-04 
93.800000 3.9784545305361044e-04 
94.000000 3.9784016643181570e-04 
94.200000 3.9783517334822274e-04 
94.400000 3.9783045803052172e-04 
94.600000 3.9782600552447432e-04 
94.800000 3.9782180165314461e-04 
95.000000 3.9781783297812004e-04 
95.200000 3.9781408676248280e-04 
95.400000 3.9781055093563442e-04 
95.600000 3.9780721405973074e-04 
95.800000 3.9780406529777432e-04 
96.000000 3.9780109438330654e-04 
96.200000 3.9779829159140601e-04 
96.400000 3.9779564771125415e-04 
96.600000 3.9779315401990855e-04 
96.800000 3.9779080225747039e-04 
97.000000 3.9778858460332397e-04 
97.200000 3.9778649365374328e-04 
97.400000 3.9778452240031093e-04 
97.600000 3.9778266420969181e-04 
97.800000 3.9778091280425241e-04 
98.000000 3.9777926224362451e-04 
98.200000 3.9777770690724551e-04 
98.400000 3.9777624147773323e-04 
98.600000 3.9777486092512366e-04 
98.800000 3.9777356049188731e-04 
99.000000 3.9777233567859209e-04 
99.200000 3.9777118223050038e-04 
99.400000 3.9777009612462793e-04 
99.600000 3.9776907355759775e-04 
99.800000 3.9776811093402212e-04 
100.000000 3.9776720485552939e-04 
100.200000 3.9776635211032264e-04 
100.400000 3.9776554966329032e-04 
100.600000 3.9776479464657239e-04 
100.800000 3.9776408435069033e-04 
101.000000 3.9776341621607260e-04 
101.200000 3.9776278782499395e-04 
101.400000 3.9776219689403788e-04 
101.600000 3.9776164126682301e-04 
101.800000 3.9776111890719084e-04 
102.000000 3.9776062789270212e-04 
102.200000 3.9776016640849358e-04 
102.400000 3.9775973274145651e-04 
102.600000 3.9775932527473398e-04 
102.800000 3.9775894248240886e-04 
103.000000 3.9775858292464341e-04 
103.200000 3.9775824524291632e-04 
103.400000 3.9775792815561638e-04 
103.600000 3.9775763045377392e-04 
103.800000 3.9775735099710594e-04 
104.000000 3.9775708871023403e-04 
104.200000 3.9775684257910770e-04 
104.400000 3.9775661164763025e-04 
104.600000 3.9775639501437167e-04 
104.800000 3.9775619182966725e-04 
105.000000 3.9775600129258998e-04 
105.200000 3.9775582264840829e-04 
105.400000 3.9775565518584217e-04 
105.600000 3.9775549823475707e-04 
105.800000 3.9775535116379348e-04 
106.000000 3.9775521337823431e-04 
106.200000 3.9775508431786618e-04 
106.400000 3.9775496345519974e-04 
106.600000 3.9775485029342335e-04 
106.800000 3.9775474436480780e-04 
107.000000 3.9775464522899892e-04 
107.200000 3.9775455247150892e-04 
107.400000 3.9775446570219594e-04 
107.600000 3.9775438455390874e-04 
107.800000 3.9775430868119145e-04 
108.000000 3.9775423775896958e-04 
108.200000 3.9775417148147182e-04 
108.400000 3.9775410956108107e-04 
108.600000 3.9775405172730142e-04 
108.800000 3.9775399772573556e-04 
109.000000 3.9775394731721917e-04 
109.200000 3.9775390027689018e-04 
109.400000 3.9775385639341212e-04 
109.600000 3.9775381546807505e-04 
109.800000 3.9775377731421005e-04 
110.000000 3.9775374175644314e-04 
110.200000 3.9775370862991336e-04 
110.400000 3.9775367777987751e-04 
110.600000 3.9775364906091535e-04 
110.800000 3.9775362233647688e-04 
111.000000 3.9775359747840690e-04 
111.200000 3.9775357436630700e-04 
111.400000 3.9775355288723348e-04 
111.600000 3.9775353293514885e-04 
111.800000 3.9775351441057890e-04 
112.000000 3.9775349722019697e-04 
112.200000 3.9775348127641416e-04 
112.400000 3.9775346649711664e-04 
112.600000 3.9775345280528994e-04 
112.800000 3.9775344012874718e-04 
113.000000 3.9775342839980666e-04 
113.200000 3.9775341755500418e-04 
113.400000 3.9775340753491612e-04 
113.600000 3.9775339828380664e-04 
113.800000 3.9775338974955521e-04 
114.000000 3.9775338188323829e-04 
114.200000 3.9775337463918164e-04 
114.400000 3.9775336797449298e-04 
114.600000 3.9775336184907619e-04 
114.800000 3.9775335622544360e-04 
115.000000 3.9775335106847896e-04 
115.200000 3.9775334634537527e-04 
115.400000 3.9775334202538993e-04 
115.600000 3.9775333807984064e-04 
115.800000 3.9775333448188434e-04 
116.000000 3.9775333120648675e-04 
116.200000 3.9775332823014422e-04 
116.400000 3.9775332553107490e-04 
116.600000 3.9775332308878434e-04 
116.800000 3.9775332088418721e-04 
117.000000 3.9775331889956353e-04 
117.200000 3.9775331711825541e-04 
117.400000 3.9775331552480343e-04 
117.600000 3.9775331410476562e-04 
117.800000 3.9775331284465566e-04 
118.000000 3.9775331173196531e-04 
118.200000 3.9775331075501865e-04 
118.400000 3.9775330990294417e-04 
118.600000 3.9775330916563248e-04 
118.800000 3.9775330853365098e-04 
119.000000 3.9775330799827195e-04 
119.200000 3.9775330755131486e-04 
119.400000 3.9775330718528300e-04 
119.600000 3.9775330689309051e-04 
119.800000 3.9775330666825252e-04 
120.000000 3.9775330650472930e-04 
120.200000 3.9775330639690539e-04 
120.400000 3.9775330633956606e-04 
120.600000 3.9775330632793604e-04 
120.800000 3.9775330635754885e-04 
121.000000 3.9775330642427878e-04 
121.200000 3.9775330652429904e-04 
121.400000 3.9775330665409707e-04 
121.600000 3.9775330681047003e-04 
121.800000 3.9775330699035597e-04 
122.000000 3.9775330719102927e-04 
122.200000 3.9775330740993967e-04 
122.400000 3.9775330764476783e-04 
122.600000 3.9775330789335034e-04 
122.800000 3.9775330815369948e-04 
123.000000 3.9775330842404231e-04 
123.200000 3.9775330870270412e-04 
123.400000 3.9775330898815395e-04 
123.600000 3.9775330927903997e-04 
123.800000 3.9775330957410559e-04 
124.000000 3.9775330987215282e-04 
124.200000 3.9775331017219916e-04 
124.400000 3.9775331047326291e-04 
124.600000 3.9775331077449819e-04 
124.800000 3.9775331107516632e-04 
125.000000 3.9775331137453172e-04 
125.200000 3.9775331167196936e-04 
125.400000 3.9775331196693979e-04 
125.600000 3.9775331225896959e-04 
125.800000 3.9775331254756952e-04 
126.000000 3.9775331283238905e-04 
126.200000 3.9775331311304996e-04 
126.400000 3.9775331338930473e-04 
126.600000 3.9775331366086712e-04 
126.800000 3.9775331392751786e-04 
127.000000 3.9775331418908587e-04 
127.200000 3.9775331444541679e-04 
127.400000 3.9775331469636373e-04 
127.600000 3.9775331494181621e-04 
127.800000 3.9775331518172066e-04 
128.000000 3.9775331541604413e-04 
128.200000 3.9775331564468789e-04 
128.400000 3.9775331586768236e-04 
128.600000 3.9775331608503026e-04 
128.800000 3.9775331629670024e-04 
129.000000 3.9775331650275373e-04 
129.200000 3.9775331670318927e-04 
129.400000 3.9775331689808306e-04 
129.600000 3.9775331708749806e-04 
129.800000 3.9775331727150322e-04 
130.000000 3.9775331745010595e-04 
130.200000 3.9775331762345899e-04 
130.400000 3.9775331779159923e-04 
130.600000 3.9775331795466318e-04 
130.800000 3.9775331811269562e-04 
131.000000 3.9775331826580053e-04 
131.200000 3.9775331841409385e-04 
131.400000 3.9775331855768342e-04 
131.600000 3.9775331869663688e-04 
131.800000 3.9775331883107795e-04 
132.000000 3.9775331896110458e-04 
132.200000 3.9775331908684124e-04 
132.400000 3.9775331920838025e-04 
132.600000 3.9775331932581838e-04 
132.800000 3.9775331943929759e-04 
133.000000 3.9775331954887405e-04 
133.200000 3.9775331965469208e-04 
133.400000 3.9775331975684187e-04 
133.600000 3.9775331985543211e-04 
133.800000 3.9775331995052911e-04 
134.000000 3.9775332004229446e-04 
134.200000 3.9775332013079225e-04 
134.400000 3.9775332021609993e-04 
134.600000 3.9775332029835716e-04 
134.800000 3.9775332037763782e-04 
135.000000 3.9775332045402018e-04 
135.200000 3.9775332052761041e-04 
135.400000 3.9775332059849018e-04 
135.600000 3.9775332066674650e-04 
135.800000 3.9775332073249193e-04 
136.000000 3.9775332079575903e-04 
136.200000 3.9775332085665373e-04 
136.400000 3.9775332091525724e-04 
136.600000 3.9775332097164991e-04 
136.800000 3.9775332102588284e-04 
137.000000 3.9775332107807476e-04 
137.200000 3.9775332112823136e-04 
137.400000 3.9775332117647830e-04 
137.600000 3.9775332122288210e-04 
137.800000 3.9775332126744297e-04 
138.000000 3.9775332131028571e-04 
138.200000 3.9775332135144311e-04 
138.400000 3.9775332139098776e-04 
138.600000 3.9775332142898503e-04 
138.800000 3.9775332146546111e-04 
139.000000 3.9775332150049207e-04 
139.200000 3.9775332153410244e-04 
139.400000 3.9775332156639925e-04 
139.600000 3.9775332159737740e-04 
139.800000 3.9775332162711983e-04 
140.000000 3.9775332165564151e-04 
140.200000 3.9775332168299186e-04 
140.400000 3.9775332170925086e-04 
140.600000 3.9775332173440294e-04 
140.800000 3.9775332175851950e-04 
141.000000 3.9775332178162580e-04 
141.200000 3.9775332180378353e-04 
141.400000 3.9775332182499388e-04 
141.600000 3.9775332184532441e-04 
141.800000 3.9775332186480118e-04 
142.000000 3.9775332188343244e-04 
142.200000 3.9775332190127260e-04 
142.400000 3.9775332191834358e-04 
142.600000 3.9775332193466110e-04 
142.800000 3.9775332195027383e-04 
143.000000 3.9775332196519180e-04 
143.200000 3.9775332197945616e-04 
143.400000 3.9775332199307601e-04 
143.600000 3.9775332200609918e-04 
143.800000 3.9775332201850841e-04 
144.000000 3.9775332203034167e-04 
144.200000 3.9775332204162257e-04 
144.400000 3.9775332205239168e-04 
144.600000 3.9775332206263512e-04 
144.800000 3.9775332207236865e-04 
145.000000 3.9775332208164210e-04 
145.200000 3.9775332209045867e-04 
145.400000 3.9775332209880909e-04 
145.600000 3.9775332210672387e-04 
145.800000 3.9775332211424151e-04 
146.000000 3.9775332212136055e-04 
146.200000 3.9775332212808255e-04 
146.400000 3.9775332213442518e-04 
146.600000 3.9775332214043335e-04 
146.800000 3.9775332214608036e-04 
147.000000 3.9775332215136243e-04 
147.200000 3.9775332215629533e-04 
147.400000 3.9775332216087972e-04 
147.600000 3.9775332216514372e-04 
147.800000 3.9775332216908198e-04 
148.000000 3.9775332217272414e-04 
148.200000 3.9775332217609069e-04 
148.400000 3.9775332217920073e-04 
148.600000 3.9775332218202513e-04 
148.800000 3.9775332218462369e-04 
149.000000 3.9775332218700118e-04 
149.200000 3.9775332218916135e-04 
149.400000 3.9775332219112180e-04 
149.600000 3.9775332219286374e-04 
149.800000 3.9775332219444960e-04 
