0.000000 7.4732195388505313e-02 
0.200000 7.4837908321755062e-02 
0.400000 7.4881965333298203e-02 
0.600000 7.4864174712481871e-02 
0.800000 7.4784459871860720e-02 
1.000000 7.4642859974507758e-02 
1.200000 7.4439530322194872e-02 
1.400000 7.4174742502541899e-02 
1.600000 7.3848884293897521e-02 
1.800000 7.3462459327383989e-02 
2.000000 7.3016085289385579e-02 
2.200000 7.2514319913903766e-02 
2.400000 7.1958857697433876e-02 
2.600000 7.1351234586720547e-02 
2.800000 7.0692911076155163e-02 
3.000000 6.9985236200032358e-02 
3.200000 6.9229512520402006e-02 
3.400000 6.8423017121939461e-02 
3.600000 6.7598180138733088e-02 
3.800000 6.6734763275377654e-02 
4.000000 6.5833407617720899e-02 
4.200000 6.4894609668130709e-02 
4.400000 6.3919326047296471e-02 
4.600000 6.2908828635741806e-02 
4.800000 6.1864553891360120e-02 
5.000000 6.0788159259949126e-02 
5.200000 5.9681444292754147e-02 
5.400000 5.8546345422609190e-02 
5.600000 5.7384852111688506e-02 
5.800000 5.6198980923260457e-02 
6.000000 5.4990880601156727e-02 
6.200000 5.3762624948369003e-02 
6.400000 5.2516405815396655e-02 
6.600000 5.1254383035358612e-02 
6.800000 4.9979040449061672e-02 
7.000000 4.8692179251819345e-02 
7.200000 4.7395781525303264e-02 
7.400000 4.6092013785874485e-02 
7.600000 4.4783076547506503e-02 
7.800000 4.3471180954025426e-02 
8.000000 4.2158535002948215e-02 
8.200000 4.0847333004853992e-02 
8.400000 3.9539744427802420e-02 
8.600000 3.8237903230422171e-02 
8.800000 3.6943896995158300e-02 
9.000000 3.5659760518753504e-02 
9.200000 3.4387469097732354e-02 
9.400000 3.3128925301317967e-02 
9.600000 3.1885957336179986e-02 
9.800000 3.0660313509501123e-02 
10.000000 2.9453662545428430e-02 
10.200000 2.8267571396759145e-02 
10.400000 2.7103504778575635e-02 
10.600000 2.5962820805282713e-02 
10.800000 2.4846769919716200e-02 
11.000000 2.3756491395189976e-02 
11.200000 2.2693010180278406e-02 
11.400000 2.1657234823089924e-02 
11.600000 2.0649956395174810e-02 
11.800000 1.9671848122969831e-02 
12.000000 1.8723465985200725e-02 
12.200000 1.7805250017625802e-02 
12.400000 1.6917526683792063e-02 
12.600000 1.6060511694675955e-02 
12.800000 1.5234313490341428e-02 
13.000000 1.4438937268236257e-02 
13.200000 1.3674289674267273e-02 
13.400000 1.2940183589421230e-02 
13.600000 1.2236343629176413e-02 
13.800000 1.1562411981705187e-02 
14.000000 1.0917954723835895e-02 
14.200000 1.0302468120937902e-02 
14.400000 9.7153849859170863e-03 
14.600000 9.1560811284067695e-03 
14.800000 8.6238818159600598e-03 
15.000000 8.1180681836227533e-03 
15.200000 7.6378835370967046e-03 
15.400000 7.1825394956346504e-03 
15.600000 6.7512219383884294e-03 
15.800000 6.3430967014064471e-03 
16.000000 5.9573149970734412e-03 
16.200000 5.5930185291828494e-03 
16.400000 5.2493442857072924e-03 
16.600000 4.9254289848523177e-03 
16.800000 4.6204131698341809e-03 
17.000000 4.3334449431435490e-03 
17.200000 4.0636833397147696e-03 
17.400000 3.8103013334749368e-03 
17.600000 3.5724884856452471e-03 
17.800000 3.3494532478286457e-03 
18.000000 3.1404249323911458e-03 
18.200000 2.9446553649056582e-03 
18.400000 2.7614202360397716e-03 
18.600000 2.5900201720180926e-03 
18.800000 2.4297815443204544e-03 
19.000000 2.2800570398077672e-03 
19.200000 2.1402260131059381e-03 
19.400000 2.0096946429461228e-03 
19.600000 1.8878959137368816e-03 
19.800000 1.7742894426821653e-03 
20.000000 1.6683611718826472e-03 
20.200000 1.5696229435557619e-03 
20.400000 1.4776119751806821e-03 
20.600000 1.3918902498903738e-03 
20.800000 1.3120438361537571e-03 
21.000000 1.2376821494682287e-03 
21.200000 1.1684371674529910e-03 
21.400000 1.1039626085393875e-03 
21.600000 1.0439330834085330e-03 
21.800000 9.8804322738290165e-04 
22.000000 9.3600682114095414e-04 
22.200000 8.8755590636118700e-04 
22.400000 8.4243990222110756e-04 
22.600000 8.0042472804938661e-04 
22.800000 7.6129193685134540e-04 
23.000000 7.2483786388141246e-04 
23.200000 6.9087279392295205e-04 
23.400000 6.5922015044444094e-04 
23.600000 6.2971570933074668e-04 
23.800000 6.0220683943718024e-04 
24.000000 5.7655177178586223e-04 
24.200000 5.5261889881747319e-04 
24.400000 5.3028610472835764e-04 
24.600000 5.0944012756646000e-04 
24.800000 4.8997595343210434e-04 
25.000000 4.7179624283224793e-04 
25.200000 4.5481078897010603e-04 
25.400000 4.3893600751663647e-04 
25.600000 4.2409445720604372e-04 
25.800000 4.1021439042397727e-04 
26.000000 3.9722933281330179e-04 
26.200000 3.8507769080679610e-04 
26.400000 3.7370238590710386e-04 
26.600000 3.6305051446976346e-04 
26.800000 3.5307303170276690e-04 
27.000000 3.4372445857356649e-04 
27.200000 3.3496261030926901e-04 
27.400000 3.2674834518563688e-04 
27.600000 3.1904533232290580e-04 
27.800000 3.1181983723935105e-04 
28.000000 3.0504052395463269e-04 
28.200000 2.9867827248273150e-04 
28.400000 2.9270601060654900e-04 
28.600000 2.8709855888198492e-04 
28.800000 2.8183248787683483e-04 
29.000000 2.7688598670833119e-04 
29.200000 2.7223874200149091e-04 
29.400000 2.6787182644804036e-04 
29.600000 2.6376759620174139e-04 
29.800000 2.5990959640029651e-04 
30.000000 2.5628247415591276e-04 
30.200000 2.5287189840623244e-04 
30.400000 2.4966448606414702e-04 
30.600000 2.4664773394920438e-04 
30.800000 2.4380995602470756e-04 
31.000000 2.4114022550321521e-04 
31.200000 2.3862832141911434e-04 
31.400000 2.3626467930027768e-04 
31.600000 2.3404034560162016e-04 
31.800000 2.3194693559182739e-04 
32.000000 2.2997659441070491e-04 
32.200000 2.2812196103863010e-04 
32.400000 2.2637613494169419e-04 
32.600000 2.2473264517630474e-04 
32.800000 2.2318542175553329e-04 
33.000000 2.2172876909641132e-04 
33.200000 2.2035734138280654e-04 
33.400000 2.1906611969261760e-04 
33.600000 2.1785039075090167e-04 
33.800000 2.1670572718225341e-04 
34.000000 2.1562796914646561e-04 
34.200000 2.1461320725124373e-04 
34.400000 2.1365776664462801e-04 
34.600000 2.1275819219787159e-04 
34.800000 2.1191123469690369e-04 
35.000000 2.1111383796724379e-04 
35.200000 2.1036312686334660e-04 
35.400000 2.0965639605897903e-04 
35.600000 2.0899109958030611e-04 
35.800000 2.0836484102805625e-04 
36.000000 2.0777536443937144e-04 
36.200000 2.0722054574382259e-04 
36.400000 2.0669838477167953e-04 
36.600000 2.0620699777570362e-04 
36.800000 2.0574461043076683e-04 
37.000000 2.0530955127829855e-04 
37.200000 2.0490024558505622e-04 
37.400000 2.0451520958802120e-04 
37.600000 2.0415304509931336e-04 
37.800000 2.0381243444693418e-04 
38.000000 2.0349213572895742e-04 
38.200000 2.0319097836036569e-04 
38.400000 2.0290785889328115e-04 
38.600000 2.0264173709267402e-04 
38.800000 2.0239163225094071e-04 
39.000000 2.0215661972589185e-04 
39.200000 2.0193582768778464e-04 
39.400000 2.0172843406202328e-04 
39.600000 2.0153366365509510e-04 
39.800000 2.0135078545212358e-04 
40.000000 2.0117911007525420e-04 
40.200000 2.0101798739279156e-04 
40.400000 2.0086680426967789e-04 
40.600000 2.0072498245056496e-04 
40.800000 2.0059197656726850e-04 
41.000000 2.0046727226296257e-04 
41.200000 2.0035038442597818e-04 
41.400000 2.0024085552649513e-04 
41.600000 2.0013825404990800e-04 
41.800000 2.0004217302099669e-04 
42.000000 1.9995222861343999e-04 
42.200000 1.9986805883954382e-04 
42.400000 1.9978932231538312e-04 
42.600000 1.9971569709687073e-04 
42.800000 1.9964687958252473e-04 
43.000000 1.9958258347899338e-04 
43.200000 1.9952253882563574e-04 
43.400000 1.9946649107466734e-04 
43.600000 1.9941420022362910e-04 
43.800000 1.9936543999710414e-04 
44.000000 1.9931999707481271e-04 
44.200000 1.9927767036339349e-04 
44.400000 1.9923827030932599e-04 
44.600000 1.9920161825061567e-04 
44.800000 1.9916754580501377e-04 
45.000000 1.9913589429264764e-04 
45.200000 1.9910651419110674e-04 
45.400000 1.9907926462110471e-04 
45.600000 1.9905401286098026e-04 
45.800000 1.9903063388838834e-04 
46.000000 1.9900900994762754e-04 
46.200000 1.9898903014115094e-04 
46.400000 1.9897059004389379e-04 
46.600000 1.9895359133911250e-04 
46.800000 1.9893794147452984e-04 
47.000000 1.9892355333763883e-04 
47.200000 1.9891034494908213e-04 
47.400000 1.9889823917309583e-04 
47.600000 1.9888716344405481e-04 
47.800000 1.9887704950822006e-04 
48.000000 1.9886783317984080e-04 
48.200000 1.9885945411079675e-04 
48.400000 1.9885185557304007e-04 
48.600000 1.9884498425311249e-04 
48.800000 1.9883879005807323e-04 
49.000000 1.9883322593219647e-04 
49.200000 1.9882824768384296e-04 
49.400000 1.9882381382194792e-04 
49.600000 1.9881988540157891e-04 
49.800000 1.9881642587807154e-04 
50.000000 1.9881340096927397e-04 
50.200000 1.9881077852543062e-04 
50.400000 1.9880852840630984e-04 
50.600000 1.9880662236515715e-04 
50.800000 1.9880503393910663e-04 
51.000000 1.9880373834569144e-04 
51.200000 1.9880271238511662e-04 
51.400000 1.9880193434798805e-04 
51.600000 1.9880138392817348e-04 
51.800000 1.9880104214054314e-04 
52.000000 1.9880089124330315e-04 
52.200000 1.9880091466466970e-04 
52.400000 1.9880109693365630e-04 
52.600000 1.9880142361473609e-04 
52.800000 1.9880188124617794e-04 
53.000000 1.9880245728184505e-04 
53.200000 1.9880314003627451e-04 
53.400000 1.9880391863284885e-04 
53.600000 1.9880478295489782e-04 
53.800000 1.9880572359956539e-04 
54.000000 1.9880673183429176e-04 
54.200000 1.9880779955576731e-04 
54.400000 1.9880891925121559e-04 
54.600000 1.9881008396189630e-04 
54.800000 1.9881128724867414e-04 
55.000000 1.9881252315957730e-04 
55.200000 1.9881378619921122e-04 
55.400000 1.9881507129992947e-04 
55.600000 1.9881637379466616e-04 
55.800000 1.9881768939134970e-04 
56.000000 1.9881901414878971e-04 
56.200000 1.9882034445396987e-04 
56.400000 1.9882167700066569e-04 
56.600000 1.9882300876932196e-04 
56.800000 1.9882433700809282e-04 
57.000000 1.9882565921501517e-04 
57.200000 1.9882697312123164e-04 
57.400000 1.9882827667520674e-04 
57.600000 1.9882956802788165e-04 
57.800000 1.9883084551872404e-04 
58.000000 1.9883210766260927e-04 
58.200000 1.9883335313749346e-04 
58.400000 1.9883458077283260e-04 
58.600000 1.9883578953871022e-04 
58.800000 1.9883697853562753e-04 
59.000000 1.9883814698491606e-04 
59.200000 1.9883929421975086e-04 
59.400000 1.9884041967670985e-04 
59.600000 1.9884152288787571e-04 
59.800000 1.9884260347341996e-04 
60.000000 1.9884366113465967e-04 
60.200000 1.9884469564756014e-04 
60.400000 1.9884570685664181e-04 
60.600000 1.9884669466928913e-04 
60.800000 1.9884765905042772e-04 
61.000000 1.9884860001754171e-04 
61.200000 1.9884951763603044e-04 
61.400000 1.9885041201485407e-04 
61.600000 1.9885128330249434e-04 
61.800000 1.9885213168317057e-04 
62.000000 1.9885295737331128e-04 
62.200000 1.9885376061828087e-04 
62.400000 1.9885454168932801e-04 
62.600000 1.9885530088074022e-04 
62.800000 1.9885603850720358e-04 
63.000000 1.9885675490135740e-04 
63.200000 1.9885745041152135e-04 
63.400000 1.9885812539958175e-04 
63.600000 1.9885878023905324e-04 
63.800000 1.9885941531326036e-04 
64.000000 1.9886003101367419e-04 
64.200000 1.9886062773839000e-04 
64.400000 1.9886120589068535e-04 
64.600000 1.9886176587773441e-04 
64.800000 1.9886230810940711e-04 
65.000000 1.9886283299715894e-04 
65.200000 1.9886334095304430e-04 
65.400000 1.9886383238877487e-04 
65.600000 1.9886430771490400e-04 
65.800000 1.9886476734003888e-04 
66.000000 1.9886521167018461e-04 
66.200000 1.9886564110807348e-04 
66.400000 1.9886605605264423e-04 
66.600000 1.9886645689849795e-04 
66.800000 1.9886684403547597e-04 
67.000000 1.9886721784822896e-04 
67.200000 1.9886757871588742e-04 
67.400000 1.9886792701170902e-04 
67.600000 1.9886826310284991e-04 
67.800000 1.9886858735008116e-04 
68.000000 1.9886890010761981e-04 
68.200000 1.9886920172293494e-04 
68.400000 1.9886949253661065e-04 
68.600000 1.9886977288223768e-04 
68.800000 1.9887004308630395e-04 
69.000000 1.9887030346814474e-04 
69.200000 1.9887055433988145e-04 
69.400000 1.9887079600640678e-04 
69.600000 1.9887102876536009e-04 
69.800000 1.9887125290713367e-04 
70.000000 1.9887146871490959e-04 
70.200000 1.9887167646467804e-04 
70.400000 1.9887187642528585e-04 
70.600000 1.9887206885848858e-04 
70.800000 1.9887225401903427e-04 
71.000000 1.9887243215472198e-04 
71.200000 1.9887260350649237e-04 
71.400000 1.9887276830851642e-04 
71.600000 1.9887292678829612e-04 
71.800000 1.9887307916676320e-04 
72.000000 1.9887322565839094e-04 
72.200000 1.9887336647130035e-04 
72.400000 1.9887350180737806e-04 
72.600000 1.9887363186240213e-04 
72.800000 1.9887375682614471e-04 
73.000000 1.9887387688251838e-04 
73.200000 1.9887399220967384e-04 
73.400000 1.9887410298015878e-04 
73.600000 1.9887420936102139e-04 
73.800000 1.9887431151392669e-04 
74.000000 1.9887440959532782e-04 
74.200000 1.9887450375653923e-04 
74.400000 1.9887459414391227e-04 
74.600000 1.9887468089892777e-04 
74.800000 1.9887476415833574e-04 
75.000000 1.9887484405427757e-04 
75.200000 1.9887492071441766e-04 
75.400000 1.9887499426204445e-04 
75.600000 1.9887506481622289e-04 
75.800000 1.9887513249188088e-04 
76.000000 1.9887519739995177e-04 
76.200000 1.9887525964746685e-04 
76.400000 1.9887531933769926e-04 
76.600000 1.9887537657024362e-04 
76.800000 1.9887543144115884e-04 
77.000000 1.9887548404303937e-04 
77.200000 1.9887553446514802e-04 
77.400000 1.9887558279351746e-04 
77.600000 1.9887562911103551e-04 
77.800000 1.9887567349755102e-04 
78.000000 1.9887571602998820e-04 
78.200000 1.9887575678241207e-04 
78.400000 1.9887579582614698e-04 
78.600000 1.9887583322984338e-04 
78.800000 1.9887586905958680e-04 
79.000000 1.9887590337897641e-04 
79.200000 1.9887593624919183e-04 
79.400000 1.9887596772909870e-04 
79.600000 1.9887599787532010e-04 
79.800000 1.9887602674230353e-04 
80.000000 1.9887605438241156e-04 
80.200000 1.9887608084598072e-04 
80.400000 1.9887610618140445e-04 
80.600000 1.9887613043517314e-04 
80.800000 1.9887615365199405e-04 
81.000000 1.9887617587481090e-04 
81.200000 1.9887619714486281e-04 
81.400000 1.9887621750178832e-04 
81.600000 1.9887623698364387e-04 
81.800000 1.9887625562698788e-04 
82.000000 1.9887627346689817e-04 
82.200000 1.9887629053708312e-04 
82.400000 1.9887630686987598e-04 
82.600000 1.9887632249630807e-04 
82.800000 1.9887633744618312e-04 
83.000000 1.9887635174808765e-04 
83.200000 1.9887636542943954e-04 
83.400000 1.9887637851656294e-04 
83.600000 1.9887639103467915e-04 
83.800000 1.9887640300799914e-04 
84.000000 1.9887641445974727e-04 
84.200000 1.9887642541216948e-04 
84.400000 1.9887643588662843e-04 
84.600000 1.9887644590356213e-04 
84.800000 1.9887645548259742e-04 
85.000000 1.9887646464252756e-04 
85.200000 1.9887647340137334e-04 
85.400000 1.9887648177640399e-04 
85.600000 1.9887648978415107e-04 
85.800000 1.9887649744047793e-04 
86.000000 1.9887650476055520e-04 
86.200000 1.9887651175894516e-04 
86.400000 1.9887651844957983e-04 
86.600000 1.9887652484579021e-04 
86.800000 1.9887653096037548e-04 
87.000000 1.9887653680555266e-04 
87.200000 1.9887654239304688e-04 
87.400000 1.9887654773408507e-04 
87.600000 1.9887655283939287e-04 
87.800000 1.9887655771926502e-04 
88.000000 1.9887656238353775e-04 
88.200000 1.9887656684163560e-04 
88.400000 1.9887657110256380e-04 
88.600000 1.9887657517496141e-04 
88.800000 1.9887657906707783e-04 
89.000000 1.9887658278681055e-04 
89.200000 1.9887658634171919e-04 
89.400000 1.9887658973904041e-04 
89.600000 1.9887659298568615e-04 
89.800000 1.9887659608828822e-04 
90.000000 1.9887659905316646e-04 
90.200000 1.9887660188637582e-04 
90.400000 1.9887660459370690e-04 
90.600000 1.9887660718071441e-04 
90.800000 1.9887660965268607e-04 
91.000000 1.9887661201468081e-04 
91.200000 1.9887661427156079e-04 
91.400000 1.9887661642795286e-04 
91.600000 1.9887661848828713e-04 
91.800000 1.9887662045679384e-04 
92.000000 1.9887662233752140e-04 
92.200000 1.9887662413436334e-04 
92.400000 1.9887662585099761e-04 
92.600000 1.9887662749098253e-04 
92.800000 1.9887662905769061e-04 
93.000000 1.9887663055436671e-04 
93.200000 1.9887663198409631e-04 
93.400000 1.9887663334983477e-04 
93.600000 1.9887663465442137e-04 
93.800000 1.9887663590053260e-04 
94.000000 1.9887663709077148e-04 
94.200000 1.9887663822760064e-04 
94.400000 1.9887663931338480e-04 
94.600000 1.9887664035036460e-04 
94.800000 1.9887664134071712e-04 
95.000000 1.9887664228647586e-04 
95.200000 1.9887664318963481e-04 
95.400000 1.9887664405206877e-04 
95.600000 1.9887664487556374e-04 
95.800000 1.9887664566185234e-04 
96.000000 1.9887664641257636e-04 
96.200000 1.9887664712931044e-04 
96.400000 1.9887664781355260e-04 
96.600000 1.9887664846673540e-04 
96.800000 1.9887664909024286e-04 
97.000000 1.9887664968536189e-04 
97.200000 1.9887665025336497e-04 
97.400000 1.9887665079545424e-04 
97.600000 1.9887665131276122e-04 
97.800000 1.9887665180639129e-04 
98.000000 1.9887665227738739e-04 
98.200000 1.9887665272674344e-04 
98.400000 1.9887665315541654e-04 
98.600000 1.9887665356433637e-04 
98.800000 1.9887665395435845e-04 
99.000000 1.9887665432633106e-04 
99.200000 1.9887665468104493e-04 
99.400000 1.9887665501926204e-04 
99.600000 1.9887665534172765e-04 
99.800000 1.9887665564912162e-04 
100.000000 1.9887665594212168e-04 
100.200000 1.9887665622136987e-04 
100.400000 1.9887665648746068e-04 
100.600000 1.9887665674098374e-04 
100.800000 1.9887665698250693e-04 
101.000000 1.9887665721255042e-04 
101.200000 1.9887665743163733e-04 
101.400000 1.9887665764024490e-04 
101.600000 1.9887665783884228e-04 
101.800000 1.9887665802787821e-04 
102.000000 1.9887665820777906e-04 
102.200000 1.9887665837894729e-04 
102.400000 1.9887665854178020e-04 
102.600000 1.9887665869665219e-04 
102.800000 1.9887665884391517e-04 
103.000000 1.9887665898390297e-04 
103.200000 1.9887665911696753e-04 
103.400000 1.9887665924339342e-04 
103.600000 1.9887665936349727e-04 
103.800000 1.9887665947755461e-04 
104.000000 1.9887665958583800e-04 
104.200000 1.9887665968861825e-04 
104.400000 1.9887665978614275e-04 
104.600000 1.9887665987864620e-04 
104.800000 1.9887665996636792e-04 
105.000000 1.9887666004952037e-04 
105.200000 1.9887666012829712e-04 
105.400000 1.9887666020292592e-04 
105.600000 1.9887666027358294e-04 
105.800000 1.9887666034045876e-04 
106.000000 1.9887666040373036e-04 
106.200000 1.9887666046355587e-04 
106.400000 1.9887666052009062e-04 
106.600000 1.9887666057351032e-04 
106.800000 1.9887666062394228e-04 
107.000000 1.9887666067153537e-04 
107.200000 1.9887666071642283e-04 
107.400000 1.9887666075873688e-04 
107.600000 1.9887666079859280e-04 
107.800000 1.9887666083611468e-04 
108.000000 1.9887666087140649e-04 
108.200000 1.9887666090458224e-04 
108.400000 1.9887666093574888e-04 
108.600000 1.9887666096499894e-04 
108.800000 1.9887666099242392e-04 
109.000000 1.9887666101811677e-04 
109.200000 1.9887666104216289e-04 
109.400000 1.9887666106463880e-04 
109.600000 1.9887666108564400e-04 
109.800000 1.9887666110522548e-04 
110.000000 1.9887666112347520e-04 
110.200000 1.9887666114045034e-04 
110.400000 1.9887666115621841e-04 
110.600000 1.9887666117084974e-04 
110.800000 1.9887666118439520e-04 
111.000000 1.9887666119690903e-04 
111.200000 1.9887666120845700e-04 
111.400000 1.9887666121908243e-04 
111.600000 1.9887666122883995e-04 
111.800000 1.9887666123776803e-04 
112.000000 1.9887666124593278e-04 
112.200000 1.9887666125334300e-04 
112.400000 1.9887666126007400e-04 
112.600000 1.9887666126614667e-04 
112.800000 1.9887666127160048e-04 
113.000000 1.9887666127647201e-04 
113.200000 1.9887666128080075e-04 
113.400000 1.9887666128460955e-04 
113.600000 1.9887666128793970e-04 
113.800000 1.9887666129081216e-04 
114.000000 1.9887666129325901e-04 
114.200000 1.9887666129530173e-04 
114.400000 1.9887666129696948e-04 
114.600000 1.9887666129829199e-04 
114.800000 1.9887666129928609e-04 
115.000000 1.9887666129996741e-04 
115.200000 1.9887666130037024e-04 
115.400000 1.9887666130050582e-04 
115.600000 1.9887666130039732e-04 
115.800000 1.9887666130005900e-04 
116.000000 1.9887666129950334e-04 
116.200000 1.9887666129875568e-04 
116.400000 1.9887666129782296e-04 
116.600000 1.9887666129673264e-04 
116.800000 1.9887666129547987e-04 
117.000000 1.9887666129408488e-04 
117.200000 1.9887666129256401e-04 
117.400000 1.9887666129093692e-04 
117.600000 1.9887666128919345e-04 
117.800000 1.9887666128736158e-04 
118.000000 1.9887666128543796e-04 
118.200000 1.9887666128344257e-04 
118.400000 1.9887666128137456e-04 
118.600000 1.9887666127924692e-04 
118.800000 1.9887666127706518e-04 
119.000000 1.9887666127484143e-04 
119.200000 1.9887666127258426e-04 
119.400000 1.9887666127029149e-04 
119.600000 1.9887666126797591e-04 
119.800000 1.9887666126563341e-04 
120.000000 1.9887666126328061e-04 
120.200000 1.9887666126091626e-04 
120.400000 1.9887666125854714e-04 
120.600000 1.9887666125617987e-04 
120.800000 1.9887666125380910e-04 
121.000000 1.9887666125144792e-04 
121.200000 1.9887666124908767e-04 
121.400000 1.9887666124675585e-04 
121.600000 1.9887666124443034e-04 
121.800000 1.9887666124212471e-04 
122.000000 1.9887666123984447e-04 
122.200000 1.9887666123758090e-04 
122.400000 1.9887666123535107e-04 
122.600000 1.9887666123313727e-04 
122.800000 1.9887666123094880e-04 
123.000000 1.9887666122880173e-04 
123.200000 1.9887666122668456e-04 
123.400000 1.9887666122460042e-04 
123.600000 1.9887666122255033e-04 
123.800000 1.9887666122052813e-04 
124.000000 1.9887666121855437e-04 
124.200000 1.9887666121660381e-04 
124.400000 1.9887666121469876e-04 
124.600000 1.9887666121283227e-04 
124.800000 1.9887666121099818e-04 
125.000000 1.9887666120920776e-04 
125.200000 1.9887666120745168e-04 
125.400000 1.9887666120574311e-04 
125.600000 1.9887666120406371e-04 
125.800000 1.9887666120242350e-04 
126.000000 1.9887666120082297e-04 
126.200000 1.9887666119926842e-04 
126.400000 1.9887666119774837e-04 
126.600000 1.9887666119625970e-04 
126.800000 1.9887666119482316e-04 
127.000000 1.9887666119341516e-04 
127.200000 1.9887666119205050e-04 
127.400000 1.9887666119071889e-04 
127.600000 1.9887666118942926e-04 
127.800000 1.9887666118817063e-04 
128.000000 1.9887666118694914e-04 
128.200000 1.9887666118576102e-04 
128.400000 1.9887666118460962e-04 
128.600000 1.9887666118349393e-04 
128.800000 1.9887666118241444e-04 
129.000000 1.9887666118136485e-04 
129.200000 1.9887666118034735e-04 
129.400000 1.9887666117935710e-04 
129.600000 1.9887666117840606e-04 
129.800000 1.9887666117748644e-04 
130.000000 1.9887666117658992e-04 
130.200000 1.9887666117572933e-04 
130.400000 1.9887666117489929e-04 
130.600000 1.9887666117408885e-04 
130.800000 1.9887666117331037e-04 
131.000000 1.9887666117256154e-04 
131.200000 1.9887666117183807e-04 
131.400000 1.9887666117113830e-04 
131.600000 1.9887666117046688e-04 
131.800000 1.9887666116982170e-04 
132.000000 1.9887666116919246e-04 
132.200000 1.9887666116858818e-04 
132.400000 1.9887666116801008e-04 
132.600000 1.9887666116745212e-04 
132.800000 1.9887666116691862e-04 
133.000000 1.9887666116640712e-04 
133.200000 1.9887666116590895e-04 
133.400000 1.9887666116543166e-04 
133.600000 1.9887666116497938e-04 
133.800000 1.9887666116453836e-04 
134.000000 1.9887666116411883e-04 
134.200000 1.9887666116371689e-04 
134.400000 1.9887666116332763e-04 
134.600000 1.9887666116296328e-04 
134.800000 1.9887666116260861e-04 
135.000000 1.9887666116226904e-04 
135.200000 1.9887666116194473e-04 
135.400000 1.9887666116162866e-04 
135.600000 1.9887666116133722e-04 
135.800000 1.9887666116105026e-04 
136.000000 1.9887666116078065e-04 
136.200000 1.9887666116052646e-04 
136.400000 1.9887666116027541e-04 
136.600000 1.9887666116004206e-04 
136.800000 1.9887666115981541e-04 
137.000000 1.9887666115960708e-04 
137.200000 1.9887666115939881e-04 
137.400000 1.9887666115920880e-04 
137.600000 1.9887666115902421e-04 
137.800000 1.9887666115885315e-04 
138.000000 1.9887666115868559e-04 
138.200000 1.9887666115852960e-04 
138.400000 1.9887666115837779e-04 
138.600000 1.9887666115823974e-04 
138.800000 1.9887666115809980e-04 
139.000000 1.9887666115797688e-04 
139.200000 1.9887666115785900e-04 
139.400000 1.9887666115774326e-04 
139.600000 1.9887666115763598e-04 
139.800000 1.9887666115753262e-04 
140.000000 1.9887666115744242e-04 
140.200000 1.9887666115734901e-04 
140.400000 1.9887666115726328e-04 
140.600000 1.9887666115718758e-04 
140.800000 1.9887666115711279e-04 
141.000000 1.9887666115703866e-04 
141.200000 1.9887666115696976e-04 
141.400000 1.9887666115691110e-04 
141.600000 1.9887666115685277e-04 
141.800000 1.9887666115679854e-04 
142.000000 1.9887666115674782e-04 
142.200000 1.9887666115670072e-04 
142.400000 1.9887666115665569e-04 
142.600000 1.9887666115661208e-04 
142.800000 1.9887666115657793e-04 
143.000000 1.9887666115653822e-04 
143.200000 1.9887666115650190e-04 
143.400000 1.9887666115646954e-04 
143.600000 1.9887666115644167e-04 
143.800000 1.9887666115641503e-04 
144.000000 1.9887666115638806e-04 
144.200000 1.9887666115636136e-04 
144.400000 1.9887666115633878e-04 
144.600000 1.9887666115632198e-04 
144.800000 1.9887666115630552e-04 
145.000000 1.9887666115628178e-04 
145.200000 1.9887666115627248e-04 
145.400000 1.9887666115625302e-04 
145.600000 1.9887666115624616e-04 
145.800000 1.9887666115623042e-04 
146.000000 1.9887666115622502e-04 
146.200000 1.9887666115620957e-04 
146.400000 1.9887666115620038e-04 
146.600000 1.9887666115619838e-04 
146.800000 1.9887666115618903e-04 
147.000000 1.9887666115618163e-04 
147.200000 1.9887666115617550e-04 
147.400000 1.9887666115617135e-04 
147.600000 1.9887666115616981e-04 
147.800000 1.9887666115616750e-04 
148.000000 1.9887666115616235e-04 
148.200000 1.9887666115615794e-04 
148.400000 1.9887666115615493e-04 
148.600000 1.9887666115615246e-04 
148.800000 1.9887666115614880e-04 
149.000000 1.9887666115614634e-04 
149.200000 1.9887666115614474e-04 
149.400000 1.9887666115614428e-04 
149.600000 1.9887666115614425e-04 
149.800000 1.9887666115614406e-04 
