0.000000 1.3144499441010610e-01 
0.200000 1.3172652789233863e-01 
0.400000 1.3205687853264084e-01 
0.600000 1.3243638238167871e-01 
0.800000 1.3286540045857717e-01 
1.000000 1.3334431904378533e-01 
1.200000 1.3387354998974785e-01 
1.400000 1.3445353104966823e-01 
1.600000 1.3508472622467471e-01 
1.800000 1.3577359254364674e-01 
2.000000 1.3652325551843450e-01 
2.200000 1.3733700930494044e-01 
2.400000 1.3821835761756904e-01 
2.600000 1.3917104423456930e-01 
2.800000 1.4019907938689771e-01 
3.000000 1.4130636269484623e-01 
3.200000 1.4251526515183197e-01 
3.400000 1.4382973556295717e-01 
3.600000 1.4525471320810932e-01 
3.800000 1.4679572339619776e-01 
4.000000 1.4845899420517156e-01 
4.200000 1.5025143518591946e-01 
4.400000 1.5218053692056585e-01 
4.600000 1.5425436692404337e-01 
4.800000 1.5648153480134844e-01 
5.000000 1.5887116779839477e-01 
5.200000 1.6143288121519178e-01 
5.400000 1.6417674258913653e-01 
5.600000 1.6711321709672830e-01 
5.800000 1.7025320391077470e-01 
6.000000 1.7360762817493572e-01 
6.200000 1.7718753021455064e-01 
6.400000 1.8100408272379331e-01 
6.600000 1.8506849931521410e-01 
6.800000 1.8939191758055304e-01 
7.000000 1.9398526103685354e-01 
7.200000 1.9885908111636566e-01 
7.400000 2.0402337671079501e-01 
7.600000 2.0948739091279064e-01 
7.800000 2.1525938529470848e-01 
8.000000 2.2134639239405698e-01 
8.200000 2.2775394807202140e-01 
8.400000 2.3448580600136315e-01 
8.600000 2.4154364703521022e-01 
8.800000 2.4892679312627319e-01 
9.000000 2.5663186484324130e-01 
9.200000 2.6465246537560033e-01 
9.400000 2.7297888636624756e-01 
9.600000 2.8159783500561741e-01 
9.800000 2.9049219416754479e-01 
10.000000 2.9964082680985921e-01 
10.200000 3.0901843583122329e-01 
10.400000 3.1859549057611475e-01 
10.600000 3.2833823035277676e-01 
10.800000 3.3820875428506020e-01 
11.000000 3.4816520531964640e-01 
11.200000 3.5816205441374094e-01 
11.400000 3.6815048884610779e-01 
11.600000 3.7807890476784278e-01 
11.800000 3.8789350459436872e-01 
12.000000 3.9753899370901069e-01 
12.200000 4.0695936735247412e-01 
12.400000 4.1609877477686419e-01 
12.600000 4.2490244317801323e-01 
12.800000 4.3331763922141087e-01 
13.000000 4.4129464142858710e-01 
13.200000 4.4878769282686876e-01 
13.400000 4.5575590053878279e-01 
13.600000 4.6216404786264431e-01 
13.800000 4.6798328528167593e-01 
14.000000 4.7319166996335221e-01 
14.200000 4.7777452864191611e-01 
14.400000 4.8172462613677319e-01 
14.600000 4.8504213050931644e-01 
14.800000 4.8773437550126597e-01 
15.000000 4.8981543056738125e-01 
15.200000 4.9130549773586579e-01 
15.400000 4.9223016203317249e-01 
15.600000 4.9261952778345008e-01 
15.800000 4.9250727645349518e-01 
16.000000 4.9192968279568394e-01 
16.200000 4.9092462500192430e-01 
16.400000 4.8953062175591000e-01 
16.600000 4.8778592490031930e-01 
16.800000 4.8572769140935507e-01 
17.000000 4.8339125295278840e-01 
17.200000 4.8080949597103617e-01 
17.400000 4.7801236018437210e-01 
17.600000 4.7502645904172397e-01 
17.800000 4.7187482189892099e-01 
18.000000 4.6857675472562904e-01 
18.200000 4.6514781382599191e-01 
18.400000 4.6159988531985796e-01 
18.600000 4.5794136183997552e-01 
18.800000 4.5417740691727071e-01 
19.000000 4.5031029671797262e-01 
19.200000 4.4633982804967082e-01 
19.400000 4.4226378078426992e-01 
19.600000 4.3807842200992209e-01 
19.800000 4.3377903832163645e-01 
20.000000 4.2936048173992014e-01 
20.200000 4.2481771390335510e-01 
20.400000 4.2014633254974176e-01 
20.600000 4.1534306404204135e-01 
20.800000 4.1040620597676047e-01 
21.000000 4.0533600488100202e-01 
21.200000 4.0013495576237329e-01 
21.400000 3.9480801285505884e-01 
21.600000 3.8936270425024916e-01 
21.800000 3.8380914706159425e-01 
22.000000 3.7815996412268366e-01 
22.200000 3.7243010764717888e-01 
22.400000 3.6663659947516036e-01 
22.600000 3.6079820116284861e-01 
22.800000 3.5493502997469289e-01 
23.000000 3.4906813861469893e-01 
23.200000 3.4321907719511130e-01 
23.400000 3.3740945549858209e-01 
23.600000 3.3166052215594399e-01 
23.800000 3.2599277512379232e-01 
24.000000 3.2042561504185380e-01 
24.200000 3.1497704993557074e-01 
24.400000 3.0966345655080535e-01 
24.600000 3.0449940057890856e-01 
24.800000 2.9949751531852475e-01 
25.000000 2.9466843603850118e-01 
25.200000 2.9002078551451888e-01 
25.400000 2.8556120492410841e-01 
25.600000 2.8129442347720723e-01 
25.800000 2.7722335978236318e-01 
26.000000 2.7334924793645832e-01 
26.200000 2.6967178160547206e-01 
26.400000 2.6618926986260438e-01 
26.600000 2.6289879919984627e-01 
26.800000 2.5979639686962819e-01 
27.000000 2.5687719149331101e-01 
27.200000 2.5413556765190592e-01 
27.400000 2.5156531191949238e-01 
27.600000 2.4915974848810599e-01 
27.800000 2.4691186314913469e-01 
28.000000 2.4481441493143510e-01 
28.200000 2.4286003514748192e-01 
28.400000 2.4104131396679651e-01 
28.600000 2.3935087492532975e-01 
28.800000 2.3778143799719503e-01 
29.000000 2.3632587200931593e-01 
29.200000 2.3497723727917355e-01 
29.400000 2.3372881940979495e-01 
29.600000 2.3257415519302377e-01 
29.800000 2.3150705155979517e-01 
30.000000 2.3052159848163165e-01 
30.200000 2.2961217667694703e-01 
30.400000 2.2877346091423986e-01 
30.600000 2.2800041963604378e-01 
30.800000 2.2728831155623308e-01 
31.000000 2.2663267981165791e-01 
31.200000 2.2602934417918236e-01 
31.400000 2.2547439180281528e-01 
31.600000 2.2496416681355835e-01 
31.800000 2.2449525916776783e-01 
32.000000 2.2406449297843850e-01 
32.200000 2.2366891456801177e-01 
32.400000 2.2330578043086155e-01 
32.600000 2.2297254525837423e-01 
32.800000 2.2266685014902146e-01 
33.000000 2.2238651109968047e-01 
33.200000 2.2212950785221397e-01 
33.400000 2.2189397315056078e-01 
33.600000 2.2167818244787613e-01 
33.800000 2.2148054409021375e-01 
34.000000 2.2129958999245777e-01 
34.200000 2.2113396681347694e-01 
34.400000 2.2098242763030099e-01 
34.600000 2.2084382410549996e-01 
34.800000 2.2071709913738641e-01 
35.000000 2.2060127997927451e-01 
35.200000 2.2049547181129425e-01 
35.400000 2.2039885174643734e-01 
35.600000 2.2031066325110729e-01 
35.800000 2.2023021095964723e-01 
36.000000 2.2015685586187966e-01 
36.200000 2.2009001084257371e-01 
36.400000 2.2002913655196846e-01 
36.600000 2.1997373758682465e-01 
36.800000 2.1992335896205154e-01 
37.000000 2.1987758285363679e-01 
37.200000 2.1983602559437973e-01 
37.400000 2.1979833490475467e-01 
37.600000 2.1976418734212930e-01 
37.800000 2.1973328595244718e-01 
38.000000 2.1970535810941039e-01 
38.200000 2.1968015352706824e-01 
38.400000 2.1965744243264718e-01 
38.600000 2.1963701388727785e-01 
38.800000 2.1961867424313528e-01 
39.000000 2.1960224572628226e-01 
39.200000 2.1958756513530078e-01 
39.400000 2.1957448264647220e-01 
39.600000 2.1956286071698086e-01 
39.800000 2.1955257307824846e-01 
40.000000 2.1954350381209034e-01 
40.200000 2.1953554650297380e-01 
40.400000 2.1952860346014549e-01 
40.600000 2.1952258500392371e-01 
40.800000 2.1951740881087206e-01 
41.000000 2.1951299931299303e-01 
41.200000 2.1950928714651682e-01 
41.400000 2.1950620864612849e-01 
41.600000 2.1950370538092187e-01 
41.800000 2.1950172372857568e-01 
42.000000 2.1950021448460919e-01 
42.200000 2.1949913250378461e-01 
42.400000 2.1949843637098551e-01 
42.600000 2.1949808809912752e-01 
42.800000 2.1949805285184523e-01 
43.000000 2.1949829868889706e-01 
43.200000 2.1949879633240399e-01 
43.400000 2.1949951895218306e-01 
43.600000 2.1950044196860155e-01 
43.800000 2.1950154287148213e-01 
44.000000 2.1950280105374659e-01 
44.200000 2.1950419765855961e-01 
44.400000 2.1950571543887132e-01 
44.600000 2.1950733862832394e-01 
44.800000 2.1950905282258359e-01 
45.000000 2.1951084487024675e-01 
45.200000 2.1951270277252649e-01 
45.400000 2.1951461559099025e-01 
45.600000 2.1951657336270608e-01 
45.800000 2.1951856702216879e-01 
46.000000 2.1952058832947130e-01 
46.200000 2.1952262980418855e-01 
46.400000 2.1952468466453173e-01 
46.600000 2.1952674677132605e-01 
46.800000 2.1952881057642476e-01 
47.000000 2.1953087107520600e-01 
47.200000 2.1953292376281155e-01 
47.400000 2.1953496459383454e-01 
47.600000 2.1953698994516901e-01 
47.800000 2.1953899658177878e-01 
48.000000 2.1954098162513619e-01 
48.200000 2.1954294252413437e-01 
48.400000 2.1954487702825681e-01 
48.600000 2.1954678316284482e-01 
48.800000 2.1954865920627400e-01 
49.000000 2.1955050366891166e-01 
49.200000 2.1955231527369323e-01 
49.400000 2.1955409293820705e-01 
49.600000 2.1955583575815657e-01 
49.800000 2.1955754299210178e-01 
50.000000 2.1955921404736983e-01 
50.200000 2.1956084846706078e-01 
50.400000 2.1956244591803664e-01 
50.600000 2.1956400617984806e-01 
50.800000 2.1956552913450519e-01 
51.000000 2.1956701475703030e-01 
51.200000 2.1956846310674988e-01 
51.400000 2.1956987431923988e-01 
51.600000 2.1957124859890426e-01 
51.800000 2.1957258621212297e-01 
52.000000 2.1957388748091616e-01 
52.200000 2.1957515277712300e-01 
52.400000 2.1957638251700945e-01 
52.600000 2.1957757715630907e-01 
52.800000 2.1957873718564211e-01 
53.000000 2.1957986312630368e-01 
53.200000 2.1958095552637724e-01 
53.400000 2.1958201495715546e-01 
53.600000 2.1958304200984916e-01 
53.800000 2.1958403729256018e-01 
54.000000 2.1958500142750165e-01 
54.200000 2.1958593504843293e-01 
54.400000 2.1958683879832352e-01 
54.600000 2.1958771332719620e-01 
54.800000 2.1958855929016094e-01 
55.000000 2.1958937734561151e-01 
55.200000 2.1959016815357799e-01 
55.400000 2.1959093237422900e-01 
55.600000 2.1959167066649884e-01 
55.800000 2.1959238368684492e-01 
56.000000 2.1959307208812348e-01 
56.200000 2.1959373651856184e-01 
56.400000 2.1959437762083883e-01 
56.600000 2.1959499603125321e-01 
56.800000 2.1959559237898152e-01 
57.000000 2.1959616728540435e-01 
57.200000 2.1959672136352248e-01 
57.400000 2.1959725521742174e-01 
57.600000 2.1959776944181797e-01 
57.800000 2.1959826462164966e-01 
58.000000 2.1959874133172583e-01 
58.200000 2.1959920013642933e-01 
58.400000 2.1959964158945552e-01 
58.600000 2.1960006623360670e-01 
58.800000 2.1960047460061544e-01 
59.000000 2.1960086721100636e-01 
59.200000 2.1960124457399532e-01 
59.400000 2.1960160718741484e-01 
59.600000 2.1960195553766659e-01 
59.800000 2.1960229009970944e-01 
60.000000 2.1960261133705894e-01 
60.200000 2.1960291970181120e-01 
60.400000 2.1960321563469434e-01 
60.600000 2.1960349956513259e-01 
60.800000 2.1960377191132271e-01 
61.000000 2.1960403308033571e-01 
61.200000 2.1960428346821770e-01 
61.400000 2.1960452346012113e-01 
61.600000 2.1960475343043204e-01 
61.800000 2.1960497374290919e-01 
62.000000 2.1960518475084315e-01 
62.200000 2.1960538679720590e-01 
62.400000 2.1960558021482662e-01 
62.600000 2.1960576532655054e-01 
62.800000 2.1960594244542861e-01 
63.000000 2.1960611187489035e-01 
63.200000 2.1960627390893001e-01 
63.400000 2.1960642883229833e-01 
63.600000 2.1960657692068863e-01 
63.800000 2.1960671844092905e-01 
64.000000 2.1960685365118243e-01 
64.200000 2.1960698280113322e-01 
64.400000 2.1960710613218776e-01 
64.600000 2.1960722387766726e-01 
64.800000 2.1960733626300424e-01 
65.000000 2.1960744350594097e-01 
65.200000 2.1960754581671213e-01 
65.400000 2.1960764339825067e-01 
65.600000 2.1960773644637044e-01 
65.800000 2.1960782514995464e-01 
66.000000 2.1960790969115693e-01 
66.200000 2.1960799024556144e-01 
66.400000 2.1960806698239871e-01 
66.600000 2.1960814006469201e-01 
66.800000 2.1960820964947070e-01 
67.000000 2.1960827588790818e-01 
67.200000 2.1960833892552875e-01 
67.400000 2.1960839890235734e-01 
67.600000 2.1960845595309242e-01 
67.800000 2.1960851020727290e-01 
68.000000 2.1960856178942492e-01 
68.200000 2.1960861081925229e-01 
68.400000 2.1960865741173755e-01 
68.600000 2.1960870167734969e-01 
68.800000 2.1960874372215508e-01 
69.000000 2.1960878364797046e-01 
69.200000 2.1960882155251513e-01 
69.400000 2.1960885752953227e-01 
69.600000 2.1960889166893829e-01 
69.800000 2.1960892405694610e-01 
70.000000 2.1960895477619896e-01 
70.200000 2.1960898390587721e-01 
70.400000 2.1960901152184567e-01 
70.600000 2.1960903769676662e-01 
70.800000 2.1960906250019105e-01 
71.000000 2.1960908599867832e-01 
71.200000 2.1960910825596983e-01 
71.400000 2.1960912933297819e-01 
71.600000 2.1960914928797234e-01 
71.800000 2.1960916817667633e-01 
72.000000 2.1960918605231142e-01 
72.200000 2.1960920296575745e-01 
72.400000 2.1960921896559107e-01 
72.600000 2.1960923409819938e-01 
72.800000 2.1960924840786311e-01 
73.000000 2.1960926193682875e-01 
73.200000 2.1960927472540939e-01 
73.400000 2.1960928681206007e-01 
73.600000 2.1960929823339748e-01 
73.800000 2.1960930902436732e-01 
74.000000 2.1960931921823063e-01 
74.200000 2.1960932884669701e-01 
74.400000 2.1960933793992146e-01 
74.600000 2.1960934652664552e-01 
74.800000 2.1960935463418571e-01 
75.000000 2.1960936228855565e-01 
75.200000 2.1960936951444754e-01 
75.400000 2.1960937633537492e-01 
75.600000 2.1960938277367212e-01 
75.800000 2.1960938885053941e-01 
76.000000 2.1960939458613693e-01 
76.200000 2.1960939999956733e-01 
76.400000 2.1960940510897772e-01 
76.600000 2.1960940993158407e-01 
76.800000 2.1960941448371885e-01 
77.000000 2.1960941878081464e-01 
77.200000 2.1960942283758839e-01 
77.400000 2.1960942666789085e-01 
77.600000 2.1960943028487462e-01 
77.800000 2.1960943370099253e-01 
78.000000 2.1960943692801824e-01 
78.200000 2.1960943997710566e-01 
78.400000 2.1960944285876641e-01 
78.600000 2.1960944558295792e-01 
78.800000 2.1960944815908859e-01 
79.000000 2.1960945059603948e-01 
79.200000 2.1960945290218412e-01 
79.400000 2.1960945508543028e-01 
79.600000 2.1960945715322736e-01 
79.800000 2.1960945911263330e-01 
80.000000 2.1960946097025713e-01 
80.200000 2.1960946273233456e-01 
80.400000 2.1960946440475862e-01 
80.600000 2.1960946599304224e-01 
80.800000 2.1960946750239332e-01 
81.000000 2.1960946893769720e-01 
81.200000 2.1960947030356925e-01 
81.400000 2.1960947160431105e-01 
81.600000 2.1960947284398255e-01 
81.800000 2.1960947402639688e-01 
82.000000 2.1960947515510532e-01 
82.200000 2.1960947623346475e-01 
82.400000 2.1960947726462396e-01 
82.600000 2.1960947825148938e-01 
82.800000 2.1960947919684429e-01 
83.000000 2.1960948010323036e-01 
83.200000 2.1960948097306715e-01 
83.400000 2.1960948180860912e-01 
83.600000 2.1960948261194582e-01 
83.800000 2.1960948338504960e-01 
84.000000 2.1960948412973189e-01 
84.200000 2.1960948484772616e-01 
84.400000 2.1960948554060469e-01 
84.600000 2.1960948620984555e-01 
84.800000 2.1960948685685522e-01 
85.000000 2.1960948748288275e-01 
85.200000 2.1960948808913591e-01 
85.400000 2.1960948867674149e-01 
85.600000 2.1960948924670351e-01 
85.800000 2.1960948980001591e-01 
86.000000 2.1960949033751775e-01 
86.200000 2.1960949086009798e-01 
86.400000 2.1960949136844704e-01 
86.600000 2.1960949186334178e-01 
86.800000 2.1960949234538210e-01 
87.000000 2.1960949281522180e-01 
87.200000 2.1960949327338977e-01 
87.400000 2.1960949372042107e-01 
87.600000 2.1960949415679423e-01 
87.800000 2.1960949458295631e-01 
88.000000 2.1960949499931470e-01 
88.200000 2.1960949540623920e-01 
88.400000 2.1960949580410000e-01 
88.600000 2.1960949619320291e-01 
88.800000 2.1960949657386625e-01 
89.000000 2.1960949694635695e-01 
89.200000 2.1960949731092447e-01 
89.400000 2.1960949766781904e-01 
89.600000 2.1960949801723398e-01 
89.800000 2.1960949835940471e-01 
90.000000 2.1960949869451774e-01 
90.200000 2.1960949902272836e-01 
90.400000 2.1960949934420027e-01 
90.600000 2.1960949965908730e-01 
90.800000 2.1960949996753498e-01 
91.000000 2.1960950026968221e-01 
91.200000 2.1960950056561215e-01 
91.400000 2.1960950085549202e-01 
91.600000 2.1960950113942679e-01 
91.800000 2.1960950141745852e-01 
92.000000 2.1960950168975718e-01 
92.200000 2.1960950195637391e-01 
92.400000 2.1960950221740186e-01 
92.600000 2.1960950247291977e-01 
92.800000 2.1960950272302526e-01 
93.000000 2.1960950296777942e-01 
93.200000 2.1960950320727679e-01 
93.400000 2.1960950344157323e-01 
93.600000 2.1960950367073903e-01 
93.800000 2.1960950389483888e-01 
94.000000 2.1960950411396557e-01 
94.200000 2.1960950432813325e-01 
94.400000 2.1960950453746278e-01 
94.600000 2.1960950474199359e-01 
94.800000 2.1960950494177828e-01 
95.000000 2.1960950513691332e-01 
95.200000 2.1960950532743506e-01 
95.400000 2.1960950551340433e-01 
95.600000 2.1960950569487028e-01 
95.800000 2.1960950587195086e-01 
96.000000 2.1960950604466262e-01 
96.200000 2.1960950621304401e-01 
96.400000 2.1960950637721538e-01 
96.600000 2.1960950653722425e-01 
96.800000 2.1960950669309953e-01 
97.000000 2.1960950684492256e-01 
97.200000 2.1960950699277648e-01 
97.400000 2.1960950713668925e-01 
97.600000 2.1960950727674389e-01 
97.800000 2.1960950741299592e-01 
98.000000 2.1960950754550848e-01 
98.200000 2.1960950767434329e-01 
98.400000 2.1960950779957558e-01 
98.600000 2.1960950792127354e-01 
98.800000 2.1960950803946699e-01 
99.000000 2.1960950815424105e-01 
99.200000 2.1960950826565417e-01 
99.400000 2.1960950837378293e-01 
99.600000 2.1960950847868541e-01 
99.800000 2.1960950858040251e-01 
100.000000 2.1960950867903528e-01 
100.200000 2.1960950877460117e-01 
100.400000 2.1960950886719374e-01 
100.600000 2.1960950895687206e-01 
100.800000 2.1960950904369150e-01 
101.000000 2.1960950912770760e-01 
101.200000 2.1960950920900371e-01 
101.400000 2.1960950928762024e-01 
101.600000 2.1960950936362969e-01 
101.800000 2.1960950943707125e-01 
102.000000 2.1960950950804087e-01 
102.200000 2.1960950957655229e-01 
102.400000 2.1960950964271236e-01 
102.600000 2.1960950970655013e-01 
102.800000 2.1960950976813978e-01 
103.000000 2.1960950982750690e-01 
103.200000 2.1960950988473077e-01 
103.400000 2.1960950993986508e-01 
103.600000 2.1960950999296347e-01 
103.800000 2.1960951004408569e-01 
104.000000 2.1960951009327354e-01 
104.200000 2.1960951014059182e-01 
104.400000 2.1960951018606303e-01 
104.600000 2.1960951022979827e-01 
104.800000 2.1960951027179246e-01 
105.000000 2.1960951031209355e-01 
105.200000 2.1960951035080231e-01 
105.400000 2.1960951038792179e-01 
105.600000 2.1960951042351173e-01 
105.800000 2.1960951045761609e-01 
106.000000 2.1960951049028435e-01 
106.200000 2.1960951052156485e-01 
106.400000 2.1960951055149167e-01 
106.600000 2.1960951058012909e-01 
106.800000 2.1960951060748987e-01 
107.000000 2.1960951063361414e-01 
107.200000 2.1960951065855902e-01 
107.400000 2.1960951068238066e-01 
107.600000 2.1960951070507492e-01 
107.800000 2.1960951072670631e-01 
108.000000 2.1960951074732868e-01 
108.200000 2.1960951076692417e-01 
108.400000 2.1960951078557589e-01 
108.600000 2.1960951080331173e-01 
108.800000 2.1960951082013161e-01 
109.000000 2.1960951083611424e-01 
109.200000 2.1960951085125291e-01 
109.400000 2.1960951086561484e-01 
109.600000 2.1960951087916772e-01 
109.800000 2.1960951089202718e-01 
110.000000 2.1960951090418573e-01 
110.200000 2.1960951091563852e-01 
110.400000 2.1960951092643546e-01 
110.600000 2.1960951093662176e-01 
110.800000 2.1960951094620126e-01 
111.000000 2.1960951095519068e-01 
111.200000 2.1960951096364301e-01 
111.400000 2.1960951097156600e-01 
111.600000 2.1960951097897677e-01 
111.800000 2.1960951098590409e-01 
112.000000 2.1960951099237963e-01 
112.200000 2.1960951099837789e-01 
112.400000 2.1960951100397630e-01 
112.600000 2.1960951100917481e-01 
112.800000 2.1960951101397652e-01 
113.000000 2.1960951101841744e-01 
113.200000 2.1960951102250217e-01 
113.400000 2.1960951102627224e-01 
113.600000 2.1960951102971377e-01 
113.800000 2.1960951103284979e-01 
114.000000 2.1960951103569257e-01 
114.200000 2.1960951103828200e-01 
114.400000 2.1960951104059656e-01 
114.600000 2.1960951104267581e-01 
114.800000 2.1960951104453372e-01 
115.000000 2.1960951104617299e-01 
115.200000 2.1960951104758378e-01 
115.400000 2.1960951104880985e-01 
115.600000 2.1960951104986448e-01 
115.800000 2.1960951105072496e-01 
116.000000 2.1960951105144658e-01 
116.200000 2.1960951105200696e-01 
116.400000 2.1960951105241799e-01 
116.600000 2.1960951105269558e-01 
116.800000 2.1960951105285681e-01 
117.000000 2.1960951105289075e-01 
117.200000 2.1960951105283430e-01 
117.400000 2.1960951105266174e-01 
117.600000 2.1960951105236373e-01 
117.800000 2.1960951105202947e-01 
118.000000 2.1960951105158535e-01 
118.200000 2.1960951105106213e-01 
118.400000 2.1960951105048143e-01 
118.600000 2.1960951104985568e-01 
118.800000 2.1960951104914284e-01 
119.000000 2.1960951104839344e-01 
119.200000 2.1960951104758855e-01 
119.400000 2.1960951104675044e-01 
119.600000 2.1960951104585313e-01 
119.800000 2.1960951104492402e-01 
120.000000 2.1960951104399001e-01 
120.200000 2.1960951104300888e-01 
120.400000 2.1960951104200968e-01 
120.600000 2.1960951104101045e-01 
120.800000 2.1960951103996643e-01 
121.000000 2.1960951103892881e-01 
121.200000 2.1960951103787407e-01 
121.400000 2.1960951103680015e-01 
121.600000 2.1960951103571769e-01 
121.800000 2.1960951103465443e-01 
122.000000 2.1960951103357199e-01 
122.200000 2.1960951103248952e-01 
122.400000 2.1960951103142798e-01 
122.600000 2.1960951103035239e-01 
122.800000 2.1960951102928233e-01 
123.000000 2.1960951102823498e-01 
123.200000 2.1960951102718804e-01 
123.400000 2.1960951102613346e-01 
123.600000 2.1960951102510651e-01 
123.800000 2.1960951102410728e-01 
124.000000 2.1960951102309317e-01 
124.200000 2.1960951102210902e-01 
124.400000 2.1960951102113749e-01 
124.600000 2.1960951102017459e-01 
124.800000 2.1960951101925003e-01 
125.000000 2.1960951101830642e-01 
125.200000 2.1960951101741816e-01 
125.400000 2.1960951101651896e-01 
125.600000 2.1960951101564194e-01 
125.800000 2.1960951101479997e-01 
126.000000 2.1960951101396270e-01 
126.200000 2.1960951101314388e-01 
126.400000 2.1960951101236656e-01 
126.600000 2.1960951101157716e-01 
126.800000 2.1960951101081738e-01 
127.000000 2.1960951101009077e-01 
127.200000 2.1960951100936910e-01 
127.400000 2.1960951100867515e-01 
127.600000 2.1960951100799503e-01 
127.800000 2.1960951100733123e-01 
128.000000 2.1960951100668050e-01 
128.200000 2.1960951100606621e-01 
128.400000 2.1960951100548301e-01 
128.600000 2.1960951100488191e-01 
128.800000 2.1960951100431758e-01 
129.000000 2.1960951100377296e-01 
129.200000 2.1960951100325538e-01 
129.400000 2.1960951100273482e-01 
129.600000 2.1960951100223594e-01 
129.800000 2.1960951100176407e-01 
130.000000 2.1960951100131662e-01 
130.200000 2.1960951100084819e-01 
130.400000 2.1960951100042758e-01 
130.600000 2.1960951100001549e-01 
130.800000 2.1960951099961123e-01 
131.000000 2.1960951099923831e-01 
131.200000 2.1960951099887752e-01 
131.400000 2.1960951099851672e-01 
131.600000 2.1960951099818354e-01 
131.800000 2.1960951099785056e-01 
132.000000 2.1960951099755627e-01 
132.200000 2.1960951099726764e-01 
132.400000 2.1960951099697271e-01 
132.600000 2.1960951099668483e-01 
132.800000 2.1960951099643500e-01 
133.000000 2.1960951099618772e-01 
133.200000 2.1960951099595605e-01 
133.400000 2.1960951099574086e-01 
133.600000 2.1960951099550624e-01 
133.800000 2.1960951099530898e-01 
134.000000 2.1960951099510273e-01 
134.200000 2.1960951099491000e-01 
134.400000 2.1960951099474621e-01 
134.600000 2.1960951099457537e-01 
134.800000 2.1960951099441686e-01 
135.000000 2.1960951099427006e-01 
135.200000 2.1960951099413134e-01 
135.400000 2.1960951099399834e-01 
135.600000 2.1960951099386583e-01 
135.800000 2.1960951099375767e-01 
136.000000 2.1960951099363174e-01 
136.200000 2.1960951099354503e-01 
136.400000 2.1960951099343565e-01 
136.600000 2.1960951099335413e-01 
136.800000 2.1960951099327086e-01 
137.000000 2.1960951099316633e-01 
137.200000 2.1960951099310436e-01 
137.400000 2.1960951099303574e-01 
137.600000 2.1960951099296558e-01 
137.800000 2.1960951099290985e-01 
138.000000 2.1960951099285458e-01 
138.200000 2.1960951099279913e-01 
138.400000 2.1960951099277129e-01 
138.600000 2.1960951099271575e-01 
138.800000 2.1960951099267825e-01 
139.000000 2.1960951099263995e-01 
139.200000 2.1960951099260476e-01 
139.400000 2.1960951099257697e-01 
139.600000 2.1960951099254805e-01 
139.800000 2.1960951099252163e-01 
140.000000 2.1960951099249726e-01 
140.200000 2.1960951099247014e-01 
140.400000 2.1960951099246598e-01 
140.600000 2.1960951099246440e-01 
140.800000 2.1960951099243775e-01 
141.000000 2.1960951099243770e-01 
141.200000 2.1960951099243212e-01 
141.400000 2.1960951099241058e-01 
141.600000 2.1960951099241058e-01 
141.800000 2.1960951099241044e-01 
142.000000 2.1960951099241044e-01 
142.200000 2.1960951099241044e-01 
142.400000 2.1960951099241044e-01 
142.600000 2.1960951099241044e-01 
142.800000 2.1960951099241047e-01 
143.000000 2.1960951099242046e-01 
143.200000 2.1960951099242046e-01 
143.400000 2.1960951099243248e-01 
143.600000 2.1960951099243536e-01 
143.800000 2.1960951099243822e-01 
144.000000 2.1960951099243833e-01 
144.200000 2.1960951099244794e-01 
144.400000 2.1960951099245346e-01 
144.600000 2.1960951099246598e-01 
144.800000 2.1960951099246598e-01 
145.000000 2.1960951099248538e-01 
145.200000 2.1960951099249373e-01 
145.400000 2.1960951099249373e-01 
145.600000 2.1960951099252146e-01 
145.800000 2.1960951099252146e-01 
146.000000 2.1960951099252146e-01 
146.200000 2.1960951099252149e-01 
146.400000 2.1960951099254922e-01 
146.600000 2.1960951099254922e-01 
146.800000 2.1960951099255474e-01 
147.000000 2.1960951099257697e-01 
147.200000 2.1960951099257697e-01 
147.400000 2.1960951099257697e-01 
147.600000 2.1960951099257697e-01 
147.800000 2.1960951099259121e-01 
148.000000 2.1960951099260476e-01 
148.200000 2.1960951099260476e-01 
148.400000 2.1960951099260476e-01 
148.600000 2.1960951099263248e-01 
148.800000 2.1960951099263251e-01 
149.000000 2.1960951099263251e-01 
149.200000 2.1960951099263251e-01 
149.400000 2.1960951099263251e-01 
149.600000 2.1960951099263251e-01 
149.800000 2.1960951099263371e-01 
