0.000000 3.9287901902778982e-03 
0.200000 3.9324833809219143e-03 
0.400000 3.9434224861674659e-03 
0.600000 3.9616322116556909e-03 
0.800000 3.9871515422099015e-03 
1.000000 4.0200337596345611e-03 
1.200000 4.0603464539403595e-03 
1.400000 4.1081715281133810e-03 
1.600000 4.1636051965589895e-03 
1.800000 4.2273369050432981e-03 
2.000000 4.2997481489818285e-03 
2.200000 4.3812346647903351e-03 
2.400000 4.4722119150163511e-03 
2.600000 4.5731231543667044e-03 
2.800000 4.6844419326216528e-03 
3.000000 4.8066784280052944e-03 
3.200000 4.9406146108581421e-03 
3.400000 5.0874591577366084e-03 
3.600000 5.2468833619753619e-03 
3.800000 5.4200229985873387e-03 
4.000000 5.6078075721489552e-03 
4.200000 5.8112621549088125e-03 
4.400000 6.0315070834801726e-03 
4.600000 6.2697699140348111e-03 
4.800000 6.5273868855813544e-03 
5.000000 6.8058086309311433e-03 
5.200000 7.1066123526693330e-03 
5.400000 7.4315099678123721e-03 
5.600000 7.7823662282633672e-03 
5.800000 8.1612068742576756e-03 
6.000000 8.5702382830576546e-03 
6.200000 9.0118658920030036e-03 
6.400000 9.4886629340598782e-03 
6.600000 1.0003440950331732e-02 
6.800000 1.0559282482141590e-02 
7.000000 1.1159546336178616e-02 
7.200000 1.1807859289020594e-02 
7.400000 1.2508142354361630e-02 
7.600000 1.3264632354673190e-02 
7.800000 1.4081903006895985e-02 
8.000000 1.4964885441085809e-02 
8.200000 1.5918888819083175e-02 
8.400000 1.6949620943232140e-02 
8.600000 1.8063208022877916e-02 
8.800000 1.9266213736659852e-02 
9.000000 2.0565655619283651e-02 
9.200000 2.1969018856428969e-02 
9.400000 2.3484269403669072e-02 
9.600000 2.5119862219953791e-02 
9.800000 2.6884743556511211e-02 
10.000000 2.8788347492863842e-02 
10.200000 3.0840586785574511e-02 
10.400000 3.3051834803468363e-02 
10.600000 3.5432899331806711e-02 
10.800000 3.7994986128183188e-02 
11.000000 4.0749651122276825e-02 
11.200000 4.3708740031889251e-02 
11.400000 4.6884314390628012e-02 
11.600000 5.0288562739533950e-02 
11.800000 5.3933697111564059e-02 
12.000000 5.7831833601037656e-02 
12.200000 6.1994857132878729e-02 
12.400000 6.6434271032886016e-02 
12.600000 7.1161032041148278e-02 
12.800000 7.6185372421691724e-02 
13.000000 8.1516610401793324e-02 
13.200000 8.7162952816754874e-02 
13.400000 9.3131293396728376e-02 
13.600000 9.9427009533751151e-02 
13.800000 1.0605376243834558e-01 
14.000000 1.1301330592740741e-01 
14.200000 1.2030530953980439e-01 
14.400000 1.2792720147571382e-01 
14.600000 1.3587403699700257e-01 
14.800000 1.4413839781057991e-01 
15.000000 1.5271032748042132e-01 
15.200000 1.6157730715401994e-01 
15.400000 1.7072427492339048e-01 
15.600000 1.8013369094032342e-01 
15.800000 1.8978564906873399e-01 
16.000000 1.9965803434313878e-01 
16.200000 2.0972672391835318e-01 
16.400000 2.1996582775652182e-01 
16.600000 2.3034796391292456e-01 
16.800000 2.4084456206910507e-01 
17.000000 2.5142618809555961e-01 
17.200000 2.6206288186553378e-01 
17.400000 2.7272450027318751e-01 
17.600000 2.8338105741738601e-01 
17.800000 2.9400305430160417e-01 
18.000000 3.0456179106125925e-01 
18.200000 3.1502965559685830e-01 
18.400000 3.2538038351718018e-01 
18.600000 3.3558928541663319e-01 
18.800000 3.4563343867345298e-01 
19.000000 3.5549184210286555e-01 
19.200000 3.6514553288713752e-01 
19.400000 3.7457766619588689e-01 
19.600000 3.8377355878881197e-01 
19.800000 3.9272069864084524e-01 
20.000000 4.0140872323890253e-01 
20.200000 4.0982936966680694e-01 
20.400000 4.1797639992812419e-01 
20.600000 4.2584550516099895e-01 
20.800000 4.3343419248392173e-01 
21.000000 4.4074165819154837e-01 
21.200000 4.4776865090706064e-01 
21.400000 4.5451732810709111e-01 
21.600000 4.6099110918005765e-01 
21.800000 4.6719452787566790e-01 
22.000000 4.7313308666602177e-01 
22.200000 4.7881311518265179e-01 
22.400000 4.8424163453118335e-01 
22.600000 4.8942622892687970e-01 
22.800000 4.9437492575122954e-01 
23.000000 4.9909608480897516e-01 
23.200000 5.0359829727303984e-01 
23.400000 5.0789029454502754e-01 
23.600000 5.1198086703399215e-01 
23.800000 5.1587879266741032e-01 
24.000000 5.1959277479394483e-01 
24.200000 5.2313138901660816e-01 
24.400000 5.2650303840467239e-01 
24.600000 5.2971591647011285e-01 
24.800000 5.3277797725609644e-01 
25.000000 5.3569691186770396e-01 
25.200000 5.3848013077485268e-01 
25.400000 5.4113475123174903e-01 
25.600000 5.4366758918225566e-01 
25.800000 5.4608515505427480e-01 
26.000000 5.4839365288571429e-01 
26.200000 5.5059898226795867e-01 
26.400000 5.5270674263813080e-01 
26.600000 5.5472223949733901e-01 
26.800000 5.5665049217726292e-01 
27.000000 5.5849624282126120e-01 
27.200000 5.6026396628741493e-01 
27.400000 5.6195788071966934e-01 
27.600000 5.6358195856896998e-01 
27.800000 5.6513993787872929e-01 
28.000000 5.6663533367835595e-01 
28.200000 5.6807144935488341e-01 
28.400000 5.6945138789593752e-01 
28.600000 5.7077806291782207e-01 
28.800000 5.7205420941033058e-01 
29.000000 5.7328239414530535e-01 
29.200000 5.7446502570924385e-01 
29.400000 5.7560436413149463e-01 
29.600000 5.7670253008907135e-01 
29.800000 5.7776151367705397e-01 
30.000000 5.7878318274007634e-01 
30.200000 5.7976929076579786e-01 
30.400000 5.8072148434553861e-01 
30.600000 5.8164131021077159e-01 
30.800000 5.8253022185677783e-01 
31.000000 5.8338958576689748e-01 
31.200000 5.8422068725235909e-01 
31.400000 5.8502473592359394e-01 
31.600000 5.8580287080981353e-01 
31.800000 5.8655616514391617e-01 
32.000000 5.8728563082987528e-01 
32.200000 5.8799222260979467e-01 
32.400000 5.8867684194746361e-01 
32.600000 5.8934034064492180e-01 
32.800000 5.8998352420806865e-01 
33.000000 5.9060715497677008e-01 
33.200000 5.9121195503436585e-01 
33.400000 5.9179860891077984e-01 
33.600000 5.9236776609284458e-01 
33.800000 5.9292004335467308e-01 
34.000000 5.9345602692037935e-01 
34.200000 5.9397627447063250e-01 
34.400000 5.9448131700395468e-01 
34.600000 5.9497166056299822e-01 
34.800000 5.9544778783541263e-01 
35.000000 5.9591015963831229e-01 
35.200000 5.9635921629476996e-01 
35.400000 5.9679537891023471e-01 
35.600000 5.9721905055616309e-01 
35.800000 5.9763061736779166e-01 
36.000000 5.9803044956236584e-01 
36.200000 5.9841890238379669e-01 
36.400000 5.9879631697921232e-01 
36.600000 5.9916302121256981e-01 
36.800000 5.9951933042003214e-01 
37.000000 5.9986554811151072e-01 
37.200000 6.0020196662249536e-01 
37.400000 6.0052886771985492e-01 
37.600000 6.0084652316518383e-01 
37.800000 6.0115519523887950e-01 
38.000000 6.0145513722791577e-01 
38.200000 6.0174659388012397e-01 
38.400000 6.0202980182748000e-01 
38.600000 6.0230498998077064e-01 
38.800000 6.0257237989778389e-01 
39.000000 6.0283218612707967e-01 
39.200000 6.0308461652912526e-01 
39.400000 6.0332987257654846e-01 
39.600000 6.0356814963506267e-01 
39.800000 6.0379963722650221e-01 
40.000000 6.0402451927532619e-01 
40.200000 6.0424297433982177e-01 
40.400000 6.0445517582912867e-01 
40.600000 6.0466129220715270e-01 
40.800000 6.0486148718431176e-01 
41.000000 6.0505591989803864e-01 
41.200000 6.0524474508282500e-01 
41.400000 6.0542811323059786e-01 
41.600000 6.0560617074210255e-01 
41.800000 6.0577906006996296e-01 
42.000000 6.0594691985397819e-01 
42.200000 6.0610988504923557e-01 
42.400000 6.0626808704753943e-01 
42.600000 6.0642165379261859e-01 
42.800000 6.0657070988953554e-01 
43.000000 6.0671537670871112e-01 
43.200000 6.0685577248493539e-01 
43.400000 6.0699201241167067e-01 
43.600000 6.0712420873102857e-01 
43.800000 6.0725247081961253e-01 
44.000000 6.0737690527060939e-01 
44.200000 6.0749761597226670e-01 
44.400000 6.0761470418307406e-01 
44.600000 6.0772826860382123e-01 
44.800000 6.0783840544670698e-01 
45.000000 6.0794520850173250e-01 
45.200000 6.0804876920052686e-01 
45.400000 6.0814917667772572e-01 
45.600000 6.0824651783011252e-01 
45.800000 6.0834087737360609e-01 
46.000000 6.0843233789824125e-01 
46.200000 6.0852097992125320e-01 
46.400000 6.0860688193836898e-01 
46.600000 6.0869012047341486e-01 
46.800000 6.0877077012632386e-01 
47.000000 6.0884890361964739e-01 
47.200000 6.0892459184360248e-01 
47.400000 6.0899790389980368e-01 
47.600000 6.0906890714368134e-01 
47.800000 6.0913766722568508e-01 
48.000000 6.0920424813133012e-01 
48.200000 6.0926871222013301e-01 
48.400000 6.0933112026348957e-01 
48.600000 6.0939153148154934e-01 
48.800000 6.0945000357914358e-01 
49.000000 6.0950659278076436e-01 
49.200000 6.0956135386470323e-01 
49.400000 6.0961434019630967e-01 
49.600000 6.0966560376047396e-01 
49.800000 6.0971519519331008e-01 
50.000000 6.0976316381311946e-01 
50.200000 6.0980955765060574e-01 
50.400000 6.0985442347842311e-01 
50.600000 6.0989780684005657e-01 
50.800000 6.0993975207803730e-01 
51.000000 6.0998030236156842e-01 
51.200000 6.1001949971352054e-01 
51.400000 6.1005738503686935e-01 
51.600000 6.1009399814055276e-01 
51.800000 6.1012937776477627e-01 
52.000000 6.1016356160581475e-01 
52.200000 6.1019658634026508e-01 
52.400000 6.1022848764882176e-01 
52.600000 6.1025930023953656e-01 
52.800000 6.1028905787063525e-01 
53.000000 6.1031779337284287e-01 
53.200000 6.1034553867126062e-01 
53.400000 6.1037232480681836e-01 
53.600000 6.1039818195726836e-01 
53.800000 6.1042313945777105e-01 
54.000000 6.1044722582106803e-01 
54.200000 6.1047046875724242e-01 
54.400000 6.1049289519308947e-01 
54.600000 6.1051453129108946e-01 
54.800000 6.1053540246802107e-01 
55.000000 6.1055553341316338e-01 
55.200000 6.1057494810617274e-01 
55.400000 6.1059366983456864e-01 
55.600000 6.1061172121087848e-01 
55.800000 6.1062912418944637e-01 
56.000000 6.1064590008287001e-01 
56.200000 6.1066206957813773e-01 
56.400000 6.1067765275240782e-01 
56.600000 6.1069266908848108e-01 
56.800000 6.1070713748994987e-01 
57.000000 6.1072107629602312e-01 
57.200000 6.1073450329607182e-01 
57.400000 6.1074743574382395e-01 
57.600000 6.1075989037132095e-01 
57.800000 6.1077188340251842e-01 
58.000000 6.1078343056665574e-01 
58.200000 6.1079454711128234e-01 
58.400000 6.1080524781506240e-01 
58.600000 6.1081554700026830e-01 
58.800000 6.1082545854500125e-01 
59.000000 6.1083499589516110e-01 
59.200000 6.1084417207615649e-01 
59.400000 6.1085299970433371e-01 
59.600000 6.1086149099817366e-01 
59.800000 6.1086965778922642e-01 
60.000000 6.1087751153280789e-01 
60.200000 6.1088506331844361e-01 
60.400000 6.1089232388008030e-01 
60.600000 6.1089930360607114e-01 
60.800000 6.1090601254891552e-01 
61.000000 6.1091246043478264e-01 
61.200000 6.1091865667280976e-01 
61.400000 6.1092461036417278e-01 
61.600000 6.1093033031096899e-01 
61.800000 6.1093582502484345e-01 
62.000000 6.1094110273545477e-01 
62.200000 6.1094617139869967e-01 
62.400000 6.1095103870476242e-01 
62.600000 6.1095571208595689e-01 
62.800000 6.1096019872436413e-01 
63.000000 6.1096450555930115e-01 
63.200000 6.1096863929459577e-01 
63.400000 6.1097260640566098e-01 
63.600000 6.1097641314642448e-01 
63.800000 6.1098006555604156e-01 
64.000000 6.1098356946548327e-01 
64.200000 6.1098693050388397e-01 
64.400000 6.1099015410481949e-01 
64.600000 6.1099324551233503e-01 
64.800000 6.1099620978684410e-01 
65.000000 6.1099905181090186e-01 
65.200000 6.1100177629477326e-01 
65.400000 6.1100438778188970e-01 
65.600000 6.1100689065413205e-01 
65.800000 6.1100928913699915e-01 
66.000000 6.1101158730460570e-01 
66.200000 6.1101378908455695e-01 
66.400000 6.1101589826269309e-01 
66.600000 6.1101791848768350e-01 
66.800000 6.1101985327551556e-01 
67.000000 6.1102170601384898e-01 
67.200000 6.1102347996620909e-01 
67.400000 6.1102517827614666e-01 
67.600000 6.1102680397117737e-01 
67.800000 6.1102835996668614e-01 
68.000000 6.1102984906966873e-01 
68.200000 6.1103127398239943e-01 
68.400000 6.1103263730596535e-01 
68.600000 6.1103394154368884e-01 
68.800000 6.1103518910450538e-01 
69.000000 6.1103638230615576e-01 
69.200000 6.1103752337834683e-01 
69.400000 6.1103861446581276e-01 
69.600000 6.1103965763120427e-01 
69.800000 6.1104065485804016e-01 
70.000000 6.1104160805342000e-01 
70.200000 6.1104251905069040e-01 
70.400000 6.1104338961211591e-01 
70.600000 6.1104422143137449e-01 
70.800000 6.1104501613595874e-01 
71.000000 6.1104577528963311e-01 
71.200000 6.1104650039460795e-01 
71.400000 6.1104719289382958e-01 
71.600000 6.1104785417317431e-01 
71.800000 6.1104848556339819e-01 
72.000000 6.1104908834223370e-01 
72.200000 6.1104966373632230e-01 
72.400000 6.1105021292309381e-01 
72.600000 6.1105073703255330e-01 
72.800000 6.1105123714907161e-01 
73.000000 6.1105171431311589e-01 
73.200000 6.1105216952278807e-01 
73.400000 6.1105260373551207e-01 
73.600000 6.1105301786954269e-01 
73.800000 6.1105341280543302e-01 
74.000000 6.1105378938744781e-01 
74.200000 6.1105414842498262e-01 
74.400000 6.1105449069391216e-01 
74.600000 6.1105481693777974e-01 
74.800000 6.1105512786921723e-01 
75.000000 6.1105542417090075e-01 
75.200000 6.1105570649700092e-01 
75.400000 6.1105597547403823e-01 
75.600000 6.1105623170210210e-01 
75.800000 6.1105647575584576e-01 
76.000000 6.1105670818556412e-01 
76.200000 6.1105692951796509e-01 
76.400000 6.1105714025736391e-01 
76.600000 6.1105734088636421e-01 
76.800000 6.1105753186685363e-01 
77.000000 6.1105771364077466e-01 
77.200000 6.1105788663091243e-01 
77.400000 6.1105805124175916e-01 
77.600000 6.1105820786012388e-01 
77.800000 6.1105835685598631e-01 
78.000000 6.1105849858308181e-01 
78.200000 6.1105863337961563e-01 
78.400000 6.1105876156892291e-01 
78.600000 6.1105888346000614e-01 
78.800000 6.1105899934822216e-01 
79.000000 6.1105910951573794e-01 
79.200000 6.1105921423220766e-01 
79.400000 6.1105931375520028e-01 
79.600000 6.1105940833070771e-01 
79.800000 6.1105949819377325e-01 
80.000000 6.1105958356871715e-01 
80.200000 6.1105966466973605e-01 
80.400000 6.1105974170144695e-01 
80.600000 6.1105981485898875e-01 
80.800000 6.1105988432872105e-01 
81.000000 6.1105995028843396e-01 
81.200000 6.1106001290773704e-01 
81.400000 6.1106007234855297e-01 
81.600000 6.1106012876522287e-01 
81.800000 6.1106018230500059e-01 
82.000000 6.1106023310834334e-01 
82.200000 6.1106028130906420e-01 
82.400000 6.1106032703495605e-01 
82.600000 6.1106037040762351e-01 
82.800000 6.1106041154304991e-01 
83.000000 6.1106045055184000e-01 
83.200000 6.1106048753928288e-01 
83.400000 6.1106052260572530e-01 
83.600000 6.1106055584682761e-01 
83.800000 6.1106058735360924e-01 
84.000000 6.1106061721284854e-01 
84.200000 6.1106064550707939e-01 
84.400000 6.1106067231497296e-01 
84.600000 6.1106069771141280e-01 
84.800000 6.1106072176764514e-01 
85.000000 6.1106074455149573e-01 
85.200000 6.1106076612754279e-01 
85.400000 6.1106078655713003e-01 
85.600000 6.1106080589878253e-01 
85.800000 6.1106082420800234e-01 
86.000000 6.1106084153776685e-01 
86.200000 6.1106085793822651e-01 
86.400000 6.1106087345730198e-01 
86.600000 6.1106088814039228e-01 
86.800000 6.1106090203074337e-01 
87.000000 6.1106091516943639e-01 
87.200000 6.1106092759549657e-01 
87.400000 6.1106093934604355e-01 
87.600000 6.1106095045630693e-01 
87.800000 6.1106096095976636e-01 
88.000000 6.1106097088826972e-01 
88.200000 6.1106098027202638e-01 
88.400000 6.1106098913971063e-01 
88.600000 6.1106099751856380e-01 
88.800000 6.1106100543447439e-01 
89.000000 6.1106101291202819e-01 
89.200000 6.1106101997448981e-01 
89.400000 6.1106102664396633e-01 
89.600000 6.1106103294149361e-01 
89.800000 6.1106103888697361e-01 
90.000000 6.1106104449931620e-01 
90.200000 6.1106104979638320e-01 
90.400000 6.1106105479524242e-01 
90.600000 6.1106105951197431e-01 
90.800000 6.1106106396186111e-01 
91.000000 6.1106106815943595e-01 
91.200000 6.1106107211839689e-01 
91.400000 6.1106107585177372e-01 
91.600000 6.1106107937186582e-01 
91.800000 6.1106108269043347e-01 
92.000000 6.1106108581849850e-01 
92.200000 6.1106108876660203e-01 
92.400000 6.1106109154463484e-01 
92.600000 6.1106109416203491e-01 
92.800000 6.1106109662772135e-01 
93.000000 6.1106109895009353e-01 
93.200000 6.1106110113714895e-01 
93.400000 6.1106110319647922e-01 
93.600000 6.1106110513525702e-01 
93.800000 6.1106110696020910e-01 
94.000000 6.1106110867774699e-01 
94.200000 6.1106111029392252e-01 
94.400000 6.1106111181453870e-01 
94.600000 6.1106111324493262e-01 
94.800000 6.1106111459024948e-01 
95.000000 6.1106111585540646e-01 
95.200000 6.1106111704491373e-01 
95.400000 6.1106111816311293e-01 
95.600000 6.1106111921410633e-01 
95.800000 6.1106112020179637e-01 
96.000000 6.1106112112979616e-01 
96.200000 6.1106112200157536e-01 
96.400000 6.1106112282039748e-01 
96.600000 6.1106112358932263e-01 
96.800000 6.1106112431129311e-01 
97.000000 6.1106112498904253e-01 
97.200000 6.1106112562519876e-01 
97.400000 6.1106112622211317e-01 
97.600000 6.1106112678218394e-01 
97.800000 6.1106112730757545e-01 
98.000000 6.1106112780032074e-01 
98.200000 6.1106112826232817e-01 
98.400000 6.1106112869552209e-01 
98.600000 6.1106112910156507e-01 
98.800000 6.1106112948211500e-01 
99.000000 6.1106112983862138e-01 
99.200000 6.1106113017266606e-01 
99.400000 6.1106113048547073e-01 
99.600000 6.1106113077841895e-01 
99.800000 6.1106113105268844e-01 
100.000000 6.1106113130942363e-01 
100.200000 6.1106113154968300e-01 
100.400000 6.1106113177449151e-01 
100.600000 6.1106113198477574e-01 
100.800000 6.1106113218142954e-01 
101.000000 6.1106113236534909e-01 
101.200000 6.1106113253726335e-01 
101.400000 6.1106113269797180e-01 
101.600000 6.1106113284813435e-01 
101.800000 6.1106113298842157e-01 
102.000000 6.1106113311950361e-01 
102.200000 6.1106113324188538e-01 
102.400000 6.1106113335612733e-01 
102.600000 6.1106113346281199e-01 
102.800000 6.1106113356236036e-01 
103.000000 6.1106113365522141e-01 
103.200000 6.1106113374189497e-01 
103.400000 6.1106113382270077e-01 
103.600000 6.1106113389802719e-01 
103.800000 6.1106113396830408e-01 
104.000000 6.1106113403376172e-01 
104.200000 6.1106113409478779e-01 
104.400000 6.1106113415161589e-01 
104.600000 6.1106113420455987e-01 
104.800000 6.1106113425387021e-01 
105.000000 6.1106113429979558e-01 
105.200000 6.1106113434253850e-01 
105.400000 6.1106113438230636e-01 
105.600000 6.1106113441930221e-01 
105.800000 6.1106113445374566e-01 
106.000000 6.1106113448577537e-01 
106.200000 6.1106113451554300e-01 
106.400000 6.1106113454325994e-01 
106.600000 6.1106113456899824e-01 
106.800000 6.1106113459291589e-01 
107.000000 6.1106113461517420e-01 
107.200000 6.1106113463583556e-01 
107.400000 6.1106113465504297e-01 
107.600000 6.1106113467285317e-01 
107.800000 6.1106113468945444e-01 
108.000000 6.1106113470482626e-01 
108.200000 6.1106113471914481e-01 
108.400000 6.1106113473240353e-01 
108.600000 6.1106113474473234e-01 
108.800000 6.1106113475617763e-01 
109.000000 6.1106113476677915e-01 
109.200000 6.1106113477665769e-01 
109.400000 6.1106113478584767e-01 
109.600000 6.1106113479432533e-01 
109.800000 6.1106113480225721e-01 
110.000000 6.1106113480960023e-01 
110.200000 6.1106113481640367e-01 
110.400000 6.1106113482273217e-01 
110.600000 6.1106113482861624e-01 
110.800000 6.1106113483409819e-01 
111.000000 6.1106113483916902e-01 
111.200000 6.1106113484391833e-01 
111.400000 6.1106113484831759e-01 
111.600000 6.1106113485240388e-01 
111.800000 6.1106113485624214e-01 
112.000000 6.1106113485976565e-01 
112.200000 6.1106113486305114e-01 
112.400000 6.1106113486614178e-01 
112.600000 6.1106113486902813e-01 
112.800000 6.1106113487169278e-01 
113.000000 6.1106113487422309e-01 
113.200000 6.1106113487657754e-01 
113.400000 6.1106113487875713e-01 
113.600000 6.1106113488079739e-01 
113.800000 6.1106113488271641e-01 
114.000000 6.1106113488453484e-01 
114.200000 6.1106113488621783e-01 
114.400000 6.1106113488779124e-01 
114.600000 6.1106113488929692e-01 
114.800000 6.1106113489067915e-01 
115.000000 6.1106113489201308e-01 
115.200000 6.1106113489325597e-01 
115.400000 6.1106113489445235e-01 
115.600000 6.1106113489556257e-01 
115.800000 6.1106113489659741e-01 
116.000000 6.1106113489760427e-01 
116.200000 6.1106113489855984e-01 
116.400000 6.1106113489944824e-01 
116.600000 6.1106113490029890e-01 
116.800000 6.1106113490110159e-01 
117.000000 6.1106113490186409e-01 
117.200000 6.1106113490258052e-01 
117.400000 6.1106113490327929e-01 
117.600000 6.1106113490396985e-01 
117.800000 6.1106113490457625e-01 
118.000000 6.1106113490521630e-01 
118.200000 6.1106113490577652e-01 
118.400000 6.1106113490633174e-01 
118.600000 6.1106113490688063e-01 
118.800000 6.1106113490736547e-01 
119.000000 6.1106113490786451e-01 
119.200000 6.1106113490833003e-01 
119.400000 6.1106113490877423e-01 
119.600000 6.1106113490921832e-01 
119.800000 6.1106113490962366e-01 
120.000000 6.1106113491001202e-01 
120.200000 6.1106113491042069e-01 
120.400000 6.1106113491077263e-01 
120.600000 6.1106113491111325e-01 
120.800000 6.1106113491146852e-01 
121.000000 6.1106113491177305e-01 
121.200000 6.1106113491210490e-01 
121.400000 6.1106113491239089e-01 
121.600000 6.1106113491268210e-01 
121.800000 6.1106113491298397e-01 
122.000000 6.1106113491321634e-01 
122.200000 6.1106113491347291e-01 
122.400000 6.1106113491374536e-01 
122.600000 6.1106113491396685e-01 
122.800000 6.1106113491421332e-01 
123.000000 6.1106113491439951e-01 
123.200000 6.1106113491461689e-01 
123.400000 6.1106113491480840e-01 
123.600000 6.1106113491499170e-01 
123.800000 6.1106113491519465e-01 
124.000000 6.1106113491534753e-01 
124.200000 6.1106113491553660e-01 
124.400000 6.1106113491565794e-01 
124.600000 6.1106113491584924e-01 
124.800000 6.1106113491598657e-01 
125.000000 6.1106113491610192e-01 
125.200000 6.1106113491621394e-01 
125.400000 6.1106113491633007e-01 
125.600000 6.1106113491644498e-01 
125.800000 6.1106113491658176e-01 
126.000000 6.1106113491666558e-01 
126.200000 6.1106113491676817e-01 
126.400000 6.1106113491687886e-01 
126.600000 6.1106113491698177e-01 
126.800000 6.1106113491701541e-01 
127.000000 6.1106113491710090e-01 
127.200000 6.1106113491715985e-01 
127.400000 6.1106113491723446e-01 
127.600000 6.1106113491729963e-01 
127.800000 6.1106113491732350e-01 
128.000000 6.1106113491741343e-01 
128.200000 6.1106113491743386e-01 
128.400000 6.1106113491748704e-01 
128.600000 6.1106113491752989e-01 
128.800000 6.1106113491754521e-01 
129.000000 6.1106113491758152e-01 
129.200000 6.1106113491761660e-01 
129.400000 6.1106113491764169e-01 
129.600000 6.1106113491765590e-01 
129.800000 6.1106113491767022e-01 
130.000000 6.1106113491768610e-01 
130.200000 6.1106113491769132e-01 
130.400000 6.1106113491769976e-01 
130.600000 6.1106113491770786e-01 
130.800000 6.1106113491771696e-01 
131.000000 6.1106113491771696e-01 
131.200000 6.1106113491771108e-01 
131.400000 6.1106113491770320e-01 
131.600000 6.1106113491769409e-01 
131.800000 6.1106113491768643e-01 
132.000000 6.1106113491767167e-01 
132.200000 6.1106113491766234e-01 
132.400000 6.1106113491765601e-01 
132.600000 6.1106113491765590e-01 
132.800000 6.1106113491764302e-01 
133.000000 6.1106113491761782e-01 
133.200000 6.1106113491758096e-01 
133.400000 6.1106113491755643e-01 
133.600000 6.1106113491754488e-01 
133.800000 6.1106113491754477e-01 
134.000000 6.1106113491750946e-01 
134.200000 6.1106113491746583e-01 
134.400000 6.1106113491744141e-01 
134.600000 6.1106113491743386e-01 
134.800000 6.1106113491742697e-01 
135.000000 6.1106113491737379e-01 
135.200000 6.1106113491733494e-01 
135.400000 6.1106113491732283e-01 
135.600000 6.1106113491730774e-01 
135.800000 6.1106113491726843e-01 
136.000000 6.1106113491722303e-01 
136.200000 6.1106113491721192e-01 
136.400000 6.1106113491717817e-01 
136.600000 6.1106113491714620e-01 
136.800000 6.1106113491711345e-01 
137.000000 6.1106113491710090e-01 
137.200000 6.1106113491706660e-01 
137.400000 6.1106113491702985e-01 
137.600000 6.1106113491699465e-01 
137.800000 6.1106113491698055e-01 
138.000000 6.1106113491694980e-01 
138.200000 6.1106113491691372e-01 
138.400000 6.1106113491687886e-01 
138.600000 6.1106113491687519e-01 
138.800000 6.1106113491683911e-01 
139.000000 6.1106113491677760e-01 
139.200000 6.1106113491676772e-01 
139.400000 6.1106113491676739e-01 
139.600000 6.1106113491672209e-01 
139.800000 6.1106113491665814e-01 
140.000000 6.1106113491665681e-01 
140.200000 6.1106113491665659e-01 
140.400000 6.1106113491661518e-01 
140.600000 6.1106113491656544e-01 
140.800000 6.1106113491654579e-01 
141.000000 6.1106113491654579e-01 
141.200000 6.1106113491651315e-01 
141.400000 6.1106113491647718e-01 
141.600000 6.1106113491645786e-01 
141.800000 6.1106113491644232e-01 
142.000000 6.1106113491643455e-01 
142.200000 6.1106113491640357e-01 
142.400000 6.1106113491637570e-01 
142.600000 6.1106113491635827e-01 
142.800000 6.1106113491633451e-01 
143.000000 6.1106113491632374e-01 
143.200000 6.1106113491630742e-01 
143.400000 6.1106113491628500e-01 
143.600000 6.1106113491625746e-01 
143.800000 6.1106113491624203e-01 
144.000000 6.1106113491621838e-01 
144.200000 6.1106113491621272e-01 
144.400000 6.1106113491621139e-01 
144.600000 6.1106113491618497e-01 
144.800000 6.1106113491616743e-01 
145.000000 6.1106113491615122e-01 
145.200000 6.1106113491612735e-01 
145.400000 6.1106113491610969e-01 
145.600000 6.1106113491610181e-01 
145.800000 6.1106113491610170e-01 
146.000000 6.1106113491610070e-01 
146.200000 6.1106113491608616e-01 
146.400000 6.1106113491607184e-01 
146.600000 6.1106113491606395e-01 
146.800000 6.1106113491604819e-01 
147.000000 6.1106113491603642e-01 
147.200000 6.1106113491602709e-01 
147.400000 6.1106113491601555e-01 
147.600000 6.1106113491600056e-01 
147.800000 6.1106113491599068e-01 
148.000000 6.1106113491599068e-01 
148.200000 6.1106113491599057e-01 
148.400000 6.1106113491599057e-01 
148.600000 6.1106113491599046e-01 
148.800000 6.1106113491598280e-01 
149.000000 6.1106113491597369e-01 
149.200000 6.1106113491596714e-01 
149.400000 6.1106113491596326e-01 
149.600000 6.1106113491595937e-01 
149.800000 6.1106113491595793e-01 
