0.000000 4.1999839932085781e-01 
0.200000 4.2018503954293901e-01 
0.400000 4.2033659538868751e-01 
0.600000 4.2045304433407593e-01 
0.800000 4.2053437481271960e-01 
1.000000 4.2058058625655248e-01 
1.200000 4.2059168912676653e-01 
1.400000 4.2056770493490248e-01 
1.600000 4.2050866625408195e-01 
1.800000 4.2042885813609493e-01 
2.000000 4.2033231684741440e-01 
2.200000 4.2022120590250855e-01 
2.400000 4.2009639089636186e-01 
2.600000 4.1995774022159010e-01 
2.800000 4.1980424329714205e-01 
3.000000 4.1963402910260234e-01 
3.200000 4.1948282191329189e-01 
3.400000 4.1932186394279569e-01 
3.600000 4.1913569656477773e-01 
3.800000 4.1893415899279673e-01 
4.000000 4.1871659833791430e-01 
4.200000 4.1848252286327453e-01 
4.400000 4.1823133962978087e-01 
4.600000 4.1796235254984693e-01 
4.800000 4.1767467972656469e-01 
5.000000 4.1736721930759230e-01 
5.200000 4.1703861548643534e-01 
5.400000 4.1668723526667756e-01 
5.600000 4.1631118892505847e-01 
5.800000 4.1590848068597008e-01 
6.000000 4.1547625523326509e-01 
6.200000 4.1501159044348673e-01 
6.400000 4.1451168373754954e-01 
6.600000 4.1397318889769374e-01 
6.800000 4.1339260317317034e-01 
7.000000 4.1276654210359093e-01 
7.200000 4.1209138262289946e-01 
7.400000 4.1136320361496065e-01 
7.600000 4.1057787285674674e-01 
7.800000 4.0973108268464947e-01 
8.000000 4.0881837845253477e-01 
8.200000 4.0783519541481444e-01 
8.400000 4.0677690130134664e-01 
8.600000 4.0563885866664540e-01 
8.800000 4.0441650976166765e-01 
9.000000 4.0310538697181963e-01 
9.200000 4.0170116213258139e-01 
9.400000 4.0019970042510977e-01 
9.600000 3.9859715943385055e-01 
9.800000 3.9689005720163972e-01 
10.000000 3.9507534404499473e-01 
10.200000 3.9315047527723457e-01 
10.400000 3.9111347195897866e-01 
10.600000 3.8896297784095740e-01 
10.800000 3.8669830674310690e-01 
11.000000 3.8431948566506996e-01 
11.200000 3.8182728923038062e-01 
11.400000 3.7922326410151885e-01 
11.600000 3.7650974053697650e-01 
11.800000 3.7368983446796949e-01 
12.000000 3.7076743771194964e-01 
12.200000 3.6774719598143724e-01 
12.400000 3.6463447544682531e-01 
12.600000 3.6143531676825635e-01 
12.800000 3.5815638250892146e-01 
13.000000 3.5480489314375302e-01 
13.200000 3.5138855596519186e-01 
13.400000 3.4791548820014406e-01 
13.600000 3.4439413642411260e-01 
13.800000 3.4083319329379130e-01 
14.000000 3.3724151300102456e-01 
14.200000 3.3362802761672328e-01 
14.400000 3.3000166560003097e-01 
14.600000 3.2637127360472490e-01 
14.800000 3.2274554281217349e-01 
15.000000 3.1913294076960835e-01 
15.200000 3.1554164951926389e-01 
15.400000 3.1197951057913303e-01 
15.600000 3.0845397713611872e-01 
15.800000 3.0497207367229173e-01 
16.000000 3.0154036314041766e-01 
16.200000 2.9816492144127771e-01 
16.400000 2.9485131899119466e-01 
16.600000 2.9160460903142804e-01 
16.800000 2.8842932224341877e-01 
17.000000 2.8532946711831886e-01 
17.200000 2.8230853550492441e-01 
17.400000 2.7936951274928756e-01 
17.600000 2.7651489181384081e-01 
17.800000 2.7374669076480701e-01 
18.000000 2.7106647303886050e-01 
18.200000 2.6847536993165216e-01 
18.400000 2.6597410478900385e-01 
18.600000 2.6356301842191654e-01 
18.800000 2.6124209531581333e-01 
19.000000 2.5901099025486141e-01 
19.200000 2.5686905503622737e-01 
19.400000 2.5481536499260593e-01 
19.600000 2.5284874508887734e-01 
19.800000 2.5096779539912173e-01 
20.000000 2.4917091580862144e-01 
20.200000 2.4745632981744289e-01 
20.400000 2.4582210735057064e-01 
20.600000 2.4426618650275150e-01 
20.800000 2.4278639416556069e-01 
21.000000 2.4138046549996461e-01 
21.200000 2.4004606223074273e-01 
21.400000 2.3878078975005637e-01 
21.600000 2.3758221302677116e-01 
21.800000 2.3644787132599362e-01 
22.000000 2.3537529175033534e-01 
22.200000 2.3436200162075632e-01 
22.400000 2.3340553972085978e-01 
22.600000 2.3250346643386444e-01 
22.800000 2.3165337280664638e-01 
23.000000 2.3085288857978095e-01 
23.200000 2.3009968922688062e-01 
23.400000 2.2939150205016828e-01 
23.600000 2.2872611138234900e-01 
23.800000 2.2810136294729094e-01 
24.000000 2.2751516743388520e-01 
24.200000 2.2696550333870014e-01 
24.400000 2.2645041913358083e-01 
24.600000 2.2596803481433153e-01 
24.800000 2.2551654288598577e-01 
25.000000 2.2509420883903444e-01 
25.200000 2.2469937116938538e-01 
25.400000 2.2433044099282345e-01 
25.600000 2.2398590130242294e-01 
25.800000 2.2366430591480452e-01 
26.000000 2.2336427814833709e-01 
26.200000 2.2308450927351645e-01 
26.400000 2.2282375677276500e-01 
26.600000 2.2258084244392606e-01 
26.800000 2.2235465037875829e-01 
27.000000 2.2214412484481791e-01 
27.200000 2.2194826809632906e-01 
27.400000 2.2176613813691298e-01 
27.600000 2.2159684645452279e-01 
27.800000 2.2143955574647112e-01 
28.000000 2.2129347765021704e-01 
28.200000 2.2115787049345650e-01 
28.400000 2.2103203707513097e-01 
28.600000 2.2091532248720169e-01 
28.800000 2.2080711198541003e-01 
29.000000 2.2070682891578569e-01 
29.200000 2.2061393270235705e-01 
29.400000 2.2052791690032086e-01 
29.600000 2.2044830731789430e-01 
29.800000 2.2037466020915061e-01 
30.000000 2.2030656053930359e-01 
30.200000 2.2024362032322931e-01 
30.400000 2.2018547703736593e-01 
30.600000 2.2013179210464068e-01 
30.800000 2.2008224945158833e-01 
31.000000 2.2003655413648146e-01 
31.200000 2.1999443104696020e-01 
31.400000 2.1995562366539267e-01 
31.600000 2.1991989290000530e-01 
31.800000 2.1988701597965213e-01 
32.000000 2.1985678540996431e-01 
32.200000 2.1982900798855434e-01 
32.400000 2.1980350387687697e-01 
32.600000 2.1978010572632106e-01 
32.800000 2.1975865785610993e-01 
33.000000 2.1973901548058153e-01 
33.200000 2.1972104398346742e-01 
33.400000 2.1970461823680673e-01 
33.600000 2.1968962196221264e-01 
33.800000 2.1967594713223229e-01 
34.000000 2.1966349340965199e-01 
34.200000 2.1965216762262857e-01 
34.400000 2.1964188327363818e-01 
34.600000 2.1963256008029916e-01 
34.800000 2.1962412354620545e-01 
35.000000 2.1961650455999648e-01 
35.200000 2.1960963902096051e-01 
35.400000 2.1960346748957113e-01 
35.600000 2.1959793486140236e-01 
35.800000 2.1959299006298710e-01 
36.000000 2.1958858576822901e-01 
36.200000 2.1958467813405871e-01 
36.400000 2.1958122655412587e-01 
36.600000 2.1957819342932969e-01 
36.800000 2.1957554395412657e-01 
37.000000 2.1957324591755686e-01 
37.200000 2.1957126951803987e-01 
37.400000 2.1956958719100936e-01 
37.600000 2.1956817344854673e-01 
37.800000 2.1956700473019686e-01 
38.000000 2.1956605926422157e-01 
38.200000 2.1956531693858183e-01 
38.400000 2.1956475918098434e-01 
38.600000 2.1956436884737915e-01 
38.800000 2.1956413011832779e-01 
39.000000 2.1956402840269773e-01 
39.200000 2.1956405024818129e-01 
39.400000 2.1956418325816779e-01 
39.600000 2.1956441601452512e-01 
39.800000 2.1956473800587897e-01 
40.000000 2.1956513956100435e-01 
40.200000 2.1956561178698863e-01 
40.400000 2.1956614651179873e-01 
40.600000 2.1956673623097434e-01 
40.800000 2.1956737405815088e-01 
41.000000 2.1956805367910004e-01 
41.200000 2.1956876930913921e-01 
41.400000 2.1956951565353344e-01 
41.600000 2.1957028787080235e-01 
41.800000 2.1957108153866020e-01 
42.000000 2.1957189262240503e-01 
42.200000 2.1957271744561135e-01 
42.400000 2.1957355266292750e-01 
42.600000 2.1957439523485639e-01 
42.800000 2.1957524240436294e-01 
43.000000 2.1957609167517436e-01 
43.200000 2.1957694079167034e-01 
43.400000 2.1957778772022180e-01 
43.600000 2.1957863063190414e-01 
43.800000 2.1957946788646179e-01 
44.000000 2.1958029801745071e-01 
44.200000 2.1958111971846411e-01 
44.400000 2.1958193183036837e-01 
44.600000 2.1958273332947806e-01 
44.800000 2.1958352331659303e-01 
45.000000 2.1958430100685333e-01 
45.200000 2.1958506572033210e-01 
45.400000 2.1958581687332854e-01 
45.600000 2.1958655397030366e-01 
45.800000 2.1958727659641916e-01 
46.000000 2.1958798441062033e-01 
46.200000 2.1958867713924865e-01 
46.400000 2.1958935457011833e-01 
46.600000 2.1959001654704791e-01 
46.800000 2.1959066296479451e-01 
47.000000 2.1959129376437764e-01 
47.200000 2.1959190892874839e-01 
47.400000 2.1959250847879744e-01 
47.600000 2.1959309246966149e-01 
47.800000 2.1959366098731184e-01 
48.000000 2.1959421414541067e-01 
48.200000 2.1959475208240709e-01 
48.400000 2.1959527495885986e-01 
48.600000 2.1959578295497090e-01 
48.800000 2.1959627626831010e-01 
49.000000 2.1959675511172580e-01 
49.200000 2.1959721971141669e-01 
49.400000 2.1959767030516222e-01 
49.600000 2.1959810714069872e-01 
49.800000 2.1959853047422195e-01 
50.000000 2.1959894056901794e-01 
50.200000 2.1959933769421489e-01 
50.400000 2.1959972212362555e-01 
50.600000 2.1960009413470274e-01 
50.800000 2.1960045400757991e-01 
51.000000 2.1960080202419435e-01 
51.200000 2.1960113846749690e-01 
51.400000 2.1960146362072031e-01 
51.600000 2.1960177776672962e-01 
51.800000 2.1960208118742544e-01 
52.000000 2.1960237416320821e-01 
52.200000 2.1960265697249437e-01 
52.400000 2.1960292989128086e-01 
52.600000 2.1960319319276017e-01 
52.800000 2.1960344714696695e-01 
53.000000 2.1960369202048011e-01 
53.200000 2.1960392807613763e-01 
53.400000 2.1960415557281054e-01 
53.600000 2.1960437476518538e-01 
53.800000 2.1960458590358786e-01 
54.000000 2.1960478923382373e-01 
54.200000 2.1960498499705500e-01 
54.400000 2.1960517342968261e-01 
54.600000 2.1960535476326279e-01 
54.800000 2.1960552922443982e-01 
55.000000 2.1960569703487598e-01 
55.200000 2.1960585841123548e-01 
55.400000 2.1960601356514359e-01 
55.600000 2.1960616270318342e-01 
55.800000 2.1960630602688958e-01 
56.000000 2.1960644373276814e-01 
56.200000 2.1960657601230626e-01 
56.400000 2.1960670305201530e-01 
56.600000 2.1960682503345669e-01 
56.800000 2.1960694213328677e-01 
57.000000 2.1960705452331494e-01 
57.200000 2.1960716237055863e-01 
57.400000 2.1960726583729681e-01 
57.600000 2.1960736508114478e-01 
57.800000 2.1960746025512409e-01 
58.000000 2.1960755150773256e-01 
58.200000 2.1960763898302049e-01 
58.400000 2.1960772282066721e-01 
58.600000 2.1960780315608316e-01 
58.800000 2.1960788012045673e-01 
59.000000 2.1960795384087398e-01 
59.200000 2.1960802444038605e-01 
59.400000 2.1960809203809636e-01 
59.600000 2.1960815674925593e-01 
59.800000 2.1960821868535577e-01 
60.000000 2.1960827795419141e-01 
60.200000 2.1960833465998203e-01 
60.400000 2.1960838890343590e-01 
60.600000 2.1960844078185113e-01 
60.800000 2.1960849038919097e-01 
61.000000 2.1960853781618958e-01 
61.200000 2.1960858315042098e-01 
61.400000 2.1960862647639476e-01 
61.600000 2.1960866787561847e-01 
61.800000 2.1960870742673413e-01 
62.000000 2.1960874520553145e-01 
62.200000 2.1960878128506550e-01 
62.400000 2.1960881573575933e-01 
62.600000 2.1960884862542368e-01 
62.800000 2.1960888001940312e-01 
63.000000 2.1960890998057872e-01 
63.200000 2.1960893856949593e-01 
63.400000 2.1960896584443554e-01 
63.600000 2.1960899186145000e-01 
63.800000 2.1960901667445495e-01 
64.000000 2.1960904033531078e-01 
64.200000 2.1960906289386742e-01 
64.400000 2.1960908439802748e-01 
64.600000 2.1960910489385313e-01 
64.800000 2.1960912442555647e-01 
65.000000 2.1960914303562251e-01 
65.200000 2.1960916076484649e-01 
65.400000 2.1960917765238272e-01 
65.600000 2.1960919373580748e-01 
65.800000 2.1960920905119577e-01 
66.000000 2.1960922363311566e-01 
66.200000 2.1960923751476835e-01 
66.400000 2.1960925072794640e-01 
66.600000 2.1960926330315261e-01 
66.800000 2.1960927526960866e-01 
67.000000 2.1960928665530849e-01 
67.200000 2.1960929748708724e-01 
67.400000 2.1960930779064097e-01 
67.600000 2.1960931759054539e-01 
67.800000 2.1960932691036733e-01 
68.000000 2.1960933577262831e-01 
68.200000 2.1960934419889722e-01 
68.400000 2.1960935220979971e-01 
68.600000 2.1960935982506144e-01 
68.800000 2.1960936706354720e-01 
69.000000 2.1960937394328853e-01 
69.200000 2.1960938048150946e-01 
69.400000 2.1960938669469268e-01 
69.600000 2.1960939259854870e-01 
69.800000 2.1960939820811592e-01 
70.000000 2.1960940353773040e-01 
70.200000 2.1960940860109324e-01 
70.400000 2.1960941341126466e-01 
70.600000 2.1960941798072872e-01 
70.800000 2.1960942232136774e-01 
71.000000 2.1960942644453704e-01 
71.200000 2.1960943036105282e-01 
71.400000 2.1960943408123570e-01 
71.600000 2.1960943761490673e-01 
71.800000 2.1960944097144502e-01 
72.000000 2.1960944415975994e-01 
72.200000 2.1960944718836509e-01 
72.400000 2.1960945006535143e-01 
72.600000 2.1960945279841626e-01 
72.800000 2.1960945539491161e-01 
73.000000 2.1960945786179936e-01 
73.200000 2.1960946020570229e-01 
73.400000 2.1960946243297622e-01 
73.600000 2.1960946454960309e-01 
73.800000 2.1960946656130001e-01 
74.000000 2.1960946847348278e-01 
74.200000 2.1960947029131450e-01 
74.400000 2.1960947201969652e-01 
74.600000 2.1960947366327069e-01 
74.800000 2.1960947522648150e-01 
75.000000 2.1960947671349085e-01 
75.200000 2.1960947812829204e-01 
75.400000 2.1960947947468476e-01 
75.600000 2.1960948075623543e-01 
75.800000 2.1960948197634311e-01 
76.000000 2.1960948313824549e-01 
76.200000 2.1960948424499666e-01 
76.400000 2.1960948529948360e-01 
76.600000 2.1960948630446431e-01 
76.800000 2.1960948726255414e-01 
77.000000 2.1960948817619258e-01 
77.200000 2.1960948904774910e-01 
77.400000 2.1960948987941023e-01 
77.600000 2.1960949067327926e-01 
77.800000 2.1960949143133943e-01 
78.000000 2.1960949215545805e-01 
78.200000 2.1960949284741596e-01 
78.400000 2.1960949350889838e-01 
78.600000 2.1960949414148948e-01 
78.800000 2.1960949474669406e-01 
79.000000 2.1960949532593138e-01 
79.200000 2.1960949588052878e-01 
79.400000 2.1960949641178393e-01 
79.600000 2.1960949692087281e-01 
79.800000 2.1960949740893185e-01 
80.000000 2.1960949787704057e-01 
80.200000 2.1960949832620902e-01 
80.400000 2.1960949875738639e-01 
80.600000 2.1960949917148107e-01 
80.800000 2.1960949956935241e-01 
81.000000 2.1960949995176984e-01 
81.200000 2.1960950031953139e-01 
81.400000 2.1960950067333912e-01 
81.600000 2.1960950101386467e-01 
81.800000 2.1960950134176904e-01 
82.000000 2.1960950165761467e-01 
82.200000 2.1960950196199513e-01 
82.400000 2.1960950225545983e-01 
82.600000 2.1960950253848732e-01 
82.800000 2.1960950281158131e-01 
83.000000 2.1960950307517868e-01 
83.200000 2.1960950332970661e-01 
83.400000 2.1960950357557618e-01 
83.600000 2.1960950381315666e-01 
83.800000 2.1960950404282356e-01 
84.000000 2.1960950426489931e-01 
84.200000 2.1960950447970340e-01 
84.400000 2.1960950468754026e-01 
84.600000 2.1960950488870654e-01 
84.800000 2.1960950508347046e-01 
85.000000 2.1960950527208217e-01 
85.200000 2.1960950545477595e-01 
85.400000 2.1960950563179804e-01 
85.600000 2.1960950580334526e-01 
85.800000 2.1960950596965045e-01 
86.000000 2.1960950613087196e-01 
86.200000 2.1960950628722536e-01 
86.400000 2.1960950643886581e-01 
86.600000 2.1960950658596973e-01 
86.800000 2.1960950672868429e-01 
87.000000 2.1960950686716998e-01 
87.200000 2.1960950700157109e-01 
87.400000 2.1960950713199853e-01 
87.600000 2.1960950725860659e-01 
87.800000 2.1960950738151500e-01 
88.000000 2.1960950750083014e-01 
88.200000 2.1960950761666634e-01 
88.400000 2.1960950772912999e-01 
88.600000 2.1960950783832936e-01 
88.800000 2.1960950794435438e-01 
89.000000 2.1960950804730975e-01 
89.200000 2.1960950814725874e-01 
89.400000 2.1960950824432043e-01 
89.600000 2.1960950833855783e-01 
89.800000 2.1960950843004493e-01 
90.000000 2.1960950851887226e-01 
90.200000 2.1960950860510484e-01 
90.400000 2.1960950868881893e-01 
90.600000 2.1960950877006682e-01 
90.800000 2.1960950884893063e-01 
91.000000 2.1960950892546216e-01 
91.200000 2.1960950899974868e-01 
91.400000 2.1960950907180790e-01 
91.600000 2.1960950914173524e-01 
91.800000 2.1960950920955971e-01 
92.000000 2.1960950927534906e-01 
92.200000 2.1960950933914961e-01 
92.400000 2.1960950940101362e-01 
92.600000 2.1960950946099150e-01 
92.800000 2.1960950951912836e-01 
93.000000 2.1960950957547767e-01 
93.200000 2.1960950963008355e-01 
93.400000 2.1960950968298568e-01 
93.600000 2.1960950973423338e-01 
93.800000 2.1960950978385765e-01 
94.000000 2.1960950983190874e-01 
94.200000 2.1960950987843797e-01 
94.400000 2.1960950992345513e-01 
94.600000 2.1960950996702411e-01 
94.800000 2.1960951000917434e-01 
95.000000 2.1960951004994197e-01 
95.200000 2.1960951008935692e-01 
95.400000 2.1960951012746538e-01 
95.600000 2.1960951016430497e-01 
95.800000 2.1960951019989225e-01 
96.000000 2.1960951023426897e-01 
96.200000 2.1960951026747513e-01 
96.400000 2.1960951029952996e-01 
96.600000 2.1960951033046772e-01 
96.800000 2.1960951036033274e-01 
97.000000 2.1960951038912155e-01 
97.200000 2.1960951041689911e-01 
97.400000 2.1960951044368299e-01 
97.600000 2.1960951046947499e-01 
97.800000 2.1960951049435989e-01 
98.000000 2.1960951051830477e-01 
98.200000 2.1960951054136629e-01 
98.400000 2.1960951056355979e-01 
98.600000 2.1960951058492464e-01 
98.800000 2.1960951060546877e-01 
99.000000 2.1960951062523182e-01 
99.200000 2.1960951064421491e-01 
99.400000 2.1960951066245749e-01 
99.600000 2.1960951067998649e-01 
99.800000 2.1960951069680382e-01 
100.000000 2.1960951071295384e-01 
100.200000 2.1960951072844342e-01 
100.400000 2.1960951074329985e-01 
100.600000 2.1960951075754279e-01 
100.800000 2.1960951077117830e-01 
101.000000 2.1960951078424598e-01 
101.200000 2.1960951079676139e-01 
101.400000 2.1960951080872432e-01 
101.600000 2.1960951082016913e-01 
101.800000 2.1960951083111918e-01 
102.000000 2.1960951084158553e-01 
102.200000 2.1960951085156361e-01 
102.400000 2.1960951086109093e-01 
102.600000 2.1960951087018191e-01 
102.800000 2.1960951087884847e-01 
103.000000 2.1960951088710701e-01 
103.200000 2.1960951089498537e-01 
103.400000 2.1960951090246295e-01 
103.600000 2.1960951090959024e-01 
103.800000 2.1960951091636019e-01 
104.000000 2.1960951092278319e-01 
104.200000 2.1960951092889097e-01 
104.400000 2.1960951093467243e-01 
104.600000 2.1960951094016717e-01 
104.800000 2.1960951094536191e-01 
105.000000 2.1960951095026773e-01 
105.200000 2.1960951095492429e-01 
105.400000 2.1960951095930409e-01 
105.600000 2.1960951096346132e-01 
105.800000 2.1960951096736697e-01 
106.000000 2.1960951097104853e-01 
106.200000 2.1960951097450415e-01 
106.400000 2.1960951097776010e-01 
106.600000 2.1960951098080864e-01 
106.800000 2.1960951098367174e-01 
107.000000 2.1960951098635975e-01 
107.200000 2.1960951098885773e-01 
107.400000 2.1960951099118919e-01 
107.600000 2.1960951099338211e-01 
107.800000 2.1960951099540729e-01 
108.000000 2.1960951099729334e-01 
108.200000 2.1960951099902612e-01 
108.400000 2.1960951100063142e-01 
108.600000 2.1960951100212689e-01 
108.800000 2.1960951100348494e-01 
109.000000 2.1960951100473847e-01 
109.200000 2.1960951100589479e-01 
109.400000 2.1960951100692663e-01 
109.600000 2.1960951100787401e-01 
109.800000 2.1960951100871870e-01 
110.000000 2.1960951100950102e-01 
110.200000 2.1960951101017462e-01 
110.400000 2.1960951101078463e-01 
110.600000 2.1960951101131201e-01 
110.800000 2.1960951101178181e-01 
111.000000 2.1960951101217241e-01 
111.200000 2.1960951101251161e-01 
111.400000 2.1960951101279144e-01 
111.600000 2.1960951101300930e-01 
111.800000 2.1960951101317455e-01 
112.000000 2.1960951101331003e-01 
112.200000 2.1960951101339038e-01 
112.400000 2.1960951101342138e-01 
112.600000 2.1960951101342147e-01 
112.800000 2.1960951101337906e-01 
113.000000 2.1960951101331022e-01 
113.200000 2.1960951101320200e-01 
113.400000 2.1960951101307782e-01 
113.600000 2.1960951101292184e-01 
113.800000 2.1960951101272755e-01 
114.000000 2.1960951101251944e-01 
114.200000 2.1960951101230161e-01 
114.400000 2.1960951101206136e-01 
114.600000 2.1960951101178386e-01 
114.800000 2.1960951101150630e-01 
115.000000 2.1960951101121279e-01 
115.200000 2.1960951101090737e-01 
115.400000 2.1960951101059034e-01 
115.600000 2.1960951101026857e-01 
115.800000 2.1960951100993015e-01 
116.000000 2.1960951100958331e-01 
116.200000 2.1960951100923035e-01 
116.400000 2.1960951100887724e-01 
116.600000 2.1960951100853107e-01 
116.800000 2.1960951100817191e-01 
117.000000 2.1960951100780882e-01 
117.200000 2.1960951100742931e-01 
117.400000 2.1960951100707660e-01 
117.600000 2.1960951100670459e-01 
117.800000 2.1960951100634146e-01 
118.000000 2.1960951100598233e-01 
118.200000 2.1960951100562209e-01 
118.400000 2.1960951100526066e-01 
118.600000 2.1960951100490048e-01 
118.800000 2.1960951100455262e-01 
119.000000 2.1960951100419138e-01 
119.200000 2.1960951100384579e-01 
119.400000 2.1960951100351220e-01 
119.600000 2.1960951100317486e-01 
119.800000 2.1960951100283879e-01 
120.000000 2.1960951100251347e-01 
120.200000 2.1960951100220041e-01 
120.400000 2.1960951100188070e-01 
120.600000 2.1960951100157000e-01 
120.800000 2.1960951100126966e-01 
121.000000 2.1960951100097442e-01 
121.200000 2.1960951100068163e-01 
121.400000 2.1960951100039547e-01 
121.600000 2.1960951100011750e-01 
121.800000 2.1960951099984841e-01 
122.000000 2.1960951099957923e-01 
122.200000 2.1960951099932158e-01 
122.400000 2.1960951099907183e-01 
122.600000 2.1960951099882295e-01 
122.800000 2.1960951099858264e-01 
123.000000 2.1960951099835013e-01 
123.200000 2.1960951099812714e-01 
123.400000 2.1960951099790607e-01 
123.600000 2.1960951099768988e-01 
123.800000 2.1960951099748574e-01 
124.000000 2.1960951099728682e-01 
124.200000 2.1960951099709089e-01 
124.400000 2.1960951099689890e-01 
124.600000 2.1960951099671802e-01 
124.800000 2.1960951099654952e-01 
125.000000 2.1960951099637949e-01 
125.200000 2.1960951099620926e-01 
125.400000 2.1960951099605150e-01 
125.600000 2.1960951099589504e-01 
125.800000 2.1960951099574705e-01 
126.000000 2.1960951099560541e-01 
126.200000 2.1960951099548096e-01 
126.400000 2.1960951099535253e-01 
126.600000 2.1960951099521436e-01 
126.800000 2.1960951099510273e-01 
127.000000 2.1960951099498216e-01 
127.200000 2.1960951099487808e-01 
127.400000 2.1960951099476633e-01 
127.600000 2.1960951099465864e-01 
127.800000 2.1960951099457124e-01 
128.000000 2.1960951099446438e-01 
128.200000 2.1960951099438372e-01 
128.400000 2.1960951099428738e-01 
128.600000 2.1960951099421450e-01 
128.800000 2.1960951099413134e-01 
129.000000 2.1960951099405934e-01 
129.200000 2.1960951099399251e-01 
129.400000 2.1960951099392501e-01 
129.600000 2.1960951099385462e-01 
129.800000 2.1960951099379825e-01 
130.000000 2.1960951099374273e-01 
130.200000 2.1960951099367967e-01 
130.400000 2.1960951099363202e-01 
130.600000 2.1960951099357820e-01 
130.800000 2.1960951099354692e-01 
131.000000 2.1960951099348994e-01 
131.200000 2.1960951099345616e-01 
131.400000 2.1960951099340967e-01 
131.600000 2.1960951099338191e-01 
131.800000 2.1960951099334128e-01 
132.000000 2.1960951099330531e-01 
132.200000 2.1960951099327605e-01 
132.400000 2.1960951099324827e-01 
132.600000 2.1960951099322082e-01 
132.800000 2.1960951099320314e-01 
133.000000 2.1960951099317602e-01 
133.200000 2.1960951099315260e-01 
133.400000 2.1960951099313208e-01 
133.600000 2.1960951099311921e-01 
133.800000 2.1960951099310436e-01 
134.000000 2.1960951099308001e-01 
134.200000 2.1960951099307660e-01 
134.400000 2.1960951099307013e-01 
134.600000 2.1960951099305445e-01 
134.800000 2.1960951099304252e-01 
135.000000 2.1960951099303172e-01 
135.200000 2.1960951099302481e-01 
135.400000 2.1960951099301476e-01 
135.600000 2.1960951099300430e-01 
135.800000 2.1960951099300335e-01 
136.000000 2.1960951099300396e-01 
136.200000 2.1960951099299708e-01 
136.400000 2.1960951099299333e-01 
136.600000 2.1960951099298662e-01 
136.800000 2.1960951099298662e-01 
137.000000 2.1960951099298628e-01 
137.200000 2.1960951099298795e-01 
137.400000 2.1960951099298795e-01 
137.600000 2.1960951099298795e-01 
137.800000 2.1960951099298795e-01 
138.000000 2.1960951099299333e-01 
138.200000 2.1960951099299333e-01 
138.400000 2.1960951099299333e-01 
138.600000 2.1960951099299333e-01 
138.800000 2.1960951099299333e-01 
139.000000 2.1960951099299333e-01 
139.200000 2.1960951099299333e-01 
139.400000 2.1960951099299336e-01 
139.600000 2.1960951099301382e-01 
139.800000 2.1960951099302106e-01 
140.000000 2.1960951099302106e-01 
140.200000 2.1960951099302106e-01 
140.400000 2.1960951099302106e-01 
140.600000 2.1960951099302106e-01 
140.800000 2.1960951099303694e-01 
141.000000 2.1960951099303694e-01 
141.200000 2.1960951099304185e-01 
141.400000 2.1960951099304474e-01 
141.600000 2.1960951099304882e-01 
141.800000 2.1960951099306178e-01 
142.000000 2.1960951099306700e-01 
142.200000 2.1960951099306925e-01 
142.400000 2.1960951099307066e-01 
142.600000 2.1960951099307668e-01 
142.800000 2.1960951099308140e-01 
143.000000 2.1960951099309073e-01 
143.200000 2.1960951099309703e-01 
143.400000 2.1960951099310427e-01 
143.600000 2.1960951099310436e-01 
143.800000 2.1960951099310810e-01 
144.000000 2.1960951099310952e-01 
144.200000 2.1960951099311424e-01 
144.400000 2.1960951099311424e-01 
144.600000 2.1960951099312057e-01 
144.800000 2.1960951099312537e-01 
145.000000 2.1960951099312537e-01 
145.200000 2.1960951099313211e-01 
145.400000 2.1960951099313719e-01 
145.600000 2.1960951099313719e-01 
145.800000 2.1960951099314180e-01 
146.000000 2.1960951099314974e-01 
146.200000 2.1960951099315293e-01 
146.400000 2.1960951099315390e-01 
146.600000 2.1960951099315984e-01 
146.800000 2.1960951099316525e-01 
147.000000 2.1960951099316525e-01 
147.200000 2.1960951099316961e-01 
147.400000 2.1960951099317053e-01 
147.600000 2.1960951099317225e-01 
147.800000 2.1960951099317191e-01 
148.000000 2.1960951099317319e-01 
148.200000 2.1960951099317438e-01 
148.400000 2.1960951099317669e-01 
148.600000 2.1960951099318057e-01 
148.800000 2.1960951099318327e-01 
149.000000 2.1960951099318293e-01 
149.200000 2.1960951099318385e-01 
149.400000 2.1960951099318413e-01 
149.600000 2.1960951099318510e-01 
149.800000 2.1960951099318615e-01 
