0.000000 1.9600523248303900e-07 
0.200000 1.9457777420777391e-07 
0.400000 1.9650423947261131e-07 
0.600000 2.0181018122076196e-07 
0.800000 2.1052791322048862e-07 
1.000000 2.2269659494679631e-07 
1.200000 2.3836232513735353e-07 
1.400000 2.5757824417424091e-07 
1.600000 2.8040464545473759e-07 
1.800000 3.0690909592623983e-07 
2.000000 3.3716656886851681e-07 
2.200000 3.7283723254180930e-07 
2.400000 4.1474706211306340e-07 
2.600000 4.6387777170337093e-07 
2.800000 5.2139410989176435e-07 
3.000000 5.8867728728135465e-07 
3.200000 6.6736576800830566e-07 
3.400000 7.5951016434843422e-07 
3.600000 8.6746776846441316e-07 
3.800000 9.9405907696494621e-07 
4.000000 1.1426525027778760e-06 
4.200000 1.3172816480021993e-06 
4.400000 1.5227878240948596e-06 
4.600000 1.7649948616470209e-06 
4.800000 2.0509264106231363e-06 
5.000000 2.3890749671647187e-06 
5.200000 2.7897362550193209e-06 
5.400000 3.2654280389257451e-06 
5.600000 3.8314055076272788e-06 
5.800000 4.5063124122300779e-06 
6.000000 5.3129994043093218e-06 
6.200000 6.2795470555823884e-06 
6.400000 7.4405508354829757e-06 
6.600000 8.8387347004934135e-06 
6.800000 1.0526970278752540e-05 
7.000000 1.2570812464102377e-05 
7.200000 1.5051673121520759e-05 
7.400000 1.8070783482981436e-05 
7.600000 2.1754129843287694e-05 
7.800000 2.6258581868599061e-05 
8.000000 3.1779473081635662e-05 
8.200000 3.8559936636273886e-05 
8.400000 4.6902345603490053e-05 
8.600000 5.7182253382315518e-05 
8.800000 6.9865273678286952e-05 
9.000000 8.5527380855435022e-05 
9.200000 1.0487913890901085e-04 
9.400000 1.2879438346158131e-04 
9.600000 1.5834381987802406e-04 
9.800000 1.9483400750873995e-04 
10.000000 2.3985207684190405e-04 
10.200000 2.9531636832780088e-04 
10.400000 3.6353296284578120e-04 
10.600000 4.4725777592972727e-04 
10.800000 5.4976350751210069e-04 
11.000000 6.7491027820467352e-04 
11.200000 8.2721824478218628e-04 
11.400000 1.0119398873686468e-03 
11.600000 1.2351290230310859e-03 
11.800000 1.5037029540395973e-03 
12.000000 1.8254935515798396e-03 
12.200000 2.2092825455421899e-03 
12.400000 2.6648159064231445e-03 
12.600000 3.2027919956590725e-03 
12.800000 3.8348181920014844e-03 
13.000000 4.5733310190713304e-03 
13.200000 5.4314754277600234e-03 
13.400000 6.4229398563809799e-03 
13.600000 7.5617450150360114e-03 
13.800000 8.8619860132850784e-03 
14.000000 1.0337529447813172e-02 
14.200000 1.2001669340239086e-02 
14.400000 1.3866748282790553e-02 
14.600000 1.5943752695124463e-02 
14.800000 1.8241893562948669e-02 
15.000000 2.0768186233797791e-02 
15.200000 2.3527044578622144e-02 
15.400000 2.6519905886625846e-02 
15.600000 2.9744903067197331e-02 
15.800000 3.3196599961006205e-02 
16.000000 3.6865803767902661e-02 
16.200000 4.0739465830869584e-02 
16.400000 4.4800678418450687e-02 
16.600000 4.9028770957002865e-02 
16.800000 5.3399504678658352e-02 
17.000000 5.7885360205221725e-02 
17.200000 6.2455908515548580e-02 
17.400000 6.7078252340954284e-02 
17.600000 7.1717522530990577e-02 
17.800000 7.6337412473340610e-02 
18.000000 8.0900733282362303e-02 
18.200000 8.5369973137191038e-02 
18.400000 8.9707845714656578e-02 
18.600000 9.3877814920536651e-02 
18.800000 9.7844585830774503e-02 
19.000000 1.0157455465567614e-01 
19.200000 1.0503621339120862e-01 
19.400000 1.0820050741173419e-01 
19.600000 1.1104114642293962e-01 
19.800000 1.1353487081893771e-01 
20.000000 1.1566167651073027e-01 
20.200000 1.1740500169834671e-01 
20.400000 1.1875187887057395e-01 
20.600000 1.1969305459551959e-01 
20.800000 1.2022307850716772e-01 
21.000000 1.2034036142535853e-01 
21.200000 1.2004720092865787e-01 
21.400000 1.1934977111856038e-01 
21.600000 1.1825807197571606e-01 
21.800000 1.1678583282449317e-01 
22.000000 1.1495036418285752e-01 
22.200000 1.1277235282698986e-01 
22.400000 1.1027559631883273e-01 
22.600000 1.0748667550952434e-01 
22.800000 1.0443456651526102e-01 
23.000000 1.0115019713276745e-01 
23.200000 9.7665956302836213e-02 
23.400000 9.4015168676330363e-02 
23.600000 9.0231549218526136e-02 
23.800000 8.6348654782448256e-02 
24.000000 8.2399350459360990e-02 
24.200000 7.8415308167461839e-02 
24.400000 7.4426553397076572e-02 
24.600000 7.0461073449471751e-02 
24.800000 6.6544497146438286e-02 
25.000000 6.2699852171779202e-02 
25.200000 5.8947402275294360e-02 
25.400000 5.5304562842862420e-02 
25.600000 5.1785890073769172e-02 
25.800000 4.8403136391292768e-02 
26.000000 4.5165362841601907e-02 
26.200000 4.2079098125004030e-02 
26.400000 3.9148533500728729e-02 
26.600000 3.6375743011655873e-02 
26.800000 3.3760919160652408e-02 
27.000000 3.1302615198363908e-02 
27.200000 2.8997986422197662e-02 
27.400000 2.6843024222926792e-02 
27.600000 2.4832777955835890e-02 
27.800000 2.2961560988133956e-02 
28.000000 2.1223138436264055e-02 
28.200000 1.9610895127606245e-02 
28.400000 1.8117983188029593e-02 
28.600000 1.6737449368224359e-02 
28.800000 1.5462342784026820e-02 
29.000000 1.4285804170402721e-02 
29.200000 1.3201138049731201e-02 
29.400000 1.2201869408375662e-02 
29.600000 1.1281786577567073e-02 
29.800000 1.0434972041434331e-02 
30.000000 9.6558228619543374e-03 
30.200000 8.9390623318901883e-03 
30.400000 8.2797443553188615e-03 
30.600000 7.6732519223970041e-03 
30.800000 7.1152909001988294e-03 
31.000000 6.6018802126530593e-03 
31.200000 6.1293393360135895e-03 
31.400000 5.6942738965343100e-03 
31.600000 5.2935600272926960e-03 
31.800000 4.9243280233980478e-03 
32.000000 4.5839457301162737e-03 
32.200000 4.2700020069448216e-03 
32.400000 3.9802905319948900e-03 
32.600000 3.7127941444086644e-03 
32.800000 3.4656698669302617e-03 
33.000000 3.2372347050035363e-03 
33.200000 3.0259522817007944e-03 
33.400000 2.8304203382257054e-03 
33.600000 2.6493591065853907e-03 
33.800000 2.4816005432851153e-03 
34.000000 2.3260783996607482e-03 
34.200000 2.1818190949349984e-03 
34.400000 2.0479333515670832e-03 
34.600000 1.9236085483673949e-03 
34.800000 1.8081017446597537e-03 
35.000000 1.7007333280647434e-03 
35.200000 1.6008812388936203e-03 
35.400000 1.5079757253865099e-03 
35.600000 1.4214945858636763e-03 
35.800000 1.3409588560914544e-03 
36.000000 1.2659289026435779e-03 
36.200000 1.1960008856465249e-03 
36.400000 1.1308035569447959e-03 
36.600000 1.0699953623426928e-03 
36.800000 1.0132618191250546e-03 
37.000000 9.6031314249835228e-04 
37.200000 9.1088209690346335e-04 
37.400000 8.6472205031997210e-04 
37.600000 8.2160521170227582e-04 
37.800000 7.8132103355930808e-04 
38.000000 7.4367476341377485e-04 
38.200000 7.0848612945818683e-04 
38.400000 6.7558814717001833e-04 
38.600000 6.4482603496397717e-04 
38.800000 6.1605622815384426e-04 
39.000000 5.8914548157821840e-04 
39.200000 5.6397005222145460e-04 
39.400000 5.4041495404268385e-04 
39.600000 5.1837327801894568e-04 
39.800000 4.9774557112189735e-04 
40.000000 4.7843926858806573e-04 
40.200000 4.6036817441743184e-04 
40.400000 4.4345198555048121e-04 
40.600000 4.2761585563558312e-04 
40.800000 4.1278999471228942e-04 
41.000000 3.9890930150647368e-04 
41.200000 3.8591302536483132e-04 
41.400000 3.7374445515297446e-04 
41.600000 3.6235063270708995e-04 
41.800000 3.5168208866672546e-04 
42.000000 3.4169259872920109e-04 
42.200000 3.3233895855654968e-04 
42.400000 3.2358077573659661e-04 
42.600000 3.1538027735259530e-04 
42.800000 3.0770213185289473e-04 
43.000000 3.0051328403492424e-04 
43.200000 2.9378280206811464e-04 
43.400000 2.8748173557935428e-04 
43.600000 2.8158298391356678e-04 
43.800000 2.7606117376203419e-04 
44.000000 2.7089254542313825e-04 
44.200000 2.6605484702501816e-04 
44.400000 2.6152723609831180e-04 
44.600000 2.5729018793975184e-04 
44.800000 2.5332541025528443e-04 
45.000000 2.4961576361441629e-04 
45.200000 2.4614518728659224e-04 
45.400000 2.4289863006577334e-04 
45.600000 2.3986198572151341e-04 
45.800000 2.3702203274397272e-04 
46.000000 2.3436637807681038e-04 
46.200000 2.3188340455603264e-04 
46.400000 2.2956222179485261e-04 
46.600000 2.2739262027466882e-04 
46.800000 2.2536502842057733e-04 
47.000000 2.2347047245657907e-04 
47.200000 2.2170053885097084e-04 
47.400000 2.2004733917644039e-04 
47.600000 2.1850347722224807e-04 
47.800000 2.1706201820773538e-04 
48.000000 2.1571645995721917e-04 
48.200000 2.1446070590636960e-04 
48.400000 2.1328903981933096e-04 
48.600000 2.1219610210437907e-04 
48.800000 2.1117686762367333e-04 
49.000000 2.1022662489995588e-04 
49.200000 2.0934095662967933e-04 
49.400000 2.0851572141825138e-04 
49.600000 2.0774703665879513e-04 
49.800000 2.0703126248112905e-04 
50.000000 2.0636498670257290e-04 
50.200000 2.0574501071676861e-04 
50.400000 2.0516833626089986e-04 
50.600000 2.0463215300567760e-04 
50.800000 2.0413382691604741e-04 
51.000000 2.0367088933405430e-04 
51.200000 2.0324102673838860e-04 
51.400000 2.0284207113813228e-04 
51.600000 2.0247199106095511e-04 
51.800000 2.0212888309856027e-04 
52.000000 2.0181096397457832e-04 
52.200000 2.0151656310232890e-04 
52.400000 2.0124411560193384e-04 
52.600000 2.0099215574823239e-04 
52.800000 2.0075931082273079e-04 
53.000000 2.0054429534452979e-04 
53.200000 2.0034590565674650e-04 
53.400000 2.0016301484642270e-04 
53.600000 1.9999456797731020e-04 
53.800000 1.9983957761619261e-04 
54.000000 1.9969711963462494e-04 
54.200000 1.9956632926911892e-04 
54.400000 1.9944639742382273e-04 
54.600000 1.9933656720078378e-04 
54.800000 1.9923613064376966e-04 
55.000000 1.9914442568251721e-04 
55.200000 1.9906083326509200e-04 
55.400000 1.9898477466678607e-04 
55.600000 1.9891570896472956e-04 
55.800000 1.9885313066802092e-04 
56.000000 1.9879656749384827e-04 
56.200000 1.9874557828063880e-04 
56.400000 1.9869975102983049e-04 
56.600000 1.9865870106838371e-04 
56.800000 1.9862206932462273e-04 
57.000000 1.9858952071048010e-04 
57.200000 1.9856074260359697e-04 
57.400000 1.9853544342319138e-04 
57.600000 1.9851335129392542e-04 
57.800000 1.9849421279239667e-04 
58.000000 1.9847779177118016e-04 
58.200000 1.9846386825568983e-04 
58.400000 1.9845223740937870e-04 
58.600000 1.9844270856310712e-04 
58.800000 1.9843510430474342e-04 
59.000000 1.9842925962529966e-04 
59.200000 1.9842502111815872e-04 
59.400000 1.9842224622811393e-04 
59.600000 1.9842080254719660e-04 
59.800000 1.9842056715439662e-04 
60.000000 1.9842142599659976e-04 
60.200000 1.9842327330822380e-04 
60.400000 1.9842601106714912e-04 
60.600000 1.9842954848474766e-04 
60.800000 1.9843380152790406e-04 
61.000000 1.9843869247105879e-04 
61.200000 1.9844414947643932e-04 
61.400000 1.9845010620074535e-04 
61.600000 1.9845650142665076e-04 
61.800000 1.9846327871760890e-04 
62.000000 1.9847038609452179e-04 
62.200000 1.9847777573292325e-04 
62.400000 1.9848540367941139e-04 
62.600000 1.9849322958615269e-04 
62.800000 1.9850121646232703e-04 
63.000000 1.9850933044147868e-04 
63.200000 1.9851754056379251e-04 
63.400000 1.9852581857235054e-04 
63.600000 1.9853413872253603e-04 
63.800000 1.9854247760373576e-04 
64.000000 1.9855081397260422e-04 
64.200000 1.9855912859715393e-04 
64.400000 1.9856740411101174e-04 
64.600000 1.9857562487719417e-04 
64.800000 1.9858377686081838e-04 
65.000000 1.9859184751018833e-04 
65.200000 1.9859982564573373e-04 
65.400000 1.9860770135630030e-04 
65.600000 1.9861546590235269e-04 
65.800000 1.9862311162562076e-04 
66.000000 1.9863063186483052e-04 
66.200000 1.9863802087708319e-04 
66.400000 1.9864527376457485e-04 
66.600000 1.9865238640628174e-04 
66.800000 1.9865935539431875e-04 
67.000000 1.9866617797467044e-04 
67.200000 1.9867285199199889e-04 
67.400000 1.9867937583829706e-04 
67.600000 1.9868574840511863e-04 
67.800000 1.9869196903916439e-04 
68.000000 1.9869803750101068e-04 
68.200000 1.9870395392676790e-04 
68.400000 1.9870971879249754e-04 
68.600000 1.9871533288118469e-04 
68.800000 1.9872079725212675e-04 
69.000000 1.9872611321255536e-04 
69.200000 1.9873128229136474e-04 
69.400000 1.9873630621479292e-04 
69.600000 1.9874118688394430e-04 
69.800000 1.9874592635401531e-04 
70.000000 1.9875052681511381e-04 
70.200000 1.9875499057457851e-04 
70.400000 1.9875932004067784e-04 
70.600000 1.9876351770761326e-04 
70.800000 1.9876758614172977e-04 
71.000000 1.9877152796884324e-04 
71.200000 1.9877534586263537e-04 
71.400000 1.9877904253401529e-04 
71.600000 1.9878262072139073e-04 
71.800000 1.9878608318178435e-04 
72.000000 1.9878943268275177e-04 
72.200000 1.9879267199501775e-04 
72.400000 1.9879580388579065e-04 
72.600000 1.9879883111272528e-04 
72.800000 1.9880175641846017e-04 
73.000000 1.9880458252569713e-04 
73.200000 1.9880731213279222e-04 
73.400000 1.9880994790981321e-04 
73.600000 1.9881249249502404e-04 
73.800000 1.9881494849177556e-04 
74.000000 1.9881731846576239e-04 
74.200000 1.9881960494262402e-04 
74.400000 1.9882181040585878e-04 
74.600000 1.9882393729503257e-04 
74.800000 1.9882598800424623e-04 
75.000000 1.9882796488085463e-04 
75.200000 1.9882987022441949e-04 
75.400000 1.9883170628585820e-04 
75.600000 1.9883347526677885e-04 
75.800000 1.9883517931900966e-04 
76.000000 1.9883682054426375e-04 
76.200000 1.9883840099396648e-04 
76.400000 1.9883992266919869e-04 
76.600000 1.9884138752077524e-04 
76.800000 1.9884279744942525e-04 
77.000000 1.9884415430605694e-04 
77.200000 1.9884545989214320e-04 
77.400000 1.9884671596014807e-04 
77.600000 1.9884792421404906e-04 
77.800000 1.9884908630992128e-04 
78.000000 1.9885020385656179e-04 
78.200000 1.9885127841618144e-04 
78.400000 1.9885231150512260e-04 
78.600000 1.9885330459463050e-04 
78.800000 1.9885425911165178e-04 
79.000000 1.9885517643965502e-04 
79.200000 1.9885605791947355e-04 
79.400000 1.9885690485017823e-04 
79.600000 1.9885771848995558e-04 
79.800000 1.9885850005701150e-04 
80.000000 1.9885925073045350e-04 
80.200000 1.9885997165121455e-04 
80.400000 1.9886066392296633e-04 
80.600000 1.9886132861301871e-04 
80.800000 1.9886196675324066e-04 
81.000000 1.9886257934096846e-04 
81.200000 1.9886316733989880e-04 
81.400000 1.9886373168101083e-04 
81.600000 1.9886427326341619e-04 
81.800000 1.9886479295527434e-04 
82.000000 1.9886529159464424e-04 
82.200000 1.9886576999034303e-04 
82.400000 1.9886622892279721e-04 
82.600000 1.9886666914486605e-04 
82.800000 1.9886709138266983e-04 
83.000000 1.9886749633639601e-04 
83.200000 1.9886788468106387e-04 
83.400000 1.9886825706734240e-04 
83.600000 1.9886861412227259e-04 
83.800000 1.9886895645000309e-04 
84.000000 1.9886928463257265e-04 
84.200000 1.9886959923055998e-04 
84.400000 1.9886990078379801e-04 
84.600000 1.9887018981206250e-04 
84.800000 1.9887046681572385e-04 
85.000000 1.9887073227638203e-04 
85.200000 1.9887098665752391e-04 
85.400000 1.9887123040509069e-04 
85.600000 1.9887146394812088e-04 
85.800000 1.9887168769929160e-04 
86.000000 1.9887190205549330e-04 
86.200000 1.9887210739839338e-04 
86.400000 1.9887230409494454e-04 
86.600000 1.9887249249792976e-04 
86.800000 1.9887267294642095e-04 
87.000000 1.9887284576630554e-04 
87.200000 1.9887301127074537e-04 
87.400000 1.9887316976063260e-04 
87.600000 1.9887332152502844e-04 
87.800000 1.9887346684159004e-04 
88.000000 1.9887360597702433e-04 
88.200000 1.9887373918743930e-04 
88.400000 1.9887386671876438e-04 
88.600000 1.9887398880710514e-04 
88.800000 1.9887410567915584e-04 
89.000000 1.9887421755250144e-04 
89.200000 1.9887432463597954e-04 
89.400000 1.9887442713001905e-04 
89.600000 1.9887452522692413e-04 
89.800000 1.9887461911125841e-04 
90.000000 1.9887470896005950e-04 
90.200000 1.9887479494314005e-04 
90.400000 1.9887487722344566e-04 
90.600000 1.9887495595720706e-04 
90.800000 1.9887503129428365e-04 
91.000000 1.9887510337836665e-04 
91.200000 1.9887517234723378e-04 
91.400000 1.9887523833301402e-04 
91.600000 1.9887530146234488e-04 
91.800000 1.9887536185662734e-04 
92.000000 1.9887541963224223e-04 
92.200000 1.9887547490073202e-04 
92.400000 1.9887552776899783e-04 
92.600000 1.9887557833948125e-04 
92.800000 1.9887562671034662e-04 
93.000000 1.9887567297566328e-04 
93.200000 1.9887571722554704e-04 
93.400000 1.9887575954632679e-04 
93.600000 1.9887580002071569e-04 
93.800000 1.9887583872796856e-04 
94.000000 1.9887587574396302e-04 
94.200000 1.9887591114137778e-04 
94.400000 1.9887594498984218e-04 
94.600000 1.9887597735602030e-04 
94.800000 1.9887600830377456e-04 
95.000000 1.9887603789423125e-04 
95.200000 1.9887606618594492e-04 
95.400000 1.9887609323496178e-04 
95.600000 1.9887611909493420e-04 
95.800000 1.9887614381728708e-04 
96.000000 1.9887616745118672e-04 
96.200000 1.9887619004371138e-04 
96.400000 1.9887621163996045e-04 
96.600000 1.9887623228305278e-04 
96.800000 1.9887625201432134e-04 
97.000000 1.9887627087329828e-04 
97.200000 1.9887628889780413e-04 
97.400000 1.9887630612408695e-04 
97.600000 1.9887632258674856e-04 
97.800000 1.9887633831900970e-04 
98.000000 1.9887635335258310e-04 
98.200000 1.9887636771785626e-04 
98.400000 1.9887638144389395e-04 
98.600000 1.9887639455853044e-04 
98.800000 1.9887640708835422e-04 
99.000000 1.9887641905886780e-04 
99.200000 1.9887643049440888e-04 
99.400000 1.9887644141833408e-04 
99.600000 1.9887645185291415e-04 
99.800000 1.9887646181950466e-04 
100.000000 1.9887647133855676e-04 
100.200000 1.9887648042959193e-04 
100.400000 1.9887648911131144e-04 
100.600000 1.9887649740161787e-04 
100.800000 1.9887650531761315e-04 
101.000000 1.9887651287565125e-04 
101.200000 1.9887652009141366e-04 
101.400000 1.9887652697990390e-04 
101.600000 1.9887653355544666e-04 
101.800000 1.9887653983175277e-04 
102.000000 1.9887654582194267e-04 
102.200000 1.9887655153858833e-04 
102.400000 1.9887655699367027e-04 
102.600000 1.9887656219870804e-04 
102.800000 1.9887656716467922e-04 
103.000000 1.9887657190210050e-04 
103.200000 1.9887657642102819e-04 
103.400000 1.9887658073108574e-04 
103.600000 1.9887658484148439e-04 
103.800000 1.9887658876103779e-04 
104.000000 1.9887659249817239e-04 
104.200000 1.9887659606091692e-04 
104.400000 1.9887659945701759e-04 
104.600000 1.9887660269384891e-04 
104.800000 1.9887660577845828e-04 
105.000000 1.9887660871759460e-04 
105.200000 1.9887661151770961e-04 
105.400000 1.9887661418498297e-04 
105.600000 1.9887661672536548e-04 
105.800000 1.9887661914446268e-04 
106.000000 1.9887662144770573e-04 
106.200000 1.9887662364025542e-04 
106.400000 1.9887662572707355e-04 
106.600000 1.9887662771289825e-04 
106.800000 1.9887662960227565e-04 
107.000000 1.9887663139949157e-04 
107.200000 1.9887663310872851e-04 
107.400000 1.9887663473394754e-04 
107.600000 1.9887663627893569e-04 
107.800000 1.9887663774732490e-04 
108.000000 1.9887663914258463e-04 
108.200000 1.9887664046803731e-04 
108.400000 1.9887664172684501e-04 
108.600000 1.9887664292208188e-04 
108.800000 1.9887664405662255e-04 
109.000000 1.9887664513323536e-04 
109.200000 1.9887664615463510e-04 
109.400000 1.9887664712331550e-04 
109.600000 1.9887664804171628e-04 
109.800000 1.9887664891218349e-04 
110.000000 1.9887664973690790e-04 
110.200000 1.9887665051805575e-04 
110.400000 1.9887665125762247e-04 
110.600000 1.9887665195758328e-04 
110.800000 1.9887665261980958e-04 
111.000000 1.9887665324602204e-04 
111.200000 1.9887665383798897e-04 
111.400000 1.9887665439728212e-04 
111.600000 1.9887665492548465e-04 
111.800000 1.9887665542407592e-04 
112.000000 1.9887665589450376e-04 
112.200000 1.9887665633805876e-04 
112.400000 1.9887665675612657e-04 
112.600000 1.9887665714986665e-04 
112.800000 1.9887665752051621e-04 
113.000000 1.9887665786916852e-04 
113.200000 1.9887665819697702e-04 
113.400000 1.9887665850487041e-04 
113.600000 1.9887665879393578e-04 
113.800000 1.9887665906504355e-04 
114.000000 1.9887665931915338e-04 
114.200000 1.9887665955708146e-04 
114.400000 1.9887665977965123e-04 
114.600000 1.9887665998767249e-04 
114.800000 1.9887666018189002e-04 
115.000000 1.9887666036302323e-04 
115.200000 1.9887666053172511e-04 
115.400000 1.9887666068866503e-04 
115.600000 1.9887666083448209e-04 
115.800000 1.9887666096974282e-04 
116.000000 1.9887666109502235e-04 
116.200000 1.9887666121086938e-04 
116.400000 1.9887666131777171e-04 
116.600000 1.9887666141627143e-04 
116.800000 1.9887666150677523e-04 
117.000000 1.9887666158977088e-04 
117.200000 1.9887666166565221e-04 
117.400000 1.9887666173483724e-04 
117.600000 1.9887666179772088e-04 
117.800000 1.9887666185466836e-04 
118.000000 1.9887666190600558e-04 
118.200000 1.9887666195208417e-04 
118.400000 1.9887666199321912e-04 
118.600000 1.9887666202971304e-04 
118.800000 1.9887666206183251e-04 
119.000000 1.9887666208988624e-04 
119.200000 1.9887666211409113e-04 
119.400000 1.9887666213471802e-04 
119.600000 1.9887666215201099e-04 
119.800000 1.9887666216615989e-04 
120.000000 1.9887666217738141e-04 
120.200000 1.9887666218589237e-04 
120.400000 1.9887666219188261e-04 
120.600000 1.9887666219551466e-04 
120.800000 1.9887666219695123e-04 
121.000000 1.9887666219638200e-04 
121.200000 1.9887666219394254e-04 
121.400000 1.9887666218977265e-04 
121.600000 1.9887666218400561e-04 
121.800000 1.9887666217681217e-04 
122.000000 1.9887666216824779e-04 
122.200000 1.9887666215848916e-04 
122.400000 1.9887666214759488e-04 
122.600000 1.9887666213570140e-04 
122.800000 1.9887666212290025e-04 
123.000000 1.9887666210926635e-04 
123.200000 1.9887666209490067e-04 
123.400000 1.9887666207988450e-04 
123.600000 1.9887666206427199e-04 
123.800000 1.9887666204815671e-04 
124.000000 1.9887666203158934e-04 
124.200000 1.9887666201465787e-04 
124.400000 1.9887666199740382e-04 
124.600000 1.9887666197986688e-04 
124.800000 1.9887666196212960e-04 
125.000000 1.9887666194422153e-04 
125.200000 1.9887666192619879e-04 
125.400000 1.9887666190806561e-04 
125.600000 1.9887666188990862e-04 
125.800000 1.9887666187174479e-04 
126.000000 1.9887666185361151e-04 
126.200000 1.9887666183553243e-04 
126.400000 1.9887666181753468e-04 
126.600000 1.9887666179964534e-04 
126.800000 1.9887666178191441e-04 
127.000000 1.9887666176430707e-04 
127.200000 1.9887666174689891e-04 
127.400000 1.9887666172968720e-04 
127.600000 1.9887666171269233e-04 
127.800000 1.9887666169591430e-04 
128.000000 1.9887666167938125e-04 
128.200000 1.9887666166311458e-04 
128.400000 1.9887666164708560e-04 
128.600000 1.9887666163135006e-04 
128.800000 1.9887666161588996e-04 
129.000000 1.9887666160071544e-04 
129.200000 1.9887666158584067e-04 
129.400000 1.9887666157125818e-04 
129.600000 1.9887666155700090e-04 
129.800000 1.9887666154304177e-04 
130.000000 1.9887666152939659e-04 
130.200000 1.9887666151607226e-04 
130.400000 1.9887666150303479e-04 
130.600000 1.9887666149034873e-04 
130.800000 1.9887666147795616e-04 
131.000000 1.9887666146587373e-04 
131.200000 1.9887666145412334e-04 
131.400000 1.9887666144267178e-04 
131.600000 1.9887666143153168e-04 
131.800000 1.9887666142071625e-04 
132.000000 1.9887666141017287e-04 
132.200000 1.9887666139996476e-04 
132.400000 1.9887666139003376e-04 
132.600000 1.9887666138041141e-04 
132.800000 1.9887666137106022e-04 
133.000000 1.9887666136202020e-04 
133.200000 1.9887666135325220e-04 
133.400000 1.9887666134476829e-04 
133.600000 1.9887666133652838e-04 
133.800000 1.9887666132858154e-04 
134.000000 1.9887666132088874e-04 
134.200000 1.9887666131346198e-04 
134.400000 1.9887666130627917e-04 
134.600000 1.9887666129934727e-04 
134.800000 1.9887666129265200e-04 
135.000000 1.9887666128619739e-04 
135.200000 1.9887666127998700e-04 
135.400000 1.9887666127397000e-04 
135.600000 1.9887666126819654e-04 
135.800000 1.9887666126263225e-04 
136.000000 1.9887666125727500e-04 
136.200000 1.9887666125212341e-04 
136.400000 1.9887666124717134e-04 
136.600000 1.9887666124240497e-04 
136.800000 1.9887666123782441e-04 
137.000000 1.9887666123342157e-04 
137.200000 1.9887666122921947e-04 
137.400000 1.9887666122518082e-04 
137.600000 1.9887666122129290e-04 
137.800000 1.9887666121757615e-04 
138.000000 1.9887666121401349e-04 
138.200000 1.9887666121060025e-04 
138.400000 1.9887666120732960e-04 
138.600000 1.9887666120422653e-04 
138.800000 1.9887666120121993e-04 
139.000000 1.9887666119837392e-04 
139.200000 1.9887666119564396e-04 
139.400000 1.9887666119304062e-04 
139.600000 1.9887666119056769e-04 
139.800000 1.9887666118818250e-04 
140.000000 1.9887666118593270e-04 
140.200000 1.9887666118376430e-04 
140.400000 1.9887666118172353e-04 
140.600000 1.9887666117977986e-04 
140.800000 1.9887666117791367e-04 
141.000000 1.9887666117614783e-04 
141.200000 1.9887666117446862e-04 
141.400000 1.9887666117288655e-04 
141.600000 1.9887666117137726e-04 
141.800000 1.9887666116994069e-04 
142.000000 1.9887666116858485e-04 
142.200000 1.9887666116728464e-04 
142.400000 1.9887666116607557e-04 
142.600000 1.9887666116492629e-04 
142.800000 1.9887666116384208e-04 
143.000000 1.9887666116281196e-04 
143.200000 1.9887666116183013e-04 
143.400000 1.9887666116090674e-04 
143.600000 1.9887666116003640e-04 
143.800000 1.9887666115920929e-04 
144.000000 1.9887666115844821e-04 
144.200000 1.9887666115772461e-04 
144.400000 1.9887666115703872e-04 
144.600000 1.9887666115638833e-04 
144.800000 1.9887666115579188e-04 
145.000000 1.9887666115522273e-04 
145.200000 1.9887666115470763e-04 
145.400000 1.9887666115421979e-04 
145.600000 1.9887666115375345e-04 
145.800000 1.9887666115330109e-04 
146.000000 1.9887666115289164e-04 
146.200000 1.9887666115251220e-04 
146.400000 1.9887666115216149e-04 
146.600000 1.9887666115185016e-04 
146.800000 1.9887666115154428e-04 
147.000000 1.9887666115126534e-04 
147.200000 1.9887666115099432e-04 
147.400000 1.9887666115075037e-04 
147.600000 1.9887666115053350e-04 
147.800000 1.9887666115034377e-04 
148.000000 1.9887666115015403e-04 
148.200000 1.9887666114999140e-04 
148.400000 1.9887666114982893e-04 
148.600000 1.9887666114969325e-04 
148.800000 1.9887666114955772e-04 
149.000000 1.9887666114944786e-04 
149.200000 1.9887666114933242e-04 
149.400000 1.9887666114923246e-04 
149.600000 1.9887666114915112e-04 
149.800000 1.9887666114906986e-04 
