0.000000 -6.3729793350291233e-04 
0.250000 -6.3729793350291233e-04 
0.500000 -6.3729793350291233e-04 
0.750000 -6.3729793350291233e-04 
1.000000 -6.3729793350291233e-04 
1.250000 -6.3729793350291233e-04 
1.500000 -6.3729793350291233e-04 
1.750000 -6.3729793350291233e-04 
2.000000 -6.3729793350291233e-04 
2.250000 -6.3729793350291233e-04 
2.500000 -6.3729793350291233e-04 
2.750000 -6.3729793350291233e-04 
3.000000 -6.3729793350291233e-04 
3.250000 -6.3729793350291233e-04 
3.500000 -6.3729793350291233e-04 
3.750000 -6.3729793350291233e-04 
4.000000 -6.3729793350291233e-04 
4.250000 -6.3729793350291233e-04 
4.500000 -6.3729793350291233e-04 
4.750000 -6.3729793350291233e-04 
5.000000 -6.3729793350291233e-04 
5.250000 -6.3729793350291233e-04 
5.500000 -6.3729793350291233e-04 
5.750000 -6.3729793350291233e-04 
6.000000 -6.3729793350291233e-04 
6.250000 -6.3729793350291233e-04 
6.500000 -6.3729793350291233e-04 
6.750000 -6.3729793350291233e-04 
7.000000 -6.3729793350291233e-04 
7.250000 -6.3729793350291233e-04 
7.500000 -6.3729793350291233e-04 
7.750000 -6.3729793350291233e-04 
8.000000 -6.3729793350291233e-04 
8.250000 -6.3729793350291233e-04 
8.500000 -6.3729793350291233e-04 
8.750000 -6.3729793350291233e-04 
9.000000 -6.3729793350291233e-04 
9.250000 -6.3729793350291233e-04 
9.500000 -6.3729793350291233e-04 
9.750000 -6.3729793350291233e-04 
10.000000 -6.3729793350291233e-04 
10.250000 -6.3729793350291233e-04 
10.500000 -6.3729793350291233e-04 
10.750000 -6.3729793350291233e-04 
11.000000 -6.3729793350291233e-04 
11.250000 -6.3729793350291233e-04 
11.500000 -6.3729793350291233e-04 
11.750000 -6.3729793350291233e-04 
12.000000 -6.3729793350291233e-04 
12.250000 -6.3729793350291233e-04 
12.500000 -6.3729793350291233e-04 
12.750000 -6.3729793350291233e-04 
13.000000 -6.3729793350291233e-04 
13.250000 -6.3729793350291233e-04 
13.500000 -6.3729793350291233e-04 
13.750000 -6.3729793350291233e-04 
14.000000 -6.3729793350291233e-04 
14.250000 -6.3729793350291233e-04 
14.500000 -6.3729793350291233e-04 
14.750000 -6.3729793350291233e-04 
15.000000 -6.3729793350291233e-04 
15.250000 -6.3729793350291233e-04 
15.500000 -6.3729793350291233e-04 
15.750000 -6.3729793350291233e-04 
16.000000 -6.3729793350291233e-04 
16.250000 -6.3729793350291233e-04 
16.500000 -6.3729793350291233e-04 
16.750000 -6.3729793350291233e-04 
17.000000 -6.3729793350291233e-04 
17.250000 -6.3729793350291233e-04 
17.500000 -6.3729793350291233e-04 
17.750000 -6.3729793350291233e-04 
18.000000 -6.3729793350291233e-04 
18.250000 -6.3729793350291233e-04 
18.500000 -6.3729793350291233e-04 
18.750000 -6.3729793350291233e-04 
19.000000 -6.3729793350291233e-04 
19.250000 -6.3729793350291233e-04 
19.500000 -6.3729793350291233e-04 
19.750000 -6.3729793350291233e-04 
20.000000 -6.3729793350291233e-04 
20.250000 -6.3729793350291233e-04 
20.500000 -6.3729793350291233e-04 
20.750000 -6.3729793350291233e-04 
21.000000 -6.3729793350291233e-04 
21.250000 -6.3729793350291233e-04 
21.500000 -6.3729793350291233e-04 
21.750000 -6.3729793350291233e-04 
22.000000 -6.3729793350291233e-04 
22.250000 -6.3729793350291233e-04 
22.500000 -6.3729793350291233e-04 
22.750000 -6.3729793350291233e-04 
23.000000 -6.3729793350291233e-04 
23.250000 -6.3729793350291233e-04 
23.500000 -6.3729793350291233e-04 
23.750000 -6.3729793350291233e-04 
24.000000 -6.3729793350291233e-04 
24.250000 -6.3729793350291233e-04 
24.500000 -6.3729793350291233e-04 
24.750000 -6.3729793350291233e-04 
25.000000 -6.3729793350291233e-04 
25.250000 -6.3729793350291233e-04 
25.500000 -6.3729793350291233e-04 
25.750000 -6.3729793350291233e-04 
26.000000 -6.3729793350291233e-04 
26.250000 -6.3729793350291233e-04 
26.500000 -6.3729793350291233e-04 
26.750000 -6.3729793350291233e-04 
27.000000 -6.3729793350291233e-04 
27.250000 -6.3729793350291233e-04 
27.500000 -6.3729793350291233e-04 
27.750000 -6.3729793350291233e-04 
28.000000 -6.3729793350291233e-04 
28.250000 -6.3729793350291233e-04 
28.500000 -6.3729793350291233e-04 
28.750000 -6.3729793350291233e-04 
29.000000 -6.3729793350291233e-04 
29.250000 -6.3729793350291233e-04 
29.500000 -6.3729793350291233e-04 
29.750000 -6.3729793350291233e-04 
30.000000 -6.3729793350291233e-04 
30.250000 -6.3729793350291233e-04 
30.500000 -6.3729793350291233e-04 
30.750000 -6.3729793350291233e-04 
31.000000 -6.3729793350291233e-04 
31.250000 -6.3729793350291233e-04 
31.500000 -6.3729793350291233e-04 
31.750000 -6.3729793350291233e-04 
32.000000 -6.3729793350291233e-04 
32.250000 -6.3729793350291233e-04 
32.500000 -6.3729793350291233e-04 
32.750000 -6.3729793350291233e-04 
33.000000 -6.3729793350291233e-04 
33.250000 -6.3729793350291233e-04 
33.500000 -6.3729793350291233e-04 
33.750000 -6.3729793350291233e-04 
34.000000 -6.3729793350291233e-04 
34.250000 -6.3729793350291233e-04 
34.500000 -6.3729793350291233e-04 
34.750000 -6.3729793350291233e-04 
35.000000 -6.3729793350291233e-04 
35.250000 -6.3729793350291233e-04 
35.500000 -6.3729793350291233e-04 
35.750000 -6.3729793350291233e-04 
36.000000 -6.3729793350291233e-04 
36.250000 -6.3729793350291233e-04 
36.500000 -6.3729793350291233e-04 
36.750000 -6.3729793350291233e-04 
37.000000 -6.3729793350291233e-04 
37.250000 -6.3729793350291233e-04 
37.500000 -6.3729793350291233e-04 
37.750000 -6.3729793350291233e-04 
38.000000 -6.3729793350291233e-04 
38.250000 -6.3729793350291233e-04 
38.500000 -6.3729793350291233e-04 
38.750000 -6.3729793350291233e-04 
39.000000 -6.3729793350291233e-04 
39.250000 -6.3729793350291233e-04 
39.500000 -6.3729793350291233e-04 
39.750000 -6.3729793350291233e-04 
40.000000 -6.3729793350291233e-04 
40.250000 -6.3729793350291233e-04 
40.500000 -6.3729793350291233e-04 
40.750000 -6.3729793350291233e-04 
41.000000 -6.3729793350291233e-04 
41.250000 -6.3729793350291233e-04 
41.500000 -6.3729793350291233e-04 
41.750000 -6.3729793350291233e-04 
42.000000 -6.3729793350291233e-04 
42.250000 -6.3729793350291233e-04 
42.500000 -6.3729793350291233e-04 
42.750000 -6.3729793350291233e-04 
43.000000 -6.3729793350291233e-04 
43.250000 -6.3729793350291233e-04 
43.500000 -6.3729793350291233e-04 
43.750000 -6.3729793350291233e-04 
44.000000 -6.3729793350291233e-04 
44.250000 -6.3729793350291233e-04 
44.500000 -6.3729793350291233e-04 
44.750000 -6.3729793350291233e-04 
45.000000 -6.3729793350291233e-04 
45.250000 -6.3729793350291233e-04 
45.500000 -6.3729793350291233e-04 
45.750000 -6.3729793350291233e-04 
46.000000 -6.3729793350291233e-04 
46.250000 -6.3729793350291233e-04 
46.500000 -6.3729793350291233e-04 
46.750000 -6.3729793350291233e-04 
47.000000 -6.3729793350291233e-04 
47.250000 -6.3729793350291233e-04 
47.500000 -6.3729793350291233e-04 
47.750000 -6.3729793350291233e-04 
48.000000 -6.3729793350291233e-04 
48.250000 -6.3729793350291233e-04 
48.500000 -6.3729793350291233e-04 
48.750000 -6.3729793350291233e-04 
49.000000 -6.3729793350291233e-04 
49.250000 -6.3729793350291233e-04 
49.500000 -6.3729793350291233e-04 
49.750000 -6.3729793350291233e-04 
50.000000 -6.3729793350291233e-04 
50.250000 -6.3729793350291233e-04 
50.500000 -6.3729793350291233e-04 
50.750000 -6.3729793350291233e-04 
51.000000 -6.3729793350291233e-04 
51.250000 -6.3729793350291233e-04 
51.500000 -6.3729793350291233e-04 
51.750000 -6.3729793350291233e-04 
52.000000 -6.3729793350291233e-04 
52.250000 -6.3729793350291233e-04 
52.500000 -6.3729793350291233e-04 
52.750000 -6.3729793350291233e-04 
53.000000 -6.3729793350291233e-04 
53.250000 -6.3729793350291233e-04 
53.500000 -6.3729793350291233e-04 
53.750000 -6.3729793350291233e-04 
54.000000 -6.3729793350291233e-04 
54.250000 -6.3729793350291233e-04 
54.500000 -6.3729793350291233e-04 
54.750000 -6.3729793350291233e-04 
55.000000 -6.3729793350291233e-04 
55.250000 -6.3729793350291233e-04 
55.500000 -6.3729793350291233e-04 
55.750000 -6.3729793350291233e-04 
56.000000 -6.3729793350291233e-04 
56.250000 -6.3729793350291233e-04 
56.500000 -6.3729793350291233e-04 
56.750000 -6.3729793350291233e-04 
57.000000 -6.3729793350291233e-04 
57.250000 -6.3729793350291233e-04 
57.500000 -6.3729793350291320e-04 
57.750000 -6.3729793350291320e-04 
58.000000 -6.3729793350291320e-04 
58.250000 -6.3729793350291320e-04 
58.500000 -6.3729793350291320e-04 
58.750000 -6.3729793350291407e-04 
59.000000 -6.3729793350291407e-04 
59.250000 -6.3729793350291494e-04 
59.500000 -6.3729793350291494e-04 
59.750000 -6.3729793350291580e-04 
60.000000 -6.3729793350291667e-04 
60.250000 -6.3729793350291754e-04 
60.500000 -6.3729793350291841e-04 
60.750000 -6.3729793350292014e-04 
61.000000 -6.3729793350292187e-04 
61.250000 -6.3729793350292448e-04 
61.500000 -6.3729793350292708e-04 
61.750000 -6.3729793350292881e-04 
62.000000 -6.3729793350293228e-04 
62.250000 -6.3729793350293835e-04 
62.500000 -6.3729793350294529e-04 
62.750000 -6.3729793350295397e-04 
63.000000 -6.3729793350296351e-04 
63.250000 -6.3729793350297825e-04 
63.500000 -6.3729793350299734e-04 
63.750000 -6.3729793350302075e-04 
64.000000 -6.3729793350305285e-04 
64.250000 -6.3729793350309968e-04 
64.500000 -6.3729793350315866e-04 
64.750000 -6.3729793350324106e-04 
65.000000 -6.3729793350335469e-04 
65.250000 -6.3729793350351081e-04 
65.500000 -6.3729793350372939e-04 
65.750000 -6.3729793350403210e-04 
66.000000 -6.3729793350445190e-04 
66.250000 -6.3729793350502870e-04 
66.500000 -6.3729793350582233e-04 
66.750000 -6.3729793350691087e-04 
67.000000 -6.3729793350839493e-04 
67.250000 -6.3729793351040634e-04 
67.500000 -6.3729793351310557e-04 
67.750000 -6.3729793351670339e-04 
68.000000 -6.3729793352145393e-04 
68.250000 -6.3729793352767204e-04 
68.500000 -6.3729793353574718e-04 
68.750000 -6.3729793354614945e-04 
69.000000 -6.3729793355944957e-04 
69.250000 -6.3729793357633797e-04 
69.500000 -6.3729793359763257e-04 
69.750000 -6.3729793362429787e-04 
70.000000 -6.3729793365745191e-04 
70.250000 -6.3729793369840613e-04 
70.500000 -6.3729793374864546e-04 
70.750000 -6.3729793380990201e-04 
71.000000 -6.3729793388415858e-04 
71.250000 -6.3729793397371629e-04 
71.500000 -6.3729793408125440e-04 
71.750000 -6.3729793420991190e-04 
72.000000 -6.3729793436339589e-04 
72.250000 -6.3729793454611779e-04 
72.500000 -6.3729793476334940e-04 
72.750000 -6.3729793502145891e-04 
73.000000 -6.3729793532816149e-04 
73.250000 -6.3729793569284807e-04 
73.500000 -6.3729793612700685e-04 
73.750000 -6.3729793664474201e-04 
74.000000 -6.3729793726344762e-04 
74.250000 -6.3729793800468022e-04 
74.500000 -6.3729793889534536e-04 
74.750000 -6.3729793996931960e-04 
75.000000 -6.3729794126973858e-04 
75.250000 -6.3729794285220624e-04 
75.500000 -6.3729794478925225e-04 
75.750000 -6.3729794717649457e-04 
76.000000 -6.3729795014106499e-04 
76.250000 -6.3729795385305318e-04 
76.500000 -6.3729795854099332e-04 
76.750000 -6.3729796451259500e-04 
77.000000 -6.3729797218249184e-04 
77.250000 -6.3729798211035939e-04 
77.500000 -6.3729799505798067e-04 
77.750000 -6.3729801208496813e-04 
78.000000 -6.3729803471907192e-04 
78.250000 -6.3729806525157813e-04 
78.500000 -6.3729810721949599e-04 
78.750000 -6.3729816615332256e-04 
79.000000 -6.3729825069434344e-04 
79.250000 -6.3729837419961369e-04 
79.500000 -6.3729855693128203e-04 
79.750000 -6.3729882886166128e-04 
80.000000 -6.3729923306100195e-04 
80.250000 -6.3729982967365879e-04 
80.500000 -6.3730070068485512e-04 
80.750000 -6.3730195594535657e-04 
81.000000 -6.3730374115645791e-04 
81.250000 -6.3730624874215082e-04 
81.500000 -6.3730973246188885e-04 
81.750000 -6.3731452554029611e-04 
82.000000 -6.3732105983966940e-04 
82.250000 -6.3732988065319518e-04 
82.500000 -6.3734164843212357e-04 
82.750000 -6.3735711707300392e-04 
83.000000 -6.3737708319886160e-04 
83.250000 -6.3740231411339027e-04 
83.500000 -6.3743347593908564e-04 
83.750000 -6.3747108640493759e-04 
84.000000 -6.3751550628248724e-04 
84.250000 -6.3756696805739813e-04 
84.500000 -6.3760349784685796e-04 
84.750000 -6.3766286805226266e-04 
85.000000 -6.3772778110856383e-04 
85.250000 -6.3779794874208127e-04 
85.500000 -6.3787306720824207e-04 
85.750000 -6.3795280186820769e-04 
86.000000 -6.3803674293048788e-04 
86.250000 -6.3812432739652526e-04 
86.500000 -6.3821472201281196e-04 
86.750000 -6.3830666232099454e-04 
87.000000 -6.3839824450599193e-04 
87.250000 -6.3848666911978666e-04 
87.500000 -6.3856793669704918e-04 
87.750000 -6.3863649338557387e-04 
88.000000 -6.3868481867640145e-04 
88.250000 -6.3870293139580857e-04 
88.500000 -6.3867775483220730e-04 
88.750000 -6.3859221666584629e-04 
89.000000 -6.3842385091851962e-04 
89.250000 -6.3814250440351957e-04 
89.500000 -6.3770653606459564e-04 
89.750000 -6.3705669987485143e-04 
90.000000 -6.3610685585079290e-04 
90.250000 -6.3473081479755811e-04 
90.500000 -6.3274464644831336e-04 
90.750000 -6.2986087694164451e-04 
91.000000 -6.2573430763710565e-04 
91.250000 -6.1980438575630987e-04 
91.500000 -6.1128584717854209e-04 
91.750000 -5.9903543602337348e-04 
92.000000 -5.8137265239654057e-04 
92.250000 -5.5580159162935030e-04 
92.500000 -5.1855438058455233e-04 
92.750000 -4.6381434719238102e-04 
93.000000 -3.8240374806743880e-04 
93.250000 -2.5966706318923487e-04 
93.500000 -7.2339370545140293e-05 
93.750000 2.1550132594223576e-04 
94.000000 6.5659418083778608e-04 
94.250000 1.3226848186268930e-03 
94.500000 2.3012191654175314e-03 
94.750000 3.6838142829554079e-03 
95.000000 5.5500034538842049e-03 
95.250000 7.9602536105149793e-03 
95.500000 1.0973024997250114e-02 
95.750000 1.4679313138082017e-02 
96.000000 1.9239058539321258e-02 
96.250000 2.4934718479317206e-02 
96.500000 3.2268467546601787e-02 
96.750000 4.2085331079407470e-02 
97.000000 5.5651509712022942e-02 
97.250000 7.4586470600612090e-02 
97.500000 1.0054446772402867e-01 
97.750000 1.3461435400485933e-01 
98.000000 1.7658922189473569e-01 
98.250000 2.2444470562617147e-01 
98.500000 2.7437307119981175e-01 
98.750000 3.2147159375344048e-01 
99.000000 3.6083098197432839e-01 
99.250000 3.8858833161633821e-01 
99.500000 4.0261302200454685e-01 
99.750000 4.0273438994755895e-01 
100.000000 3.9058538324711334e-01 
100.250000 3.6916486558567829e-01 
100.500000 3.4219893444951410e-01 
100.750000 3.1340009639278810e-01 
101.000000 2.8578074811147469e-01 
101.250000 2.6120085527508485e-01 
101.500000 2.4026592552978732e-01 
101.750000 2.2256525792832726e-01 
102.000000 2.0712432597433206e-01 
102.250000 1.9289407144787596e-01 
102.500000 1.7912246990136871e-01 
102.750000 1.6552425610092403e-01 
103.000000 1.5224712240664884e-01 
103.250000 1.3969702326083233e-01 
103.500000 1.2831488156485660e-01 
103.750000 1.1839046807735687e-01 
104.000000 1.0996688263820187e-01 
104.250000 1.0284703814977303e-01 
104.500000 9.6677353748464201e-02 
104.750000 9.1063901505080924e-02 
105.000000 8.5675687489382035e-02 
105.250000 8.0304680970459508e-02 
105.500000 7.4874076219264563e-02 
105.750000 6.9405789640482496e-02 
106.000000 6.3969019007140249e-02 
106.250000 5.8632181512064063e-02 
106.500000 5.3433198821938532e-02 
106.750000 4.8372537639481683e-02 
107.000000 4.3424189103078215e-02 
107.250000 3.8554778741605178e-02 
107.500000 3.3740904263277027e-02 
107.750000 2.8978342446300376e-02 
108.000000 2.4281678317066513e-02 
108.250000 1.9676988763500658e-02 
108.500000 1.5192146307046350e-02 
108.750000 1.0848955952587946e-02 
109.000000 6.6594767372014640e-03 
109.250000 2.6266525061175994e-03 
109.500000 -1.2522575012843262e-03 
109.750000 -4.9815449998638073e-03 
110.000000 -8.5639358251459186e-03 
110.250000 -1.1999298616090615e-02 
110.500000 -1.5285050516957499e-02 
110.750000 -1.8417534616117504e-02 
111.000000 -2.1393511961254719e-02 
111.250000 -2.4211150538976600e-02 
111.500000 -2.6870295367639185e-02 
111.750000 -2.9372159807596665e-02 
112.000000 -3.1718762591441019e-02 
112.250000 -3.3912428972291853e-02 
112.500000 -3.5955540862424362e-02 
112.750000 -3.7850554470918452e-02 
113.000000 -3.9600182698725339e-02 
113.250000 -4.1207598767316167e-02 
113.500000 -4.2676549287674392e-02 
113.750000 -4.4011334046383022e-02 
114.000000 -4.5216676448448401e-02 
114.250000 -4.6297546786054466e-02 
114.500000 -4.7259003727520454e-02 
114.750000 -4.8106096007416776e-02 
115.000000 -4.8843832130859965e-02 
115.250000 -4.9477197189481070e-02 
115.500000 -5.0011182835129397e-02 
115.750000 -5.0450800393879613e-02 
116.000000 -5.0801062274653086e-02 
116.250000 -5.1066934552562504e-02 
116.500000 -5.1253276175481477e-02 
116.750000 -5.1364783660923785e-02 
117.000000 -5.1405955099393608e-02 
117.250000 -5.1381077879175563e-02 
117.500000 -5.1294235752362360e-02 
117.750000 -5.1149326068347323e-02 
118.000000 -5.0950077981228858e-02 
118.250000 -5.0700065753200074e-02 
118.500000 -5.0402715553575894e-02 
118.750000 -5.0061307400871224e-02 
119.000000 -4.9678975225365907e-02 
119.250000 -4.9258707650688183e-02 
119.500000 -4.8803350818011348e-02 
119.750000 -4.8315613263163137e-02 
120.000000 -4.7798072047592344e-02 
120.250000 -4.7253179170317128e-02 
120.500000 -4.6683267577722232e-02 
120.750000 -4.6090556543089467e-02 
121.000000 -4.5477156553398679e-02 
121.250000 -4.4845073983064920e-02 
121.500000 -4.4196215761157953e-02 
121.750000 -4.3532394050172174e-02 
122.000000 -4.2855330783611034e-02 
122.250000 -4.2166661845855713e-02 
122.500000 -4.1467940740901321e-02 
122.750000 -4.0760641737978776e-02 
123.000000 -4.0046162623677106e-02 
123.250000 -3.9325827268009261e-02 
123.500000 -3.8600888198717431e-02 
123.750000 -3.7872529292570567e-02 
124.000000 -3.7141868580712889e-02 
124.250000 -3.6409961076400155e-02 
124.500000 -3.5677801499185313e-02 
124.750000 -3.4946326793828530e-02 
125.000000 -3.4216418403918203e-02 
125.250000 -3.3488904329602665e-02 
125.500000 -3.2764561045562357e-02 
125.750000 -3.2044115367266313e-02 
126.000000 -3.1328246330776521e-02 
126.250000 -3.0617587109676492e-02 
126.500000 -2.9912726951940583e-02 
126.750000 -2.9214213093688768e-02 
127.000000 -2.8522552603968465e-02 
127.250000 -2.7838214129256189e-02 
127.500000 -2.7161629530613629e-02 
127.750000 -2.6493195427589433e-02 
128.000000 -2.5833274674933571e-02 
128.250000 -2.5182197798061634e-02 
128.500000 -2.4540264404166123e-02 
128.750000 -2.3907744573615886e-02 
129.000000 -2.3284880226124349e-02 
129.250000 -2.2671886451189394e-02 
129.500000 -2.2068952793200924e-02 
129.750000 -2.1476244486062113e-02 
130.000000 -2.0893903638080358e-02 
130.250000 -2.0322050371790856e-02 
130.500000 -1.9760783925386161e-02 
130.750000 -1.9210183721326324e-02 
131.000000 -1.8670310405444507e-02 
131.250000 -1.8141206857393538e-02 
131.500000 -1.7622899171091971e-02 
131.750000 -1.7115397603560151e-02 
132.000000 -1.6618697490760614e-02 
132.250000 -1.6132780130174912e-02 
132.500000 -1.5657613630773087e-02 
132.750000 -1.5193153732005554e-02 
133.000000 -1.4739344593162174e-02 
133.250000 -1.4296119554600695e-02 
133.500000 -1.3863401871473946e-02 
133.750000 -1.3441105420383265e-02 
134.000000 -1.3029135378969797e-02 
134.250000 -1.2627388878577839e-02 
134.500000 -1.2235755630204875e-02 
134.750000 -1.1854118524205204e-02 
135.000000 -1.1482354204330358e-02 
135.250000 -1.1120333616953332e-02 
135.500000 -1.0767922536002950e-02 
135.750000 -1.0424982064374144e-02 
136.000000 -1.0091369112235266e-02 
136.250000 -9.7669368528598977e-03 
136.500000 -9.4515351563559391e-03 
136.750000 -9.1450110019524189e-03 
137.000000 -8.8472088693748174e-03 
137.250000 -8.5579711099950523e-03 
137.500000 -8.2771382984265229e-03 
137.750000 -8.0045495650898080e-03 
138.000000 -7.7400429105796004e-03 
138.250000 -7.4834555022173094e-03 
138.500000 -7.2346239535313606e-03 
138.750000 -6.9933845871637257e-03 
139.000000 -6.7595736818214097e-03 
139.250000 -6.5330277038169599e-03 
139.500000 -6.3135835239314930e-03 
139.750000 -6.1010786200312167e-03 
140.000000 -5.8953512661121948e-03 
140.250000 -5.6962407083807481e-03 
140.500000 -5.5035873288208081e-03 
140.750000 -5.3172327968956240e-03 
141.000000 -5.1370202097296980e-03 
141.250000 -4.9627942215461213e-03 
141.500000 -4.7944011625312699e-03 
141.750000 -4.6316891479343120e-03 
142.000000 -4.4745081776248058e-03 
142.250000 -4.3227102267146544e-03 
142.500000 -4.1761493276693817e-03 
142.750000 -4.0346816442885652e-03 
143.000000 -3.8981655380299768e-03 
143.250000 -3.7664616270459139e-03 
143.500000 -3.6394328382954727e-03 
143.750000 -3.5169444531524124e-03 
144.000000 -3.3988641468149228e-03 
144.250000 -3.2850620219193674e-03 
144.500000 -3.1754106365709731e-03 
144.750000 -3.0697850272719540e-03 
145.000000 -2.9680627268979659e-03 
145.250000 -2.8701237780926203e-03 
145.500000 -2.7758507423244830e-03 
145.750000 -2.6851287048981348e-03 
146.000000 -2.5978452761083737e-03 
146.250000 -2.5138905888482596e-03 
146.500000 -2.4331572928336168e-03 
146.750000 -2.3555405457256484e-03 
147.000000 -2.2809380012631802e-03 
147.250000 -2.2092497947516290e-03 
147.500000 -2.1403785259044364e-03 
147.750000 -2.0742292393636924e-03 
148.000000 -2.0107094030347994e-03 
148.250000 -1.9497288843688815e-03 
148.500000 -1.8911999247049546e-03 
148.750000 -1.8350371119896652e-03 
149.000000 -1.7811573517371379e-03 
149.250000 -1.7294798366944211e-03 
149.500000 -1.6799260150065567e-03 
149.750000 -1.6324195573043931e-03 
150.000000 -1.5868863225594818e-03 
150.250000 -1.5432543230310472e-03 
150.500000 -1.5014536883007149e-03 
150.750000 -1.4614166284825855e-03 
151.000000 -1.4230773968008023e-03 
151.250000 -1.3863722515105870e-03 
151.500000 -1.3512394173034042e-03 
151.750000 -1.3176190463533022e-03 
152.000000 -1.2854531788915047e-03 
152.250000 -1.2546857036205283e-03 
152.500000 -1.2252623178270125e-03 
152.750000 -1.1971304874391631e-03 
153.000000 -1.1702394069132011e-03 
153.250000 -1.1445399592159011e-03 
153.500000 -1.1199846757872778e-03 
153.750000 -1.0965276966329110e-03 
154.000000 -1.0741247305139229e-03 
154.250000 -1.0527330154728384e-03 
154.500000 -1.0323112794631342e-03 
154.750000 -1.0128197013668655e-03 
155.000000 -9.9421987230901426e-04 
155.250000 -9.7647475738461831e-04 
155.500000 -9.5954865771039760e-04 
155.750000 -9.4340717306115596e-04 
156.000000 -9.2801716483329605e-04 
156.250000 -9.1334671957880864e-04 
156.500000 -8.9936511309575418e-04 
156.750000 -8.8604277501268258e-04 
157.000000 -8.7335125394035623e-04 
157.250000 -8.6126318328162699e-04 
157.500000 -8.4975224757086187e-04 
157.750000 -8.3879314951601502e-04 
158.000000 -8.2836157755054873e-04 
158.250000 -8.1843417420957021e-04 
158.500000 -8.0898850496730762e-04 
158.750000 -8.0000302791045225e-04 
159.000000 -7.9145706393739246e-04 
159.250000 -7.8333076776398308e-04 
159.500000 -7.7560509947344897e-04 
159.750000 -7.6826179684574836e-04 
160.000000 -7.6128334833609063e-04 
160.250000 -7.5465296667573400e-04 
160.500000 -7.4835456328623678e-04 
160.750000 -7.4237272317337344e-04 
161.000000 -7.3669268068063398e-04 
161.250000 -7.3130029576980865e-04 
161.500000 -7.2618203103631124e-04 
161.750000 -7.2132492933714432e-04 
162.000000 -7.1671659210027772e-04 
162.250000 -7.1234515821150257e-04 
162.500000 -7.0819928358299700e-04 
162.750000 -7.0426812135298417e-04 
163.000000 -7.0054130260165104e-04 
163.250000 -6.9700891778755325e-04 
163.500000 -6.9366149868176075e-04 
163.750000 -6.9049000092602508e-04 
164.000000 -6.8748578712624769e-04 
164.250000 -6.8464061055005521e-04 
164.500000 -6.8194659930804341e-04 
164.750000 -6.7939624110528729e-04 
165.000000 -6.7698236853315497e-04 
165.250000 -6.7469814478252760e-04 
165.500000 -6.7253704997557312e-04 
165.750000 -6.7049286785810652e-04 
166.000000 -6.6855967308517700e-04 
166.250000 -6.6673181886053173e-04 
166.500000 -6.6500392507094080e-04 
166.750000 -6.6337086687617841e-04 
167.000000 -6.6182776368969853e-04 
167.250000 -6.6036996857745528e-04 
167.500000 -6.5899305806955966e-04 
167.750000 -6.5769282233896914e-04 
168.000000 -6.5646525577822690e-04 
168.250000 -6.5530654794786203e-04 
168.500000 -6.5421307482385616e-04 
168.750000 -6.5318139047321894e-04 
169.000000 -6.5220821900441317e-04 
169.250000 -6.5129044683306242e-04 
169.500000 -6.5042511530009200e-04 
169.750000 -6.4960941354159918e-04 
170.000000 -6.4884067172581855e-04 
170.250000 -6.4811635446809790e-04 
170.500000 -6.4743405461645948e-04 
170.750000 -6.4679148719187091e-04 
171.000000 -6.4618648374299703e-04 
171.250000 -6.4561698672396112e-04 
171.500000 -6.4508104430353180e-04 
171.750000 -6.4457680532509914e-04 
172.000000 -6.4410251443850625e-04 
172.250000 -6.4365650752613857e-04 
172.500000 -6.4323720726178202e-04 
172.750000 -6.4284311893537255e-04 
173.000000 -6.4247282635946507e-04 
173.250000 -6.4212498809475271e-04 
173.500000 -6.4179833369205908e-04 
173.750000 -6.4149166023684534e-04 
174.000000 -6.4120382898893991e-04 
174.250000 -6.4093376215236531e-04 
174.500000 -6.4068043985166662e-04 
174.750000 -6.4044289721418290e-04 
175.000000 -6.4022022155948294e-04 
175.250000 -6.4001154982715885e-04 
175.500000 -6.3981606595341078e-04 
175.750000 -6.3963299855226280e-04 
176.000000 -6.3946161856572731e-04 
176.250000 -6.3930123711650189e-04 
176.500000 -6.3915120341358211e-04 
176.750000 -6.3901090277428130e-04 
177.000000 -6.3887975474481024e-04 
177.250000 -6.3875721130898094e-04 
177.500000 -6.3864275518659558e-04 
177.750000 -6.3853589820261208e-04 
178.000000 -6.3843617975136574e-04 
178.250000 -6.3834316534277374e-04 
178.500000 -6.3825644517594843e-04 
178.750000 -6.3817563286531348e-04 
179.000000 -6.3810036414594512e-04 
179.250000 -6.3803029569776959e-04 
179.500000 -6.3796510397880896e-04 
179.750000 -6.3790448422225421e-04 
180.000000 -6.3784814935419903e-04 
180.250000 -6.3779582900538867e-04 
180.500000 -6.3774726866328013e-04 
180.750000 -6.3770222884956818e-04 
181.000000 -6.3766048395273722e-04 
181.250000 -6.3762182197237699e-04 
181.500000 -6.3758604335498181e-04 
181.750000 -6.3755296049077675e-04 
182.000000 -6.3752239697129065e-04 
182.250000 -6.3749418700826538e-04 
182.500000 -6.3746817480339613e-04 
182.750000 -6.3744421395241224e-04 
183.000000 -6.3742216696336534e-04 
183.250000 -6.3740190475459341e-04 
183.500000 -6.3738330611217558e-04 
183.750000 -6.3736625729564345e-04 
184.000000 -6.3735065156513004e-04 
184.250000 -6.3733638882546712e-04 
184.500000 -6.3732337517820314e-04 
184.750000 -6.3731152261315566e-04 
185.000000 -6.3730074863433545e-04 
185.250000 -6.3729097594399792e-04 
185.500000 -6.3728213213739421e-04 
185.750000 -6.3727414942284927e-04 
186.000000 -6.3726696433845376e-04 
186.250000 -6.3726051747170498e-04 
186.500000 -6.3725475327993525e-04 
186.750000 -6.3724961977135175e-04 
187.000000 -6.3724506836178307e-04 
187.250000 -6.3724105363314326e-04 
187.500000 -6.3723753316807102e-04 
187.750000 -6.3723446734176292e-04 
188.000000 -6.3723181915824323e-04 
188.250000 -6.3722955410239202e-04 
188.500000 -6.3722763997966364e-04 
188.750000 -6.3722604671258981e-04 
189.000000 -6.3722474633601950e-04 
189.250000 -6.3722371271235367e-04 
189.500000 -6.3722292156014049e-04 
189.750000 -6.3722235024103041e-04 
190.000000 -6.3722197771819145e-04 
190.250000 -6.3722178443607891e-04 
190.500000 -6.3722175220773392e-04 
190.750000 -6.3722186412823456e-04 
191.000000 -6.3722210447290234e-04 
191.250000 -6.3722245860477894e-04 
191.500000 -6.3722291295164463e-04 
191.750000 -6.3722345490956067e-04 
192.000000 -6.3722407282997690e-04 
192.250000 -6.3722475599795741e-04 
192.500000 -6.3722549452322613e-04 
192.750000 -6.3722627927240844e-04 
193.000000 -6.3722710174373559e-04 
193.250000 -6.3722795403557686e-04 
193.500000 -6.3722882879532761e-04 
193.750000 -6.3722971912343745e-04 
194.000000 -6.3723061866545472e-04 
194.250000 -6.3723152162677849e-04 
194.500000 -6.3723242279178222e-04 
194.750000 -6.3723331754393653e-04 
195.000000 -6.3723420159134819e-04 
195.250000 -6.3723507126102474e-04 
195.500000 -6.3723592314990363e-04 
195.750000 -6.3723675346774589e-04 
196.000000 -6.3723755869258408e-04 
196.250000 -6.3723833591806250e-04 
196.500000 -6.3723908249057465e-04 
196.750000 -6.3723979631796074e-04 
197.000000 -6.3724047475755691e-04 
197.250000 -6.3724111211442558e-04 
197.500000 -6.3724170909799233e-04 
197.750000 -6.3724226629232467e-04 
198.000000 -6.3724278515787935e-04 
198.250000 -6.3724326052122526e-04 
198.500000 -6.3724369404057762e-04 
198.750000 -6.3724409467642157e-04 
199.000000 -6.3724445649244316e-04 
199.250000 -6.3724477637071286e-04 
199.500000 -6.3724505366054285e-04 
199.750000 -6.3724528899102711e-04 
