0.000000 1.2718961664322637e-01 
0.200000 1.2717587245830009e-01 
0.400000 1.2716518119298448e-01 
0.600000 1.2715761941339054e-01 
0.800000 1.2715340239493300e-01 
1.000000 1.2715265152487631e-01 
1.200000 1.2715551883111664e-01 
1.400000 1.2716178850989623e-01 
1.600000 1.2717125435328391e-01 
1.800000 1.2718282923733237e-01 
2.000000 1.2719483525663433e-01 
2.200000 1.2720258100764426e-01 
2.400000 1.2720561164624344e-01 
2.600000 1.2720400706447421e-01 
2.800000 1.2719805615507918e-01 
3.000000 1.2718827633247332e-01 
3.200000 1.2717529198233879e-01 
3.400000 1.2715928240220664e-01 
3.600000 1.2712721179340702e-01 
3.800000 1.2709669507434318e-01 
4.000000 1.2706696220685076e-01 
4.200000 1.2703763265022272e-01 
4.400000 1.2700805909001178e-01 
4.600000 1.2697755480087936e-01 
4.800000 1.2694534975967731e-01 
5.000000 1.2691068350209689e-01 
5.200000 1.2687278709872241e-01 
5.400000 1.2683114236962079e-01 
5.600000 1.2678565356476779e-01 
5.800000 1.2673639450766960e-01 
6.000000 1.2668350712736376e-01 
6.200000 1.2662715495112531e-01 
6.400000 1.2656751034794134e-01 
6.600000 1.2650471104505490e-01 
6.800000 1.2643887168379442e-01 
7.000000 1.2636996526970790e-01 
7.200000 1.2629782461883432e-01 
7.400000 1.2622224417905825e-01 
7.600000 1.2614301333625111e-01 
7.800000 1.2605992231492991e-01 
8.000000 1.2597276961601833e-01 
8.200000 1.2588136727270172e-01 
8.400000 1.2578554152824606e-01 
8.600000 1.2568513644260038e-01 
8.800000 1.2558000806237613e-01 
9.000000 1.2547000949852505e-01 
9.200000 1.2535498022823999e-01 
9.400000 1.2523474028943204e-01 
9.600000 1.2510908694309852e-01 
9.800000 1.2497778838844753e-01 
10.000000 1.2484057594389053e-01 
10.200000 1.2469716071393222e-01 
10.400000 1.2454723930870459e-01 
10.600000 1.2439050054431966e-01 
10.800000 1.2422660880538827e-01 
11.000000 1.2405520136039749e-01 
11.200000 1.2387588933397342e-01 
11.400000 1.2368825733393685e-01 
11.600000 1.2349186189918981e-01 
11.800000 1.2328622958337065e-01 
12.000000 1.2307085477194846e-01 
12.200000 1.2284519732372368e-01 
12.400000 1.2260867974085388e-01 
12.600000 1.2236068391024557e-01 
12.800000 1.2210054786553814e-01 
13.000000 1.2182756281407270e-01 
13.200000 1.2154097021957977e-01 
13.400000 1.2123995869387805e-01 
13.600000 1.2092366067152927e-01 
13.800000 1.2059114920204295e-01 
14.000000 1.2024143456748126e-01 
14.200000 1.1987346073475358e-01 
14.400000 1.1948610163351236e-01 
14.600000 1.1907815718608061e-01 
14.800000 1.1864834916644507e-01 
15.000000 1.1819531699754127e-01 
15.200000 1.1771761361555133e-01 
15.400000 1.1721370147725962e-01 
15.600000 1.1668194884130212e-01 
15.800000 1.1612062647352195e-01 
16.000000 1.1552790496516674e-01 
16.200000 1.1490185281902510e-01 
16.400000 1.1424043549704466e-01 
16.600000 1.1354151561754144e-01 
16.800000 1.1280285451993288e-01 
17.000000 1.1202211540978968e-01 
17.200000 1.1119686830831044e-01 
17.400000 1.1032459703596120e-01 
17.600000 1.0940270844669941e-01 
17.800000 1.0842854411610703e-01 
18.000000 1.0739939466754578e-01 
18.200000 1.0631251690083077e-01 
18.400000 1.0516515384648106e-01 
18.600000 1.0395455783254315e-01 
18.800000 1.0267801661016251e-01 
19.000000 1.0133288253807582e-01 
19.200000 9.9916604769918704e-02 
19.400000 9.8426764334395900e-02 
19.600000 9.6861111931544008e-02 
19.800000 9.5217608193446379e-02 
20.000000 9.3494466068306137e-02 
20.200000 9.1690194889418875e-02 
20.400000 8.9803645577843261e-02 
20.600000 8.7834056303459196e-02 
20.800000 8.5781097799936257e-02 
21.000000 8.3644917399498864e-02 
21.200000 8.1426180733605635e-02 
21.400000 7.9126109941627942e-02 
21.600000 7.6746517156536131e-02 
21.800000 7.4289832002921274e-02 
22.000000 7.1759121858036123e-02 
22.200000 6.9158103695945217e-02 
22.400000 6.6491146465106010e-02 
22.600000 6.3763263137957216e-02 
22.800000 6.0980091814870185e-02 
23.000000 5.8147865554929568e-02 
23.200000 5.5273370932372279e-02 
23.400000 5.2363895665639704e-02 
23.600000 4.9427166018582325e-02 
23.800000 4.6471275015037117e-02 
24.000000 4.3504602820735983e-02 
24.200000 4.0535730915303825e-02 
24.400000 3.7573351887911333e-02 
24.600000 3.4626176833143396e-02 
24.800000 3.1702842391900354e-02 
25.000000 2.8811819473985922e-02 
25.200000 2.5961325615056929e-02 
25.400000 2.3159242768803989e-02 
25.600000 2.0413042123467284e-02 
25.800000 1.7729717274204471e-02 
26.000000 1.5115726792214179e-02 
26.200000 1.2576946924186649e-02 
26.400000 1.0118634845340368e-02 
26.600000 7.7454025894065914e-03 
26.800000 5.4612015009756210e-03 
27.000000 3.2693168075070833e-03 
27.200000 1.1723716966827169e-03 
27.400000 -8.2765988747135477e-04 
27.600000 -2.7294326481290820e-03 
27.800000 -4.5322025493683693e-03 
28.000000 -6.2357937051522594e-03 
28.200000 -7.8405606293712182e-03 
28.400000 -9.3473469225929806e-03 
28.600000 -1.0757441435209736e-02 
28.800000 -1.2072532888296572e-02 
29.000000 -1.3294663857754907e-02 
29.200000 -1.4426184937735842e-02 
29.400000 -1.5469709800581044e-02 
29.600000 -1.6428071766020569e-02 
29.800000 -1.7304282386136571e-02 
30.000000 -1.8101492447750389e-02 
30.200000 -1.8822955693259869e-02 
30.400000 -1.9471995467138292e-02 
30.600000 -2.0051974409725060e-02 
30.800000 -2.0566267244602976e-02 
31.000000 -2.1018236640380605e-02 
31.200000 -2.1411212073255803e-02 
31.400000 -2.1748471572886285e-02 
31.600000 -2.2033226199680234e-02 
31.800000 -2.2268607076800173e-02 
32.000000 -2.2457654783285097e-02 
32.200000 -2.2603310904979967e-02 
32.400000 -2.2708411536352502e-02 
32.600000 -2.2775682527792218e-02 
32.800000 -2.2807736278331547e-02 
33.000000 -2.2807069882600506e-02 
33.200000 -2.2776064451602629e-02 
33.400000 -2.2716985439722226e-02 
33.600000 -2.2631983823584001e-02 
33.800000 -2.2523097992559971e-02 
34.000000 -2.2392256224769203e-02 
34.200000 -2.2241279635366207e-02 
34.400000 -2.2071885497724653e-02 
34.600000 -2.1885690849364092e-02 
34.800000 -2.1684216306373072e-02 
35.000000 -2.1468890020068576e-02 
35.200000 -2.1241051718959958e-02 
35.400000 -2.1001956787596532e-02 
35.600000 -2.0752780341439236e-02 
35.800000 -2.0494621263351609e-02 
36.000000 -2.0228506173662841e-02 
36.200000 -1.9955393310585934e-02 
36.400000 -1.9676176302662218e-02 
36.600000 -1.9391687818742898e-02 
36.800000 -1.9102703084778294e-02 
37.000000 -1.8809943259351369e-02 
37.200000 -1.8514078662927425e-02 
37.400000 -1.8215731857704864e-02 
37.600000 -1.7915480576967679e-02 
37.800000 -1.7613860504597567e-02 
38.000000 -1.7311367906495845e-02 
38.200000 -1.7008462116813783e-02 
38.400000 -1.6705567883076478e-02 
38.600000 -1.6403077574498243e-02 
38.800000 -1.6101353258768825e-02 
39.000000 -1.5800728652680562e-02 
39.200000 -1.5501510952470265e-02 
39.400000 -1.5203982549622935e-02 
39.600000 -1.4908402638320079e-02 
39.800000 -1.4615008720250205e-02 
40.000000 -1.4324018012884687e-02 
40.200000 -1.4035628766791403e-02 
40.400000 -1.3750021497657694e-02 
40.600000 -1.3467360138342543e-02 
40.800000 -1.3187793116098134e-02 
41.000000 -1.2911454359926050e-02 
41.200000 -1.2638464242602399e-02 
41.400000 -1.2368930461839511e-02 
41.600000 -1.2102948864715829e-02 
41.800000 -1.1840604219210238e-02 
42.000000 -1.1581970936570374e-02 
42.200000 -1.1327113747748585e-02 
42.400000 -1.1076088337196172e-02 
42.600000 -1.0828941937020525e-02 
42.800000 -1.0585713883980108e-02 
43.000000 -1.0346436142140064e-02 
43.200000 -1.0111133793399313e-02 
43.400000 -9.8798254980633493e-03 
43.600000 -9.6525239275707386e-03 
43.800000 -9.4292361710989481e-03 
44.000000 -9.2099641179557989e-03 
44.200000 -8.9947048171757082e-03 
44.400000 -8.7834508159971014e-03 
44.600000 -8.5761904782941933e-03 
44.800000 -8.3729082846254743e-03 
45.000000 -8.1735851146557681e-03 
45.200000 -7.9781985134014938e-03 
45.400000 -7.7867229420004597e-03 
45.600000 -7.5991300141615009e-03 
45.800000 -7.4153887189993967e-03 
46.000000 -7.2354656311942739e-03 
46.200000 -7.0593251090866338e-03 
46.400000 -6.8869294815073617e-03 
46.600000 -6.7182392239134303e-03 
46.800000 -6.5532131245624042e-03 
47.000000 -6.3918084410218567e-03 
47.200000 -6.2339810479009328e-03 
47.400000 -6.0796855759429475e-03 
47.600000 -5.9288755432583828e-03 
47.800000 -5.7815034788436803e-03 
48.000000 -5.6375210389821434e-03 
48.200000 -5.4968791168940878e-03 
48.400000 -5.3595279458848316e-03 
48.600000 -5.2254171964406237e-03 
48.800000 -5.0944960675013418e-03 
49.000000 -4.9667133723799439e-03 
49.200000 -4.8420176193117170e-03 
49.400000 -4.7203570872748762e-03 
49.600000 -4.6016798969948786e-03 
49.800000 -4.4859340776209761e-03 
50.000000 -4.3730676291859755e-03 
50.200000 -4.2630285810265484e-03 
50.400000 -4.1557650465477575e-03 
50.600000 -4.0512252742883059e-03 
50.800000 -3.9493576956563942e-03 
51.000000 -3.8501109694548258e-03 
51.200000 -3.7534340233207203e-03 
51.400000 -3.6592760922495027e-03 
51.600000 -3.5675867544468637e-03 
51.800000 -3.4783159645047634e-03 
52.000000 -3.3914140841568297e-03 
52.200000 -3.3068319106627497e-03 
52.400000 -3.2245207029878847e-03 
52.600000 -3.1444322059034913e-03 
52.800000 -3.0665186720444312e-03 
53.000000 -2.9907328821277834e-03 
53.200000 -2.9170281634166156e-03 
53.400000 -2.8453584063410226e-03 
53.600000 -2.7756780797343825e-03 
53.800000 -2.7079422443934340e-03 
54.000000 -2.6421065652538628e-03 
54.200000 -2.5781273222522244e-03 
54.400000 -2.5159614198136115e-03 
54.600000 -2.4555663952576384e-03 
54.800000 -2.3969004258973664e-03 
55.000000 -2.3399223352206650e-03 
55.200000 -2.2845915979164549e-03 
55.400000 -2.2308683440548996e-03 
55.600000 -2.1787133622188440e-03 
55.800000 -2.1280881019224707e-03 
56.000000 -2.0789546751146665e-03 
56.200000 -2.0312758569929548e-03 
56.400000 -1.9850150860194343e-03 
56.600000 -1.9401364633587215e-03 
56.800000 -1.8966047515977733e-03 
57.000000 -1.8543853729131726e-03 
57.200000 -1.8134444066741154e-03 
57.400000 -1.7737485865108107e-03 
57.600000 -1.7352652968994076e-03 
57.800000 -1.6979625692539468e-03 
58.000000 -1.6618090776706410e-03 
58.200000 -1.6267741341622691e-03 
58.400000 -1.5928276836104649e-03 
58.600000 -1.5599402982960295e-03 
58.800000 -1.5280831721651289e-03 
59.000000 -1.4972281147818123e-03 
59.200000 -1.4673475449337933e-03 
59.400000 -1.4384144841120342e-03 
59.600000 -1.4104025496478045e-03 
59.800000 -1.3832859476431911e-03 
60.000000 -1.3570394657846374e-03 
60.200000 -1.3316384658692351e-03 
60.400000 -1.3070588762612093e-03 
60.600000 -1.2832771841258112e-03 
60.800000 -1.2602704275855928e-03 
61.000000 -1.2380161877539250e-03 
61.200000 -1.2164925806149793e-03 
61.400000 -1.1956782488933768e-03 
61.600000 -1.1755523537789539e-03 
61.800000 -1.1560945666396275e-03 
62.000000 -1.1372850606499799e-03 
62.200000 -1.1191045023585533e-03 
62.400000 -1.1015340433028972e-03 
62.600000 -1.0845553115075360e-03 
62.800000 -1.0681504030430472e-03 
63.000000 -1.0523018735378933e-03 
63.200000 -1.0369927297242051e-03 
63.400000 -1.0222064209843840e-03 
63.600000 -1.0079268309200612e-03 
63.800000 -9.9413826893404722e-04 
64.000000 -9.8082546189425662e-04 
64.200000 -9.6797354579734873e-04 
64.400000 -9.5556805748491652e-04 
64.600000 -9.4359492644503079e-04 
64.800000 -9.3204046662633683e-04 
65.000000 -9.2089136834578450e-04 
65.200000 -9.1013469027693972e-04 
65.400000 -8.9975785146940296e-04 
65.600000 -8.8974862351616502e-04 
65.800000 -8.8009512269119489e-04 
66.000000 -8.7078580230470076e-04 
66.200000 -8.6180944503577717e-04 
66.400000 -8.5315515542704751e-04 
66.600000 -8.4481235242181429e-04 
66.800000 -8.3677076206883916e-04 
67.000000 -8.2902041022248768e-04 
67.200000 -8.2155161544540667e-04 
67.400000 -8.1435498196016226e-04 
67.600000 -8.0742139268372148e-04 
67.800000 -8.0074200247017002e-04 
68.000000 -7.9430823130358097e-04 
68.200000 -7.8811175773357139e-04 
68.400000 -7.8214451238889371e-04 
68.600000 -7.7639867153291020e-04 
68.800000 -7.7086665081371741e-04 
69.000000 -7.6554109906550039e-04 
69.200000 -7.6041489229726478e-04 
69.400000 -7.5548112766377074e-04 
69.600000 -7.5073311770299661e-04 
69.800000 -7.4616438454860878e-04 
70.000000 -7.4176865436210992e-04 
70.200000 -7.3753985175902675e-04 
70.400000 -7.3347209449153850e-04 
70.600000 -7.2955968810773514e-04 
70.800000 -7.2579712078107983e-04 
71.000000 -7.2217905825579937e-04 
71.200000 -7.1870033887663776e-04 
71.400000 -7.1535596874316987e-04 
71.600000 -7.1214111692129156e-04 
71.800000 -7.0905111086128764e-04 
72.000000 -7.0608143181460914e-04 
72.200000 -7.0322771039715154e-04 
72.400000 -7.0048572227346395e-04 
72.600000 -6.9785138391362245e-04 
72.800000 -6.9532074843531300e-04 
73.000000 -6.9289000161028985e-04 
73.200000 -6.9055545788052758e-04 
73.400000 -6.8831355652846510e-04 
73.600000 -6.8616085794686449e-04 
73.800000 -6.8409403993577311e-04 
74.000000 -6.8210989415860152e-04 
74.200000 -6.8020532266912376e-04 
74.400000 -6.7837733451494436e-04 
74.600000 -6.7662304242731980e-04 
74.800000 -6.7493965960092189e-04 
75.000000 -6.7332449658363130e-04 
75.200000 -6.7177495820566757e-04 
75.400000 -6.7028854059249937e-04 
75.600000 -6.6886282830144056e-04 
75.800000 -6.6749549151879500e-04 
76.000000 -6.6618428325982554e-04 
76.200000 -6.6492703679148918e-04 
76.400000 -6.6372166295500939e-04 
76.600000 -6.6256614773119865e-04 
76.800000 -6.6145854973088253e-04 
77.000000 -6.6039699784611883e-04 
77.200000 -6.5937968893392540e-04 
77.400000 -6.5840488558012444e-04 
77.600000 -6.5747091387895196e-04 
77.800000 -6.5657616137875657e-04 
78.000000 -6.5571907498230414e-04 
78.200000 -6.5489815895557885e-04 
78.400000 -6.5411197298308882e-04 
78.600000 -6.5335913034589299e-04 
78.800000 -6.5263829602184992e-04 
79.000000 -6.5194818495708379e-04 
79.200000 -6.5128756033106666e-04 
79.400000 -6.5065523194773184e-04 
79.600000 -6.5005005452604958e-04 
79.800000 -6.4947092624225572e-04 
80.000000 -6.4891678715355006e-04 
80.200000 -6.4838661770841993e-04 
80.400000 -6.4787943739914172e-04 
80.600000 -6.4739430334491421e-04 
80.800000 -6.4693030894948100e-04 
81.000000 -6.4648658261731717e-04 
81.200000 -6.4606228651539060e-04 
81.400000 -6.4565661536136049e-04 
81.600000 -6.4526879521632080e-04 
81.800000 -6.4489808242091523e-04 
82.000000 -6.4454376245901002e-04 
82.200000 -6.4420514885650537e-04 
82.400000 -6.4388158225065634e-04 
82.600000 -6.4357242931979003e-04 
82.800000 -6.4327708186981414e-04 
83.000000 -6.4299495587603200e-04 
83.200000 -6.4272549059979367e-04 
83.400000 -6.4246814775702904e-04 
83.600000 -6.4222241061730190e-04 
83.800000 -6.4198778325862821e-04 
84.000000 -6.4176378973525988e-04 
84.200000 -6.4154997337967368e-04 
84.400000 -6.4134589600991360e-04 
84.600000 -6.4115113729597273e-04 
84.800000 -6.4096529402964120e-04 
85.000000 -6.4078797949637667e-04 
85.200000 -6.4061882282771820e-04 
85.400000 -6.4045746842515683e-04 
85.600000 -6.4030357533074317e-04 
85.800000 -6.4015681667743685e-04 
86.000000 -6.4001687916139666e-04 
86.200000 -6.3988346248314981e-04 
86.400000 -6.3975627887340875e-04 
86.600000 -6.3963505256647846e-04 
86.800000 -6.3951951935770079e-04 
87.000000 -6.3940942612432383e-04 
87.200000 -6.3930453042929103e-04 
87.400000 -6.3920460003816931e-04 
87.600000 -6.3910941256624387e-04 
87.800000 -6.3901875506430783e-04 
88.000000 -6.3893242363032010e-04 
88.200000 -6.3885022306513911e-04 
88.400000 -6.3877196652342011e-04 
88.600000 -6.3869747516944603e-04 
88.800000 -6.3862657783462368e-04 
89.000000 -6.3855911074542360e-04 
89.200000 -6.3849491719884105e-04 
89.400000 -6.3843384728216879e-04 
89.600000 -6.3837575757005882e-04 
89.800000 -6.3832051091337189e-04 
90.000000 -6.3826797610452152e-04 
90.200000 -6.3821802771309860e-04 
90.400000 -6.3817054580048160e-04 
90.600000 -6.3812541567423442e-04 
90.800000 -6.3808252772849794e-04 
91.000000 -6.3804177718227578e-04 
91.200000 -6.3800306389910633e-04 
91.400000 -6.3796629219039364e-04 
91.600000 -6.3793137063478805e-04 
91.800000 -6.3789821185456647e-04 
92.000000 -6.3786673242943737e-04 
92.200000 -6.3783685264298673e-04 
92.400000 -6.3780849636068532e-04 
92.600000 -6.3778159091826270e-04 
92.800000 -6.3775606687366260e-04 
93.000000 -6.3773185796898307e-04 
93.200000 -6.3770890096906396e-04 
93.400000 -6.3768713546634437e-04 
93.600000 -6.3766650384911028e-04 
93.800000 -6.3764695111594161e-04 
94.000000 -6.3762842480051540e-04 
94.200000 -6.3761087483191203e-04 
94.400000 -6.3759425347958976e-04 
94.600000 -6.3757851516731828e-04 
94.800000 -6.3756361647848703e-04 
95.000000 -6.3754951597606857e-04 
95.200000 -6.3753617415543418e-04 
95.400000 -6.3752355338105721e-04 
95.600000 -6.3751161774918547e-04 
95.800000 -6.3750033304802584e-04 
96.000000 -6.3748966667754453e-04 
96.200000 -6.3747958755722145e-04 
96.400000 -6.3747006611055562e-04 
96.600000 -6.3746107410807273e-04 
96.800000 -6.3745258472032440e-04 
97.000000 -6.3744457234114066e-04 
97.200000 -6.3743701263217767e-04 
97.400000 -6.3742988238387616e-04 
97.600000 -6.3742315951136053e-04 
97.800000 -6.3741682301634434e-04 
98.000000 -6.3741085286720539e-04 
98.200000 -6.3740523003533861e-04 
98.400000 -6.3739993641114684e-04 
98.600000 -6.3739495475321345e-04 
98.800000 -6.3739026867418863e-04 
99.000000 -6.3738586256825713e-04 
99.200000 -6.3738172162149109e-04 
99.400000 -6.3737783172207463e-04 
99.600000 -6.3737417947383468e-04 
99.800000 -6.3737075213318034e-04 
100.000000 -6.3736753759287279e-04 
100.200000 -6.3736452433711677e-04 
100.400000 -6.3736170144400306e-04 
100.600000 -6.3735905852135843e-04 
100.800000 -6.3735658569939041e-04 
101.000000 -6.3735427362023034e-04 
101.200000 -6.3735211337590664e-04 
101.400000 -6.3735009653528157e-04 
101.600000 -6.3734821507699380e-04 
101.800000 -6.3734646138766810e-04 
102.000000 -6.3734482825596878e-04 
102.200000 -6.3734330883262469e-04 
102.400000 -6.3734189662463525e-04 
102.600000 -6.3734058546416339e-04 
102.800000 -6.3733936952210107e-04 
103.000000 -6.3733824324960220e-04 
103.200000 -6.3733720141427586e-04 
103.400000 -6.3733623903233089e-04 
103.600000 -6.3733535139658820e-04 
103.800000 -6.3733453404759416e-04 
104.000000 -6.3733378275733499e-04 
104.200000 -6.3733309351983458e-04 
104.400000 -6.3733246255972403e-04 
104.600000 -6.3733188628131016e-04 
104.800000 -6.3733136129915519e-04 
105.000000 -6.3733088440851710e-04 
105.200000 -6.3733045257150650e-04 
105.400000 -6.3733006292507333e-04 
105.600000 -6.3732971276262568e-04 
105.800000 -6.3732939951183926e-04 
106.000000 -6.3732912075210868e-04 
106.200000 -6.3732887421501933e-04 
106.400000 -6.3732865772892638e-04 
106.600000 -6.3732846926029679e-04 
106.800000 -6.3732830689508524e-04 
107.000000 -6.3732816880813364e-04 
107.200000 -6.3732805330476983e-04 
107.400000 -6.3732795876889764e-04 
107.600000 -6.3732788368150994e-04 
107.800000 -6.3732782661976572e-04 
108.000000 -6.3732778623828978e-04 
108.200000 -6.3732776125829255e-04 
108.400000 -6.3732775049863549e-04 
108.600000 -6.3732775282534376e-04 
108.800000 -6.3732776720748507e-04 
109.000000 -6.3732779263927369e-04 
109.200000 -6.3732782820394296e-04 
109.400000 -6.3732787300200405e-04 
109.600000 -6.3732792624848766e-04 
109.800000 -6.3732798716283068e-04 
110.000000 -6.3732805502723922e-04 
110.200000 -6.3732812915685139e-04 
110.400000 -6.3732820894522868e-04 
110.600000 -6.3732829378166517e-04 
110.800000 -6.3732838312379608e-04 
111.000000 -6.3732847645869839e-04 
111.200000 -6.3732857329682618e-04 
111.400000 -6.3732867320472064e-04 
111.600000 -6.3732877576143376e-04 
111.800000 -6.3732888057105308e-04 
112.000000 -6.3732898727378307e-04 
112.200000 -6.3732909554783945e-04 
112.400000 -6.3732920506633095e-04 
112.600000 -6.3732931554876665e-04 
112.800000 -6.3732942672049125e-04 
113.000000 -6.3732953834148842e-04 
113.200000 -6.3732965018477306e-04 
113.400000 -6.3732976204260161e-04 
113.600000 -6.3732987370973548e-04 
113.800000 -6.3732998501830895e-04 
114.000000 -6.3733009580996952e-04 
114.200000 -6.3733020593015333e-04 
114.400000 -6.3733031523596079e-04 
114.600000 -6.3733042361363568e-04 
114.800000 -6.3733053095117731e-04 
115.000000 -6.3733063714179611e-04 
115.200000 -6.3733074210047674e-04 
115.400000 -6.3733084573807525e-04 
115.600000 -6.3733094798585493e-04 
115.800000 -6.3733104878205271e-04 
116.000000 -6.3733114806721614e-04 
116.200000 -6.3733124578556344e-04 
116.400000 -6.3733134190875618e-04 
116.600000 -6.3733143638587675e-04 
116.800000 -6.3733152919340230e-04 
117.000000 -6.3733162029440404e-04 
117.200000 -6.3733170968705011e-04 
117.400000 -6.3733179733072715e-04 
117.600000 -6.3733188323142342e-04 
117.800000 -6.3733196738399722e-04 
118.000000 -6.3733204976274688e-04 
118.200000 -6.3733213039529613e-04 
118.400000 -6.3733220926368017e-04 
118.600000 -6.3733228637189582e-04 
118.800000 -6.3733236173065672e-04 
119.000000 -6.3733243536363837e-04 
119.200000 -6.3733250726148022e-04 
119.400000 -6.3733257745527544e-04 
119.600000 -6.3733264594965922e-04 
119.800000 -6.3733271276947279e-04 
120.000000 -6.3733277792938497e-04 
120.200000 -6.3733284145343905e-04 
120.400000 -6.3733290336263904e-04 
120.600000 -6.3733296367148029e-04 
120.800000 -6.3733302241635037e-04 
121.000000 -6.3733307961701818e-04 
121.200000 -6.3733313529398122e-04 
121.400000 -6.3733318947316320e-04 
121.600000 -6.3733324218451931e-04 
121.800000 -6.3733329345148915e-04 
122.000000 -6.3733334330606795e-04 
122.200000 -6.3733339176849646e-04 
122.400000 -6.3733343886922256e-04 
122.600000 -6.3733348464335704e-04 
122.800000 -6.3733352910737978e-04 
123.000000 -6.3733357229516646e-04 
123.200000 -6.3733361423098239e-04 
123.400000 -6.3733365494536565e-04 
123.600000 -6.3733369446267174e-04 
123.800000 -6.3733373280688843e-04 
124.000000 -6.3733377001971847e-04 
124.200000 -6.3733380611718377e-04 
124.400000 -6.3733384112221042e-04 
124.600000 -6.3733387506761247e-04 
124.800000 -6.3733390798183243e-04 
125.000000 -6.3733393988728987e-04 
125.200000 -6.3733397080779214e-04 
125.400000 -6.3733400076768781e-04 
125.600000 -6.3733402979895826e-04 
125.800000 -6.3733405792286424e-04 
126.000000 -6.3733408515873058e-04 
126.200000 -6.3733411152765845e-04 
126.400000 -6.3733413706607012e-04 
126.600000 -6.3733416179468511e-04 
126.800000 -6.3733418572584771e-04 
127.000000 -6.3733420888577308e-04 
127.200000 -6.3733423129861549e-04 
127.400000 -6.3733425297982094e-04 
127.600000 -6.3733427395402248e-04 
127.800000 -6.3733429424810834e-04 
128.000000 -6.3733431386851780e-04 
128.200000 -6.3733433283925944e-04 
128.400000 -6.3733435118451531e-04 
128.600000 -6.3733436892201428e-04 
128.800000 -6.3733438606175530e-04 
129.000000 -6.3733440262935676e-04 
129.200000 -6.3733441864228385e-04 
129.400000 -6.3733443411183310e-04 
129.600000 -6.3733444905963998e-04 
129.800000 -6.3733446349775735e-04 
130.000000 -6.3733447744301203e-04 
130.200000 -6.3733449091101652e-04 
130.400000 -6.3733450392070706e-04 
130.600000 -6.3733451647474820e-04 
130.800000 -6.3733452860031958e-04 
131.000000 -6.3733454030368009e-04 
131.200000 -6.3733455160040059e-04 
131.400000 -6.3733456250512216e-04 
131.600000 -6.3733457302547758e-04 
131.800000 -6.3733458318024350e-04 
132.000000 -6.3733459297552614e-04 
132.200000 -6.3733460242161588e-04 
132.400000 -6.3733461153939880e-04 
132.600000 -6.3733462033312149e-04 
132.800000 -6.3733462881188779e-04 
133.000000 -6.3733463698406601e-04 
133.200000 -6.3733464486571967e-04 
133.400000 -6.3733465246749305e-04 
133.600000 -6.3733465979161352e-04 
133.800000 -6.3733466685979290e-04 
134.000000 -6.3733467366352409e-04 
134.200000 -6.3733468022290907e-04 
134.400000 -6.3733468654551817e-04 
134.600000 -6.3733469263765885e-04 
134.800000 -6.3733469850134339e-04 
135.000000 -6.3733470415726357e-04 
135.200000 -6.3733470960347649e-04 
135.400000 -6.3733471484853088e-04 
135.600000 -6.3733471989896318e-04 
135.800000 -6.3733472476310699e-04 
136.000000 -6.3733472944339786e-04 
136.200000 -6.3733473396151985e-04 
136.400000 -6.3733473829142434e-04 
136.600000 -6.3733474247867211e-04 
136.800000 -6.3733474650163463e-04 
137.000000 -6.3733475036684833e-04 
137.200000 -6.3733475409796791e-04 
137.400000 -6.3733475768114334e-04 
137.600000 -6.3733476112906584e-04 
137.800000 -6.3733476445090864e-04 
138.000000 -6.3733476763554869e-04 
138.200000 -6.3733477071164363e-04 
138.400000 -6.3733477366458707e-04 
138.600000 -6.3733477650194936e-04 
138.800000 -6.3733477923284820e-04 
139.000000 -6.3733478185682563e-04 
139.200000 -6.3733478437913438e-04 
139.400000 -6.3733478680162714e-04 
139.600000 -6.3733478913906294e-04 
139.800000 -6.3733479137944443e-04 
140.000000 -6.3733479353345057e-04 
140.200000 -6.3733479560190015e-04 
140.400000 -6.3733479759057327e-04 
140.600000 -6.3733479950412592e-04 
140.800000 -6.3733480133477960e-04 
141.000000 -6.3733480309140222e-04 
141.200000 -6.3733480478309762e-04 
141.400000 -6.3733480640550122e-04 
141.600000 -6.3733480796856340e-04 
141.800000 -6.3733480946902982e-04 
142.000000 -6.3733481089849053e-04 
142.200000 -6.3733481227883776e-04 
142.400000 -6.3733481359899008e-04 
142.600000 -6.3733481486717702e-04 
142.800000 -6.3733481607892994e-04 
143.000000 -6.3733481724218000e-04 
143.200000 -6.3733481836333872e-04 
143.400000 -6.3733481943019366e-04 
143.600000 -6.3733482045603973e-04 
143.800000 -6.3733482144056469e-04 
144.000000 -6.3733482237547656e-04 
144.200000 -6.3733482328124508e-04 
144.400000 -6.3733482414046749e-04 
144.600000 -6.3733482496536320e-04 
144.800000 -6.3733482575647343e-04 
145.000000 -6.3733482650538825e-04 
145.200000 -6.3733482722646423e-04 
145.400000 -6.3733482791204082e-04 
145.600000 -6.3733482856297152e-04 
145.800000 -6.3733482919269696e-04 
146.000000 -6.3733482978751976e-04 
146.200000 -6.3733483035788990e-04 
146.400000 -6.3733483089933873e-04 
146.600000 -6.3733483141998476e-04 
146.800000 -6.3733483191180662e-04 
147.000000 -6.3733483237682353e-04 
147.200000 -6.3733483282046172e-04 
147.400000 -6.3733483323046708e-04 
147.600000 -6.3733483362340276e-04 
147.800000 -6.3733483399414786e-04 
148.000000 -6.3733483433939947e-04 
148.200000 -6.3733483467093288e-04 
148.400000 -6.3733483500077320e-04 
148.600000 -6.3733483530668822e-04 
148.800000 -6.3733483558423704e-04 
149.000000 -6.3733483582902040e-04 
149.200000 -6.3733483605699776e-04 
149.400000 -6.3733483625746934e-04 
149.600000 -6.3733483645309758e-04 
149.800000 -6.3733483661979062e-04 
