0.000000 6.0904045261828462e-03 
0.200000 6.0906172256726641e-03 
0.400000 6.0915371765604851e-03 
0.600000 6.0936790892716806e-03 
0.800000 6.0974953106735456e-03 
1.000000 6.1033759206849617e-03 
1.200000 6.1116640087738837e-03 
1.400000 6.1226652904848534e-03 
1.600000 6.1366497155770552e-03 
1.800000 6.1538653827174798e-03 
2.000000 6.1745426327537226e-03 
2.200000 6.1988976636629251e-03 
2.400000 6.2271331335701507e-03 
2.600000 6.2594388090959231e-03 
2.800000 6.2959986131279101e-03 
3.000000 6.3369919550999715e-03 
3.200000 6.3825935241423586e-03 
3.400000 6.4329887275653402e-03 
3.600000 6.4883558945035150e-03 
3.800000 6.5488700816533213e-03 
4.000000 6.6147080456709943e-03 
4.200000 6.6860527363608825e-03 
4.400000 6.7630946232983451e-03 
4.600000 6.8460330065971573e-03 
4.800000 6.9350758901022859e-03 
5.000000 7.0304432047834887e-03 
5.200000 7.1323675285886508e-03 
5.400000 7.2410953320133416e-03 
5.600000 7.3568872226455195e-03 
5.800000 7.4800205423282218e-03 
6.000000 7.6107899429412960e-03 
6.200000 7.7495081343585421e-03 
6.400000 7.8965076248486334e-03 
6.600000 8.0521418010764661e-03 
6.800000 8.2167867347971539e-03 
7.000000 8.3908424364509734e-03 
7.200000 8.5747351636333725e-03 
7.400000 8.7689190787035663e-03 
7.600000 8.9738781642816554e-03 
7.800000 9.1901280266697433e-03 
8.000000 9.4182183223802708e-03 
8.200000 9.6587349077763458e-03 
8.400000 9.9123022258325935e-03 
8.600000 1.0179585718373888e-02 
8.800000 1.0461294714776298e-02 
9.000000 1.0758185209525052e-02 
9.200000 1.1071062844288987e-02 
9.400000 1.1400786318081097e-02 
9.600000 1.1748270838835352e-02 
9.800000 1.2114491824505446e-02 
10.000000 1.2500488754598957e-02 
10.200000 1.2907369403231474e-02 
10.400000 1.3336314254678306e-02 
10.600000 1.3788581205314353e-02 
10.800000 1.4265510507259098e-02 
11.000000 1.4768530049859134e-02 
11.200000 1.5299160865623614e-02 
11.400000 1.5859022934005224e-02 
11.600000 1.6449841256537291e-02 
11.800000 1.7073452262330917e-02 
12.000000 1.7731810460974190e-02 
12.200000 1.8426995377047083e-02 
12.400000 1.9161218779002204e-02 
12.600000 1.9936832135621550e-02 
12.800000 2.0756334305449344e-02 
13.000000 2.1622379415259088e-02 
13.200000 2.2537784910227142e-02 
13.400000 2.3505539696057634e-02 
13.600000 2.4528812326211819e-02 
13.800000 2.5610959153206408e-02 
14.000000 2.6755532366278648e-02 
14.200000 2.7966287794238924e-02 
14.400000 2.9247192358463632e-02 
14.600000 3.0602431030446717e-02 
14.800000 3.2036413137317352e-02 
15.000000 3.3553777818552843e-02 
15.200000 3.5159398427968017e-02 
15.400000 3.6858385649560524e-02 
15.600000 3.8656089058595543e-02 
15.800000 4.0558096843752472e-02 
16.000000 4.2570233375838352e-02 
16.200000 4.4698554288898192e-02 
16.400000 4.6949338712126157e-02 
16.600000 4.9329078277655841e-02 
16.800000 5.1844462515293989e-02 
17.000000 5.4502360240827254e-02 
17.200000 5.7309796544045263e-02 
17.400000 6.0273924998109622e-02 
17.600000 6.3401994736581480e-02 
17.800000 6.6701312084882933e-02 
18.000000 7.0179196486714723e-02 
18.200000 7.3842930541181739e-02 
18.400000 7.7699704059535371e-02 
18.600000 8.1756552161354273e-02 
18.800000 8.6020287564158471e-02 
19.000000 9.0497427372514913e-02 
19.200000 9.5194114843682440e-02 
19.400000 1.0011603679218165e-01 
19.600000 1.0526833749365011e-01 
19.800000 1.1065553015260460e-01 
20.000000 1.1628140720321711e-01 
20.200000 1.2214895090893498e-01 
20.400000 1.2826024590802565e-01 
20.600000 1.3461639550774146e-01 
20.800000 1.4121744364991076e-01 
21.000000 1.4806230454516714e-01 
21.200000 1.5514870199288808e-01 
21.400000 1.6247312036061842e-01 
21.600000 1.7003076908351022e-01 
21.800000 1.7781556235815418e-01 
22.000000 1.8582011544518937e-01 
22.200000 1.9403575866451656e-01 
22.400000 2.0245256977322842e-01 
22.600000 2.1105942497093791e-01 
22.800000 2.1984406829544592e-01 
23.000000 2.2879319867191575e-01 
23.200000 2.3789257338171885e-01 
23.400000 2.4712712624475947e-01 
23.600000 2.5648109838275435e-01 
23.800000 2.6593817907031941e-01 
24.000000 2.7548165390237117e-01 
24.200000 2.8509455732263000e-01 
24.400000 2.9475982647630727e-01 
24.600000 3.0446045337182503e-01 
24.800000 3.1417963245845987e-01 
25.000000 3.2390090093999130e-01 
25.200000 3.3360826943621863e-01 
25.400000 3.4328634095824068e-01 
25.600000 3.5292041656165996e-01 
25.800000 3.6249658646569077e-01 
26.000000 3.7200180585684722e-01 
26.200000 3.8142395501668724e-01 
26.400000 3.9075188380908671e-01 
26.600000 3.9997544092165366e-01 
26.800000 4.0908548856917198e-01 
27.000000 4.1807390362828822e-01 
27.200000 4.2693356637916702e-01 
27.400000 4.3565833818096034e-01 
27.600000 4.4424302950580308e-01 
27.800000 4.5268335980414642e-01 
28.000000 4.6097591067797189e-01 
28.200000 4.6911807380359932e-01 
28.400000 4.7710799497915124e-01 
28.600000 4.8494451557980506e-01 
28.800000 4.9262711259351644e-01 
29.000000 5.0015583828669208e-01 
29.200000 5.0753126041927654e-01 
29.400000 5.1475440379628856e-01 
29.600000 5.2182669381239200e-01 
29.800000 5.2874990252057930e-01 
30.000000 5.3552609763824299e-01 
30.200000 5.4215759479526515e-01 
30.400000 5.4864691323096715e-01 
30.600000 5.5499673505972669e-01 
30.800000 5.6120986814984297e-01 
31.000000 5.6728921259573750e-01 
31.200000 5.7323773071020945e-01 
31.400000 5.7905842041983946e-01 
31.600000 5.8475429191246342e-01 
31.800000 5.9032834735976569e-01 
32.000000 5.9578356351958395e-01 
32.200000 6.0112287701058109e-01 
32.400000 6.0634917204554328e-01 
32.600000 6.1146527040786258e-01 
32.800000 6.1647392345795871e-01 
33.000000 6.2137780596166348e-01 
33.200000 6.2617951154033769e-01 
33.400000 6.3088154955214970e-01 
33.600000 6.3548634322487008e-01 
33.800000 6.3999622887241303e-01 
34.000000 6.4441345603977318e-01 
34.200000 6.4874018843367953e-01 
34.400000 6.5297850550880465e-01 
34.600000 6.5713040459188021e-01 
34.800000 6.6119780343792922e-01 
35.000000 6.6518254312437430e-01 
35.200000 6.6908639119962143e-01 
35.400000 6.7291104501288579e-01 
35.600000 6.7665813516155260e-01 
35.800000 6.8032922900104009e-01 
36.000000 6.8392583417023256e-01 
36.200000 6.8744940209273098e-01 
36.400000 6.9090133142087096e-01 
36.600000 6.9428297139523287e-01 
36.800000 6.9759562509776907e-01 
37.000000 7.0084055258122857e-01 
37.200000 7.0401897386167989e-01 
37.400000 7.0713207176458548e-01 
37.600000 7.1018099461788631e-01 
37.800000 7.1316685878827668e-01 
38.000000 7.1609075105909836e-01 
38.200000 7.1895373085021586e-01 
38.400000 7.2175683228183196e-01 
38.600000 7.2450106608547016e-01 
38.800000 7.2718742136650760e-01 
39.000000 7.2981686722338401e-01 
39.200000 7.3239035422932997e-01 
39.400000 7.3490881578293632e-01 
39.600000 7.3737316933417874e-01 
39.800000 7.3978431749280926e-01 
40.000000 7.4214314902604606e-01 
40.200000 7.4445053975260633e-01 
40.400000 7.4670735333998539e-01 
40.600000 7.4891444201188750e-01 
40.800000 7.5107264717238387e-01 
41.000000 7.5318279995337489e-01 
41.200000 7.5524572169151505e-01 
41.400000 7.5726222434061530e-01 
41.600000 7.5923311082520573e-01 
41.800000 7.6115917534071909e-01 
42.000000 7.6304120360534544e-01 
42.200000 7.6487997306844102e-01 
42.400000 7.6667625307999532e-01 
42.600000 7.6843080502538419e-01 
42.800000 7.7014438242936289e-01 
43.000000 7.7181773103298112e-01 
43.200000 7.7345158884676279e-01 
43.400000 7.7504668618333705e-01 
43.600000 7.7660374567236312e-01 
43.800000 7.7812348226041150e-01 
44.000000 7.7960660319819675e-01 
44.200000 7.8105380801738833e-01 
44.400000 7.8246578849894233e-01 
44.600000 7.8384322863483913e-01 
44.800000 7.8518680458475598e-01 
45.000000 7.8649718462922635e-01 
45.200000 7.8777502912053243e-01 
45.400000 7.8902099043249252e-01 
45.600000 7.9023571291020156e-01 
45.800000 7.9141983282058070e-01 
46.000000 7.9257397830457776e-01 
46.200000 7.9369876933164329e-01 
46.400000 7.9479481765710547e-01 
46.600000 7.9586272678293635e-01 
46.800000 7.9690309192231856e-01 
47.000000 7.9791649996835601e-01 
47.200000 7.9890352946723320e-01 
47.400000 7.9986475059600348e-01 
47.600000 8.0080072514521283e-01 
47.800000 8.0171200650642782e-01 
48.000000 8.0259913966481333e-01 
48.200000 8.0346266119671883e-01 
48.400000 8.0430309927232679e-01 
48.600000 8.0512097366332136e-01 
48.800000 8.0591679575552944e-01 
49.000000 8.0669106856643324e-01 
49.200000 8.0744428676749436e-01 
49.400000 8.0817693671114399e-01 
49.600000 8.0888949646235397e-01 
49.800000 8.0958243583457179e-01 
50.000000 8.1025621642997614e-01 
50.200000 8.1091129168380216e-01 
50.400000 8.1154810691261936e-01 
50.600000 8.1216709936639964e-01 
50.800000 8.1276869828416498e-01 
51.000000 8.1335332495308033e-01 
51.200000 8.1392139277081132e-01 
51.400000 8.1447330731093015e-01 
51.600000 8.1500946639126770e-01 
51.800000 8.1553026014496766e-01 
52.000000 8.1603607109413234e-01 
52.200000 8.1652727422583615e-01 
52.400000 8.1700423707038372e-01 
52.600000 8.1746731978165732e-01 
52.800000 8.1791687521933787e-01 
53.000000 8.1835324903292950e-01 
53.200000 8.1877677974735108e-01 
53.400000 8.1918779885003490e-01 
53.600000 8.1958663087933870e-01 
53.800000 8.1997359351414256e-01 
54.000000 8.2034899766451741e-01 
54.200000 8.2071314756334357e-01 
54.400000 8.2106634085872132e-01 
54.600000 8.2140886870711272e-01 
54.800000 8.2174101586705905e-01 
55.000000 8.2206306079338465e-01 
55.200000 8.2237527573180669e-01 
55.400000 8.2267792681380247e-01 
55.600000 8.2297127415169757e-01 
55.800000 8.2325557193386134e-01 
56.000000 8.2353106851991487e-01 
56.200000 8.2379800653589652e-01 
56.400000 8.2405662296929583e-01 
56.600000 8.2430714926388637e-01 
56.800000 8.2454981141428774e-01 
57.000000 8.2478483006020986e-01 
57.200000 8.2501242058027591e-01 
57.400000 8.2523279318543452e-01 
57.600000 8.2544615301183055e-01 
57.800000 8.2565270021315407e-01 
58.000000 8.2585263005236398e-01 
58.200000 8.2604613299278584e-01 
58.400000 8.2623339478850666e-01 
58.600000 8.2641459657405758e-01 
58.800000 8.2658991495331624e-01 
59.000000 8.2675952208763159e-01 
59.200000 8.2692358578311076e-01 
59.400000 8.2708226957704689e-01 
59.600000 8.2723573282346941e-01 
59.800000 8.2738413077776995e-01 
60.000000 8.2752761468042912e-01 
60.200000 8.2766633183974536e-01 
60.400000 8.2780042571362700e-01 
60.600000 8.2793003599036874e-01 
60.800000 8.2805529866845395e-01 
61.000000 8.2817634613529945e-01 
61.200000 8.2829330724499384e-01 
61.400000 8.2840630739497723e-01 
61.600000 8.2851546860168490e-01 
61.800000 8.2862090957510703e-01 
62.000000 8.2872274579229632e-01 
62.200000 8.2882108956977818e-01 
62.400000 8.2891605013492375e-01 
62.600000 8.2900773369617664e-01 
62.800000 8.2909624351224742e-01 
63.000000 8.2918167996019132e-01 
63.200000 8.2926414060240317e-01 
63.400000 8.2934372025251557e-01 
63.600000 8.2942051104022740e-01 
63.800000 8.2949460247501172e-01 
64.000000 8.2956608150878575e-01 
64.200000 8.2963503259744475e-01 
64.400000 8.2970153776136479e-01 
64.600000 8.2976567664480849e-01 
64.800000 8.2982752657426739e-01 
65.000000 8.2988716261573325e-01 
65.200000 8.2994465763094183e-01 
65.400000 8.3000008233252509e-01 
65.600000 8.3005350533815925e-01 
65.800000 8.3010499322365872e-01 
66.000000 8.3015461057504103e-01 
66.200000 8.3020242003959843e-01 
66.400000 8.3024848237591586e-01 
66.600000 8.3029285650294593e-01 
66.800000 8.3033559954804492e-01 
67.000000 8.3037676689406104e-01 
67.200000 8.3041641222543527e-01 
67.400000 8.3045458757335155e-01 
67.600000 8.3049134335993546e-01 
67.800000 8.3052672844151809e-01 
68.000000 8.3056079015097617e-01 
68.200000 8.3059357433914949e-01 
68.400000 8.3062512541535705e-01 
68.600000 8.3065548638703279e-01 
68.800000 8.3068469889846752e-01 
69.000000 8.3071280326870234e-01 
69.200000 8.3073983852853550e-01 
69.400000 8.3076584245672058e-01 
69.600000 8.3079085161531441e-01 
69.800000 8.3081490138420699e-01 
70.000000 8.3083802599486223e-01 
70.200000 8.3086025856323620e-01 
70.400000 8.3088163112195190e-01 
70.600000 8.3090217465166516e-01 
70.800000 8.3092191911171343e-01 
71.000000 8.3094089346998579e-01 
71.200000 8.3095912573210062e-01 
71.400000 8.3097664296983031e-01 
71.600000 8.3099347134884649e-01 
71.800000 8.3100963615574430e-01 
72.000000 8.3102516182443054e-01 
72.200000 8.3104007196179097e-01 
72.400000 8.3105438937275000e-01 
72.600000 8.3106813608465124e-01 
72.800000 8.3108133337103030e-01 
73.000000 8.3109400177475334e-01 
73.200000 8.3110616113056046e-01 
73.400000 8.3111783058701327e-01 
73.600000 8.3112902862784843e-01 
73.800000 8.3113977309277098e-01 
74.000000 8.3115008119768941e-01 
74.200000 8.3115996955439653e-01 
74.400000 8.3116945418971433e-01 
74.600000 8.3117855056412215e-01 
74.800000 8.3118727358985689e-01 
75.000000 8.3119563764853044e-01 
75.200000 8.3120365660823714e-01 
75.400000 8.3121134384018913e-01 
75.600000 8.3121871223488686e-01 
75.800000 8.3122577421781296e-01 
76.000000 8.3123254176470074e-01 
76.200000 8.3123902641634573e-01 
76.400000 8.3124523929299399e-01 
76.600000 8.3125119110831835e-01 
76.800000 8.3125689218298005e-01 
77.000000 8.3126235245778968e-01 
77.200000 8.3126758150647850e-01 
77.400000 8.3127258854810893e-01 
77.600000 8.3127738245908811e-01 
77.800000 8.3128197178483310e-01 
78.000000 8.3128636475107809e-01 
78.200000 8.3129056927485623e-01 
78.400000 8.3129459297511954e-01 
78.600000 8.3129844318305179e-01 
78.800000 8.3130212695206074e-01 
79.000000 8.3130565106744947e-01 
79.200000 8.3130902205580448e-01 
79.400000 8.3131224619407618e-01 
79.600000 8.3131532951837517e-01 
79.800000 8.3131827783249845e-01 
80.000000 8.3132109671617882e-01 
80.200000 8.3132379153306002e-01 
80.400000 8.3132636743845645e-01 
80.600000 8.3132882938679353e-01 
80.800000 8.3133118213888524e-01 
81.000000 8.3133343026891415e-01 
81.200000 8.3133557817121750e-01 
81.400000 8.3133763006683281e-01 
81.600000 8.3133959000983682e-01 
81.800000 8.3134146189347402e-01 
82.000000 8.3134324945607541e-01 
82.200000 8.3134495628678462e-01 
82.400000 8.3134658583108978e-01 
82.600000 8.3134814139616586e-01 
82.800000 8.3134962615604513e-01 
83.000000 8.3135104315660391e-01 
83.200000 8.3135239532037020e-01 
83.400000 8.3135368545119204e-01 
83.600000 8.3135491623872337e-01 
83.800000 8.3135609026275625e-01 
84.000000 8.3135720999741536e-01 
84.200000 8.3135827781518812e-01 
84.400000 8.3135929599083314e-01 
84.600000 8.3136026670513330e-01 
84.800000 8.3136119204853076e-01 
85.000000 8.3136207402461793e-01 
85.200000 8.3136291455352207e-01 
85.400000 8.3136371547515242e-01 
85.600000 8.3136447855234163e-01 
85.800000 8.3136520547386239e-01 
86.000000 8.3136589785735837e-01 
86.200000 8.3136655725212960e-01 
86.400000 8.3136718514186647e-01 
86.600000 8.3136778294723168e-01 
86.800000 8.3136835202838177e-01 
87.000000 8.3136889368739653e-01 
87.200000 8.3136940917059199e-01 
87.400000 8.3136989967077057e-01 
87.600000 8.3137036632938144e-01 
87.800000 8.3137081023859505e-01 
88.000000 8.3137123244330990e-01 
88.200000 8.3137163394306346e-01 
88.400000 8.3137201569390484e-01 
88.600000 8.3137237861015556e-01 
88.800000 8.3137272356614145e-01 
89.000000 8.3137305139782480e-01 
89.200000 8.3137336290439623e-01 
89.400000 8.3137365884980552e-01 
89.600000 8.3137393996421771e-01 
89.800000 8.3137420694542019e-01 
90.000000 8.3137446046018160e-01 
90.200000 8.3137470114555079e-01 
90.400000 8.3137492961010218e-01 
90.600000 8.3137514643514709e-01 
90.800000 8.3137535217587133e-01 
91.000000 8.3137554736245589e-01 
91.200000 8.3137573250113450e-01 
91.400000 8.3137590807521489e-01 
91.600000 8.3137607454605778e-01 
91.800000 8.3137623235402569e-01 
92.000000 8.3137638191937513e-01 
92.200000 8.3137652364313130e-01 
92.400000 8.3137665790791526e-01 
92.600000 8.3137678507874435e-01 
92.800000 8.3137690550379939e-01 
93.000000 8.3137701951515186e-01 
93.200000 8.3137712742947700e-01 
93.400000 8.3137722954872295e-01 
93.600000 8.3137732616074933e-01 
93.800000 8.3137741753997807e-01 
94.000000 8.3137750394795273e-01 
94.200000 8.3137758563392317e-01 
94.400000 8.3137766283539738e-01 
94.600000 8.3137773577866081e-01 
94.800000 8.3137780467927369e-01 
95.000000 8.3137786974255190e-01 
95.200000 8.3137793116403347e-01 
95.400000 8.3137798912991012e-01 
95.600000 8.3137804381745684e-01 
95.800000 8.3137809539543361e-01 
96.000000 8.3137814402446220e-01 
96.200000 8.3137818985741962e-01 
96.400000 8.3137823303976355e-01 
96.600000 8.3137827370989059e-01 
96.800000 8.3137831199945156e-01 
97.000000 8.3137834803367328e-01 
97.200000 8.3137838193163649e-01 
97.400000 8.3137841380657274e-01 
97.600000 8.3137844376613756e-01 
97.800000 8.3137847191265757e-01 
98.000000 8.3137849834339073e-01 
98.200000 8.3137852315075911e-01 
98.400000 8.3137854642257214e-01 
98.600000 8.3137856824224987e-01 
98.800000 8.3137858868902181e-01 
99.000000 8.3137860783812922e-01 
99.200000 8.3137862576102162e-01 
99.400000 8.3137864252551785e-01 
99.600000 8.3137865819599999e-01 
99.800000 8.3137867283355948e-01 
100.000000 8.3137868649616919e-01 
100.200000 8.3137869923882246e-01 
100.400000 8.3137871111368644e-01 
100.600000 8.3137872217022679e-01 
100.800000 8.3137873245534544e-01 
101.000000 8.3137874201350948e-01 
101.200000 8.3137875088686075e-01 
101.400000 8.3137875911533032e-01 
101.600000 8.3137876673675470e-01 
101.800000 8.3137877378696745e-01 
102.000000 8.3137878029991319e-01 
102.200000 8.3137878630771711e-01 
102.400000 8.3137879184080077e-01 
102.600000 8.3137879692795080e-01 
102.800000 8.3137880159640720e-01 
103.000000 8.3137880587193236e-01 
103.200000 8.3137880977890022e-01 
103.400000 8.3137881334034303e-01 
103.600000 8.3137881657804891e-01 
103.800000 8.3137881951259385e-01 
104.000000 8.3137882216342185e-01 
104.200000 8.3137882454890732e-01 
104.400000 8.3137882668638996e-01 
104.600000 8.3137882859224221e-01 
104.800000 8.3137883028191117e-01 
105.000000 8.3137883176998140e-01 
105.200000 8.3137883307019111e-01 
105.400000 8.3137883419551395e-01 
105.600000 8.3137883515815858e-01 
105.800000 8.3137883596964346e-01 
106.000000 8.3137883664080625e-01 
106.200000 8.3137883718185923e-01 
106.400000 8.3137883760240983e-01 
106.600000 8.3137883791149791e-01 
106.800000 8.3137883811762936e-01 
107.000000 8.3137883822879033e-01 
107.200000 8.3137883825249548e-01 
107.400000 8.3137883819579739e-01 
107.600000 8.3137883806531776e-01 
107.800000 8.3137883786727251e-01 
108.000000 8.3137883760748577e-01 
108.200000 8.3137883729142525e-01 
108.400000 8.3137883692420378e-01 
108.600000 8.3137883651061706e-01 
108.800000 8.3137883605514828e-01 
109.000000 8.3137883556199010e-01 
109.200000 8.3137883503506316e-01 
109.400000 8.3137883447802552e-01 
109.600000 8.3137883389429301e-01 
109.800000 8.3137883328705275e-01 
110.000000 8.3137883265926815e-01 
110.200000 8.3137883201370477e-01 
110.400000 8.3137883135293122e-01 
110.600000 8.3137883067933505e-01 
110.800000 8.3137882999512858e-01 
111.000000 8.3137882930237184e-01 
111.200000 8.3137882860296541e-01 
111.400000 8.3137882789866591e-01 
111.600000 8.3137882719110345e-01 
111.800000 8.3137882648177408e-01 
112.000000 8.3137882577206046e-01 
112.200000 8.3137882506322947e-01 
112.400000 8.3137882435645083e-01 
112.600000 8.3137882365278404e-01 
112.800000 8.3137882295320820e-01 
113.000000 8.3137882225860826e-01 
113.200000 8.3137882156979603e-01 
113.400000 8.3137882088750326e-01 
113.600000 8.3137882021238452e-01 
113.800000 8.3137881954504278e-01 
114.000000 8.3137881888600740e-01 
114.200000 8.3137881823575377e-01 
114.400000 8.3137881759470023e-01 
114.600000 8.3137881696322569e-01 
114.800000 8.3137881634164623e-01 
115.000000 8.3137881573025030e-01 
115.200000 8.3137881512927236e-01 
115.400000 8.3137881453891971e-01 
115.600000 8.3137881395935476e-01 
115.800000 8.3137881339071817e-01 
116.000000 8.3137881283311210e-01 
116.200000 8.3137881228661459e-01 
116.400000 8.3137881175127859e-01 
116.600000 8.3137881122713109e-01 
116.800000 8.3137881071417985e-01 
117.000000 8.3137881021240989e-01 
117.200000 8.3137880972179201e-01 
117.400000 8.3137880924227614e-01 
117.600000 8.3137880877379566e-01 
117.800000 8.3137880831627653e-01 
118.000000 8.3137880786962670e-01 
118.200000 8.3137880743374237e-01 
118.400000 8.3137880700851441e-01 
118.600000 8.3137880659381669e-01 
118.800000 8.3137880618952009e-01 
119.000000 8.3137880579548540e-01 
119.200000 8.3137880541157250e-01 
119.400000 8.3137880503762696e-01 
119.600000 8.3137880467349301e-01 
119.800000 8.3137880431901023e-01 
120.000000 8.3137880397401831e-01 
120.200000 8.3137880363834527e-01 
120.400000 8.3137880331182634e-01 
120.600000 8.3137880299428579e-01 
120.800000 8.3137880268554931e-01 
121.000000 8.3137880238544670e-01 
121.200000 8.3137880209380166e-01 
121.400000 8.3137880181043022e-01 
121.600000 8.3137880153516752e-01 
121.800000 8.3137880126782870e-01 
122.000000 8.3137880100824413e-01 
122.200000 8.3137880075623538e-01 
122.400000 8.3137880051162971e-01 
122.600000 8.3137880027425448e-01 
122.800000 8.3137880004393871e-01 
123.000000 8.3137879982051288e-01 
123.200000 8.3137879960380789e-01 
123.400000 8.3137879939366055e-01 
123.600000 8.3137879918990654e-01 
123.800000 8.3137879899238198e-01 
124.000000 8.3137879880092769e-01 
124.200000 8.3137879861538788e-01 
124.400000 8.3137879843560858e-01 
124.600000 8.3137879826143812e-01 
124.800000 8.3137879809272441e-01 
125.000000 8.3137879792932134e-01 
125.200000 8.3137879777108437e-01 
125.400000 8.3137879761787448e-01 
125.600000 8.3137879746954901e-01 
125.800000 8.3137879732597431e-01 
126.000000 8.3137879718701857e-01 
126.200000 8.3137879705254902e-01 
126.400000 8.3137879692243499e-01 
126.600000 8.3137879679655746e-01 
126.800000 8.3137879667479131e-01 
127.000000 8.3137879655701463e-01 
127.200000 8.3137879644311485e-01 
127.400000 8.3137879633297695e-01 
127.600000 8.3137879622648714e-01 
127.800000 8.3137879612353882e-01 
128.000000 8.3137879602402553e-01 
128.200000 8.3137879592784170e-01 
128.400000 8.3137879583488961e-01 
128.600000 8.3137879574507090e-01 
128.800000 8.3137879565828487e-01 
129.000000 8.3137879557444494e-01 
129.200000 8.3137879549345628e-01 
129.400000 8.3137879541522941e-01 
129.600000 8.3137879533968062e-01 
129.800000 8.3137879526672520e-01 
130.000000 8.3137879519628066e-01 
130.200000 8.3137879512826685e-01 
130.400000 8.3137879506261003e-01 
130.600000 8.3137879499923184e-01 
130.800000 8.3137879493806166e-01 
131.000000 8.3137879487902666e-01 
131.200000 8.3137879482205912e-01 
131.400000 8.3137879476709164e-01 
131.600000 8.3137879471405629e-01 
131.800000 8.3137879466289610e-01 
132.000000 8.3137879461354602e-01 
132.200000 8.3137879456594621e-01 
132.400000 8.3137879452004071e-01 
132.600000 8.3137879447577201e-01 
132.800000 8.3137879443308649e-01 
133.000000 8.3137879439193019e-01 
133.200000 8.3137879435225415e-01 
133.400000 8.3137879431400630e-01 
133.600000 8.3137879427714290e-01 
133.800000 8.3137879424161099e-01 
134.000000 8.3137879420736960e-01 
134.200000 8.3137879417437599e-01 
134.400000 8.3137879414258509e-01 
134.600000 8.3137879411195592e-01 
134.800000 8.3137879408244986e-01 
135.000000 8.3137879405402748e-01 
135.200000 8.3137879402665227e-01 
135.400000 8.3137879400028725e-01 
135.600000 8.3137879397490011e-01 
135.800000 8.3137879395045311e-01 
136.000000 8.3137879392691627e-01 
136.200000 8.3137879390425362e-01 
136.400000 8.3137879388244296e-01 
136.600000 8.3137879386144553e-01 
136.800000 8.3137879384123758e-01 
137.000000 8.3137879382179181e-01 
137.200000 8.3137879380307889e-01 
137.400000 8.3137879378507162e-01 
137.600000 8.3137879376774970e-01 
137.800000 8.3137879375108681e-01 
138.000000 8.3137879373505674e-01 
138.200000 8.3137879371964107e-01 
138.400000 8.3137879370481560e-01 
138.600000 8.3137879369055712e-01 
138.800000 8.3137879367685186e-01 
139.000000 8.3137879366367440e-01 
139.200000 8.3137879365100420e-01 
139.400000 8.3137879363882927e-01 
139.600000 8.3137879362712597e-01 
139.800000 8.3137879361587852e-01 
140.000000 8.3137879360507605e-01 
140.200000 8.3137879359469491e-01 
140.400000 8.3137879358472200e-01 
140.600000 8.3137879357514555e-01 
140.800000 8.3137879356594890e-01 
141.000000 8.3137879355711430e-01 
141.200000 8.3137879354863486e-01 
141.400000 8.3137879354049549e-01 
141.600000 8.3137879353268129e-01 
141.800000 8.3137879352518440e-01 
142.000000 8.3137879351799082e-01 
142.200000 8.3137879351108768e-01 
142.400000 8.3137879350446997e-01 
142.600000 8.3137879349812138e-01 
142.800000 8.3137879349203525e-01 
143.000000 8.3137879348620181e-01 
143.200000 8.3137879348061128e-01 
143.400000 8.3137879347525268e-01 
143.600000 8.3137879347012189e-01 
143.800000 8.3137879346520727e-01 
144.000000 8.3137879346050247e-01 
144.200000 8.3137879345600207e-01 
144.400000 8.3137879345169141e-01 
144.600000 8.3137879344757193e-01 
144.800000 8.3137879344363252e-01 
145.000000 8.3137879343986887e-01 
145.200000 8.3137879343627263e-01 
145.400000 8.3137879343283827e-01 
145.600000 8.3137879342956045e-01 
145.800000 8.3137879342643672e-01 
146.000000 8.3137879342345522e-01 
146.200000 8.3137879342061816e-01 
146.400000 8.3137879341791454e-01 
146.600000 8.3137879341534426e-01 
146.800000 8.3137879341289833e-01 
147.000000 8.3137879341057519e-01 
147.200000 8.3137879340837173e-01 
147.400000 8.3137879340628740e-01 
147.600000 8.3137879340431464e-01 
147.800000 8.3137879340245158e-01 
148.000000 8.3137879340069576e-01 
148.200000 8.3137879339904119e-01 
148.400000 8.3137879339748622e-01 
148.600000 8.3137879339602361e-01 
148.800000 8.3137879339465404e-01 
149.000000 8.3137879339337273e-01 
149.200000 8.3137879339217358e-01 
149.400000 8.3137879339105780e-01 
149.600000 8.3137879339001686e-01 
149.800000 8.3137879338905341e-01 
