0.000000 6.0895096499350770e-03 
0.200000 6.0896642280109910e-03 
0.400000 6.0904158775265853e-03 
0.600000 6.0922948137191839e-03 
0.800000 6.0957578095029562e-03 
1.000000 6.1012108863832751e-03 
1.200000 6.1090114638059816e-03 
1.400000 6.1194684346198343e-03 
1.600000 6.1328541773886533e-03 
1.800000 6.1494221828477923e-03 
2.000000 6.1694102298144888e-03 
2.200000 6.1930345678055899e-03 
2.400000 6.2204976925390220e-03 
2.600000 6.2519934183518930e-03 
2.800000 6.2877074570850521e-03 
3.000000 6.3278181124238860e-03 
3.200000 6.3725006709216521e-03 
3.400000 6.4219386339402253e-03 
3.600000 6.4763145033759177e-03 
3.800000 6.5358009773586129e-03 
4.000000 6.6005752911979694e-03 
4.200000 6.6708201693739038e-03 
4.400000 6.7467234173572465e-03 
4.600000 6.8284818802890820e-03 
4.800000 6.9163023222746662e-03 
5.000000 7.0104028318089704e-03 
5.200000 7.1110126961086038e-03 
5.400000 7.2183752506729364e-03 
5.600000 7.3327486095862140e-03 
5.800000 7.4544068945084476e-03 
6.000000 7.5836406482846890e-03 
6.200000 7.7207591222473535e-03 
6.400000 7.8660909468223020e-03 
6.600000 8.0199853523604484e-03 
6.800000 8.1828134524150851e-03 
7.000000 8.3549705894436933e-03 
7.200000 8.5368777978681101e-03 
7.400000 8.7289833811396329e-03 
7.600000 8.9317651966445543e-03 
7.800000 9.1457325067447592e-03 
8.000000 9.3714281127574520e-03 
8.200000 9.6094303992708789e-03 
8.400000 9.8603559259292164e-03 
8.600000 1.0124861853639373e-02 
8.800000 1.0403648601921578e-02 
9.000000 1.0697462586343208e-02 
9.200000 1.1007099374605660e-02 
9.400000 1.1333406882593267e-02 
9.600000 1.1677288829243872e-02 
9.800000 1.2039708334757935e-02 
10.000000 1.2421691873450443e-02 
10.200000 1.2824333342074445e-02 
10.400000 1.3248798407936760e-02 
10.600000 1.3696329213278976e-02 
10.800000 1.4168249272589074e-02 
11.000000 1.4665968665087065e-02 
11.200000 1.5190989475125866e-02 
11.400000 1.5744911569485719e-02 
11.600000 1.6329438620546057e-02 
11.800000 1.6946384428609344e-02 
12.000000 1.7597679518724707e-02 
12.200000 1.8285378049302983e-02 
12.400000 1.9011664966388422e-02 
12.600000 1.9778863417859210e-02 
12.800000 2.0589442392264935e-02 
13.000000 2.1446024580112997e-02 
13.200000 2.2351394382429852e-02 
13.400000 2.3308506034440853e-02 
13.600000 2.4320491797781014e-02 
13.800000 2.5390670126145397e-02 
14.000000 2.6522553730170387e-02 
14.200000 2.7719857433378920e-02 
14.400000 2.8986505709780671e-02 
14.600000 3.0326639752531210e-02 
14.800000 3.1744623920278575e-02 
15.000000 3.3245051377234089e-02 
15.200000 3.4832748726327634e-02 
15.400000 3.6512779397988346e-02 
15.600000 3.8290445541349090e-02 
15.800000 4.0171288134430785e-02 
16.000000 4.2161085008211779e-02 
16.200000 4.4265846447559327e-02 
16.400000 4.6491808016494905e-02 
16.600000 4.8845420237099424e-02 
16.800000 5.1333334732076713e-02 
17.000000 5.3962386438336743e-02 
17.200000 5.6739571497652790e-02 
17.400000 5.9672020443152909e-02 
17.600000 6.2766966320493597e-02 
17.800000 6.6031707421014982e-02 
18.000000 6.9473564356267517e-02 
18.200000 7.3099831273766250e-02 
18.400000 7.6917721101337461e-02 
18.600000 8.0934304817109115e-02 
18.800000 8.5156444870945300e-02 
19.000000 8.9590723032095254e-02 
19.200000 9.4243363104089803e-02 
19.400000 9.9120149131784102e-02 
19.600000 1.0422633992145985e-01 
19.800000 1.0956658089740356e-01 
20.000000 1.1514481452383507e-01 
20.200000 1.2096419072014414e-01 
20.400000 1.2702697888248221e-01 
20.600000 1.3333448328588668e-01 
20.800000 1.3988696376913107e-01 
21.000000 1.4668356368899077e-01 
21.200000 1.5372224716192548e-01 
21.400000 1.6099974758068769e-01 
21.600000 1.6851152929459109e-01 
21.800000 1.7625176417067670e-01 
22.000000 1.8421332450742695e-01 
22.200000 1.9238779345558954e-01 
22.400000 2.0076549371872907e-01 
22.600000 2.0933553486998605e-01 
22.800000 2.1808587914542138e-01 
23.000000 2.2700342507655299e-01 
23.200000 2.3607410782550486e-01 
23.400000 2.4528301460721980e-01 
23.600000 2.5461451314602135e-01 
23.800000 2.6405239073878040e-01 
24.000000 2.7358000120117176e-01 
24.200000 2.8318041677033995e-01 
24.400000 2.9283658193496037e-01 
24.600000 3.0253146616516019e-01 
24.800000 3.1224821261742208e-01 
25.000000 3.2197028008569922e-01 
25.200000 3.3168157574727336e-01 
25.400000 3.4136657659505398e-01 
25.600000 3.5101043783899144e-01 
25.800000 3.6059908697947624e-01 
26.000000 3.7011930268637855e-01 
26.200000 3.7955877804135990e-01 
26.400000 3.8890616810306539e-01 
26.600000 3.9815112212205850e-01 
26.800000 4.0728430105525998e-01 
27.000000 4.1629738130163707e-01 
27.200000 4.2518304579834093e-01 
27.400000 4.3393496377851820e-01 
27.600000 4.4254776060016388e-01 
27.800000 4.5101697911299865e-01 
28.000000 4.5933903404242526e-01 
28.200000 4.6751116084187594e-01 
28.400000 4.7553136040401661e-01 
28.600000 4.8339834093385742e-01 
28.800000 4.9111145817944551e-01 
29.000000 4.9867065509478631e-01 
29.200000 5.0607640188049652e-01 
29.400000 5.1332963721542013e-01 
29.600000 5.2043171136134625e-01 
29.800000 5.2738433169620236e-01 
30.000000 5.3418951111162805e-01 
30.200000 5.4084951960034100e-01 
30.400000 5.4736683925851493e-01 
30.600000 5.5374412283944630e-01 
30.800000 5.5998415591697415e-01 
31.000000 5.6608982265076846e-01 
31.200000 5.7206407508984281e-01 
31.400000 5.7790990590534652e-01 
31.600000 5.8363032440760787e-01 
31.800000 5.8922833567497945e-01 
32.000000 5.9470692260220370e-01 
32.200000 6.0006903066285400e-01 
32.400000 6.0531755517295871e-01 
32.600000 6.1045533084040293e-01 
32.800000 6.1548512338613715e-01 
33.000000 6.2040962302798230e-01 
33.200000 6.2523143962507122e-01 
33.400000 6.2995309929035259e-01 
33.600000 6.3457704228926037e-01 
33.800000 6.3910562205435195e-01 
34.000000 6.4354110515810659e-01 
34.200000 6.4788567209867565e-01 
34.400000 6.5214141876597398e-01 
34.600000 6.5631035846798957e-01 
34.800000 6.6039442440921703e-01 
35.000000 6.6439547252477893e-01 
35.200000 6.6831528458464595e-01 
35.400000 6.7215557149288030e-01 
35.600000 6.7591797671625364e-01 
35.800000 6.7960407978564918e-01 
36.000000 6.8321539982169011e-01 
36.200000 6.8675339904353327e-01 
36.400000 6.9021948622645357e-01 
36.600000 6.9361502007993092e-01 
36.800000 6.9694131252323555e-01 
37.000000 7.0019963184044309e-01 
37.200000 7.0339120570083558e-01 
37.400000 7.0651722403450468e-01 
37.600000 7.0957884175600527e-01 
37.800000 7.1257718133178571e-01 
38.000000 7.1551333518937410e-01 
38.200000 7.1838836796835481e-01 
38.400000 7.2120331861475329e-01 
38.600000 7.2395920232189437e-01 
38.800000 7.2665701232183388e-01 
39.000000 7.2929772153242678e-01 
39.200000 7.3188228406569578e-01 
39.400000 7.3441163660375663e-01 
39.600000 7.3688669964889386e-01 
39.800000 7.3930837865457966e-01 
40.000000 7.4167756504447180e-01 
40.200000 7.4399513712631149e-01 
40.400000 7.4626196090774533e-01 
40.600000 7.4847889082092423e-01 
40.800000 7.5064677036255745e-01 
41.000000 7.5276643265597454e-01 
41.200000 7.5483870094146133e-01 
41.400000 7.5686438900090847e-01 
41.600000 7.5884430152251869e-01 
41.800000 7.6077923441106854e-01 
42.000000 7.6266997504887468e-01 
42.200000 7.6451730251237526e-01 
42.400000 7.6632198774890392e-01 
42.600000 7.6808479371792271e-01 
42.800000 7.6980647550077452e-01 
43.000000 7.7148778038259658e-01 
43.200000 7.7312944790991034e-01 
43.400000 7.7473220992702196e-01 
43.600000 7.7629679059420420e-01 
43.800000 7.7782390639029331e-01 
44.000000 7.7931426610220911e-01 
44.200000 7.8076857080362072e-01 
44.400000 7.8218751382476825e-01 
44.600000 7.8357178071532851e-01 
44.800000 7.8492204920194331e-01 
45.000000 7.8623898914192003e-01 
45.200000 7.8752326247444415e-01 
45.400000 7.8877552317047273e-01 
45.600000 7.8999641718237501e-01 
45.800000 7.9118658239423223e-01 
46.000000 7.9234664857362291e-01 
46.200000 7.9347723732557018e-01 
46.400000 7.9457896204927947e-01 
46.600000 7.9565242789817536e-01 
46.800000 7.9669823174366472e-01 
47.000000 7.9771696214298049e-01 
47.200000 7.9870919931141582e-01 
47.400000 7.9967551509918167e-01 
47.600000 8.0061647297301475e-01 
47.800000 8.0153262800274616e-01 
48.000000 8.0242452685282761e-01 
48.200000 8.0329270777893147e-01 
48.400000 8.0413770062958301e-01 
48.600000 8.0496002685281498e-01 
48.800000 8.0576019950782796e-01 
49.000000 8.0653872328153098e-01 
49.200000 8.0729609450990802e-01 
49.400000 8.0803280120409560e-01 
49.600000 8.0874932308103076e-01 
49.800000 8.0944613159854484e-01 
50.000000 8.1012368999475748e-01 
50.200000 8.1078245333160359e-01 
50.400000 8.1142286854233658e-01 
50.600000 8.1204537448285286e-01 
50.800000 8.1265040198664218e-01 
51.000000 8.1323837392320153e-01 
51.200000 8.1380970525975926e-01 
51.400000 8.1436480312609316e-01 
51.600000 8.1490406688230166e-01 
51.800000 8.1542788818933554e-01 
52.000000 8.1593665108214231e-01 
52.200000 8.1643073204521854e-01 
52.400000 8.1691050009044441e-01 
52.600000 8.1737631683701950e-01 
52.800000 8.1782853659332200e-01 
53.000000 8.1826750644059221e-01 
53.200000 8.1869356631822721e-01 
53.400000 8.1910704911058763e-01 
53.600000 8.1950828073515591e-01 
53.800000 8.1989758023191961e-01 
54.000000 8.2027525985383620e-01 
54.200000 8.2064162515825401e-01 
54.400000 8.2099697509920677e-01 
54.600000 8.2134160212040574e-01 
54.800000 8.2167579224884302e-01 
55.000000 8.2199982518892734e-01 
55.200000 8.2231397441700660e-01 
55.400000 8.2261850727620334e-01 
55.600000 8.2291368507146267e-01 
55.800000 8.2319976316473720e-01 
56.000000 8.2347699107020134e-01 
56.200000 8.2374561254943057e-01 
56.400000 8.2400586570646972e-01 
56.600000 8.2425798308271603e-01 
56.800000 8.2450219175154005e-01 
57.000000 8.2473871341260052e-01 
57.200000 8.2496776448575415e-01 
57.400000 8.2518955620456291e-01 
57.600000 8.2540429470927501e-01 
57.800000 8.2561218113927815e-01 
58.000000 8.2581341172496114e-01 
58.200000 8.2600817787894287e-01 
58.400000 8.2619666628659916e-01 
58.600000 8.2637905899590425e-01 
58.800000 8.2655553350649236e-01 
59.000000 8.2672626285793238e-01 
59.200000 8.2689141571720182e-01 
59.400000 8.2705115646526439e-01 
59.600000 8.2720564528282747e-01 
59.800000 8.2735503823513745e-01 
60.000000 8.2749948735589018e-01 
60.200000 8.2763914073016609e-01 
60.400000 8.2777414257641257e-01 
60.600000 8.2790463332742592e-01 
60.800000 8.2803074971034030e-01 
61.000000 8.2815262482559948e-01 
61.200000 8.2827038822488719e-01 
61.400000 8.2838416598802578e-01 
61.600000 8.2849408079882769e-01 
61.800000 8.2860025201986887e-01 
62.000000 8.2870279576621464e-01 
62.200000 8.2880182497804011e-01 
62.400000 8.2889744949222099e-01 
62.600000 8.2898977611278113e-01 
62.800000 8.2907890868031309e-01 
63.000000 8.2916494814024855e-01 
63.200000 8.2924799261008997e-01 
63.400000 8.2932813744553402e-01 
63.600000 8.2940547530549003e-01 
63.800000 8.2948009621604302e-01 
64.000000 8.2955208763329924e-01 
64.200000 8.2962153450516996e-01 
64.400000 8.2968851933207211e-01 
64.600000 8.2975312222655118e-01 
64.800000 8.2981542097183658e-01 
65.000000 8.2987549107933023e-01 
65.200000 8.2993340584505138e-01 
65.400000 8.2998923640500633e-01 
65.600000 8.3004305178953808e-01 
65.800000 8.3009491897662957e-01 
66.000000 8.3014490294417775e-01 
66.200000 8.3019306672124848e-01 
66.400000 8.3023947143832655e-01 
66.600000 8.3028417637655649e-01 
66.800000 8.3032723901600192e-01 
67.000000 8.3036871508291132e-01 
67.200000 8.3040865859602209e-01 
67.400000 8.3044712191189052e-01 
67.600000 8.3048415576929446e-01 
67.800000 8.3051980933266412e-01 
68.000000 8.3055413023462665e-01 
68.200000 8.3058716461758531e-01 
68.400000 8.3061895717443279e-01 
68.600000 8.3064955118834771e-01 
68.800000 8.3067898857173073e-01 
69.000000 8.3070730990424013e-01 
69.200000 8.3073455447000066e-01 
69.400000 8.3076076029394985e-01 
69.600000 8.3078596417735118e-01 
69.800000 8.3081020173250175e-01 
70.000000 8.3083350741660800e-01 
70.200000 8.3085591456488395e-01 
70.400000 8.3087745542286529e-01 
70.600000 8.3089816117793314e-01 
70.800000 8.3091806199011631e-01 
71.000000 8.3093718702210662e-01 
71.200000 8.3095556446857088e-01 
71.400000 8.3097322158473541e-01 
71.600000 8.3099018471424568e-01 
71.800000 8.3100647931636873e-01 
72.000000 8.3102212999246816e-01 
72.200000 8.3103716051183918e-01 
72.400000 8.3105159383687588e-01 
72.600000 8.3106545214759253e-01 
72.800000 8.3107875686551680e-01 
73.000000 8.3109152867695113e-01 
73.200000 8.3110378755563197e-01 
73.400000 8.3111555278479676e-01 
73.600000 8.3112684297866213e-01 
73.800000 8.3113767610331313e-01 
74.000000 8.3114806949706144e-01 
74.200000 8.3115803989022963e-01 
74.400000 8.3116760342440221e-01 
74.600000 8.3117677567116155e-01 
74.800000 8.3118557165028095e-01 
75.000000 8.3119400584744907e-01 
75.200000 8.3120209223147112e-01 
75.400000 8.3120984427100164e-01 
75.600000 8.3121727495079722e-01 
75.800000 8.3122439678752169e-01 
76.000000 8.3123122184508058e-01 
76.200000 8.3123776174953246e-01 
76.400000 8.3124402770356332e-01 
76.600000 8.3125003050053425e-01 
76.800000 8.3125578053813010e-01 
77.000000 8.3126128783160191e-01 
77.200000 8.3126656202661675e-01 
77.400000 8.3127161241172887e-01 
77.600000 8.3127644793047395e-01 
77.800000 8.3128107719311650e-01 
78.000000 8.3128550848801486e-01 
78.200000 8.3128974979266679e-01 
78.400000 8.3129380878440640e-01 
78.600000 8.3129769285077548e-01 
78.800000 8.3130140909957695e-01 
79.000000 8.3130496436861223e-01 
79.200000 8.3130836523512219e-01 
79.400000 8.3131161802493325e-01 
79.600000 8.3131472882130353e-01 
79.800000 8.3131770347350276e-01 
80.000000 8.3132054760511787e-01 
80.200000 8.3132326662209111e-01 
80.400000 8.3132586572050371e-01 
80.600000 8.3132834989409277e-01 
80.800000 8.3133072394155649e-01 
81.000000 8.3133299247359416e-01 
81.200000 8.3133515991972362e-01 
81.400000 8.3133723053488540e-01 
81.600000 8.3133920840581776e-01 
81.800000 8.3134109745722240e-01 
82.000000 8.3134290145772682e-01 
82.200000 8.3134462402565112e-01 
82.400000 8.3134626863457106e-01 
82.600000 8.3134783861871342e-01 
82.800000 8.3134933717813686e-01 
83.000000 8.3135076738377234e-01 
83.200000 8.3135213218226411e-01 
83.400000 8.3135343440065801e-01 
83.600000 8.3135467675092611e-01 
83.800000 8.3135586183433652e-01 
84.000000 8.3135699214565895e-01 
84.200000 8.3135807007724549e-01 
84.400000 8.3135909792294982e-01 
84.600000 8.3136007788191690e-01 
84.800000 8.3136101206223745e-01 
85.000000 8.3136190248447039e-01 
85.200000 8.3136275108504887e-01 
85.400000 8.3136355971955000e-01 
85.600000 8.3136433016585909e-01 
85.800000 8.3136506412721556e-01 
86.000000 8.3136576323514755e-01 
86.200000 8.3136642905230840e-01 
86.400000 8.3136706307519148e-01 
86.600000 8.3136766673676810e-01 
86.800000 8.3136824140900811e-01 
87.000000 8.3136878840532846e-01 
87.200000 8.3136930898292793e-01 
87.400000 8.3136980434505736e-01 
87.600000 8.3137027564318411e-01 
87.800000 8.3137072397910039e-01 
88.000000 8.3137115040692156e-01 
88.200000 8.3137155593504630e-01 
88.400000 8.3137194152800287e-01 
88.600000 8.3137230810825358e-01 
88.800000 8.3137265655792847e-01 
89.000000 8.3137298772047241e-01 
89.200000 8.3137330240225094e-01 
89.400000 8.3137360137408589e-01 
89.600000 8.3137388537272905e-01 
89.800000 8.3137415510228230e-01 
90.000000 8.3137441123556710e-01 
90.200000 8.3137465441542324e-01 
90.400000 8.3137488525597902e-01 
90.600000 8.3137510434386097e-01 
90.800000 8.3137531223934835e-01 
91.000000 8.3137550947749428e-01 
91.200000 8.3137569656920096e-01 
91.400000 8.3137587400224600e-01 
91.600000 8.3137604224226558e-01 
91.800000 8.3137620173371451e-01 
92.000000 8.3137635290077039e-01 
92.200000 8.3137649614820142e-01 
92.400000 8.3137663186221744e-01 
92.600000 8.3137676041126418e-01 
92.800000 8.3137688214680250e-01 
93.000000 8.3137699740404269e-01 
93.200000 8.3137710650265861e-01 
93.400000 8.3137720974746299e-01 
93.600000 8.3137730742906757e-01 
93.800000 8.3137739982450654e-01 
94.000000 8.3137748719782800e-01 
94.200000 8.3137756980068167e-01 
94.400000 8.3137764787286017e-01 
94.600000 8.3137772164282875e-01 
94.800000 8.3137779132824385e-01 
95.000000 8.3137785713640944e-01 
95.200000 8.3137791926476912e-01 
95.400000 8.3137797790133350e-01 
95.600000 8.3137803322511195e-01 
95.800000 8.3137808540652214e-01 
96.000000 8.3137813460777577e-01 
96.200000 8.3137818098324667e-01 
96.400000 8.3137822467984079e-01 
96.600000 8.3137826583733032e-01 
96.800000 8.3137830458867479e-01 
97.000000 8.3137834106035435e-01 
97.200000 8.3137837537264148e-01 
97.400000 8.3137840763990845e-01 
97.600000 8.3137843797089350e-01 
97.800000 8.3137846646896107e-01 
98.000000 8.3137849323235624e-01 
98.200000 8.3137851835443821e-01 
98.400000 8.3137854192391680e-01 
98.600000 8.3137856402505927e-01 
98.800000 8.3137858473791448e-01 
99.000000 8.3137860413850107e-01 
99.200000 8.3137862229900195e-01 
99.400000 8.3137863928794176e-01 
99.600000 8.3137865517037246e-01 
99.800000 8.3137867000802423e-01 
100.000000 8.3137868385947600e-01 
100.200000 8.3137869678030052e-01 
100.400000 8.3137870882321252e-01 
100.600000 8.3137872003820368e-01 
100.800000 8.3137873047267541e-01 
101.000000 8.3137874017156721e-01 
101.200000 8.3137874917747012e-01 
101.400000 8.3137875753074830e-01 
101.600000 8.3137876526963983e-01 
101.800000 8.3137877243037495e-01 
102.000000 8.3137877904725399e-01 
102.200000 8.3137878515276964e-01 
102.400000 8.3137879077766641e-01 
102.600000 8.3137879595104769e-01 
102.800000 8.3137880070045389e-01 
103.000000 8.3137880505193740e-01 
103.200000 8.3137880903013650e-01 
103.400000 8.3137881265835067e-01 
103.600000 8.3137881595860397e-01 
103.800000 8.3137881895170929e-01 
104.000000 8.3137882165733412e-01 
104.200000 8.3137882409405672e-01 
104.400000 8.3137882627941118e-01 
104.600000 8.3137882822996823e-01 
104.800000 8.3137882996135337e-01 
105.000000 8.3137883148831249e-01 
105.200000 8.3137883282475455e-01 
105.400000 8.3137883398379375e-01 
105.600000 8.3137883497779608e-01 
105.800000 8.3137883581840377e-01 
106.000000 8.3137883651659750e-01 
106.200000 8.3137883708270099e-01 
106.400000 8.3137883752644526e-01 
106.600000 8.3137883785697975e-01 
106.800000 8.3137883808290913e-01 
107.000000 8.3137883821232739e-01 
107.200000 8.3137883825283532e-01 
107.400000 8.3137883821157466e-01 
107.600000 8.3137883809525404e-01 
107.800000 8.3137883791016309e-01 
108.000000 8.3137883766221032e-01 
108.200000 8.3137883735692475e-01 
108.400000 8.3137883699949111e-01 
108.600000 8.3137883659476541e-01 
108.800000 8.3137883614729247e-01 
109.000000 8.3137883566132120e-01 
109.200000 8.3137883514082267e-01 
109.400000 8.3137883458950923e-01 
109.600000 8.3137883401084001e-01 
109.800000 8.3137883340805074e-01 
110.000000 8.3137883278414448e-01 
110.200000 8.3137883214192765e-01 
110.400000 8.3137883148400193e-01 
110.600000 8.3137883081279684e-01 
110.800000 8.3137883013055602e-01 
111.000000 8.3137882943936614e-01 
111.200000 8.3137882874116031e-01 
111.400000 8.3137882803772511e-01 
111.600000 8.3137882733071289e-01 
111.800000 8.3137882662164675e-01 
112.000000 8.3137882591193013e-01 
112.200000 8.3137882520285411e-01 
112.400000 8.3137882449560307e-01 
112.600000 8.3137882379126271e-01 
112.800000 8.3137882309082523e-01 
113.000000 8.3137882239519667e-01 
113.200000 8.3137882170519928e-01 
113.400000 8.3137882102157890e-01 
113.600000 8.3137882034500965e-01 
113.800000 8.3137881967610061e-01 
114.000000 8.3137881901539867e-01 
114.200000 8.3137881836338734e-01 
114.400000 8.3137881772049915e-01 
114.600000 8.3137881708711558e-01 
114.800000 8.3137881646357081e-01 
115.000000 8.3137881585014994e-01 
115.200000 8.3137881524710666e-01 
115.400000 8.3137881465464858e-01 
115.600000 8.3137881407295045e-01 
115.800000 8.3137881350215315e-01 
116.000000 8.3137881294236693e-01 
116.200000 8.3137881239367695e-01 
116.400000 8.3137881185613849e-01 
116.600000 8.3137881132978564e-01 
116.800000 8.3137881081462783e-01 
117.000000 8.3137881031065641e-01 
117.200000 8.3137880981784362e-01 
117.400000 8.3137880933614161e-01 
117.600000 8.3137880886549309e-01 
117.800000 8.3137880840581768e-01 
118.000000 8.3137880795703012e-01 
118.200000 8.3137880751903293e-01 
118.400000 8.3137880709171075e-01 
118.600000 8.3137880667494368e-01 
118.800000 8.3137880626860694e-01 
119.000000 8.3137880587255919e-01 
119.200000 8.3137880548665877e-01 
119.400000 8.3137880511075912e-01 
119.600000 8.3137880474469816e-01 
119.800000 8.3137880438832468e-01 
120.000000 8.3137880404147191e-01 
120.200000 8.3137880370397221e-01 
120.400000 8.3137880337565928e-01 
120.600000 8.3137880305635647e-01 
120.800000 8.3137880274590059e-01 
121.000000 8.3137880244410534e-01 
121.200000 8.3137880215080096e-01 
121.400000 8.3137880186581270e-01 
121.600000 8.3137880158895971e-01 
121.800000 8.3137880132006969e-01 
122.000000 8.3137880105896844e-01 
122.200000 8.3137880080547477e-01 
122.400000 8.3137880055941971e-01 
122.600000 8.3137880032063061e-01 
122.800000 8.3137880008893428e-01 
123.000000 8.3137879986416063e-01 
123.200000 8.3137879964613992e-01 
123.400000 8.3137879943471060e-01 
123.600000 8.3137879922970481e-01 
123.800000 8.3137879903096090e-01 
124.000000 8.3137879883832122e-01 
124.200000 8.3137879865162367e-01 
124.400000 8.3137879847071949e-01 
124.600000 8.3137879829545236e-01 
124.800000 8.3137879812566995e-01 
125.000000 8.3137879796122827e-01 
125.200000 8.3137879780198254e-01 
125.400000 8.3137879764778866e-01 
125.600000 8.3137879749850874e-01 
125.800000 8.3137879735400766e-01 
126.000000 8.3137879721414754e-01 
126.200000 8.3137879707880047e-01 
126.400000 8.3137879694783579e-01 
126.600000 8.3137879682113014e-01 
126.800000 8.3137879669856107e-01 
127.000000 8.3137879658000402e-01 
127.200000 8.3137879646534929e-01 
127.400000 8.3137879635447332e-01 
127.600000 8.3137879624727107e-01 
127.800000 8.3137879614363208e-01 
128.000000 8.3137879604344611e-01 
128.200000 8.3137879594661301e-01 
128.400000 8.3137879585303076e-01 
128.600000 8.3137879576259710e-01 
128.800000 8.3137879567522244e-01 
129.000000 8.3137879559080530e-01 
129.200000 8.3137879550925897e-01 
129.400000 8.3137879543049387e-01 
129.600000 8.3137879535442138e-01 
129.800000 8.3137879528095826e-01 
130.000000 8.3137879521002434e-01 
130.200000 8.3137879514153712e-01 
130.400000 8.3137879507542101e-01 
130.600000 8.3137879501159628e-01 
130.800000 8.3137879494999478e-01 
131.000000 8.3137879489054378e-01 
131.200000 8.3137879483317201e-01 
131.400000 8.3137879477781340e-01 
131.600000 8.3137879472440146e-01 
131.800000 8.3137879467287601e-01 
132.000000 8.3137879462317199e-01 
132.200000 8.3137879457522912e-01 
132.400000 8.3137879452899355e-01 
132.600000 8.3137879448440544e-01 
132.800000 8.3137879444141094e-01 
133.000000 8.3137879439995654e-01 
133.200000 8.3137879435999240e-01 
133.400000 8.3137879432146533e-01 
133.600000 8.3137879428433070e-01 
133.800000 8.3137879424853811e-01 
134.000000 8.3137879421404626e-01 
134.200000 8.3137879418080907e-01 
134.400000 8.3137879414878335e-01 
134.600000 8.3137879411792659e-01 
134.800000 8.3137879408820170e-01 
135.000000 8.3137879405956805e-01 
135.200000 8.3137879403198922e-01 
135.400000 8.3137879400542747e-01 
135.600000 8.3137879397984804e-01 
135.800000 8.3137879395521885e-01 
136.000000 8.3137879393150305e-01 
136.200000 8.3137879390867009e-01 
136.400000 8.3137879388669378e-01 
136.600000 8.3137879386553781e-01 
136.800000 8.3137879384517566e-01 
137.000000 8.3137879382558177e-01 
137.200000 8.3137879380672453e-01 
137.400000 8.3137879378858159e-01 
137.600000 8.3137879377112611e-01 
137.800000 8.3137879375433354e-01 
138.000000 8.3137879373818069e-01 
138.200000 8.3137879372264389e-01 
138.400000 8.3137879370770262e-01 
138.600000 8.3137879369333523e-01 
138.800000 8.3137879367952183e-01 
139.000000 8.3137879366623990e-01 
139.200000 8.3137879365347223e-01 
139.400000 8.3137879364119971e-01 
139.600000 8.3137879362940670e-01 
139.800000 8.3137879361806832e-01 
140.000000 8.3137879360718059e-01 
140.200000 8.3137879359671618e-01 
140.400000 8.3137879358666544e-01 
140.600000 8.3137879357701083e-01 
140.800000 8.3137879356773747e-01 
141.000000 8.3137879355883459e-01 
141.200000 8.3137879355028654e-01 
141.400000 8.3137879354207966e-01 
141.600000 8.3137879353420185e-01 
141.800000 8.3137879352664434e-01 
142.000000 8.3137879351939037e-01 
142.200000 8.3137879351243205e-01 
142.400000 8.3137879350575805e-01 
142.600000 8.3137879349935673e-01 
142.800000 8.3137879349322041e-01 
143.000000 8.3137879348733701e-01 
143.200000 8.3137879348169919e-01 
143.400000 8.3137879347629462e-01 
143.600000 8.3137879347112154e-01 
143.800000 8.3137879346616517e-01 
144.000000 8.3137879346141841e-01 
144.200000 8.3137879345687660e-01 
144.400000 8.3137879345253152e-01 
144.600000 8.3137879344837307e-01 
144.800000 8.3137879344439958e-01 
145.000000 8.3137879344060062e-01 
145.200000 8.3137879343697141e-01 
145.400000 8.3137879343350529e-01 
145.600000 8.3137879343019983e-01 
145.800000 8.3137879342704524e-01 
146.000000 8.3137879342403564e-01 
146.200000 8.3137879342117060e-01 
146.400000 8.3137879341844179e-01 
146.600000 8.3137879341584275e-01 
146.800000 8.3137879341337229e-01 
147.000000 8.3137879341102794e-01 
147.200000 8.3137879340880094e-01 
147.400000 8.3137879340669429e-01 
147.600000 8.3137879340469778e-01 
147.800000 8.3137879340281462e-01 
148.000000 8.3137879340103826e-01 
148.200000 8.3137879339936349e-01 
148.400000 8.3137879339778831e-01 
148.600000 8.3137879339630849e-01 
148.800000 8.3137879339492138e-01 
149.000000 8.3137879339362220e-01 
149.200000 8.3137879339240728e-01 
149.400000 8.3137879339127418e-01 
149.600000 8.3137879339022036e-01 
149.800000 8.3137879338924170e-01 
