0.000000 5.1082015138985681e-01 
0.200000 5.1082044352428391e-01 
0.400000 5.1082379703841152e-01 
0.600000 5.1082854489519325e-01 
0.800000 5.1083300842862489e-01 
1.000000 5.1083581392026689e-01 
1.200000 5.1083572484355422e-01 
1.400000 5.1083166685959902e-01 
1.600000 5.1082253120866883e-01 
1.800000 5.1080735759959117e-01 
2.000000 5.1078527207743540e-01 
2.200000 5.1075539371517209e-01 
2.400000 5.1071725438243976e-01 
2.600000 5.1067045325588667e-01 
2.800000 5.1061464192082207e-01 
3.000000 5.1054945369222748e-01 
3.200000 5.1047458349412889e-01 
3.400000 5.1038976617348675e-01 
3.600000 5.1029497056862838e-01 
3.800000 5.1019181154317095e-01 
4.000000 5.1007992568783822e-01 
4.200000 5.0995885516799200e-01 
4.400000 5.0982816685143995e-01 
4.600000 5.0968741405826756e-01 
4.800000 5.0953617984109167e-01 
5.000000 5.0937402920847996e-01 
5.200000 5.0920055450385326e-01 
5.400000 5.0901537484399495e-01 
5.600000 5.0881811440405378e-01 
5.800000 5.0860841235803700e-01 
6.000000 5.0838590774689429e-01 
6.200000 5.0815023890910127e-01 
6.400000 5.0790102928922976e-01 
6.600000 5.0763788669181442e-01 
6.800000 5.0736039400395017e-01 
7.000000 5.0706811394242346e-01 
7.200000 5.0676053071489435e-01 
7.400000 5.0643708002253307e-01 
7.600000 5.0609716923355907e-01 
7.800000 5.0574017663135995e-01 
8.000000 5.0536544863323762e-01 
8.200000 5.0497229874432970e-01 
8.400000 5.0456000627865538e-01 
8.600000 5.0412781252708605e-01 
8.800000 5.0367491792779362e-01 
9.000000 5.0320047825733483e-01 
9.200000 5.0270360102560097e-01 
9.400000 5.0218334116379681e-01 
9.600000 5.0163869728195387e-01 
9.800000 5.0106860788343754e-01 
10.000000 5.0047194848259724e-01 
10.200000 4.9984752945620092e-01 
10.400000 4.9919409167929218e-01 
10.600000 4.9851030201704233e-01 
10.800000 4.9779474825501230e-01 
11.000000 4.9704593520760959e-01 
11.200000 4.9626228104763803e-01 
11.400000 4.9544211308603425e-01 
11.600000 4.9458366294081735e-01 
11.800000 4.9368506150178837e-01 
12.000000 4.9274433357415626e-01 
12.200000 4.9175939234924765e-01 
12.400000 4.9072803364066042e-01 
12.600000 4.8964793010363467e-01 
12.800000 4.8851662538647717e-01 
13.000000 4.8733152830669890e-01 
13.200000 4.8608990703528193e-01 
13.400000 4.8478888341955723e-01 
13.600000 4.8342542739439182e-01 
13.800000 4.8199635165150595e-01 
14.000000 4.8049830664533866e-01 
14.200000 4.7892777614210746e-01 
14.400000 4.7728107337867715e-01 
14.600000 4.7555433790427964e-01 
14.800000 4.7374353332693453e-01 
15.000000 4.7184444614929877e-01 
15.200000 4.6985268593751472e-01 
15.400000 4.6776368705261506e-01 
15.600000 4.6557271223246793e-01 
15.800000 4.6327485831000031e-01 
16.000000 4.6086506437652397e-01 
16.200000 4.5833812270877522e-01 
16.400000 4.5568869280803159e-01 
16.600000 4.5291131889419822e-01 
16.800000 4.5000045120281534e-01 
17.000000 4.4695047142323707e-01 
17.200000 4.4375572260912016e-01 
17.400000 4.4041054385515899e-01 
17.600000 4.3690930998685945e-01 
17.800000 4.3324647646243525e-01 
18.000000 4.2941662960411037e-01 
18.200000 4.2541454218841107e-01 
18.400000 4.2123523431053284e-01 
18.600000 4.1687403931328326e-01 
18.800000 4.1232667442221921e-01 
19.000000 4.0758931556728617e-01 
19.200000 4.0265867569513236e-01 
19.400000 3.9753208569379705e-01 
19.600000 3.9220757685955465e-01 
19.800000 3.8668396364582613e-01 
20.000000 3.8096092524974345e-01 
20.200000 3.7503908442387801e-01 
20.400000 3.6892008175225954e-01 
20.600000 3.6260664351364069e-01 
20.800000 3.5610264118191198e-01 
21.000000 3.4941314058875028e-01 
21.200000 3.4254443880970992e-01 
21.400000 3.3550408693750644e-01 
21.600000 3.2830089708244459e-01 
21.800000 3.2094493219075254e-01 
22.000000 3.1344747759718405e-01 
22.200000 3.0582099362309551e-01 
22.400000 2.9807904898632376e-01 
22.600000 2.9023623528948367e-01 
22.800000 2.8230806338111430e-01 
23.000000 2.7431084291797608e-01 
23.200000 2.6626154697297533e-01 
23.400000 2.5817766400720421e-01 
23.600000 2.5007703993309921e-01 
23.800000 2.4197771331876555e-01 
24.000000 2.3389774700369040e-01 
24.200000 2.2585505950314938e-01 
24.400000 2.1786725956732431e-01 
24.600000 2.0995148713362552e-01 
24.800000 2.0212426367459038e-01 
25.000000 1.9440135461280245e-01 
25.200000 1.8679764606640692e-01 
25.400000 1.7932703772523778e-01 
25.600000 1.7200235316057275e-01 
25.800000 1.6483526836384466e-01 
26.000000 1.5783625881236632e-01 
26.200000 1.5101456489196111e-01 
26.400000 1.4437817508264769e-01 
26.600000 1.3793382594580592e-01 
26.800000 1.3168701764724389e-01 
27.000000 1.2564204351400252e-01 
27.200000 1.1980203195403695e-01 
27.400000 1.1416899896439293e-01 
27.600000 1.0874390941039912e-01 
27.800000 1.0352674526883945e-01 
28.000000 9.8516579084539896e-02 
28.200000 9.3711650983811401e-02 
28.400000 8.9109447711514980e-02 
28.600000 8.4706782303022213e-02 
28.800000 8.0499873160556804e-02 
29.000000 7.6484421468701255e-02 
29.200000 7.2655686050414184e-02 
29.400000 6.9008554927924251e-02 
29.600000 6.5537613008494422e-02 
29.800000 6.2237205460339423e-02 
30.000000 5.9101496476821412e-02 
30.200000 5.6124523246087757e-02 
30.400000 5.3300245047890868e-02 
30.600000 5.0622587489249492e-02 
30.800000 4.8085481966230893e-02 
31.000000 4.5682900501061802e-02 
31.200000 4.3408886152962782e-02 
31.400000 4.1257579238613167e-02 
31.600000 3.9223239625205589e-02 
31.800000 3.7300265376890761e-02 
32.000000 3.5483208045284841e-02 
32.200000 3.3766784897853057e-02 
32.400000 3.2145888375505187e-02 
32.600000 3.0615593063755955e-02 
32.800000 2.9171160451234607e-02 
33.000000 2.7808041736062994e-02 
33.200000 2.6521878925418216e-02 
33.400000 2.5308504457077989e-02 
33.600000 2.4163939554498404e-02 
33.800000 2.3084391509429130e-02 
34.000000 2.2066250068616698e-02 
34.200000 2.1106083084067015e-02 
34.400000 2.0200631569885247e-02 
34.600000 1.9346804293021751e-02 
34.800000 1.8541672010491141e-02 
35.000000 1.7782461451834968e-02 
35.200000 1.7066549132840395e-02 
35.400000 1.6391455074813648e-02 
35.600000 1.5754836493021045e-02 
35.800000 1.5154481508248704e-02 
36.000000 1.4588302926729932e-02 
36.200000 1.4054332125920357e-02 
36.400000 1.3550713076699300e-02 
36.600000 1.3075696526478707e-02 
36.800000 1.2627634362359128e-02 
37.000000 1.2204974168812617e-02 
37.200000 1.1806253990336765e-02 
37.400000 1.1430097306058436e-02 
37.600000 1.1075208220305634e-02 
37.800000 1.0740366870663329e-02 
38.000000 1.0424425052930859e-02 
38.200000 1.0126302060660996e-02 
38.400000 9.8449807355363763e-03 
38.600000 9.5795037236941338e-03 
38.800000 9.3289699322025577e-03 
39.000000 9.0925311791995363e-03 
39.200000 8.8693890306817454e-03 
39.400000 8.6587918165731102e-03 
39.600000 8.4600318184654393e-03 
39.800000 8.2724426213019019e-03 
40.000000 8.0953966212411431e-03 
40.200000 7.9283026819854871e-03 
40.400000 7.7706039319612548e-03 
40.600000 7.6217756948971866e-03 
40.800000 7.4813235465402833e-03 
41.000000 7.3487814904782834e-03 
41.200000 7.2237102462835304e-03 
41.400000 7.1056956434616993e-03 
41.600000 6.9943471149641135e-03 
41.800000 6.8892962843047963e-03 
42.000000 6.7901956406107040e-03 
42.200000 6.6967172962156193e-03 
42.400000 6.6085518216918828e-03 
42.600000 6.5254071534877403e-03 
42.800000 6.4470075696087684e-03 
43.000000 6.3730927290408185e-03 
43.200000 6.3034167708644331e-03 
43.400000 6.2377474692507746e-03 
43.600000 6.1758654407605817e-03 
43.800000 6.1175634005881723e-03 
44.000000 6.0626454646012969e-03 
44.200000 6.0109264942266550e-03 
44.400000 5.9622314814192943e-03 
44.600000 5.9163949711311288e-03 
44.800000 5.8732605188620383e-03 
45.000000 5.8326801810340296e-03 
45.200000 5.7945140360779286e-03 
45.400000 5.7586297342605954e-03 
45.600000 5.7249020744115017e-03 
45.800000 5.6932126058293966e-03 
46.000000 5.6634492537651114e-03 
46.200000 5.6355059669818026e-03 
46.400000 5.6092823859956037e-03 
46.600000 5.5846835306919080e-03 
46.800000 5.5616195060999105e-03 
47.000000 5.5400052251888821e-03 
47.200000 5.5197601476261798e-03 
47.400000 5.5008080335062770e-03 
47.600000 5.4830767111274355e-03 
47.800000 5.4664978579516887e-03 
48.000000 5.4510067939437428e-03 
48.200000 5.4365422865339874e-03 
48.400000 5.4230463665037023e-03 
48.600000 5.4104641541336592e-03 
48.800000 5.3987436950022850e-03 
49.000000 5.3878358048580080e-03 
49.200000 5.3776939230281966e-03 
49.400000 5.3682739738617358e-03 
49.600000 5.3595342357340269e-03 
49.800000 5.3514352171734969e-03 
50.000000 5.3439395396966301e-03 
50.200000 5.3370118269645966e-03 
50.400000 5.3306185998981586e-03 
50.600000 5.3247281774116174e-03 
50.800000 5.3193105824456801e-03 
51.000000 5.3143374530006714e-03 
51.200000 5.3097819578884140e-03 
51.400000 5.3056187169392699e-03 
51.600000 5.3018237254158548e-03 
51.800000 5.2983742824010286e-03 
52.000000 5.2952489229404383e-03 
52.200000 5.2924273537340964e-03 
52.400000 5.2898903921825115e-03 
52.600000 5.2876199086056737e-03 
52.800000 5.2855987714623695e-03 
53.000000 5.2838107954086581e-03 
53.200000 5.2822406920423424e-03 
53.400000 5.2808740231906869e-03 
53.600000 5.2796971566049450e-03 
53.800000 5.2786972239344402e-03 
54.000000 5.2778620808597481e-03 
54.200000 5.2771802692710224e-03 
54.400000 5.2766409813838787e-03 
54.600000 5.2762340256917641e-03 
54.800000 5.2759497946588728e-03 
55.000000 5.2757792340628901e-03 
55.200000 5.2757138139025179e-03 
55.400000 5.2757455007879303e-03 
55.600000 5.2758667317388116e-03 
55.800000 5.2760703893168963e-03 
56.000000 5.2763497780243078e-03 
56.200000 5.2766986019036630e-03 
56.400000 5.2771109432782166e-03 
56.600000 5.2775812425734621e-03 
56.800000 5.2781042791660840e-03 
57.000000 5.2786751532073869e-03 
57.200000 5.2792892683722363e-03 
57.400000 5.2799423154866725e-03 
57.600000 5.2806302569895084e-03 
57.800000 5.2813493121863396e-03 
58.000000 5.2820959432555150e-03 
58.200000 5.2828668419690984e-03 
58.400000 5.2836589170918704e-03 
58.600000 5.2844692824251189e-03 
58.800000 5.2852952454628061e-03 
59.000000 5.2861342966290317e-03 
59.200000 5.2869840990682117e-03 
59.400000 5.2878424789601433e-03 
59.600000 5.2887074163336344e-03 
59.800000 5.2895770363539131e-03 
60.000000 5.2904496010602346e-03 
60.200000 5.2913235015310560e-03 
60.400000 5.2921972504556226e-03 
60.600000 5.2930694750915521e-03 
60.800000 5.2939389105892574e-03 
61.000000 5.2948043936648535e-03 
61.200000 5.2956648566042661e-03 
61.400000 5.2965193215819238e-03 
61.600000 5.2973668952782148e-03 
61.800000 5.2982067637811865e-03 
62.000000 5.2990381877577770e-03 
62.200000 5.2998604978816239e-03 
62.400000 5.3006730905040093e-03 
62.600000 5.3014754235564702e-03 
62.800000 5.3022670126729324e-03 
63.000000 5.3030474275204912e-03 
63.200000 5.3038162883283909e-03 
63.400000 5.3045732626055241e-03 
63.600000 5.3053180620362631e-03 
63.800000 5.3060504395463833e-03 
64.000000 5.3067701865300273e-03 
64.200000 5.3074771302297928e-03 
64.400000 5.3081711312619921e-03 
64.600000 5.3088520812798780e-03 
64.800000 5.3095199007678470e-03 
65.000000 5.3101745369597449e-03 
65.200000 5.3108159618752123e-03 
65.400000 5.3114441704677591e-03 
65.600000 5.3120591788790158e-03 
65.800000 5.3126610227937476e-03 
66.000000 5.3132497558902279e-03 
66.200000 5.3138254483812040e-03 
66.400000 5.3143881856407968e-03 
66.600000 5.3149380669126499e-03 
66.800000 5.3154752040954628e-03 
67.000000 5.3159997206013859e-03 
67.200000 5.3165117502839204e-03 
67.400000 5.3170114364313407e-03 
67.600000 5.3174989308223449e-03 
67.800000 5.3179743928405809e-03 
68.000000 5.3184379886448375e-03 
68.200000 5.3188898903921943e-03 
68.400000 5.3193302755109237e-03 
68.600000 5.3197593260206916e-03 
68.800000 5.3201772278975018e-03 
69.000000 5.3205841704809277e-03 
69.200000 5.3209803459211332e-03 
69.400000 5.3213659486637723e-03 
69.600000 5.3217411749707207e-03 
69.800000 5.3221062224741928e-03 
70.000000 5.3224612897627647e-03 
70.200000 5.3228065759977194e-03 
70.400000 5.3231422805574595e-03 
70.600000 5.3234686027085623e-03 
70.800000 5.3237857413023348e-03 
71.000000 5.3240938944950035e-03 
71.200000 5.3243932594901127e-03 
71.400000 5.3246840323023263e-03 
71.600000 5.3249664075408886e-03 
71.800000 5.3252405782115821e-03 
72.000000 5.3255067355366930e-03 
72.200000 5.3257650687909015e-03 
72.400000 5.3260157651532462e-03 
72.600000 5.3262590095732067e-03 
72.800000 5.3264949846505809e-03 
73.000000 5.3267238705282686e-03 
73.200000 5.3269458447968111e-03 
73.400000 5.3271610824104452e-03 
73.600000 5.3273697556134305e-03 
73.800000 5.3275720338761866e-03 
74.000000 5.3277680838409803e-03 
74.200000 5.3279580692755955e-03 
74.400000 5.3281421510355236e-03 
74.600000 5.3283204870331223e-03 
74.800000 5.3284932322141352e-03 
75.000000 5.3286605385403753e-03 
75.200000 5.3288225549783241e-03 
75.400000 5.3289794274935217e-03 
75.600000 5.3291312990499115e-03 
75.800000 5.3292783096138500e-03 
76.000000 5.3294205961625964e-03 
76.200000 5.3295582926969403e-03 
76.400000 5.3296915302571976e-03 
76.600000 5.3298204369429929e-03 
76.800000 5.3299451379357835e-03 
77.000000 5.3300657555244574e-03 
77.200000 5.3301824091333931e-03 
77.400000 5.3302952153530710e-03 
77.600000 5.3304042879723451e-03 
77.800000 5.3305097380131504e-03 
78.000000 5.3306116737665832e-03 
78.200000 5.3307102008305187e-03 
78.400000 5.3308054221487787e-03 
78.600000 5.3308974380512153e-03 
78.800000 5.3309863462950606e-03 
79.000000 5.3310722421070081e-03 
79.200000 5.3311552182260689e-03 
79.400000 5.3312353649471872e-03 
79.600000 5.3313127701652020e-03 
79.800000 5.3313875194192705e-03 
80.000000 5.3314596959376671e-03 
80.200000 5.3315293806827377e-03 
80.400000 5.3315966523959871e-03 
80.600000 5.3316615876431604e-03 
80.800000 5.3317242608594507e-03 
81.000000 5.3317847443944454e-03 
81.200000 5.3318431085570680e-03 
81.400000 5.3318994216600126e-03 
81.600000 5.3319537500644276e-03 
81.800000 5.3320061582237148e-03 
82.000000 5.3320567087273554e-03 
82.200000 5.3321054623441493e-03 
82.400000 5.3321524780650898e-03 
82.600000 5.3321978131458036e-03 
82.800000 5.3322415231481877e-03 
83.000000 5.3322836619820648e-03 
83.200000 5.3323242819457925e-03 
83.400000 5.3323634337665076e-03 
83.600000 5.3324011666397025e-03 
83.800000 5.3324375282683360e-03 
84.000000 5.3324725649010951e-03 
84.200000 5.3325063213702194e-03 
84.400000 5.3325388411285335e-03 
84.600000 5.3325701662859286e-03 
84.800000 5.3326003376450931e-03 
85.000000 5.3326293947365310e-03 
85.200000 5.3326573758532636e-03 
85.400000 5.3326843180841717e-03 
85.600000 5.3327102573474229e-03 
85.800000 5.3327352284226271e-03 
86.000000 5.3327592649826672e-03 
86.200000 5.3327823996247364e-03 
86.400000 5.3328046639006020e-03 
86.600000 5.3328260883464089e-03 
86.800000 5.3328467025116752e-03 
87.000000 5.3328665349876396e-03 
87.200000 5.3328856134350205e-03 
87.400000 5.3329039646110360e-03 
87.600000 5.3329216143959196e-03 
87.800000 5.3329385878186321e-03 
88.000000 5.3329549090820397e-03 
88.200000 5.3329706015875960e-03 
88.400000 5.3329856879590779e-03 
88.600000 5.3330001900661079e-03 
88.800000 5.3330141290468727e-03 
89.000000 5.3330275253302235e-03 
89.200000 5.3330403986573639e-03 
89.400000 5.3330527681028908e-03 
89.600000 5.3330646520951923e-03 
89.800000 5.3330760684365125e-03 
90.000000 5.3330870343223117e-03 
90.200000 5.3330975663600996e-03 
90.400000 5.3331076805880262e-03 
90.600000 5.3331173924924466e-03 
90.800000 5.3331267170255436e-03 
91.000000 5.3331356686222133e-03 
91.200000 5.3331442612164015e-03 
91.400000 5.3331525082571211e-03 
91.600000 5.3331604227239843e-03 
91.800000 5.3331680171423684e-03 
92.000000 5.3331753035978655e-03 
92.200000 5.3331822937506667e-03 
92.400000 5.3331889988493574e-03 
92.600000 5.3331954297443336e-03 
92.800000 5.3332015969006930e-03 
93.000000 5.3332075104111226e-03 
93.200000 5.3332131800080205e-03 
93.400000 5.3332186150752553e-03 
93.600000 5.3332238246600380e-03 
93.800000 5.3332288174838937e-03 
94.000000 5.3332336019535258e-03 
94.200000 5.3332381861715206e-03 
94.400000 5.3332425779462813e-03 
94.600000 5.3332467848022490e-03 
94.800000 5.3332508139893276e-03 
95.000000 5.3332546724920629e-03 
95.200000 5.3332583670389561e-03 
95.400000 5.3332619041109542e-03 
95.600000 5.3332652899500069e-03 
95.800000 5.3332685305673005e-03 
96.000000 5.3332716317510669e-03 
96.200000 5.3332745990744036e-03 
96.400000 5.3332774379026603e-03 
96.600000 5.3332801534006369e-03 
96.800000 5.3332827505395983e-03 
97.000000 5.3332852341039638e-03 
97.200000 5.3332876086979323e-03 
97.400000 5.3332898787517334e-03 
97.600000 5.3332920485277876e-03 
97.800000 5.3332941221265803e-03 
98.000000 5.3332961034924659e-03 
98.200000 5.3332979964191875e-03 
98.400000 5.3332998045551262e-03 
98.600000 5.3333015314087151e-03 
98.800000 5.3333031803531614e-03 
99.000000 5.3333047546315331e-03 
99.200000 5.3333062573613721e-03 
99.400000 5.3333076915391027e-03 
99.600000 5.3333090600446191e-03 
99.800000 5.3333103656453299e-03 
100.000000 5.3333116110003609e-03 
100.200000 5.3333127986644286e-03 
100.400000 5.3333139310917472e-03 
100.600000 5.3333150106396054e-03 
100.800000 5.3333160395720291e-03 
101.000000 5.3333170200631488e-03 
101.200000 5.3333179542005048e-03 
101.400000 5.3333188439883966e-03 
101.600000 5.3333196913507835e-03 
101.800000 5.3333204981344242e-03 
102.000000 5.3333212661116798e-03 
102.200000 5.3333219969833364e-03 
102.400000 5.3333226923813447e-03 
102.600000 5.3333233538712032e-03 
102.800000 5.3333239829548096e-03 
103.000000 5.3333245810725498e-03 
103.200000 5.3333251496058094e-03 
103.400000 5.3333256898791008e-03 
103.600000 5.3333262031624558e-03 
103.800000 5.3333266906732532e-03 
104.000000 5.3333271535783910e-03 
104.200000 5.3333275929961146e-03 
104.400000 5.3333280099980927e-03 
104.600000 5.3333284056110274e-03 
104.800000 5.3333287808185002e-03 
105.000000 5.3333291365625507e-03 
105.200000 5.3333294737454868e-03 
105.400000 5.3333297932312606e-03 
105.600000 5.3333300958470289e-03 
105.800000 5.3333303823846281e-03 
106.000000 5.3333306536019554e-03 
106.200000 5.3333309102243090e-03 
106.400000 5.3333311529457240e-03 
106.600000 5.3333313824301554e-03 
106.800000 5.3333315993125980e-03 
107.000000 5.3333318042005596e-03 
107.200000 5.3333319976748032e-03 
107.400000 5.3333321802906484e-03 
107.600000 5.3333323525789466e-03 
107.800000 5.3333325150470177e-03 
108.000000 5.3333326681796710e-03 
108.200000 5.3333328124401140e-03 
108.400000 5.3333329482708669e-03 
108.600000 5.3333330760945109e-03 
108.800000 5.3333331963146043e-03 
109.000000 5.3333333093164093e-03 
109.200000 5.3333334154677522e-03 
109.400000 5.3333335151196370e-03 
109.600000 5.3333336086069452e-03 
109.800000 5.3333336962492241e-03 
110.000000 5.3333337783512246e-03 
110.200000 5.3333338552035668e-03 
110.400000 5.3333339270833485e-03 
110.600000 5.3333339942547246e-03 
110.800000 5.3333340569693168e-03 
111.000000 5.3333341154670226e-03 
111.200000 5.3333341699762981e-03 
111.400000 5.3333342207147411e-03 
111.600000 5.3333342678894540e-03 
111.800000 5.3333343116977166e-03 
112.000000 5.3333343523271799e-03 
112.200000 5.3333343899564399e-03 
112.400000 5.3333344247553458e-03 
112.600000 5.3333344568854517e-03 
112.800000 5.3333344865002926e-03 
113.000000 5.3333345137458804e-03 
113.200000 5.3333345387609130e-03 
113.400000 5.3333345616771357e-03 
113.600000 5.3333345826197080e-03 
113.800000 5.3333346017074056e-03 
114.000000 5.3333346190529620e-03 
114.200000 5.3333346347634036e-03 
114.400000 5.3333346489401641e-03 
114.600000 5.3333346616794616e-03 
114.800000 5.3333346730725321e-03 
115.000000 5.3333346832057475e-03 
115.200000 5.3333346921609895e-03 
115.400000 5.3333347000157870e-03 
115.600000 5.3333347068434773e-03 
115.800000 5.3333347127134962e-03 
116.000000 5.3333347176914847e-03 
116.200000 5.3333347218394939e-03 
116.400000 5.3333347252162381e-03 
116.600000 5.3333347278770793e-03 
116.800000 5.3333347298743497e-03 
117.000000 5.3333347312573961e-03 
117.200000 5.3333347320728272e-03 
117.400000 5.3333347323644984e-03 
117.600000 5.3333347321738549e-03 
117.800000 5.3333347315397900e-03 
118.000000 5.3333347304990609e-03 
118.200000 5.3333347290860974e-03 
118.400000 5.3333347273333788e-03 
118.600000 5.3333347252714214e-03 
118.800000 5.3333347229288118e-03 
119.000000 5.3333347203323930e-03 
119.200000 5.3333347175073985e-03 
119.400000 5.3333347144774081e-03 
119.600000 5.3333347112644930e-03 
119.800000 5.3333347078893516e-03 
120.000000 5.3333347043712492e-03 
120.200000 5.3333347007282718e-03 
120.400000 5.3333346969772748e-03 
120.600000 5.3333346931338579e-03 
120.800000 5.3333346892126838e-03 
121.000000 5.3333346852272798e-03 
121.200000 5.3333346811903016e-03 
121.400000 5.3333346771134299e-03 
121.600000 5.3333346730074583e-03 
121.800000 5.3333346688824602e-03 
122.000000 5.3333346647476470e-03 
122.200000 5.3333346606115354e-03 
122.400000 5.3333346564820175e-03 
122.600000 5.3333346523662291e-03 
122.800000 5.3333346482708193e-03 
123.000000 5.3333346442018051e-03 
123.200000 5.3333346401646491e-03 
123.400000 5.3333346361644045e-03 
123.600000 5.3333346322055270e-03 
123.800000 5.3333346282921313e-03 
124.000000 5.3333346244278925e-03 
124.200000 5.3333346206160355e-03 
124.400000 5.3333346168595351e-03 
124.600000 5.3333346131609225e-03 
124.800000 5.3333346095224823e-03 
125.000000 5.3333346059461911e-03 
125.200000 5.3333346024336831e-03 
125.400000 5.3333345989864224e-03 
125.600000 5.3333345956055817e-03 
125.800000 5.3333345922921549e-03 
126.000000 5.3333345890468828e-03 
126.200000 5.3333345858703170e-03 
126.400000 5.3333345827628713e-03 
126.600000 5.3333345797247963e-03 
126.800000 5.3333345767561302e-03 
127.000000 5.3333345738568677e-03 
127.200000 5.3333345710267713e-03 
127.400000 5.3333345682655608e-03 
127.600000 5.3333345655728302e-03 
127.800000 5.3333345629480765e-03 
128.000000 5.3333345603906882e-03 
128.200000 5.3333345578999714e-03 
128.400000 5.3333345554752313e-03 
128.600000 5.3333345531156144e-03 
128.800000 5.3333345508202526e-03 
129.000000 5.3333345485882316e-03 
129.200000 5.3333345464185895e-03 
129.400000 5.3333345443102864e-03 
129.600000 5.3333345422623083e-03 
129.800000 5.3333345402735745e-03 
130.000000 5.3333345383429764e-03 
130.200000 5.3333345364693563e-03 
130.400000 5.3333345346516271e-03 
130.600000 5.3333345328886094e-03 
130.800000 5.3333345311791574e-03 
131.000000 5.3333345295220810e-03 
131.200000 5.3333345279161868e-03 
131.400000 5.3333345263603471e-03 
131.600000 5.3333345248533105e-03 
131.800000 5.3333345233939587e-03 
132.000000 5.3333345219811036e-03 
132.200000 5.3333345206135569e-03 
132.400000 5.3333345192901989e-03 
132.600000 5.3333345180098498e-03 
132.800000 5.3333345167713942e-03 
133.000000 5.3333345155737273e-03 
133.200000 5.3333345144157196e-03 
133.400000 5.3333345132962314e-03 
133.600000 5.3333345122142922e-03 
133.800000 5.3333345111687370e-03 
134.000000 5.3333345101585642e-03 
134.200000 5.3333345091827978e-03 
134.400000 5.3333345082403338e-03 
134.600000 5.3333345073302294e-03 
134.800000 5.3333345064515390e-03 
135.000000 5.3333345056033061e-03 
135.200000 5.3333345047845530e-03 
135.400000 5.3333345039944264e-03 
135.600000 5.3333345032320024e-03 
135.800000 5.3333345024964493e-03 
136.000000 5.3333345017868797e-03 
136.200000 5.3333345011024992e-03 
136.400000 5.3333345004425142e-03 
136.600000 5.3333344998060675e-03 
136.800000 5.3333344991924403e-03 
137.000000 5.3333344986009005e-03 
137.200000 5.3333344980306986e-03 
137.400000 5.3333344974811131e-03 
137.600000 5.3333344969514864e-03 
137.800000 5.3333344964411646e-03 
138.000000 5.3333344959494442e-03 
138.200000 5.3333344954757632e-03 
138.400000 5.3333344950194598e-03 
138.600000 5.3333344945799485e-03 
138.800000 5.3333344941566751e-03 
139.000000 5.3333344937490498e-03 
139.200000 5.3333344933565695e-03 
139.400000 5.3333344929786738e-03 
139.600000 5.3333344926148859e-03 
139.800000 5.3333344922646851e-03 
140.000000 5.3333344919276196e-03 
140.200000 5.3333344916032220e-03 
140.400000 5.3333344912910455e-03 
140.600000 5.3333344909906712e-03 
140.800000 5.3333344907016671e-03 
141.000000 5.3333344904236447e-03 
141.200000 5.3333344901562076e-03 
141.400000 5.3333344898989976e-03 
141.600000 5.3333344896516165e-03 
141.800000 5.3333344894137581e-03 
142.000000 5.3333344891850713e-03 
142.200000 5.3333344889652150e-03 
142.400000 5.3333344887539222e-03 
142.600000 5.3333344885508425e-03 
142.800000 5.3333344883556818e-03 
143.000000 5.3333344881681920e-03 
143.200000 5.3333344879881251e-03 
143.400000 5.3333344878151393e-03 
143.600000 5.3333344876490864e-03 
143.800000 5.3333344874896688e-03 
144.000000 5.3333344873366237e-03 
144.200000 5.3333344871898166e-03 
144.400000 5.3333344870490022e-03 
144.600000 5.3333344869139418e-03 
144.800000 5.3333344867844924e-03 
145.000000 5.3333344866604449e-03 
145.200000 5.3333344865415886e-03 
145.400000 5.3333344864278133e-03 
145.600000 5.3333344863188961e-03 
145.800000 5.3333344862146756e-03 
146.000000 5.3333344861150383e-03 
146.200000 5.3333344860197959e-03 
146.400000 5.3333344859288062e-03 
146.600000 5.3333344858419564e-03 
146.800000 5.3333344857591008e-03 
147.000000 5.3333344856801848e-03 
147.200000 5.3333344856051146e-03 
147.400000 5.3333344855337611e-03 
147.600000 5.3333344854660418e-03 
147.800000 5.3333344854018718e-03 
148.000000 5.3333344853410836e-03 
148.200000 5.3333344852836027e-03 
148.400000 5.3333344852293327e-03 
148.600000 5.3333344851781280e-03 
148.800000 5.3333344851298915e-03 
149.000000 5.3333344850845128e-03 
149.200000 5.3333344850419288e-03 
149.400000 5.3333344850019625e-03 
149.600000 5.3333344849645732e-03 
149.800000 5.3333344849296367e-03 
