0.000000 5.1083693194081969e-01 
0.200000 5.1083906768973331e-01 
0.400000 5.1084331638235203e-01 
0.600000 5.1084791200054280e-01 
0.800000 5.1085141162812719e-01 
1.000000 5.1085258246545595e-01 
1.200000 5.1085016352974377e-01 
1.400000 5.1084308959809821e-01 
1.600000 5.1083037197927494e-01 
1.800000 5.1081111664249557e-01 
2.000000 5.1078438840232365e-01 
2.200000 5.1074958920534963e-01 
2.400000 5.1070629507639542e-01 
2.600000 5.1065414225089301e-01 
2.800000 5.1059274908648999e-01 
3.000000 5.1052180407033865e-01 
3.200000 5.1044102267965930e-01 
3.400000 5.1035017348341138e-01 
3.600000 5.1025038863517502e-01 
3.800000 5.1014205030904147e-01 
4.000000 5.1002470273967593e-01 
4.200000 5.0989790888899678e-01 
4.400000 5.0976124904405540e-01 
4.600000 5.0961426789826547e-01 
4.800000 5.0945654137840668e-01 
5.000000 5.0928765445555912e-01 
5.200000 5.0910722033360800e-01 
5.400000 5.0891485663867064e-01 
5.600000 5.0871019981419985e-01 
5.800000 5.0849288913012392e-01 
6.000000 5.0826256616079413e-01 
6.200000 5.0801885957144710e-01 
6.400000 5.0776138542990445e-01 
6.600000 5.0748973669903086e-01 
6.800000 5.0720348924211422e-01 
7.000000 5.0690215792265425e-01 
7.200000 5.0658519694187887e-01 
7.400000 5.0625202705368333e-01 
7.600000 5.0590203888696328e-01 
7.800000 5.0553459233923514e-01 
8.000000 5.0514901529645262e-01 
8.200000 5.0474460226468210e-01 
8.400000 5.0432061095424274e-01 
8.600000 5.0387625955245940e-01 
8.800000 5.0341072317145807e-01 
9.000000 5.0292313028751179e-01 
9.200000 5.0241255840143295e-01 
9.400000 5.0187803031695843e-01 
9.600000 5.0131851025308982e-01 
9.800000 5.0073290061191755e-01 
10.000000 5.0012003961546181e-01 
10.200000 4.9947869783061583e-01 
10.400000 4.9880757385056290e-01 
10.600000 4.9810528910747348e-01 
10.800000 4.9737038372614800e-01 
11.000000 4.9660131279005315e-01 
11.200000 4.9579644233527492e-01 
11.400000 4.9495404470988802e-01 
11.600000 4.9407229369748495e-01 
11.800000 4.9314925926653269e-01 
12.000000 4.9218290211648003e-01 
12.200000 4.9117106796672494e-01 
12.400000 4.9011148181396746e-01 
12.600000 4.8900174209666469e-01 
12.800000 4.8783931486479576e-01 
13.000000 4.8662152793140467e-01 
13.200000 4.8534556515713889e-01 
13.400000 4.8400846082435367e-01 
13.600000 4.8260709415365727e-01 
13.800000 4.8113818417387128e-01 
14.000000 4.7959828503158902e-01 
14.200000 4.7798378188212004e-01 
14.400000 4.7629088741921516e-01 
14.600000 4.7451563922408357e-01 
14.800000 4.7265389812067365e-01 
15.000000 4.7070134775931538e-01 
15.200000 4.6865349565662923e-01 
15.400000 4.6650567597170595e-01 
15.600000 4.6425305429382313e-01 
15.800000 4.6189063474352371e-01 
16.000000 4.5941326969817392e-01 
16.200000 4.5681567248763938e-01 
16.400000 4.5409243340099420e-01 
16.600000 4.5123803934306889e-01 
16.800000 4.4824689749782776e-01 
17.000000 4.4511336332697748e-01 
17.200000 4.4183177321518141e-01 
17.400000 4.3839648202979903e-01 
17.600000 4.3480190581875350e-01 
17.800000 4.3104256979812466e-01 
18.000000 4.2711316169856200e-01 
18.200000 4.2300859043471722e-01 
18.400000 4.1872404994474893e-01 
18.600000 4.1425508790455462e-01 
18.800000 4.0959767886672033e-01 
19.000000 4.0474830120296512e-01 
19.200000 3.9970401705060926e-01 
19.400000 3.9446255427294941e-01 
19.600000 3.8902238925159638e-01 
19.800000 3.8338282914413074e-01 
20.000000 3.7754409206209127e-01 
20.200000 3.7150738346730150e-01 
20.400000 3.6527496695372963e-01 
20.600000 3.5885022749022599e-01 
20.800000 3.5223772515269502e-01 
21.000000 3.4544323738409666e-01 
21.200000 3.3847378789438221e-01 
21.400000 3.3133766045774349e-01 
21.600000 3.2404439608351354e-01 
21.800000 3.1660477233179773e-01 
22.000000 3.0903076391164847e-01 
22.200000 3.0133548413105649e-01 
22.400000 2.9353310725117521e-01 
22.600000 2.8563877231576917e-01 
22.800000 2.7766846956140978e-01 
23.000000 2.6963891104015708e-01 
23.200000 2.6156738758107517e-01 
23.400000 2.5347161465565338e-01 
23.600000 2.4536957007335267e-01 
23.800000 2.3727932669838708e-01 
24.000000 2.2921888353431921e-01 
24.200000 2.2120599856147052e-01 
24.400000 2.1325802663285445e-01 
24.600000 2.0539176554227098e-01 
24.800000 1.9762331308509093e-01 
25.000000 1.8996793755426006e-01 
25.200000 1.8243996367112034e-01 
25.400000 1.7505267546495423e-01 
25.600000 1.6781823710919008e-01 
25.800000 1.6074763221825844e-01 
26.000000 1.5385062162660287e-01 
26.200000 1.4713571922735430e-01 
26.400000 1.4061018505587317e-01 
26.600000 1.3428003447194908e-01 
26.800000 1.2815006202939991e-01 
27.000000 1.2222387842480026e-01 
27.200000 1.1650395878672969e-01 
27.400000 1.1099170049923462e-01 
27.600000 1.0568748874207377e-01 
27.800000 1.0059076796851277e-01 
28.000000 9.5700117620680508e-02 
28.200000 9.1013330494606637e-02 
28.400000 8.6527492303558981e-02 
28.600000 8.2239061141682376e-02 
28.800000 7.8143945712985510e-02 
29.000000 7.4237581357414748e-02 
29.200000 7.0515003070760543e-02 
29.400000 6.6970914874287191e-02 
29.600000 6.3599755039890640e-02 
29.800000 6.0395756814856059e-02 
30.000000 5.7353004415222245e-02 
30.200000 5.4465484167443318e-02 
30.400000 5.1727130774097581e-02 
30.600000 4.9131868760915492e-02 
30.800000 4.6673649230002834e-02 
31.000000 4.4346482098504794e-02 
31.200000 4.2144464044240368e-02 
31.400000 4.0061802411114594e-02 
31.600000 3.8092835348663104e-02 
31.800000 3.6232048473149155e-02 
32.000000 3.4474088343449741e-02 
32.200000 3.2813773044708665e-02 
32.400000 3.1246100167516458e-02 
32.600000 2.9766252461205112e-02 
32.800000 2.8369601427606455e-02 
33.000000 2.7051709107153456e-02 
33.200000 2.5808328293158826e-02 
33.400000 2.4635401393109102e-02 
33.600000 2.3529058138334280e-02 
33.800000 2.2485612325889293e-02 
34.000000 2.1501557759209297e-02 
34.200000 2.0573563537362585e-02 
34.400000 1.9698468826703574e-02 
34.600000 1.8873277233556349e-02 
34.800000 1.8095150882362285e-02 
35.000000 1.7361404290519588e-02 
35.200000 1.6669498118997209e-02 
35.400000 1.6017032866687264e-02 
35.600000 1.5401742566376669e-02 
35.800000 1.4821488531115937e-02 
36.000000 1.4274253191614661e-02 
36.200000 1.3758134058029907e-02 
36.400000 1.3271337833090492e-02 
36.600000 1.2812174697849062e-02 
36.800000 1.2379052786413314e-02 
37.000000 1.1970472861721215e-02 
37.200000 1.1585023200725422e-02 
37.400000 1.1221374694188201e-02 
37.600000 1.0878276163598178e-02 
37.800000 1.0554549895461306e-02 
38.000000 1.0249087391332939e-02 
38.200000 9.9608453304074838e-03 
38.400000 9.6888417402257610e-03 
38.600000 9.4321523700572237e-03 
38.800000 9.1899072607338362e-03 
39.000000 8.9612875041227644e-03 
39.200000 8.7455221850012647e-03 
39.400000 8.5418854978104256e-03 
39.600000 8.3496940305977044e-03 
39.800000 8.1683042083899090e-03 
40.000000 7.9971098882532978e-03 
40.200000 7.8355400983775910e-03 
40.400000 7.6830569136584750e-03 
40.600000 7.5391534604335869e-03 
40.800000 7.4033520432410004e-03 
41.000000 7.2752023867098878e-03 
41.200000 7.1542799859532612e-03 
41.400000 7.0401845591042695e-03 
41.600000 6.9325385959192951e-03 
41.800000 6.8309859966556100e-03 
42.000000 6.7351907957159049e-03 
42.200000 6.6448359648361459e-03 
42.400000 6.5596222908700591e-03 
42.600000 6.4792673234968607e-03 
42.800000 6.4035043884421846e-03 
43.000000 6.3320816620567912e-03 
43.200000 6.2647613033449496e-03 
43.400000 6.2013186397675913e-03 
43.600000 6.1415414033712153e-03 
43.800000 6.0852290140073397e-03 
44.000000 6.0321919066104049e-03 
44.200000 5.9822508996943908e-03 
44.400000 5.9352366024104774e-03 
44.600000 5.8909888576803736e-03 
44.800000 5.8493562190806807e-03 
45.000000 5.8101954593065813e-03 
45.200000 5.7733711081863238e-03 
45.400000 5.7387550183507557e-03 
45.600000 5.7062259567895127e-03 
45.800000 5.6756692206414725e-03 
46.000000 5.6469762756785422e-03 
46.200000 5.6200444160432479e-03 
46.400000 5.5947764438979497e-03 
46.600000 5.5710803677319646e-03 
46.800000 5.5488691181575711e-03 
47.000000 5.5280602801025302e-03 
47.200000 5.5085758403812333e-03 
47.400000 5.4903419496918748e-03 
47.600000 5.4732886981527533e-03 
47.800000 5.4573499035473752e-03 
48.000000 5.4424629115040236e-03 
48.200000 5.4285684068858687e-03 
48.400000 5.4156102357149479e-03 
48.600000 5.4035352369983872e-03 
48.800000 5.3922930838647149e-03 
49.000000 5.3818361334581274e-03 
49.200000 5.3721192850729885e-03 
49.400000 5.3630998460443731e-03 
49.600000 5.3547374049415872e-03 
49.800000 5.3469937116398889e-03 
50.000000 5.3398325638728513e-03 
50.200000 5.3332196998926171e-03 
50.400000 5.3271226968886875e-03 
50.600000 5.3215108748371452e-03 
50.800000 5.3163552054731542e-03 
51.000000 5.3116282260982951e-03 
51.200000 5.3073039579509340e-03 
51.400000 5.3033578288861601e-03 
51.600000 5.2997666001251224e-03 
51.800000 5.2965082968498495e-03 
52.000000 5.2935621424312291e-03 
52.200000 5.2909084960919492e-03 
52.400000 5.2885287938171004e-03 
52.600000 5.2864054923361459e-03 
52.800000 5.2845220160102077e-03 
53.000000 5.2828627064687534e-03 
53.200000 5.2814127748482525e-03 
53.400000 5.2801582564935782e-03 
53.600000 5.2790859679919750e-03 
53.800000 5.2781834664152785e-03 
54.000000 5.2774390106543334e-03 
54.200000 5.2768415247354651e-03 
54.400000 5.2763805630150320e-03 
54.600000 5.2760462771540570e-03 
54.800000 5.2758293847801011e-03 
55.000000 5.2757211397489526e-03 
55.200000 5.2757133039231423e-03 
55.400000 5.2757981203889141e-03 
55.600000 5.2759682880379154e-03 
55.800000 5.2762169374431234e-03 
56.000000 5.2765376079629217e-03 
56.200000 5.2769242260104626e-03 
56.400000 5.2773710844289364e-03 
56.600000 5.2778728229164107e-03 
56.800000 5.2784244094468960e-03 
57.000000 5.2790211226373465e-03 
57.200000 5.2796585350123031e-03 
57.400000 5.2803324971212812e-03 
57.600000 5.2810391224655728e-03 
57.800000 5.2817747731938435e-03 
58.000000 5.2825360465277712e-03 
58.200000 5.2833197618811535e-03 
58.400000 5.2841229486374737e-03 
58.600000 5.2849428345531323e-03 
58.800000 5.2857768347550097e-03 
59.000000 5.2866225413024451e-03 
59.200000 5.2874777132854182e-03 
59.400000 5.2883402674324016e-03 
59.600000 5.2892082692022561e-03 
59.800000 5.2900799243358141e-03 
60.000000 5.2909535708445046e-03 
60.200000 5.2918276714142556e-03 
60.400000 5.2927008062035605e-03 
60.600000 5.2935716660165557e-03 
60.800000 5.2944390458320072e-03 
61.000000 5.2953018386706465e-03 
61.200000 5.2961590297839617e-03 
61.400000 5.2970096911483825e-03 
61.600000 5.2978529762496103e-03 
61.800000 5.2986881151425641e-03 
62.000000 5.2995144097731520e-03 
62.200000 5.3003312295490917e-03 
62.400000 5.3011380071466769e-03 
62.600000 5.3019342345424075e-03 
62.800000 5.3027194592574897e-03 
63.000000 5.3034932808051971e-03 
63.200000 5.3042553473305375e-03 
63.400000 5.3050053524322993e-03 
63.600000 5.3057430321589256e-03 
63.800000 5.3064681621690238e-03 
64.000000 5.3071805550482269e-03 
64.200000 5.3078800577745109e-03 
64.400000 5.3085665493245067e-03 
64.600000 5.3092399384137359e-03 
64.800000 5.3099001613635902e-03 
65.000000 5.3105471800890692e-03 
65.200000 5.3111809802006849e-03 
65.400000 5.3118015692150498e-03 
65.600000 5.3124089748681881e-03 
65.800000 5.3130032435265645e-03 
66.000000 5.3135844386908767e-03 
66.200000 5.3141526395872460e-03 
66.400000 5.3147079398421348e-03 
66.600000 5.3152504462357303e-03 
66.800000 5.3157802775304804e-03 
67.000000 5.3162975633702170e-03 
67.200000 5.3168024432466527e-03 
67.400000 5.3172950655293542e-03 
67.600000 5.3177755865559543e-03 
67.800000 5.3182441697794446e-03 
68.000000 5.3187009849696336e-03 
68.200000 5.3191462074652111e-03 
68.400000 5.3195800174748367e-03 
68.600000 5.3200025994234734e-03 
68.800000 5.3204141413421384e-03 
69.000000 5.3208148342987118e-03 
69.200000 5.3212048718671110e-03 
69.400000 5.3215844496332749e-03 
69.600000 5.3219537647356775e-03 
69.800000 5.3223130154379872e-03 
70.000000 5.3226624007332406e-03 
70.200000 5.3230021199763495e-03 
70.400000 5.3233323725444441e-03 
70.600000 5.3236533575229715e-03 
70.800000 5.3239652734159079e-03 
71.000000 5.3242683178793262e-03 
71.200000 5.3245626874762015e-03 
71.400000 5.3248485774518841e-03 
71.600000 5.3251261815284289e-03 
71.800000 5.3253956917171186e-03 
72.000000 5.3256572981479336e-03 
72.200000 5.3259111889148629e-03 
72.400000 5.3261575499360678e-03 
72.600000 5.3263965648283167e-03 
72.800000 5.3266284147943490e-03 
73.000000 5.3268532785225682e-03 
73.200000 5.3270713320984894e-03 
73.400000 5.3272827489267167e-03 
73.600000 5.3274876996632350e-03 
73.800000 5.3276863521570057e-03 
74.000000 5.3278788714004920e-03 
74.200000 5.3280654194883008e-03 
74.400000 5.3282461555835244e-03 
74.600000 5.3284212358913107e-03 
74.800000 5.3285908136388779e-03 
75.000000 5.3287550390618459e-03 
75.200000 5.3289140593961977e-03 
75.400000 5.3290680188755679e-03 
75.600000 5.3292170587334641e-03 
75.800000 5.3293613172098186e-03 
76.000000 5.3295009295620506e-03 
76.200000 5.3296360280795322e-03 
76.400000 5.3297667421020175e-03 
76.600000 5.3298931980409001e-03 
76.800000 5.3300155194036984e-03 
77.000000 5.3301338268210300e-03 
77.200000 5.3302482380761847e-03 
77.400000 5.3303588681368483e-03 
77.600000 5.3304658291886747e-03 
77.800000 5.3305692306709418e-03 
78.000000 5.3306691793134180e-03 
78.200000 5.3307657791751163e-03 
78.400000 5.3308591316838030e-03 
78.600000 5.3309493356770311e-03 
78.800000 5.3310364874437364e-03 
79.000000 5.3311206807669714e-03 
79.200000 5.3312020069671640e-03 
79.400000 5.3312805549459025e-03 
79.600000 5.3313564112302198e-03 
79.800000 5.3314296600172929e-03 
80.000000 5.3315003832193281e-03 
80.200000 5.3315686605085689e-03 
80.400000 5.3316345693623967e-03 
80.600000 5.3316981851085892e-03 
80.800000 5.3317595809702616e-03 
81.000000 5.3318188281109005e-03 
81.200000 5.3318759956790772e-03 
81.400000 5.3319311508528587e-03 
81.600000 5.3319843588842180e-03 
81.800000 5.3320356831426177e-03 
82.000000 5.3320851851587411e-03 
82.200000 5.3321329246673503e-03 
82.400000 5.3321789596499376e-03 
82.600000 5.3322233463768843e-03 
82.800000 5.3322661394488782e-03 
83.000000 5.3323073918380747e-03 
83.200000 5.3323471549285234e-03 
83.400000 5.3323854785559989e-03 
83.600000 5.3324224110473115e-03 
83.800000 5.3324579992589678e-03 
84.000000 5.3324922886150844e-03 
84.200000 5.3325253231448671e-03 
84.400000 5.3325571455193083e-03 
84.600000 5.3325877970871217e-03 
84.800000 5.3326173179102602e-03 
85.000000 5.3326457467985523e-03 
85.200000 5.3326731213438122e-03 
85.400000 5.3326994779529921e-03 
85.600000 5.3327248518811798e-03 
85.800000 5.3327492772632873e-03 
86.000000 5.3327727871455167e-03 
86.200000 5.3327954135161037e-03 
86.400000 5.3328171873350677e-03 
86.600000 5.3328381385636565e-03 
86.800000 5.3328582961931024e-03 
87.000000 5.3328776882723677e-03 
87.200000 5.3328963419356440e-03 
87.400000 5.3329142834290738e-03 
87.600000 5.3329315381367495e-03 
87.800000 5.3329481306061731e-03 
88.000000 5.3329640845730455e-03 
88.200000 5.3329794229854807e-03 
88.400000 5.3329941680277243e-03 
88.600000 5.3330083411428746e-03 
88.800000 5.3330219630556555e-03 
89.000000 5.3330350537939995e-03 
89.200000 5.3330476327103828e-03 
89.400000 5.3330597185026187e-03 
89.600000 5.3330713292340003e-03 
89.800000 5.3330824823529513e-03 
90.000000 5.3330931947120205e-03 
90.200000 5.3331034825866708e-03 
90.400000 5.3331133616932201e-03 
90.600000 5.3331228472065142e-03 
90.800000 5.3331319537769728e-03 
91.000000 5.3331406955472813e-03 
91.200000 5.3331490861685373e-03 
91.400000 5.3331571388159239e-03 
91.600000 5.3331648662040612e-03 
91.800000 5.3331722806017265e-03 
92.000000 5.3331793938463544e-03 
92.200000 5.3331862173579582e-03 
92.400000 5.3331927621528084e-03 
92.600000 5.3331990388564695e-03 
92.800000 5.3332050577167538e-03 
93.000000 5.3332108286160539e-03 
93.200000 5.3332163610834097e-03 
93.400000 5.3332216643062428e-03 
93.600000 5.3332267471415959e-03 
93.800000 5.3332316181273686e-03 
94.000000 5.3332362854926728e-03 
94.200000 5.3332407571684594e-03 
94.400000 5.3332450407973233e-03 
94.600000 5.3332491437434806e-03 
94.800000 5.3332530731018853e-03 
95.000000 5.3332568357076730e-03 
95.200000 5.3332604381447985e-03 
95.400000 5.3332638867546814e-03 
95.600000 5.3332671876445241e-03 
95.800000 5.3332703466953679e-03 
96.000000 5.3332733695698178e-03 
96.200000 5.3332762617196829e-03 
96.400000 5.3332790283931505e-03 
96.600000 5.3332816746421005e-03 
96.800000 5.3332842053286002e-03 
97.000000 5.3332866251318591e-03 
97.200000 5.3332889385544801e-03 
97.400000 5.3332911499286983e-03 
97.600000 5.3332932634223076e-03 
97.800000 5.3332952830446607e-03 
98.000000 5.3332972126521041e-03 
98.200000 5.3332990559535158e-03 
98.400000 5.3333008165154698e-03 
98.600000 5.3333024977674122e-03 
98.800000 5.3333041030065691e-03 
99.000000 5.3333056354026515e-03 
99.200000 5.3333070980024619e-03 
99.400000 5.3333084937342940e-03 
99.600000 5.3333098254123735e-03 
99.800000 5.3333110957408210e-03 
100.000000 5.3333123073177578e-03 
100.200000 5.3333134626391884e-03 
100.400000 5.3333145641026652e-03 
100.600000 5.3333156140109896e-03 
100.800000 5.3333166145756164e-03 
101.000000 5.3333175679201360e-03 
101.200000 5.3333184760834176e-03 
101.400000 5.3333193410228068e-03 
101.600000 5.3333201646171358e-03 
101.800000 5.3333209486696670e-03 
102.000000 5.3333216949109519e-03 
102.200000 5.3333224050015121e-03 
102.400000 5.3333230805344741e-03 
102.600000 5.3333237230381667e-03 
102.800000 5.3333243339784928e-03 
103.000000 5.3333249147613452e-03 
103.200000 5.3333254667349205e-03 
103.400000 5.3333259911918143e-03 
103.600000 5.3333264893713110e-03 
103.800000 5.3333269624612255e-03 
104.000000 5.3333274116000766e-03 
104.200000 5.3333278378788172e-03 
104.400000 5.3333282423428628e-03 
104.600000 5.3333286259936163e-03 
104.800000 5.3333289897905048e-03 
105.000000 5.3333293346522204e-03 
105.200000 5.3333296614586686e-03 
105.400000 5.3333299710522685e-03 
105.600000 5.3333302642395667e-03 
105.800000 5.3333305417924987e-03 
106.000000 5.3333308044499093e-03 
106.200000 5.3333310529188197e-03 
106.400000 5.3333312878756237e-03 
106.600000 5.3333315099673550e-03 
106.800000 5.3333317198129481e-03 
107.000000 5.3333319180042969e-03 
107.200000 5.3333321051071960e-03 
107.400000 5.3333322816627050e-03 
107.600000 5.3333324481878606e-03 
107.800000 5.3333326051768397e-03 
108.000000 5.3333327531018219e-03 
108.200000 5.3333328924138933e-03 
108.400000 5.3333330235438995e-03 
108.600000 5.3333331469032595e-03 
108.800000 5.3333332628849135e-03 
109.000000 5.3333333718638635e-03 
109.200000 5.3333334741980645e-03 
109.400000 5.3333335702290905e-03 
109.600000 5.3333336602828796e-03 
109.800000 5.3333337446703219e-03 
110.000000 5.3333338236878263e-03 
110.200000 5.3333338976181812e-03 
110.400000 5.3333339667308594e-03 
110.600000 5.3333340312826608e-03 
110.800000 5.3333340915183913e-03 
111.000000 5.3333341476712133e-03 
111.200000 5.3333341999632442e-03 
111.400000 5.3333342486059218e-03 
111.600000 5.3333342938006231e-03 
111.800000 5.3333343357389327e-03 
112.000000 5.3333343746032368e-03 
112.200000 5.3333344105669931e-03 
112.400000 5.3333344437952014e-03 
112.600000 5.3333344744447174e-03 
112.800000 5.3333345026646637e-03 
113.000000 5.3333345285967795e-03 
113.200000 5.3333345523756846e-03 
113.400000 5.3333345741292306e-03 
113.600000 5.3333345939788925e-03 
113.800000 5.3333346120398853e-03 
114.000000 5.3333346284215582e-03 
114.200000 5.3333346432277232e-03 
114.400000 5.3333346565566896e-03 
114.600000 5.3333346685017933e-03 
114.800000 5.3333346791514481e-03 
115.000000 5.3333346885893447e-03 
115.200000 5.3333346968948226e-03 
115.400000 5.3333347041429743e-03 
115.600000 5.3333347104048351e-03 
115.800000 5.3333347157475961e-03 
116.000000 5.3333347202348365e-03 
116.200000 5.3333347239266065e-03 
116.400000 5.3333347268796853e-03 
116.600000 5.3333347291476176e-03 
116.800000 5.3333347307810515e-03 
117.000000 5.3333347318276648e-03 
117.200000 5.3333347323325222e-03 
117.400000 5.3333347323379640e-03 
117.600000 5.3333347318840034e-03 
117.800000 5.3333347310082681e-03 
118.000000 5.3333347297461553e-03 
118.200000 5.3333347281309292e-03 
118.400000 5.3333347261939430e-03 
118.600000 5.3333347239645492e-03 
118.800000 5.3333347214703664e-03 
119.000000 5.3333347187372307e-03 
119.200000 5.3333347157894220e-03 
119.400000 5.3333347126496462e-03 
119.600000 5.3333347093391503e-03 
119.800000 5.3333347058778270e-03 
120.000000 5.3333347022842276e-03 
120.200000 5.3333346985756655e-03 
120.400000 5.3333346947683222e-03 
120.600000 5.3333346908772438e-03 
120.800000 5.3333346869164225e-03 
121.000000 5.3333346828988368e-03 
121.200000 5.3333346788365975e-03 
121.400000 5.3333346747408703e-03 
121.600000 5.3333346706219906e-03 
121.800000 5.3333346664895505e-03 
122.000000 5.3333346623523807e-03 
122.200000 5.3333346582185720e-03 
122.400000 5.3333346540955923e-03 
122.600000 5.3333346499903223e-03 
122.800000 5.3333346459090211e-03 
123.000000 5.3333346418573445e-03 
123.200000 5.3333346378405420e-03 
123.400000 5.3333346338633146e-03 
123.600000 5.3333346299299133e-03 
123.800000 5.3333346260442211e-03 
124.000000 5.3333346222095863e-03 
124.200000 5.3333346184291416e-03 
124.400000 5.3333346147056001e-03 
124.600000 5.3333346110413082e-03 
124.800000 5.3333346074383725e-03 
125.000000 5.3333346038986111e-03 
125.200000 5.3333346004235185e-03 
125.400000 5.3333345970144044e-03 
125.600000 5.3333345936723165e-03 
125.800000 5.3333345903980910e-03 
126.000000 5.3333345871924061e-03 
126.200000 5.3333345840557260e-03 
126.400000 5.3333345809883125e-03 
126.600000 5.3333345779903495e-03 
126.800000 5.3333345750617954e-03 
127.000000 5.3333345722025366e-03 
127.200000 5.3333345694123180e-03 
127.400000 5.3333345666907667e-03 
127.600000 5.3333345640374100e-03 
127.800000 5.3333345614517101e-03 
128.000000 5.3333345589330018e-03 
128.200000 5.3333345564805720e-03 
128.400000 5.3333345540936489e-03 
128.600000 5.3333345517713364e-03 
128.800000 5.3333345495127724e-03 
129.000000 5.3333345473170245e-03 
129.200000 5.3333345451830405e-03 
129.400000 5.3333345431098534e-03 
129.600000 5.3333345410963547e-03 
129.800000 5.3333345391414645e-03 
130.000000 5.3333345372440387e-03 
130.200000 5.3333345354029905e-03 
130.400000 5.3333345336171673e-03 
130.600000 5.3333345318853738e-03 
130.800000 5.3333345302064555e-03 
131.000000 5.3333345285792467e-03 
131.200000 5.3333345270025478e-03 
131.400000 5.3333345254751915e-03 
131.600000 5.3333345239960023e-03 
131.800000 5.3333345225637825e-03 
132.000000 5.3333345211774193e-03 
132.200000 5.3333345198356931e-03 
132.400000 5.3333345185374694e-03 
132.600000 5.3333345172816076e-03 
132.800000 5.3333345160670349e-03 
133.000000 5.3333345148925378e-03 
133.200000 5.3333345137570936e-03 
133.400000 5.3333345126595688e-03 
133.600000 5.3333345115989337e-03 
133.800000 5.3333345105741016e-03 
134.000000 5.3333345095840975e-03 
134.200000 5.3333345086278364e-03 
134.400000 5.3333345077043398e-03 
134.600000 5.3333345068126694e-03 
134.800000 5.3333345059518207e-03 
135.000000 5.3333345051208830e-03 
135.200000 5.3333345043189428e-03 
135.400000 5.3333345035450593e-03 
135.600000 5.3333345027984230e-03 
135.800000 5.3333345020781329e-03 
136.000000 5.3333345013833588e-03 
136.200000 5.3333345007133253e-03 
136.400000 5.3333345000671261e-03 
136.600000 5.3333344994441270e-03 
136.800000 5.3333344988435163e-03 
137.000000 5.3333344982644864e-03 
137.200000 5.3333344977064328e-03 
137.400000 5.3333344971686321e-03 
137.600000 5.3333344966503575e-03 
137.800000 5.3333344961509991e-03 
138.000000 5.3333344956699178e-03 
138.200000 5.3333344952064612e-03 
138.400000 5.3333344947600614e-03 
138.600000 5.3333344943301388e-03 
138.800000 5.3333344939160889e-03 
139.000000 5.3333344935173888e-03 
139.200000 5.3333344931335153e-03 
139.400000 5.3333344927639567e-03 
139.600000 5.3333344924081658e-03 
139.800000 5.3333344920657487e-03 
140.000000 5.3333344917361946e-03 
140.200000 5.3333344914190031e-03 
140.400000 5.3333344911138114e-03 
140.600000 5.3333344908201635e-03 
140.800000 5.3333344905376395e-03 
141.000000 5.3333344902659081e-03 
141.200000 5.3333344900045234e-03 
141.400000 5.3333344897531307e-03 
141.600000 5.3333344895114022e-03 
141.800000 5.3333344892789701e-03 
142.000000 5.3333344890554996e-03 
142.200000 5.3333344888407304e-03 
142.400000 5.3333344886342888e-03 
142.600000 5.3333344884359197e-03 
142.800000 5.3333344882453265e-03 
143.000000 5.3333344880622151e-03 
143.200000 5.3333344878863714e-03 
143.400000 5.3333344877175273e-03 
143.600000 5.3333344875553758e-03 
143.800000 5.3333344873997502e-03 
144.000000 5.3333344872504409e-03 
144.200000 5.3333344871071692e-03 
144.400000 5.3333344869698051e-03 
144.600000 5.3333344868380849e-03 
144.800000 5.3333344867118049e-03 
145.000000 5.3333344865908660e-03 
145.200000 5.3333344864750307e-03 
145.400000 5.3333344863641299e-03 
145.600000 5.3333344862580212e-03 
145.800000 5.3333344861565329e-03 
146.000000 5.3333344860594977e-03 
146.200000 5.3333344859668045e-03 
146.400000 5.3333344858782746e-03 
146.600000 5.3333344857937840e-03 
146.800000 5.3333344857132868e-03 
147.000000 5.3333344856366528e-03 
147.200000 5.3333344855637831e-03 
147.400000 5.3333344854946058e-03 
147.600000 5.3333344854289821e-03 
147.800000 5.3333344853668434e-03 
148.000000 5.3333344853080337e-03 
148.200000 5.3333344852524445e-03 
148.400000 5.3333344852000046e-03 
148.600000 5.3333344851505590e-03 
148.800000 5.3333344851040302e-03 
149.000000 5.3333344850603152e-03 
149.200000 5.3333344850192846e-03 
149.400000 5.3333344849808388e-03 
149.600000 5.3333344849449127e-03 
149.800000 5.3333344849113692e-03 
