0.000000 2.3867963322977363e-02 
0.200000 2.3867984003064852e-02 
0.400000 2.3868696552536341e-02 
0.600000 2.3871451271445514e-02 
0.800000 2.3877428762488346e-02 
1.000000 2.3887671072207805e-02 
1.200000 2.3903086920336471e-02 
1.400000 2.3924448750401190e-02 
1.600000 2.3952422815144002e-02 
1.800000 2.3987589516399940e-02 
2.000000 2.4030508480896714e-02 
2.200000 2.4081675384004367e-02 
2.400000 2.4141540416415169e-02 
2.600000 2.4210520878854887e-02 
2.800000 2.4289001617073740e-02 
3.000000 2.4377335710530062e-02 
3.200000 2.4475858550859264e-02 
3.400000 2.4584890962519614e-02 
3.600000 2.4704789499441774e-02 
3.800000 2.4835836642822896e-02 
4.000000 2.4978302321757597e-02 
4.200000 2.5132452425879574e-02 
4.400000 2.5298544974846196e-02 
4.600000 2.5476841435164332e-02 
4.800000 2.5667607307538604e-02 
5.000000 2.5871114591961578e-02 
5.200000 2.6087639164342018e-02 
5.400000 2.6317468057275414e-02 
5.600000 2.6560898610593093e-02 
5.800000 2.6818240198410826e-02 
6.000000 2.7089812534817074e-02 
6.200000 2.7375950324937916e-02 
6.400000 2.7677002906859816e-02 
6.600000 2.7993331474296716e-02 
6.800000 2.8325313451154435e-02 
7.000000 2.8673343124707415e-02 
7.200000 2.9037833584066673e-02 
7.400000 2.9419217201973106e-02 
7.600000 2.9817948414033381e-02 
7.800000 3.0234504434366444e-02 
8.000000 3.0669386676463902e-02 
8.200000 3.1123121472607394e-02 
8.400000 3.1596262203467694e-02 
8.600000 3.2089390243761139e-02 
8.800000 3.2603116349208087e-02 
9.000000 3.3138081689333972e-02 
9.200000 3.3694959802964039e-02 
9.400000 3.4274457856728544e-02 
9.600000 3.4877318111623444e-02 
9.800000 3.5504319914835415e-02 
10.000000 3.6156281225081861e-02 
10.200000 3.6834060313925568e-02 
10.400000 3.7538557422683146e-02 
10.600000 3.8270716819642843e-02 
10.800000 3.9031528617677155e-02 
11.000000 3.9822030695204701e-02 
11.200000 4.0643310515553366e-02 
11.400000 4.1496507109380736e-02 
11.600000 4.2382812865009396e-02 
11.800000 4.3303475329915943e-02 
12.000000 4.4259798893528421e-02 
12.200000 4.5253146495096583e-02 
12.400000 4.6284941109462081e-02 
12.600000 4.7356667080252879e-02 
12.800000 4.8469871332493988e-02 
13.000000 4.9626164279639846e-02 
13.200000 5.0827220467087889e-02 
13.400000 5.2074778835526934e-02 
13.600000 5.3370642603429143e-02 
13.800000 5.4716678613937003e-02 
14.000000 5.6114816107481716e-02 
14.200000 5.7567044802149067e-02 
14.400000 5.9075412213686174e-02 
14.600000 6.0642020057949754e-02 
14.800000 6.2269019642105662e-02 
15.000000 6.3958606101144830e-02 
15.200000 6.5713011361847193e-02 
15.400000 6.7534495658697416e-02 
15.600000 6.9425337462094977e-02 
15.800000 7.1387821672946883e-02 
16.000000 7.3424225905029006e-02 
16.200000 7.5536804709369049e-02 
16.400000 7.7727771583031777e-02 
16.600000 7.9999278630566786e-02 
16.800000 8.2353393743869949e-02 
17.000000 8.4792075204525905e-02 
17.200000 8.7317143635827696e-02 
17.400000 8.9930251277256776e-02 
17.600000 9.2632848592234474e-02 
17.800000 9.5426148286359619e-02 
18.000000 9.8311086876429629e-02 
18.200000 1.0128828403140541e-01 
18.400000 1.0435799998685702e-01 
18.600000 1.0752009143397293e-01 
18.800000 1.1077396638495182e-01 
19.000000 1.1411853862077286e-01 
19.200000 1.1755218243698255e-01 
19.400000 1.2107268850852805e-01 
19.600000 1.2467722179718274e-01 
19.800000 1.2836228251315288e-01 
20.000000 1.3212367121933594e-01 
20.200000 1.3595645922000119e-01 
20.400000 1.3985496540431250e-01 
20.600000 1.4381274070962224e-01 
20.800000 1.4782256132959959e-01 
21.000000 1.5187643171016488e-01 
21.200000 1.5596559825117087e-01 
21.400000 1.6008057446070925e-01 
21.600000 1.6421117809507324e-01 
21.800000 1.6834658056155241e-01 
22.000000 1.7247536857062637e-01 
22.200000 1.7658561770500242e-01 
22.400000 1.8066497723842556e-01 
22.600000 1.8470076519748924e-01 
22.800000 1.8868007233012549e-01 
23.000000 1.9258987334000349e-01 
23.200000 1.9641714348080475e-01 
23.400000 2.0014897839257251e-01 
23.600000 2.0377271491503457e-01 
23.800000 2.0727605053907283e-01 
24.000000 2.1064715916167839e-01 
24.200000 2.1387480089310451e-01 
24.400000 2.1694842382375298e-01 
24.600000 2.1985825588559016e-01 
24.800000 2.2259538522755795e-01 
25.000000 2.2515182785324844e-01 
25.200000 2.2752058162668035e-01 
25.400000 2.2969566612288275e-01 
25.600000 2.3167214816812060e-01 
25.800000 2.3344615326612264e-01 
26.000000 2.3501486342896194e-01 
26.200000 2.3637650221445503e-01 
26.400000 2.3753030800902772e-01 
26.600000 2.3847649678152913e-01 
26.800000 2.3921621566793766e-01 
27.000000 2.3975148883011002e-01 
27.200000 2.4008515706657818e-01 
27.400000 2.4022081264441317e-01 
27.600000 2.4016273077404107e-01 
27.800000 2.3991579906999014e-01 
28.000000 2.3948544623657408e-01 
28.200000 2.3887757109514748e-01 
28.400000 2.3809847293511027e-01 
28.600000 2.3715478403009335e-01 
28.800000 2.3605340501883756e-01 
29.000000 2.3480144371144299e-01 
29.200000 2.3340615774948215e-01 
29.400000 2.3187490142547162e-01 
29.600000 2.3021507685548639e-01 
29.800000 2.2843408959926573e-01 
30.000000 2.2653930873576164e-01 
30.200000 2.2453803132868283e-01 
30.400000 2.2243745115593058e-01 
30.600000 2.2024463152817345e-01 
30.800000 2.1796648198436089e-01 
31.000000 2.1560973862456531e-01 
31.200000 2.1318094782219296e-01 
31.400000 2.1068645304698641e-01 
31.600000 2.0813238452632529e-01 
31.800000 2.0552465147395468e-01 
32.000000 2.0286893662139827e-01 
32.200000 2.0017069279696675e-01 
32.400000 1.9743514130970255e-01 
32.600000 1.9466727190988109e-01 
32.800000 1.9187184411332084e-01 
33.000000 1.8905338969311725e-01 
33.200000 1.8621621615901104e-01 
33.400000 1.8336441106117937e-01 
33.600000 1.8050184697133473e-01 
33.800000 1.7763218700957811e-01 
34.000000 1.7475889080017257e-01 
34.200000 1.7188522075324605e-01 
34.400000 1.6901424858232525e-01 
34.600000 1.6614886197942089e-01 
34.800000 1.6329177138027751e-01 
35.000000 1.6044551676217123e-01 
35.200000 1.5761247442556475e-01 
35.400000 1.5479486371878032e-01 
35.600000 1.5199475367192902e-01 
35.800000 1.4921406951253000e-01 
36.000000 1.4645459904069150e-01 
36.200000 1.4371799884646899e-01 
36.400000 1.4100580035612573e-01 
36.600000 1.3831941569752984e-01 
36.800000 1.3566014337793500e-01 
37.000000 1.3302917376994086e-01 
37.200000 1.3042759440354076e-01 
37.400000 1.2785639506396346e-01 
37.600000 1.2531647269644289e-01 
37.800000 1.2280863612025836e-01 
38.000000 1.2033361055530903e-01 
38.200000 1.1789204196523280e-01 
38.400000 1.1548450122165524e-01 
38.600000 1.1311148809455675e-01 
38.800000 1.1077343507404819e-01 
39.000000 1.0847071102903710e-01 
39.200000 1.0620362470837519e-01 
39.400000 1.0397242809009381e-01 
39.600000 1.0177731958435635e-01 
39.800000 9.9618447095639925e-02 
40.000000 9.7495910949607287e-02 
40.200000 9.5409766689965952e-02 
40.400000 9.3360027750496594e-02 
40.600000 9.1346668007250942e-02 
40.800000 8.9369624215759516e-02 
41.000000 8.7428798337924898e-02 
41.200000 8.5524059763076435e-02 
41.400000 8.3655247427512958e-02 
41.600000 8.1822171836669608e-02 
41.800000 8.0024616993879014e-02 
42.000000 7.8262342239537985e-02 
42.200000 7.6535084004321172e-02 
42.400000 7.4842557479939772e-02 
42.600000 7.3184458210794737e-02 
42.800000 7.1560463609724623e-02 
43.000000 6.9970234400936152e-02 
43.200000 6.8413415993049925e-02 
43.400000 6.6889639785102636e-02 
43.600000 6.5398524408211894e-02 
43.800000 6.3939676905511320e-02 
44.000000 6.2512693852861276e-02 
44.200000 6.1117162422733989e-02 
44.400000 5.9752661393596654e-02 
44.600000 5.8418762107006340e-02 
44.800000 5.7115029374567076e-02 
45.000000 5.5841022336805830e-02 
45.200000 5.4596295275956136e-02 
45.400000 5.3380398384560344e-02 
45.600000 5.2192878491737565e-02 
45.800000 5.1033279748892268e-02 
46.000000 4.9901144276577908e-02 
46.200000 4.8796012774168118e-02 
46.400000 4.7717425093929525e-02 
46.600000 4.6664920781031509e-02 
46.800000 4.5638039580974711e-02 
47.000000 4.4636321915867243e-02 
47.200000 4.3659309330925884e-02 
47.400000 4.2706544912531667e-02 
47.600000 4.1777573679114638e-02 
47.800000 4.0871942946106840e-02 
48.000000 3.9989202666148527e-02 
48.200000 3.9128905745690341e-02 
48.400000 3.8290608339097913e-02 
48.600000 3.7473870121311786e-02 
48.800000 3.6678254540092749e-02 
49.000000 3.5903329048822631e-02 
49.200000 3.5148665320815627e-02 
49.400000 3.4413839446036196e-02 
49.600000 3.3698432111104036e-02 
49.800000 3.3002028763416062e-02 
50.000000 3.2324219760194443e-02 
50.200000 3.1664600503225920e-02 
50.400000 3.1022771560037056e-02 
50.600000 3.0398338772209925e-02 
50.800000 2.9790913351521165e-02 
51.000000 2.9200111964553535e-02 
51.200000 2.8625556806402802e-02 
51.400000 2.8066875664078731e-02 
51.600000 2.7523701970168329e-02 
51.800000 2.6995674847309182e-02 
52.000000 2.6482439143994112e-02 
52.200000 2.5983645462205853e-02 
52.400000 2.5498950177358301e-02 
52.600000 2.5028015450998958e-02 
52.800000 2.4570509236706825e-02 
53.000000 2.4126105279600261e-02 
53.200000 2.3694483109849607e-02 
53.400000 2.3275328030571047e-02 
53.600000 2.2868331100460524e-02 
53.800000 2.2473189111510458e-02 
54.000000 2.2089604562133935e-02 
54.200000 2.1717285626006042e-02 
54.400000 2.1355946116919565e-02 
54.600000 2.1005305449931316e-02 
54.800000 2.0665088599070978e-02 
55.000000 2.0335026051861781e-02 
55.200000 2.0014853760896088e-02 
55.400000 1.9704313092695110e-02 
55.600000 1.9403150774067800e-02 
55.800000 1.9111118836177932e-02 
56.000000 1.8827974556513329e-02 
56.200000 1.8553480398943032e-02 
56.400000 1.8287403952039118e-02 
56.600000 1.8029517865829615e-02 
56.800000 1.7779599787139781e-02 
57.000000 1.7537432293672474e-02 
57.200000 1.7302802826968933e-02 
57.400000 1.7075503624383533e-02 
57.600000 1.6855331650199267e-02 
57.800000 1.6642088526004933e-02 
58.000000 1.6435580460445340e-02 
58.200000 1.6235618178452732e-02 
58.400000 1.6042016850060323e-02 
58.600000 1.5854596018891977e-02 
58.800000 1.5673179530419457e-02 
59.000000 1.5497595460069858e-02 
59.200000 1.5327676041264672e-02 
59.400000 1.5163257593463370e-02 
59.600000 1.5004180450284057e-02 
59.800000 1.4850288887765566e-02 
60.000000 1.4701431052833664e-02 
60.200000 1.4557458892029701e-02 
60.400000 1.4418228080555987e-02 
60.600000 1.4283597951688817e-02 
60.800000 1.4153431426606938e-02 
61.000000 1.4027594944679785e-02 
61.200000 1.3905958394257052e-02 
61.400000 1.3788395043997970e-02 
61.600000 1.3674781474776233e-02 
61.800000 1.3564997512193732e-02 
62.000000 1.3458926159733821e-02 
62.200000 1.3356453532582550e-02 
62.400000 1.3257468792143729e-02 
62.600000 1.3161864081272257e-02 
62.800000 1.3069534460247082e-02 
63.000000 1.2980377843504684e-02 
63.200000 1.2894294937149877e-02 
63.400000 1.2811189177261961e-02 
63.600000 1.2730966669009976e-02 
63.800000 1.2653536126590353e-02 
64.000000 1.2578808813999200e-02 
64.200000 1.2506698486648985e-02 
64.400000 1.2437121333838574e-02 
64.600000 1.2369995922084796e-02 
64.800000 1.2305243139321242e-02 
65.000000 1.2242786139970176e-02 
65.200000 1.2182550290891304e-02 
65.400000 1.2124463118211087e-02 
65.600000 1.2068454255034012e-02 
65.800000 1.2014455390037770e-02 
66.000000 1.1962400216952376e-02 
66.200000 1.1912224384922612e-02 
66.400000 1.1863865449752911e-02 
66.600000 1.1817262826032246e-02 
66.800000 1.1772357740136999e-02 
67.000000 1.1729093184107217e-02 
67.200000 1.1687413870393838e-02 
67.400000 1.1647266187470902e-02 
67.600000 1.1608598156308533e-02 
67.800000 1.1571359387700523e-02 
68.000000 1.1535501040440937e-02 
68.200000 1.1500975780342397e-02 
68.400000 1.1467737740089636e-02 
68.600000 1.1435742479920840e-02 
68.800000 1.1404946949128667e-02 
69.000000 1.1375309448373306e-02 
69.200000 1.1346789592798594e-02 
69.400000 1.1319348275943117e-02 
69.600000 1.1292947634436622e-02 
69.800000 1.1267551013472946e-02 
70.000000 1.1243122933049942e-02 
70.200000 1.1219629054966353e-02 
70.400000 1.1197036150566402e-02 
70.600000 1.1175312069221371e-02 
70.800000 1.1154425707538499e-02 
71.000000 1.1134346979286475e-02 
71.200000 1.1115046786027415e-02 
71.400000 1.1096496988444646e-02 
71.600000 1.1078670378355320e-02 
71.800000 1.1061540651397916e-02 
72.000000 1.1045082380382959e-02 
72.200000 1.1029270989296614e-02 
72.400000 1.1014082727946451e-02 
72.600000 1.0999494647238013e-02 
72.800000 1.0985484575071564e-02 
73.000000 1.0972031092848175e-02 
73.200000 1.0959113512573788e-02 
73.400000 1.0946711854551256e-02 
73.600000 1.0934806825648350e-02 
73.800000 1.0923379798132102e-02 
74.000000 1.0912412789057449e-02 
74.200000 1.0901888440200702e-02 
74.400000 1.0891789998526186e-02 
74.600000 1.0882101297175695e-02 
74.800000 1.0872806736970643e-02 
75.000000 1.0863891268416066e-02 
75.200000 1.0855340374195636e-02 
75.400000 1.0847140052148662e-02 
75.600000 1.0839276798717427e-02 
75.800000 1.0831737592855578e-02 
76.000000 1.0824509880387646e-02 
76.200000 1.0817581558809257e-02 
76.400000 1.0810940962518629e-02 
76.600000 1.0804576848469364e-02 
76.800000 1.0798478382235436e-02 
77.000000 1.0792635124478705e-02 
77.200000 1.0787037017809012e-02 
77.400000 1.0781674374029096e-02 
77.600000 1.0776537861753475e-02 
77.800000 1.0771618494394189e-02 
78.000000 1.0766907618502838e-02 
78.200000 1.0762396902461410e-02 
78.400000 1.0758078325513405e-02 
78.600000 1.0753944167125667e-02 
78.800000 1.0749986996673963e-02 
79.000000 1.0746199663443536e-02 
79.200000 1.0742575286936456e-02 
79.400000 1.0739107247478655e-02 
79.600000 1.0735789177117995e-02 
79.800000 1.0732614950806442e-02 
80.000000 1.0729578677858643e-02 
80.200000 1.0726674693679390e-02 
80.400000 1.0723897551753819e-02 
80.600000 1.0721242015891237e-02 
80.800000 1.0718703052718355e-02 
81.000000 1.0716275824412603e-02 
81.200000 1.0713955681670956e-02 
81.400000 1.0711738156906464e-02 
81.600000 1.0709618957666542e-02 
81.800000 1.0707593960267003e-02 
82.000000 1.0705659203635696e-02 
82.200000 1.0703810883359236e-02 
82.400000 1.0702045345927880e-02 
82.600000 1.0700359083172052e-02 
82.800000 1.0698748726885848e-02 
83.000000 1.0697211043630585e-02 
83.200000 1.0695742929715056e-02 
83.400000 1.0694341406345639e-02 
83.600000 1.0693003614942045e-02 
83.800000 1.0691726812613394e-02 
84.000000 1.0690508367790091e-02 
84.200000 1.0689345756006430e-02 
84.400000 1.0688236555829496e-02 
84.600000 1.0687178444930320e-02 
84.800000 1.0686169196291824e-02 
85.000000 1.0685206674550465e-02 
85.200000 1.0684288832466792e-02 
85.400000 1.0683413707520810e-02 
85.600000 1.0682579418628515e-02 
85.800000 1.0681784162975883e-02 
86.000000 1.0681026212966058e-02 
86.200000 1.0680303913276037e-02 
86.400000 1.0679615678020711e-02 
86.600000 1.0678959988018540e-02 
86.800000 1.0678335388157534e-02 
87.000000 1.0677740484857394e-02 
87.200000 1.0677173943624139e-02 
87.400000 1.0676634486695711e-02 
87.600000 1.0676120890773589e-02 
87.800000 1.0675631984839389e-02 
88.000000 1.0675166648052284e-02 
88.200000 1.0674723807724655e-02 
88.400000 1.0674302437374569e-02 
88.600000 1.0673901554850743e-02 
88.800000 1.0673520220528507e-02 
89.000000 1.0673157535574337e-02 
89.200000 1.0672812640276181e-02 
89.400000 1.0672484712437692e-02 
89.600000 1.0672172965833599e-02 
89.800000 1.0671876648724857e-02 
90.000000 1.0671595042430766e-02 
90.200000 1.0671327459956657e-02 
90.400000 1.0671073244674121e-02 
90.600000 1.0670831769053613e-02 
90.800000 1.0670602433445869e-02 
91.000000 1.0670384664911535e-02 
91.200000 1.0670177916096219e-02 
91.400000 1.0669981664150906e-02 
91.600000 1.0669795409694156e-02 
91.800000 1.0669618675816001e-02 
92.000000 1.0669451007121558e-02 
92.200000 1.0669291968812684e-02 
92.400000 1.0669141145806587e-02 
92.600000 1.0668998141889834e-02 
92.800000 1.0668862578906320e-02 
93.000000 1.0668734095978630e-02 
93.200000 1.0668612348760284e-02 
93.400000 1.0668497008719016e-02 
93.600000 1.0668387762449152e-02 
93.800000 1.0668284311011899e-02 
94.000000 1.0668186369303057e-02 
94.200000 1.0668093665446909e-02 
94.400000 1.0668005940214571e-02 
94.600000 1.0667922946467063e-02 
94.800000 1.0667844448621283e-02 
95.000000 1.0667770222138162e-02 
95.200000 1.0667700053032384e-02 
95.400000 1.0667633737402624e-02 
95.600000 1.0667571080981568e-02 
95.800000 1.0667511898704529e-02 
96.000000 1.0667456014297323e-02 
96.200000 1.0667403259880194e-02 
96.400000 1.0667353475589877e-02 
96.600000 1.0667306509217090e-02 
96.800000 1.0667262215859378e-02 
97.000000 1.0667220457589707e-02 
97.200000 1.0667181103138407e-02 
97.400000 1.0667144027589030e-02 
97.600000 1.0667109112088003e-02 
97.800000 1.0667076243565839e-02 
98.000000 1.0667045314471353e-02 
98.200000 1.0667016222516973e-02 
98.400000 1.0666988870435164e-02 
98.600000 1.0666963165746163e-02 
98.800000 1.0666939020534855e-02 
99.000000 1.0666916351238436e-02 
99.200000 1.0666895078442888e-02 
99.400000 1.0666875126688815e-02 
99.600000 1.0666856424285529e-02 
99.800000 1.0666838903133849e-02 
100.000000 1.0666822498556359e-02 
100.200000 1.0666807149135678e-02 
100.400000 1.0666792796559637e-02 
100.600000 1.0666779385473691e-02 
100.800000 1.0666766863339739e-02 
101.000000 1.0666755180301593e-02 
101.200000 1.0666744289056233e-02 
101.400000 1.0666734144731215e-02 
101.600000 1.0666724704767471e-02 
101.800000 1.0666715928807630e-02 
102.000000 1.0666707778589038e-02 
102.200000 1.0666700217842344e-02 
102.400000 1.0666693212194185e-02 
102.600000 1.0666686729074599e-02 
102.800000 1.0666680737628808e-02 
103.000000 1.0666675208632646e-02 
103.200000 1.0666670114412788e-02 
103.400000 1.0666665428769697e-02 
103.600000 1.0666661126904677e-02 
103.800000 1.0666657185350526e-02 
104.000000 1.0666653581904951e-02 
104.200000 1.0666650295567662e-02 
104.400000 1.0666647306479661e-02 
104.600000 1.0666644595866481e-02 
104.800000 1.0666642145983209e-02 
105.000000 1.0666639940062205e-02 
105.200000 1.0666637962264089e-02 
105.400000 1.0666636197630079e-02 
105.600000 1.0666634632037236e-02 
105.800000 1.0666633252155607e-02 
106.000000 1.0666632045407793e-02 
106.200000 1.0666630999929537e-02 
106.400000 1.0666630104533637e-02 
106.600000 1.0666629348674206e-02 
106.800000 1.0666628722413706e-02 
107.000000 1.0666628216390958e-02 
107.200000 1.0666627821790941e-02 
107.400000 1.0666627530316370e-02 
107.600000 1.0666627334159949e-02 
107.800000 1.0666627225978640e-02 
108.000000 1.0666627198869115e-02 
108.200000 1.0666627246343968e-02 
108.400000 1.0666627362309611e-02 
108.600000 1.0666627541045361e-02 
108.800000 1.0666627777182599e-02 
109.000000 1.0666628065686405e-02 
109.200000 1.0666628401837054e-02 
109.400000 1.0666628781212759e-02 
109.600000 1.0666629199673367e-02 
109.800000 1.0666629653344958e-02 
110.000000 1.0666630138604890e-02 
110.200000 1.0666630652067825e-02 
110.400000 1.0666631190572592e-02 
110.600000 1.0666631751169520e-02 
110.800000 1.0666632331108396e-02 
111.000000 1.0666632927827456e-02 
111.200000 1.0666633538942094e-02 
111.400000 1.0666634162235273e-02 
111.600000 1.0666634795647414e-02 
111.800000 1.0666635437267495e-02 
112.000000 1.0666636085324336e-02 
112.200000 1.0666636738178312e-02 
112.400000 1.0666637394313746e-02 
112.600000 1.0666638052331251e-02 
112.800000 1.0666638710941159e-02 
113.000000 1.0666639368956430e-02 
113.200000 1.0666640025287045e-02 
113.400000 1.0666640678933408e-02 
113.600000 1.0666641328981171e-02 
113.800000 1.0666641974595950e-02 
114.000000 1.0666642615018160e-02 
114.200000 1.0666643249558334e-02 
114.400000 1.0666643877592762e-02 
114.600000 1.0666644498559252e-02 
114.800000 1.0666645111952941e-02 
115.000000 1.0666645717322801e-02 
115.200000 1.0666646314267884e-02 
115.400000 1.0666646902434202e-02 
115.600000 1.0666647481511330e-02 
115.800000 1.0666648051229556e-02 
116.000000 1.0666648611356936e-02 
116.200000 1.0666649161696913e-02 
116.400000 1.0666649702085427e-02 
116.600000 1.0666650232388986e-02 
116.800000 1.0666650752502175e-02 
117.000000 1.0666651262345535e-02 
117.200000 1.0666651761863870e-02 
117.400000 1.0666652251024165e-02 
117.600000 1.0666652729813875e-02 
117.800000 1.0666653198239387e-02 
118.000000 1.0666653656324432e-02 
118.200000 1.0666654104108688e-02 
118.400000 1.0666654541646420e-02 
118.600000 1.0666654969005077e-02 
118.800000 1.0666655386264335e-02 
119.000000 1.0666655793514860e-02 
119.200000 1.0666656190857200e-02 
119.400000 1.0666656578400990e-02 
119.600000 1.0666656956263858e-02 
119.800000 1.0666657324570729e-02 
120.000000 1.0666657683452822e-02 
120.200000 1.0666658033047295e-02 
120.400000 1.0666658373495919e-02 
120.600000 1.0666658704945230e-02 
120.800000 1.0666659027545137e-02 
121.000000 1.0666659341449032e-02 
121.200000 1.0666659646812781e-02 
121.400000 1.0666659943794449e-02 
121.600000 1.0666660232553919e-02 
121.800000 1.0666660513252353e-02 
122.000000 1.0666660786051852e-02 
122.200000 1.0666661051115118e-02 
122.400000 1.0666661308605056e-02 
122.600000 1.0666661558684605e-02 
122.800000 1.0666661801516273e-02 
123.000000 1.0666662037262124e-02 
123.200000 1.0666662266083413e-02 
123.400000 1.0666662488140299e-02 
123.600000 1.0666662703591619e-02 
123.800000 1.0666662912595139e-02 
124.000000 1.0666663115306861e-02 
124.200000 1.0666663311881083e-02 
124.400000 1.0666663502470367e-02 
124.600000 1.0666663687225327e-02 
124.800000 1.0666663866294558e-02 
125.000000 1.0666664039824365e-02 
125.200000 1.0666664207959102e-02 
125.400000 1.0666664370840713e-02 
125.600000 1.0666664528608736e-02 
125.800000 1.0666664681400441e-02 
126.000000 1.0666664829350509e-02 
126.200000 1.0666664972591354e-02 
126.400000 1.0666665111252716e-02 
126.600000 1.0666665245461907e-02 
126.800000 1.0666665375343635e-02 
127.000000 1.0666665501020165e-02 
127.200000 1.0666665622611086e-02 
127.400000 1.0666665740233418e-02 
127.600000 1.0666665854001788e-02 
127.800000 1.0666665964028205e-02 
128.000000 1.0666666070422021e-02 
128.200000 1.0666666173290306e-02 
128.400000 1.0666666272737444e-02 
128.600000 1.0666666368865400e-02 
128.800000 1.0666666461773671e-02 
129.000000 1.0666666551559397e-02 
129.200000 1.0666666638317246e-02 
129.400000 1.0666666722139548e-02 
129.600000 1.0666666803116284e-02 
129.800000 1.0666666881335071e-02 
130.000000 1.0666666956881381e-02 
130.200000 1.0666667029838371e-02 
130.400000 1.0666667100287019e-02 
130.600000 1.0666667168306122e-02 
130.800000 1.0666667233972329e-02 
131.000000 1.0666667297360273e-02 
131.200000 1.0666667358542525e-02 
131.400000 1.0666667417589587e-02 
131.600000 1.0666667474570034e-02 
131.800000 1.0666667529550491e-02 
132.000000 1.0666667582595796e-02 
132.200000 1.0666667633768775e-02 
132.400000 1.0666667683130607e-02 
132.600000 1.0666667730740547e-02 
132.800000 1.0666667776656258e-02 
133.000000 1.0666667820933567e-02 
133.200000 1.0666667863626814e-02 
133.400000 1.0666667904788608e-02 
133.600000 1.0666667944470054e-02 
133.800000 1.0666667982720682e-02 
134.000000 1.0666668019588516e-02 
134.200000 1.0666668055120164e-02 
134.400000 1.0666668089360747e-02 
134.600000 1.0666668122354027e-02 
134.800000 1.0666668154142496e-02 
135.000000 1.0666668184767115e-02 
135.200000 1.0666668214267818e-02 
135.400000 1.0666668242683253e-02 
135.600000 1.0666668270050542e-02 
135.800000 1.0666668296405991e-02 
136.000000 1.0666668321784638e-02 
136.200000 1.0666668346220244e-02 
136.400000 1.0666668369745761e-02 
136.600000 1.0666668392392954e-02 
136.800000 1.0666668414192412e-02 
137.000000 1.0666668435173977e-02 
137.200000 1.0666668455366275e-02 
137.400000 1.0666668474797273e-02 
137.600000 1.0666668493493766e-02 
137.800000 1.0666668511481773e-02 
138.000000 1.0666668528786442e-02 
138.200000 1.0666668545432096e-02 
138.400000 1.0666668561442178e-02 
138.600000 1.0666668576839377e-02 
138.800000 1.0666668591645724e-02 
139.000000 1.0666668605882274e-02 
139.200000 1.0666668619569608e-02 
139.400000 1.0666668632727378e-02 
139.600000 1.0666668645374773e-02 
139.800000 1.0666668657530201e-02 
140.000000 1.0666668669211425e-02 
140.200000 1.0666668680435646e-02 
140.400000 1.0666668691219430e-02 
140.600000 1.0666668701578797e-02 
140.800000 1.0666668711529156e-02 
141.000000 1.0666668721085409e-02 
141.200000 1.0666668730261878e-02 
141.400000 1.0666668739072484e-02 
141.600000 1.0666668747530543e-02 
141.800000 1.0666668755648945e-02 
142.000000 1.0666668763440044e-02 
142.200000 1.0666668770915846e-02 
142.400000 1.0666668778087850e-02 
142.600000 1.0666668784967182e-02 
142.800000 1.0666668791564443e-02 
143.000000 1.0666668797890029e-02 
143.200000 1.0666668803953764e-02 
143.400000 1.0666668809765254e-02 
143.600000 1.0666668815333570e-02 
143.800000 1.0666668820667686e-02 
144.000000 1.0666668825776009e-02 
144.200000 1.0666668830666779e-02 
144.400000 1.0666668835347832e-02 
144.600000 1.0666668839826740e-02 
144.800000 1.0666668844110563e-02 
145.000000 1.0666668848206218e-02 
145.200000 1.0666668852120467e-02 
145.400000 1.0666668855859570e-02 
145.600000 1.0666668859429705e-02 
145.800000 1.0666668862836697e-02 
146.000000 1.0666668866086353e-02 
146.200000 1.0666668869184055e-02 
146.400000 1.0666668872135203e-02 
146.600000 1.0666668874944912e-02 
146.800000 1.0666668877618093e-02 
147.000000 1.0666668880159540e-02 
147.200000 1.0666668882573236e-02 
147.400000 1.0666668884861945e-02 
147.600000 1.0666668887029118e-02 
147.800000 1.0666668889078161e-02 
148.000000 1.0666668891012728e-02 
148.200000 1.0666668892836477e-02 
148.400000 1.0666668894553186e-02 
148.600000 1.0666668896166655e-02 
148.800000 1.0666668897680639e-02 
149.000000 1.0666668899098996e-02 
149.200000 1.0666668900425603e-02 
149.400000 1.0666668901664032e-02 
149.600000 1.0666668902818147e-02 
149.800000 1.0666668903891518e-02 
