0.000000 3.7295387132879024e-03 
0.200000 3.7295701388152039e-03 
0.400000 3.7297162285298345e-03 
0.600000 3.7300770596485834e-03 
0.800000 3.7307435240939773e-03 
1.000000 3.7317951652249058e-03 
1.200000 3.7333033546510233e-03 
1.400000 3.7353315238602661e-03 
1.600000 3.7379364454638406e-03 
1.800000 3.7411729078200267e-03 
2.000000 3.7450937600719417e-03 
2.200000 3.7497495741097837e-03 
2.400000 3.7551893599473119e-03 
2.600000 3.7614595397109252e-03 
2.800000 3.7686055475128024e-03 
3.000000 3.7766721596627644e-03 
3.200000 3.7857030498155970e-03 
3.400000 3.7957426065673744e-03 
3.600000 3.8068359347179525e-03 
3.800000 3.8190269804831462e-03 
4.000000 3.8323595981086815e-03 
4.200000 3.8468782143292056e-03 
4.400000 3.8626281222667153e-03 
4.600000 3.8796558940272213e-03 
4.800000 3.8980101278231782e-03 
5.000000 3.9177413201364518e-03 
5.200000 3.9389022954707479e-03 
5.400000 3.9615486893417188e-03 
5.600000 3.9857388626455886e-03 
5.800000 4.0115342271826700e-03 
6.000000 4.0389996345499782e-03 
6.200000 4.0682033618139619e-03 
6.400000 4.0992173853332259e-03 
6.600000 4.1321176643739927e-03 
6.800000 4.1669842908073637e-03 
7.000000 4.2039019272372777e-03 
7.200000 4.2429600231203403e-03 
7.400000 4.2842531422295285e-03 
7.600000 4.3278814328269900e-03 
7.800000 4.3739509210322380e-03 
8.000000 4.4225738974914752e-03 
8.200000 4.4738694120945166e-03 
8.400000 4.5279636793250921e-03 
8.600000 4.5849905300320093e-03 
8.800000 4.6450919638493932e-03 
9.000000 4.7084186722482803e-03 
9.200000 4.7751306000915397e-03 
9.400000 4.8453976060084739e-03 
9.600000 4.9194001220203209e-03 
9.800000 4.9973298619267973e-03 
10.000000 5.0793906286550252e-03 
10.200000 5.1657991163114956e-03 
10.400000 5.2567858123488296e-03 
10.600000 5.3525959727848084e-03 
10.800000 5.4534906282387224e-03 
11.000000 5.5597476881658371e-03 
11.200000 5.6716631237805340e-03 
11.400000 5.7895522109073219e-03 
11.600000 5.9137508819324391e-03 
11.800000 6.0446171468001133e-03 
12.000000 6.1825326151114662e-03 
12.200000 6.3279041299447300e-03 
12.400000 6.4811654911171596e-03 
12.600000 6.6427792925162453e-03 
12.800000 6.8132388814442849e-03 
13.000000 6.9930704270750729e-03 
13.200000 7.1828351123506993e-03 
13.400000 7.3831314565427630e-03 
13.600000 7.5945977602070716e-03 
13.800000 7.8179146783216649e-03 
14.000000 8.0538079266173415e-03 
14.200000 8.3030511112359463e-03 
14.400000 8.5664686822331110e-03 
14.600000 8.8449390092610394e-03 
14.800000 9.1393975623709905e-03 
15.000000 9.4508401944478869e-03 
15.200000 9.7803265079597270e-03 
15.400000 1.0128983282457210e-02 
15.600000 1.0498007943195361e-02 
15.800000 1.0888672038508193e-02 
16.000000 1.1302324685439765e-02 
16.200000 1.1740395941802912e-02 
16.400000 1.2204400048989483e-02 
16.600000 1.2695938479757151e-02 
16.800000 1.3216702718194756e-02 
17.000000 1.3768476681777228e-02 
17.200000 1.4353138686325505e-02 
17.400000 1.4972662839250035e-02 
17.600000 1.5629119729614529e-02 
17.800000 1.6324676270643445e-02 
18.000000 1.7061594533304886e-02 
18.200000 1.7842229392828778e-02 
18.400000 1.8669024796284118e-02 
18.600000 1.9544508445341294e-02 
18.800000 2.0471284675839807e-02 
19.000000 2.1452025308169777e-02 
19.200000 2.2489458238353625e-02 
19.400000 2.3586353540422510e-02 
19.600000 2.4745506859735603e-02 
19.800000 2.5969719893808103e-02 
20.000000 2.7261777783412235e-02 
20.200000 2.8624423275951449e-02 
20.400000 3.0060327573705140e-02 
20.600000 3.1572057844301817e-02 
20.800000 3.3162041450634845e-02 
21.000000 3.4832527050966927e-02 
21.200000 3.6585542827850995e-02 
21.400000 3.8422852225368696e-02 
21.600000 4.0345907704792440e-02 
21.800000 4.2355803167222608e-02 
22.000000 4.4453225832644723e-02 
22.200000 4.6638408503196428e-02 
22.400000 4.8911083268231563e-02 
22.600000 5.1270437822114191e-02 
22.800000 5.3715075654951608e-02 
23.000000 5.6242981433556216e-02 
23.200000 5.8851492906340994e-02 
23.400000 6.1537280634151738e-02 
23.600000 6.4296336763215750e-02 
23.800000 6.7123973912109350e-02 
24.000000 7.0014835040614926e-02 
24.200000 7.2962914906812962e-02 
24.400000 7.5961593405686104e-02 
24.600000 7.9003680728099587e-02 
24.800000 8.2081473897664542e-02 
25.000000 8.5186823852009180e-02 
25.200000 8.8311211854554234e-02 
25.400000 9.1445833673891863e-02 
25.600000 9.4581689670632380e-02 
25.800000 9.7709678704039515e-02 
26.000000 1.0082069362705000e-01 
26.200000 1.0390571608702544e-01 
26.400000 1.0695590839365345e-01 
26.600000 1.0996270035133934e-01 
26.800000 1.1291786917177338e-01 
27.000000 1.1581361086896125e-01 
27.200000 1.1864260187592378e-01 
27.400000 1.2139804998973679e-01 
27.600000 1.2407373412940173e-01 
27.800000 1.2666403276025298e-01 
28.000000 1.2916394118259938e-01 
28.200000 1.3156907818783728e-01 
28.400000 1.3387568284276147e-01 
28.600000 1.3608060236651898e-01 
28.800000 1.3818127221254881e-01 
29.000000 1.4017568956085691e-01 
29.200000 1.4206238146775174e-01 
29.400000 1.4384036891607679e-01 
29.600000 1.4550912796579021e-01 
29.800000 1.4706854912972828e-01 
30.000000 1.4851889600011309e-01 
30.200000 1.4986076403508197e-01 
30.400000 1.5109504028794499e-01 
30.600000 1.5222286473103525e-01 
30.800000 1.5324559369607499e-01 
31.000000 1.5416476582796712e-01 
31.200000 1.5498207083229357e-01 
31.400000 1.5569932119073299e-01 
31.600000 1.5631842692464643e-01 
31.800000 1.5684137340604870e-01 
32.000000 1.5727020214718257e-01 
32.200000 1.5760699444466264e-01 
32.400000 1.5785385771094437e-01 
32.600000 1.5801291429374717e-01 
32.800000 1.5808629256195322e-01 
33.000000 1.5807612002313326e-01 
33.200000 1.5798451823215034e-01 
33.400000 1.5781359925088376e-01 
33.600000 1.5756546342511815e-01 
33.800000 1.5724219825471511e-01 
34.000000 1.5684587814666776e-01 
34.200000 1.5637856485640672e-01 
34.400000 1.5584230844018213e-01 
34.600000 1.5523914855974966e-01 
34.800000 1.5457111599937531e-01 
35.000000 1.5384023427387489e-01 
35.200000 1.5304852122465404e-01 
35.400000 1.5219799051813132e-01 
35.600000 1.5129065297738975e-01 
35.800000 1.5032851769310360e-01 
36.000000 1.4931359287379362e-01 
36.200000 1.4824788640797160e-01 
36.400000 1.4713340612198361e-01 
36.600000 1.4597215972713942e-01 
36.800000 1.4476615445814270e-01 
37.000000 1.4351739641202754e-01 
37.200000 1.4222788960266294e-01 
37.400000 1.4089963475066367e-01 
37.600000 1.3953462783222173e-01 
37.800000 1.3813485841307740e-01 
38.000000 1.3670230779567485e-01 
38.200000 1.3523894700863121e-01 
38.400000 1.3374673466799547e-01 
38.600000 1.3222761473960892e-01 
38.800000 1.3068351423116656e-01 
39.000000 1.2911634084150161e-01 
39.200000 1.2752798059319206e-01 
39.400000 1.2592029547291878e-01 
39.600000 1.2429512110215872e-01 
39.800000 1.2265426445879334e-01 
40.000000 1.2099950166816477e-01 
40.200000 1.1933257588000416e-01 
40.400000 1.1765519524556896e-01 
40.600000 1.1596903100726118e-01 
40.800000 1.1427571571101641e-01 
41.000000 1.1257684154981784e-01 
41.200000 1.1087395884489806e-01 
41.400000 1.0916857466948125e-01 
41.600000 1.0746215161833207e-01 
41.800000 1.0575610672493163e-01 
42.000000 1.0405181052676117e-01 
42.200000 1.0235058627799203e-01 
42.400000 1.0065370930778193e-01 
42.600000 9.8962406521451191e-02 
42.800000 9.7277856040969710e-02 
43.000000 9.5601186980463868e-02 
43.200000 9.3933479351854351e-02 
43.400000 9.2275764095214041e-02 
43.600000 9.0629023228021396e-02 
43.800000 8.8994190107164681e-02 
44.000000 8.7372149797288398e-02 
44.200000 8.5763739538907549e-02 
44.400000 8.4169749309601347e-02 
44.600000 8.2590922471545605e-02 
44.800000 8.1027956498643416e-02 
45.000000 7.9481503776564752e-02 
45.200000 7.7952172469101258e-02 
45.400000 7.6440527444347220e-02 
45.600000 7.4947091254403131e-02 
45.800000 7.3472345162457001e-02 
46.000000 7.2016730211316562e-02 
46.200000 7.0580648327684806e-02 
46.400000 6.9164463456701755e-02 
46.600000 6.7768502721544513e-02 
46.800000 6.6393057603102157e-02 
47.000000 6.5038385135039720e-02 
47.200000 6.3704709109803512e-02 
47.400000 6.2392221291400478e-02 
47.600000 6.1101082631053197e-02 
47.800000 5.9831424482079863e-02 
48.000000 5.8583349810631159e-02 
48.200000 5.7356934399152314e-02 
48.400000 5.6152228039695849e-02 
48.600000 5.4969255714450715e-02 
48.800000 5.3808018761094319e-02 
49.000000 5.2668496020784217e-02 
49.200000 5.1550644966843556e-02 
49.400000 5.0454402812385009e-02 
49.600000 4.9379687595329236e-02 
49.800000 4.8326399239453373e-02 
50.000000 4.7294420590294012e-02 
50.200000 4.6283618424887880e-02 
50.400000 4.5293844434502621e-02 
50.600000 4.4324936179655577e-02 
50.800000 4.3376718016861229e-02 
51.000000 4.2449001996674625e-02 
51.200000 4.1541588732729506e-02 
51.400000 4.0654268241573685e-02 
51.600000 3.9786820753214866e-02 
51.800000 3.8939017492385056e-02 
52.000000 3.8110621430619683e-02 
52.200000 3.7301388009329493e-02 
52.400000 3.6511065834113184e-02 
52.600000 3.5739397340634485e-02 
52.800000 3.4986119432431864e-02 
53.000000 3.4250964091099324e-02 
53.200000 3.3533658959310410e-02 
53.400000 3.2833927897208542e-02 
53.600000 3.2151491512716797e-02 
53.800000 3.1486067666357351e-02 
54.000000 3.0837371951191770e-02 
54.200000 3.0205118148519929e-02 
54.400000 2.9589018659992992e-02 
54.600000 2.8988784916807078e-02 
54.800000 2.8404127766661024e-02 
55.000000 2.7834757839162779e-02 
55.200000 2.7280385890381176e-02 
55.400000 2.6740723127233010e-02 
55.600000 2.6215481512405707e-02 
55.800000 2.5704374050502909e-02 
56.000000 2.5207115056103346e-02 
56.200000 2.4723420404412385e-02 
56.400000 2.4253007765181231e-02 
56.600000 2.3795596820555175e-02 
56.800000 2.3350909467505513e-02 
57.000000 2.2918670005485069e-02 
57.200000 2.2498605309935926e-02 
57.400000 2.2090444992264101e-02 
57.600000 2.1693921546880560e-02 
57.800000 2.1308770485894656e-02 
58.000000 2.0934730462029004e-02 
58.200000 2.0571543380309767e-02 
58.400000 2.0218954499070890e-02 
58.600000 1.9876712520793802e-02 
58.800000 1.9544569673285984e-02 
59.000000 1.9222281781690807e-02 
59.200000 1.8909608331796564e-02 
59.400000 1.8606312525103873e-02 
59.600000 1.8312161326090683e-02 
59.800000 1.8026925502096246e-02 
60.000000 1.7750379656234876e-02 
60.200000 1.7482302253729595e-02 
60.400000 1.7222475642042583e-02 
60.600000 1.6970686065165146e-02 
60.800000 1.6726723672412985e-02 
61.000000 1.6490382522059529e-02 
61.200000 1.6261460580126667e-02 
61.400000 1.6039759714636281e-02 
61.600000 1.5825085685614824e-02 
61.800000 1.5617248131129566e-02 
62.000000 1.5416060549622081e-02 
62.200000 1.5221340278793072e-02 
62.400000 1.5032908471280880e-02 
62.600000 1.4850590067363377e-02 
62.800000 1.4674213764905087e-02 
63.000000 1.4503611986756031e-02 
63.200000 1.4338620845804095e-02 
63.400000 1.4179080107867399e-02 
63.600000 1.4024833152609701e-02 
63.800000 1.3875726932645438e-02 
64.000000 1.3731611931000764e-02 
64.200000 1.3592342117080689e-02 
64.400000 1.3457774901289792e-02 
64.600000 1.3327771088443968e-02 
64.800000 1.3202194830103686e-02 
65.000000 1.3080913575951850e-02 
65.200000 1.2963798024334108e-02 
65.400000 1.2850722072070398e-02 
65.600000 1.2741562763643082e-02 
65.800000 1.2636200239858737e-02 
66.000000 1.2534517686077671e-02 
66.200000 1.2436401280096387e-02 
66.400000 1.2341740139766438e-02 
66.600000 1.2250426270426796e-02 
66.800000 1.2162354512220957e-02 
67.000000 1.2077422487368445e-02 
67.200000 1.1995530547453183e-02 
67.400000 1.1916581720789129e-02 
67.600000 1.1840481659918805e-02 
67.800000 1.1767138589296901e-02 
68.000000 1.1696463253208224e-02 
68.200000 1.1628368863964218e-02 
68.400000 1.1562771050421713e-02 
68.600000 1.1499587806862320e-02 
68.800000 1.1438739442268571e-02 
69.000000 1.1380148530031938e-02 
69.200000 1.1323739858121833e-02 
69.400000 1.1269440379746292e-02 
69.600000 1.1217179164528988e-02 
69.800000 1.1166887350228010e-02 
70.000000 1.1118498095017602e-02 
70.200000 1.1071946530353783e-02 
70.400000 1.1027169714440819e-02 
70.600000 1.0984106586316466e-02 
70.800000 1.0942697920569667e-02 
71.000000 1.0902886282704078e-02 
71.200000 1.0864615985159178e-02 
71.400000 1.0827833043999379e-02 
71.600000 1.0792485136279386e-02 
71.800000 1.0758521558093717e-02 
72.000000 1.0725893183316890e-02 
72.200000 1.0694552423039115e-02 
72.400000 1.0664453185702014e-02 
72.600000 1.0635550837936793e-02 
72.800000 1.0607802166108004e-02 
73.000000 1.0581165338563485e-02 
73.200000 1.0555599868590514e-02 
73.400000 1.0531066578079088e-02 
73.600000 1.0507527561889394e-02 
73.800000 1.0484946152923381e-02 
74.000000 1.0463286887896363e-02 
74.200000 1.0442515473806801e-02 
74.400000 1.0422598755099171e-02 
74.600000 1.0403504681517276e-02 
74.800000 1.0385202276641527e-02 
75.000000 1.0367661607106161e-02 
75.200000 1.0350853752490383e-02 
75.400000 1.0334750775876820e-02 
75.600000 1.0319325695071381e-02 
75.800000 1.0304552454477993e-02 
76.000000 1.0290405897619630e-02 
76.200000 1.0276861740300231e-02 
76.400000 1.0263896544397841e-02 
76.600000 1.0251487692282457e-02 
76.800000 1.0239613361849585e-02 
77.000000 1.0228252502161479e-02 
77.200000 1.0217384809687223e-02 
77.400000 1.0206990705133107e-02 
77.600000 1.0197051310854568e-02 
77.800000 1.0187548428840225e-02 
78.000000 1.0178464519259437e-02 
78.200000 1.0169782679563640e-02 
78.400000 1.0161486624132590e-02 
78.600000 1.0153560664456092e-02 
78.800000 1.0145989689841312e-02 
79.000000 1.0138759148637272e-02 
79.200000 1.0131855029965654e-02 
79.400000 1.0125263845950021e-02 
79.600000 1.0118972614432353e-02 
79.800000 1.0112968842168576e-02 
80.000000 1.0107240508493371e-02 
80.200000 1.0101776049444459e-02 
80.400000 1.0096564342336882e-02 
80.600000 1.0091594690779127e-02 
80.800000 1.0086856810119926e-02 
81.000000 1.0082340813317693e-02 
81.200000 1.0078037197223617e-02 
81.400000 1.0073936829268134e-02 
81.600000 1.0070030934542715e-02 
81.800000 1.0066311083267748e-02 
82.000000 1.0062769178637422e-02 
82.200000 1.0059397445033308e-02 
82.400000 1.0056188416596997e-02 
82.600000 1.0053134926154759e-02 
82.800000 1.0050230094484124e-02 
83.000000 1.0047467319914950e-02 
83.200000 1.0044840268256739e-02 
83.400000 1.0042342863043343e-02 
83.600000 1.0039969276087928e-02 
83.800000 1.0037713918339620e-02 
84.000000 1.0035571431034425e-02 
84.200000 1.0033536677132446e-02 
84.400000 1.0031604733034102e-02 
84.600000 1.0029770880568075e-02 
84.800000 1.0028030599242859e-02 
85.000000 1.0026379558756210e-02 
85.200000 1.0024813611753789e-02 
85.400000 1.0023328786831468e-02 
85.600000 1.0021921281773715e-02 
85.800000 1.0020587457021911e-02 
86.000000 1.0019323829365436e-02 
86.200000 1.0018127065850049e-02 
86.400000 1.0016993977896264e-02 
86.600000 1.0015921515622851e-02 
86.800000 1.0014906762368046e-02 
87.000000 1.0013946929403598e-02 
87.200000 1.0013039350835903e-02 
87.400000 1.0012181478687919e-02 
87.600000 1.0011370878156890e-02 
87.800000 1.0010605223042666e-02 
88.000000 1.0009882291340946e-02 
88.200000 1.0009199960996510e-02 
88.400000 1.0008556205811477e-02 
88.600000 1.0007949091503892e-02 
88.800000 1.0007376771911311e-02 
89.000000 1.0006837485335617e-02 
89.200000 1.0006329551023662e-02 
89.400000 1.0005851365779941e-02 
89.600000 1.0005401400706940e-02 
89.800000 1.0004978198068190e-02 
90.000000 1.0004580368271794e-02 
90.200000 1.0004206586967740e-02 
90.400000 1.0003855592258458e-02 
90.600000 1.0003526182015351e-02 
90.800000 1.0003217211300600e-02 
91.000000 1.0002927589889051e-02 
91.200000 1.0002656279887241e-02 
91.400000 1.0002402293446008e-02 
91.600000 1.0002164690563893e-02 
91.800000 1.0001942576977573e-02 
92.000000 1.0001735102136599e-02 
92.200000 1.0001541457259447e-02 
92.400000 1.0001360873468026e-02 
92.600000 1.0001192619997507e-02 
92.800000 1.0001036002479251e-02 
93.000000 1.0000890361293736e-02 
93.200000 1.0000755069991424e-02 
93.400000 1.0000629533778371e-02 
93.600000 1.0000513188065187e-02 
93.800000 1.0000405497075862e-02 
94.000000 1.0000305952515240e-02 
94.200000 1.0000214072292174e-02 
94.400000 1.0000129399296996e-02 
94.600000 1.0000051500230440e-02 
94.800000 9.9999799644827098e-03 
95.000000 9.9999144030604066e-03 
95.200000 9.9998544475598805e-03 
95.400000 9.9997997491843380e-03 
95.600000 9.9997499778045722e-03 
95.800000 9.9997048210593922e-03 
96.000000 9.9996639834964932e-03 
96.200000 9.9996271857506983e-03 
96.400000 9.9995941637584015e-03 
96.600000 9.9995646680070098e-03 
96.800000 9.9995384628179598e-03 
97.000000 9.9995153256614983e-03 
97.200000 9.9994950465027710e-03 
97.400000 9.9994774271769428e-03 
97.600000 9.9994622807929503e-03 
97.800000 9.9994494311646236e-03 
98.000000 9.9994387122673816e-03 
98.200000 9.9994299677201946e-03 
98.400000 9.9994230502916358e-03 
98.600000 9.9994178214286057e-03 
98.800000 9.9994141508070438e-03 
99.000000 9.9994119159038091e-03 
99.200000 9.9994110015888052e-03 
99.400000 9.9994112997358973e-03 
99.600000 9.9994127088528246e-03 
99.800000 9.9994151337286508e-03 
100.000000 9.9994184850979214e-03 
100.200000 9.9994226793210707e-03 
100.400000 9.9994276380803195e-03 
100.600000 9.9994332880906350e-03 
100.800000 9.9994395608238168e-03 
101.000000 9.9994463922476757e-03 
101.200000 9.9994537225764034e-03 
101.400000 9.9994614960346589e-03 
101.600000 9.9994696606325300e-03 
101.800000 9.9994781679522016e-03 
102.000000 9.9994869729448915e-03 
102.200000 9.9994960337388139e-03 
102.400000 9.9995053114558374e-03 
102.600000 9.9995147700384906e-03 
102.800000 9.9995243760851223e-03 
103.000000 9.9995340986939307e-03 
103.200000 9.9995439093149563e-03 
103.400000 9.9995537816096082e-03 
103.600000 9.9995636913179729e-03 
103.800000 9.9995736161325628e-03 
104.000000 9.9995835355792262e-03 
104.200000 9.9995934309038813e-03 
104.400000 9.9996032849658280e-03 
104.600000 9.9996130821364982e-03 
104.800000 9.9996228082036009e-03 
105.000000 9.9996324502806145e-03 
105.200000 9.9996419967214503e-03 
105.400000 9.9996514370392243e-03 
105.600000 9.9996607618300874e-03 
105.800000 9.9996699627009893e-03 
106.000000 9.9996790322016606e-03 
106.200000 9.9996879637600841e-03 
106.400000 9.9996967516222425e-03 
106.600000 9.9997053907945003e-03 
106.800000 9.9997138769903019e-03 
107.000000 9.9997222065787705e-03 
107.200000 9.9997303765372737e-03 
107.400000 9.9997383844064123e-03 
107.600000 9.9997462282474855e-03 
107.800000 9.9997539066028866e-03 
108.000000 9.9997614184585016e-03 
108.200000 9.9997687632084626e-03 
108.400000 9.9997759406225215e-03 
108.600000 9.9997829508144762e-03 
108.800000 9.9997897942135372e-03 
109.000000 9.9997964715369050e-03 
109.200000 9.9998029837641469e-03 
109.400000 9.9998093321134428e-03 
109.600000 9.9998155180190864e-03 
109.800000 9.9998215431106648e-03 
110.000000 9.9998274091932637e-03 
110.200000 9.9998331182295647e-03 
110.400000 9.9998386723225401e-03 
110.600000 9.9998440736995854e-03 
110.800000 9.9998493246979958e-03 
111.000000 9.9998544277507193e-03 
111.200000 9.9998593853739843e-03 
111.400000 9.9998642001553218e-03 
111.600000 9.9998688747423136e-03 
111.800000 9.9998734118326542e-03 
112.000000 9.9998778141645681e-03 
112.200000 9.9998820845080012e-03 
112.400000 9.9998862256566595e-03 
112.600000 9.9998902404204778e-03 
112.800000 9.9998941316189558e-03 
113.000000 9.9998979020746118e-03 
113.200000 9.9999015546073655e-03 
113.400000 9.9999050920292556e-03 
113.600000 9.9999085171395916e-03 
113.800000 9.9999118327206149e-03 
114.000000 9.9999150415334727e-03 
114.200000 9.9999181463146358e-03 
114.400000 9.9999211497726337e-03 
114.600000 9.9999240545850278e-03 
114.800000 9.9999268633960501e-03 
115.000000 9.9999295788140048e-03 
115.200000 9.9999322034092734e-03 
115.400000 9.9999347397126698e-03 
115.600000 9.9999371902136057e-03 
115.800000 9.9999395573588910e-03 
116.000000 9.9999418435514024e-03 
116.200000 9.9999440511492742e-03 
116.400000 9.9999461824649763e-03 
116.600000 9.9999482397646177e-03 
116.800000 9.9999502252676037e-03 
117.000000 9.9999521411459937e-03 
117.200000 9.9999539895245741e-03 
117.400000 9.9999557724802322e-03 
117.600000 9.9999574920427159e-03 
117.800000 9.9999591501937716e-03 
118.000000 9.9999607488678362e-03 
118.200000 9.9999622899523029e-03 
118.400000 9.9999637752876108e-03 
118.600000 9.9999652066675576e-03 
118.800000 9.9999665858400248e-03 
119.000000 9.9999679145071751e-03 
119.200000 9.9999691943260510e-03 
119.400000 9.9999704269094769e-03 
119.600000 9.9999716138260090e-03 
119.800000 9.9999727566012029e-03 
120.000000 9.9999738567180026e-03 
120.200000 9.9999749156174395e-03 
120.400000 9.9999759346993781e-03 
120.600000 9.9999769153233751e-03 
120.800000 9.9999778588093780e-03 
121.000000 9.9999787664383031e-03 
121.200000 9.9999796394531579e-03 
121.400000 9.9999804790594834e-03 
121.600000 9.9999812864265767e-03 
121.800000 9.9999820626879045e-03 
122.000000 9.9999828089419596e-03 
122.200000 9.9999835262532533e-03 
122.400000 9.9999842156531325e-03 
122.600000 9.9999848781402566e-03 
122.800000 9.9999855146817741e-03 
123.000000 9.9999861262137432e-03 
123.200000 9.9999867136423125e-03 
123.400000 9.9999872778442460e-03 
123.600000 9.9999878196676169e-03 
123.800000 9.9999883399328679e-03 
124.000000 9.9999888394332829e-03 
124.200000 9.9999893189357918e-03 
124.400000 9.9999897791819142e-03 
124.600000 9.9999902208880252e-03 
124.800000 9.9999906447465221e-03 
125.000000 9.9999910514263265e-03 
125.200000 9.9999914415733991e-03 
125.400000 9.9999918158116975e-03 
125.600000 9.9999921747436389e-03 
125.800000 9.9999925189508034e-03 
126.000000 9.9999928489945804e-03 
126.200000 9.9999931654167484e-03 
126.400000 9.9999934687400073e-03 
126.600000 9.9999937594687123e-03 
126.800000 9.9999940380893666e-03 
127.000000 9.9999943050711089e-03 
127.200000 9.9999945608663394e-03 
127.400000 9.9999948059113532e-03 
127.600000 9.9999950406266663e-03 
127.800000 9.9999952654176005e-03 
128.000000 9.9999954806747025e-03 
128.200000 9.9999956867744769e-03 
128.400000 9.9999958840795190e-03 
128.600000 9.9999960729391796e-03 
128.800000 9.9999962536899186e-03 
129.000000 9.9999964266557564e-03 
129.200000 9.9999965921488011e-03 
129.400000 9.9999967504694511e-03 
129.600000 9.9999969019067911e-03 
129.800000 9.9999970467393260e-03 
130.000000 9.9999971852348414e-03 
130.200000 9.9999973176512214e-03 
130.400000 9.9999974442365139e-03 
130.600000 9.9999975652291882e-03 
130.800000 9.9999976808589301e-03 
131.000000 9.9999977913464121e-03 
131.200000 9.9999978969040216e-03 
131.400000 9.9999979977357396e-03 
131.600000 9.9999980940380078e-03 
131.800000 9.9999981859992971e-03 
132.000000 9.9999982738011080e-03 
132.200000 9.9999983576177058e-03 
132.400000 9.9999984376165363e-03 
132.600000 9.9999985139585124e-03 
132.800000 9.9999985867983143e-03 
133.000000 9.9999986562843857e-03 
133.200000 9.9999987225594250e-03 
133.400000 9.9999987857604423e-03 
133.600000 9.9999988460189888e-03 
133.800000 9.9999989034613140e-03 
134.000000 9.9999989582088260e-03 
134.200000 9.9999990103778018e-03 
134.400000 9.9999990600800562e-03 
134.600000 9.9999991074227780e-03 
134.800000 9.9999991525089298e-03 
135.000000 9.9999991954372192e-03 
135.200000 9.9999992363023517e-03 
135.400000 9.9999992751951920e-03 
135.600000 9.9999993122028910e-03 
135.800000 9.9999993474091144e-03 
136.000000 9.9999993808938398e-03 
136.200000 9.9999994127340144e-03 
136.400000 9.9999994430033691e-03 
136.600000 9.9999994717723858e-03 
136.800000 9.9999994991088730e-03 
137.000000 9.9999995250776158e-03 
137.200000 9.9999995497407797e-03 
137.400000 9.9999995731579437e-03 
137.600000 9.9999995953861994e-03 
137.800000 9.9999996164801125e-03 
138.000000 9.9999996364920213e-03 
138.200000 9.9999996554721443e-03 
138.400000 9.9999996734684293e-03 
138.600000 9.9999996905268274e-03 
138.800000 9.9999997066912722e-03 
139.000000 9.9999997220039209e-03 
139.200000 9.9999997365050920e-03 
139.400000 9.9999997502333068e-03 
139.600000 9.9999997632254384e-03 
139.800000 9.9999997755167800e-03 
140.000000 9.9999997871411082e-03 
140.200000 9.9999997981306890e-03 
140.400000 9.9999998085164143e-03 
140.600000 9.9999998183278194e-03 
140.800000 9.9999998275930747e-03 
141.000000 9.9999998363391965e-03 
141.200000 9.9999998445919110e-03 
141.400000 9.9999998523758390e-03 
141.600000 9.9999998597145728e-03 
141.800000 9.9999998666305719e-03 
142.000000 9.9999998731452999e-03 
142.200000 9.9999998792792161e-03 
142.400000 9.9999998850519613e-03 
142.600000 9.9999998904821384e-03 
142.800000 9.9999998955876031e-03 
143.000000 9.9999999003854301e-03 
143.200000 9.9999999048917577e-03 
143.400000 9.9999999091221550e-03 
143.600000 9.9999999130913168e-03 
143.800000 9.9999999168133742e-03 
144.000000 9.9999999203016950e-03 
144.200000 9.9999999235691230e-03 
144.400000 9.9999999266277562e-03 
144.600000 9.9999999294892103e-03 
144.800000 9.9999999321646205e-03 
145.000000 9.9999999346644594e-03 
145.200000 9.9999999369986738e-03 
145.400000 9.9999999391768273e-03 
145.600000 9.9999999412078953e-03 
145.800000 9.9999999431006140e-03 
146.000000 9.9999999448631086e-03 
146.200000 9.9999999465031093e-03 
146.400000 9.9999999480280006e-03 
146.600000 9.9999999494448204e-03 
146.800000 9.9999999507602074e-03 
147.000000 9.9999999519804032e-03 
147.200000 9.9999999531113510e-03 
147.400000 9.9999999541585394e-03 
147.600000 9.9999999551273182e-03 
147.800000 9.9999999560226437e-03 
148.000000 9.9999999568493383e-03 
148.200000 9.9999999576118690e-03 
148.400000 9.9999999583146280e-03 
148.600000 9.9999999589615238e-03 
148.800000 9.9999999595564576e-03 
149.000000 9.9999999601030620e-03 
149.200000 9.9999999606046660e-03 
149.400000 9.9999999610645499e-03 
149.600000 9.9999999614856262e-03 
149.800000 9.9999999618707522e-03 
