0.000000 1.4206001149986613e-01 
0.200000 1.4203008288179542e-01 
0.400000 1.4200632284439751e-01 
0.600000 1.4198815702080592e-01 
0.800000 1.4197501189314243e-01 
1.000000 1.4196628791564403e-01 
1.200000 1.4196133598098204e-01 
1.400000 1.4195943652968834e-01 
1.600000 1.4195978373877360e-01 
1.800000 1.4196086608026548e-01 
2.000000 1.4196117204830394e-01 
2.200000 1.4195715018546584e-01 
2.400000 1.4194891636421381e-01 
2.600000 1.4193698924380871e-01 
2.800000 1.4192214204883069e-01 
3.000000 1.4190527736127978e-01 
3.200000 1.4188730840430575e-01 
3.400000 1.4186894610472234e-01 
3.600000 1.4184373687339591e-01 
3.800000 1.4181918249178127e-01 
4.000000 1.4179555405223088e-01 
4.200000 1.4177279866997039e-01 
4.400000 1.4175054492636818e-01 
4.600000 1.4172823281573699e-01 
4.800000 1.4170523330214757e-01 
5.000000 1.4168089345849399e-01 
5.200000 1.4165452956585978e-01 
5.400000 1.4162572438274079e-01 
5.600000 1.4159429174139326e-01 
5.800000 1.4156018595061981e-01 
6.000000 1.4152345175077485e-01 
6.200000 1.4148418580485134e-01 
6.400000 1.4144250242150946e-01 
6.600000 1.4139850353519623e-01 
6.800000 1.4135227903243153e-01 
7.000000 1.4130381397367353e-01 
7.200000 1.4125300811220420e-01 
7.400000 1.4119972516356938e-01 
7.600000 1.4114380672052051e-01 
7.800000 1.4108508553333055e-01 
8.000000 1.4102339592351854e-01 
8.200000 1.4095858079773427e-01 
8.400000 1.4089049549385546e-01 
8.600000 1.4081901090731186e-01 
8.800000 1.4074400948553001e-01 
9.000000 1.4066537637010401e-01 
9.200000 1.4058299207720903e-01 
9.400000 1.4049672702235705e-01 
9.600000 1.4040643751910431e-01 
9.800000 1.4031196093790532e-01 
10.000000 1.4021311039277617e-01 
10.200000 1.4010968278785652e-01 
10.400000 1.4000146196886543e-01 
10.600000 1.3988822212046126e-01 
10.800000 1.3976972104191898e-01 
11.000000 1.3964569914203440e-01 
11.200000 1.3951587984014979e-01 
11.400000 1.3937996904490435e-01 
11.600000 1.3923765389037990e-01 
11.800000 1.3908860116220656e-01 
12.000000 1.3893245545204369e-01 
12.200000 1.3876883700518960e-01 
12.400000 1.3859733931465823e-01 
12.600000 1.3841752661559092e-01 
12.800000 1.3822893143592541e-01 
13.000000 1.3803105228099233e-01 
13.200000 1.3782335141871638e-01 
13.400000 1.3760525255338996e-01 
13.600000 1.3737613840374241e-01 
13.800000 1.3713534832856067e-01 
14.000000 1.3688217577287654e-01 
14.200000 1.3661586552739979e-01 
14.400000 1.3633561073861811e-01 
14.600000 1.3604054962966694e-01 
14.800000 1.3572976193131681e-01 
15.000000 1.3540226504633401e-01 
15.200000 1.3505700994484682e-01 
15.400000 1.3469287679929820e-01 
15.600000 1.3430867036011884e-01 
15.800000 1.3390311510099684e-01 
16.000000 1.3347485016670080e-01 
16.200000 1.3302242415627652e-01 
16.400000 1.3254428978543498e-01 
16.600000 1.3203879849049638e-01 
16.800000 1.3150419506097366e-01 
17.000000 1.3093861241232718e-01 
17.200000 1.3034006663018172e-01 
17.400000 1.2970645245594448e-01 
17.600000 1.2903553940466317e-01 
17.800000 1.2832496873817167e-01 
18.000000 1.2757225154083518e-01 
18.200000 1.2677476816770927e-01 
18.400000 1.2592976935097033e-01 
18.600000 1.2503437925857763e-01 
18.800000 1.2408560080393372e-01 
19.000000 1.2308032349814768e-01 
19.200000 1.2201533412091692e-01 
19.400000 1.2088733046488798e-01 
19.600000 1.1969293837916495e-01 
19.800000 1.1842873230367457e-01 
20.000000 1.1709125944919307e-01 
20.200000 1.1567706773935282e-01 
20.400000 1.1418273759133279e-01 
20.600000 1.1260491756961932e-01 
20.800000 1.1094036390263562e-01 
21.000000 1.0918598379923783e-01 
21.200000 1.0733888243716705e-01 
21.400000 1.0539641341308770e-01 
21.600000 1.0335623233821356e-01 
21.800000 1.0121635313261834e-01 
22.000000 9.8975206412068362e-02 
22.200000 9.6631699177499142e-02 
22.400000 9.4185274814814868e-02 
22.600000 9.1635972202973370e-02 
22.800000 8.8984482524744779e-02 
23.000000 8.6232202194560736e-02 
23.200000 8.3381280179411599e-02 
23.400000 8.0434657909019380e-02 
23.600000 7.7396099965023168e-02 
23.800000 7.4270213816965303e-02 
24.000000 7.1062457040543259e-02 
24.200000 6.7779130710422186e-02 
24.400000 6.4427357999729318e-02 
24.600000 6.1015047428285563e-02 
24.800000 5.7550840664949976e-02 
25.000000 5.4044045284793008e-02 
25.200000 5.0504553385236406e-02 
25.400000 4.6942747452421663e-02 
25.600000 4.3369395315455805e-02 
25.800000 3.9795536408389176e-02 
26.000000 3.6232361860143558e-02 
26.200000 3.2691091134375183e-02 
26.400000 2.9182848036993558e-02 
26.600000 2.5718538894420218e-02 
26.800000 2.2308735585042982e-02 
27.000000 1.8963565888430511e-02 
27.200000 1.5692613317291104e-02 
27.400000 1.2504828233880771e-02 
27.600000 9.4084516472993096e-03 
27.800000 6.4109526622909696e-03 
28.000000 3.5189801242142549e-03 
28.200000 7.3832859731948197e-04 
28.400000 -1.9260815610088189e-03 
28.600000 -4.4702105984661955e-03 
28.800000 -6.8908930866440343e-03 
29.000000 -9.1858200349581587e-03 
29.200000 -1.1353510645444875e-02 
29.400000 -1.3393275073283917e-02 
29.600000 -1.5305169627376713e-02 
29.800000 -1.7089945869857015e-02 
30.000000 -1.8748995057999984e-02 
30.200000 -2.0284289321347848e-02 
30.400000 -2.1698320886765377e-02 
30.600000 -2.2994040560005868e-02 
30.800000 -2.4174796549427224e-02 
31.000000 -2.5244274581999515e-02 
31.200000 -2.6206440118402563e-02 
31.400000 -2.7065483328988504e-02 
31.600000 -2.7825767349448305e-02 
31.800000 -2.8491780199394023e-02 
32.000000 -2.9068090621025111e-02 
32.200000 -2.9559307982045313e-02 
32.400000 -2.9970046287890795e-02 
32.600000 -3.0304892264119920e-02 
32.800000 -3.0568377400543412e-02 
33.000000 -3.0764953793788519e-02 
33.200000 -3.0898973583013301e-02 
33.400000 -3.0974671743779769e-02 
33.600000 -3.0996151985782316e-02 
33.800000 -3.0967375489655558e-02 
34.000000 -3.0892152215375779e-02 
34.200000 -3.0774134518034568e-02 
34.400000 -3.0616812814789229e-02 
34.600000 -3.0423513058888463e-02 
34.800000 -3.0197395790609760e-02 
35.000000 -2.9941456551758949e-02 
35.200000 -2.9658527466555451e-02 
35.400000 -2.9351279810024722e-02 
35.600000 -2.9022227401144240e-02 
35.800000 -2.8673730675442100e-02 
36.000000 -2.8308001306440012e-02 
36.200000 -2.7927107260610706e-02 
36.400000 -2.7532978183762769e-02 
36.600000 -2.7127411028927184e-02 
36.800000 -2.6712075847424854e-02 
37.000000 -2.6288521674665832e-02 
37.200000 -2.5858182451737322e-02 
37.400000 -2.5422382932111576e-02 
37.600000 -2.4982344530190992e-02 
37.800000 -2.4539191075311606e-02 
38.000000 -2.4093954440951970e-02 
38.200000 -2.3647580024162951e-02 
38.400000 -2.3200932055143897e-02 
38.600000 -2.2754798721288549e-02 
38.800000 -2.2309897093725106e-02 
39.000000 -2.1866877847691257e-02 
39.200000 -2.1426329771283614e-02 
39.400000 -2.0988784059391530e-02 
39.600000 -2.0554718392026994e-02 
39.800000 -2.0124560798091773e-02 
40.000000 -1.9698693307371673e-02 
40.200000 -1.9277455394669074e-02 
40.400000 -1.8861147221319818e-02 
40.600000 -1.8450032680143447e-02 
40.800000 -1.8044342250469858e-02 
41.000000 -1.7644275670697762e-02 
41.200000 -1.7250004435825472e-02 
41.400000 -1.6861674127995496e-02 
41.600000 -1.6479406588004675e-02 
41.800000 -1.6103301935819381e-02 
42.000000 -1.5733440448109370e-02 
42.200000 -1.5369884300735936e-02 
42.400000 -1.5012679183919742e-02 
42.600000 -1.4661855797574619e-02 
42.800000 -1.4317431234166067e-02 
43.000000 -1.3979410256137720e-02 
43.200000 -1.3647786474609402e-02 
43.400000 -1.3322543435905831e-02 
43.600000 -1.3003655622029264e-02 
43.800000 -1.2691089370939268e-02 
44.000000 -1.2384803722269494e-02 
44.200000 -1.2084751193714272e-02 
44.400000 -1.1790878493107865e-02 
44.600000 -1.1503127170766209e-02 
44.800000 -1.1221434216719117e-02 
45.000000 -1.0945732606750802e-02 
45.200000 -1.0675951801318001e-02 
45.400000 -1.0412018200800066e-02 
45.600000 -1.0153855560713715e-02 
45.800000 -9.9013853698219634e-03 
46.000000 -9.6545271942347355e-03 
46.200000 -9.4131989902022928e-03 
46.400000 -9.1773173881319059e-03 
46.600000 -8.9467979503041195e-03 
46.800000 -8.7215554042349430e-03 
47.000000 -8.5015038540659227e-03 
47.200000 -8.2865569714728471e-03 
47.400000 -8.0766281681850516e-03 
47.600000 -7.8716307513974071e-03 
47.800000 -7.6714780638131586e-03 
48.000000 -7.4760836094824312e-03 
48.200000 -7.2853611667752505e-03 
48.400000 -7.0992248896053767e-03 
48.600000 -6.9175893979912251e-03 
48.800000 -6.7403698588419658e-03 
49.000000 -6.5674820579546822e-03 
49.200000 -6.3988424639356001e-03 
49.400000 -6.2343682848460258e-03 
49.600000 -6.0739775182323819e-03 
49.800000 -5.9175889951463834e-03 
50.000000 -5.7651224187376254e-03 
50.200000 -5.6164983979167943e-03 
50.400000 -5.4716384765510773e-03 
50.600000 -5.3304651586497248e-03 
50.800000 -5.1929019299258306e-03 
51.000000 -5.0588732759841853e-03 
51.200000 -4.9283046976467265e-03 
51.400000 -4.8011227235134346e-03 
51.600000 -4.6772549201509750e-03 
51.800000 -4.5566299000521920e-03 
52.000000 -4.4391773277290408e-03 
52.200000 -4.3248279238825571e-03 
52.400000 -4.2135134681234032e-03 
52.600000 -4.1051668001728936e-03 
52.800000 -3.9997218198064982e-03 
53.000000 -3.8971134856244094e-03 
53.200000 -3.7972778127535328e-03 
53.400000 -3.7001518696853086e-03 
53.600000 -3.6056737741778228e-03 
53.800000 -3.5137826884511225e-03 
54.000000 -3.4244188136850207e-03 
54.200000 -3.3375233838937035e-03 
54.400000 -3.2530386593028482e-03 
54.600000 -3.1709079191372114e-03 
54.800000 -3.0910754540419971e-03 
55.000000 -3.0134865580824649e-03 
55.200000 -2.9380875203701418e-03 
55.400000 -2.8648256163516655e-03 
55.600000 -2.7936490988794277e-03 
55.800000 -2.7245071889440142e-03 
56.000000 -2.6573500661696281e-03 
56.200000 -2.5921288591854164e-03 
56.400000 -2.5287956357201435e-03 
56.600000 -2.4673033925655397e-03 
56.800000 -2.4076060453831760e-03 
57.000000 -2.3496584183564512e-03 
57.200000 -2.2934162337722858e-03 
57.400000 -2.2388361014413077e-03 
57.600000 -2.1858755080218367e-03 
57.800000 -2.1344928063178892e-03 
58.000000 -2.0846472044216691e-03 
58.200000 -2.0362987548860068e-03 
58.400000 -1.9894083437174692e-03 
58.600000 -1.9439376794173902e-03 
58.800000 -1.8998492819935625e-03 
59.000000 -1.8571064718230501e-03 
59.200000 -1.8156733586209700e-03 
59.400000 -1.7755148302967400e-03 
59.600000 -1.7365965418304902e-03 
59.800000 -1.6988849041277704e-03 
60.000000 -1.6623470729221490e-03 
60.200000 -1.6269509375602814e-03 
60.400000 -1.5926651099453654e-03 
60.600000 -1.5594589133631209e-03 
60.800000 -1.5273023714018341e-03 
61.000000 -1.4961661968492107e-03 
61.200000 -1.4660217806634346e-03 
61.400000 -1.4368411809029674e-03 
61.600000 -1.4085971117560603e-03 
61.800000 -1.3812629326047515e-03 
62.000000 -1.3548126370573482e-03 
62.200000 -1.3292208421339519e-03 
62.400000 -1.3044627774237705e-03 
62.600000 -1.2805142743476938e-03 
62.800000 -1.2573517554164970e-03 
63.000000 -1.2349522236435248e-03 
63.200000 -1.2132932519438033e-03 
63.400000 -1.1923529726074536e-03 
63.600000 -1.1721100669210907e-03 
63.800000 -1.1525437547893480e-03 
64.000000 -1.1336337844448652e-03 
64.200000 -1.1153604222991012e-03 
64.400000 -1.0977044428080729e-03 
64.600000 -1.0806471184458613e-03 
64.800000 -1.0641702098207126e-03 
65.000000 -1.0482559558280258e-03 
65.200000 -1.0328870638958640e-03 
65.400000 -1.0180467003890747e-03 
65.600000 -1.0037184810735844e-03 
65.800000 -9.8988646165515393e-04 
66.000000 -9.7653512851716279e-04 
66.200000 -9.6364938947943179e-04 
66.400000 -9.5121456467820581e-04 
66.600000 -9.3921637763799692e-04 
66.800000 -9.2764094633035477e-04 
67.000000 -9.1647477446668568e-04 
67.200000 -9.0570474284695779e-04 
67.400000 -8.9531810080634155e-04 
67.600000 -8.8530245784253225e-04 
67.800000 -8.7564577532758120e-04 
68.000000 -8.6633635835713096e-04 
68.200000 -8.5736284765217802e-04 
68.400000 -8.4871421171156536e-04 
68.600000 -8.4037973898734575e-04 
68.800000 -8.3234903020276002e-04 
69.000000 -8.2461199082844994e-04 
69.200000 -8.1715882364213899e-04 
69.400000 -8.0998002143571612e-04 
69.600000 -8.0306635985057107e-04 
69.800000 -7.9640889030642426e-04 
70.000000 -7.8999893309580210e-04 
70.200000 -7.8382807058230419e-04 
70.400000 -7.7788814051562433e-04 
70.600000 -7.7217122946032779e-04 
70.800000 -7.6666966642264384e-04 
71.000000 -7.6137601647180420e-04 
71.200000 -7.5628307458806832e-04 
71.400000 -7.5138385960753923e-04 
71.600000 -7.4667160824184314e-04 
71.800000 -7.4213976929082826e-04 
72.000000 -7.3778199789405891e-04 
72.200000 -7.3359214996856353e-04 
72.400000 -7.2956427674016056e-04 
72.600000 -7.2569261933203011e-04 
72.800000 -7.2197160361028162e-04 
73.000000 -7.1839583494660852e-04 
73.200000 -7.1496009327812887e-04 
73.400000 -7.1165932818939570e-04 
73.600000 -7.0848865406116651e-04 
73.800000 -7.0544334543132248e-04 
74.000000 -7.0251883238416080e-04 
74.200000 -6.9971069607913799e-04 
74.400000 -6.9701466437738224e-04 
74.600000 -6.9442660756667551e-04 
74.800000 -6.9194253417090290e-04 
75.000000 -6.8955858689528915e-04 
75.200000 -6.8727103868133910e-04 
75.400000 -6.8507628876736393e-04 
75.600000 -6.8297085893095910e-04 
75.800000 -6.8095138983208930e-04 
76.000000 -6.7901463735852569e-04 
76.200000 -6.7715746916366393e-04 
76.400000 -6.7537686122949581e-04 
76.600000 -6.7366989453576664e-04 
76.800000 -6.7203375182800507e-04 
77.000000 -6.7046571443837161e-04 
77.200000 -6.6896315920647598e-04 
77.400000 -6.6752355551313869e-04 
77.600000 -6.6614446234294911e-04 
77.800000 -6.6482352540533224e-04 
78.000000 -6.6355847447641808e-04 
78.200000 -6.6234712057819389e-04 
78.400000 -6.6118735348967561e-04 
78.600000 -6.6007713910037208e-04 
78.800000 -6.5901451702497088e-04 
79.000000 -6.5799759812876918e-04 
79.200000 -6.5702456224491640e-04 
79.400000 -6.5609365587745300e-04 
79.600000 -6.5520319000872407e-04 
79.800000 -6.5435153794451972e-04 
80.000000 -6.5353713325850410e-04 
80.200000 -6.5275846774087015e-04 
80.400000 -6.5201408946773814e-04 
80.600000 -6.5130260088027553e-04 
80.800000 -6.5062265694022792e-04 
81.000000 -6.4997296335092547e-04 
81.200000 -6.4935227479773205e-04 
81.400000 -6.4875939329474275e-04 
81.600000 -6.4819316650813197e-04 
81.800000 -6.4765248619479826e-04 
82.000000 -6.4713628667562029e-04 
82.200000 -6.4664354333468510e-04 
82.400000 -6.4617327117847539e-04 
82.600000 -6.4572452340525693e-04 
82.800000 -6.4529639012490120e-04 
83.000000 -6.4488799697474258e-04 
83.200000 -6.4449850389504404e-04 
83.400000 -6.4412710385677863e-04 
83.600000 -6.4377302173463519e-04 
83.800000 -6.4343551308553709e-04 
84.000000 -6.4311386307461943e-04 
84.200000 -6.4280738537971643e-04 
84.400000 -6.4251542118289734e-04 
84.600000 -6.4223733809717215e-04 
84.800000 -6.4197252923842152e-04 
85.000000 -6.4172041228358068e-04 
85.200000 -6.4148042851639581e-04 
85.400000 -6.4125204201812697e-04 
85.600000 -6.4103473870705946e-04 
85.800000 -6.4082802563478203e-04 
86.000000 -6.4063143011623691e-04 
86.200000 -6.4044449897128486e-04 
86.400000 -6.4026679780374712e-04 
86.600000 -6.4009791026489737e-04 
86.800000 -6.3993743736417280e-04 
87.000000 -6.3978499682008222e-04 
87.200000 -6.3964022240046992e-04 
87.400000 -6.3950276329584332e-04 
87.600000 -6.3937228352953929e-04 
87.800000 -6.3924846137768110e-04 
88.000000 -6.3913098881415720e-04 
88.200000 -6.3901957096324652e-04 
88.400000 -6.3891392557379606e-04 
88.600000 -6.3881378255861709e-04 
88.800000 -6.3871888344523703e-04 
89.000000 -6.3862898098875076e-04 
89.200000 -6.3854383867038844e-04 
89.400000 -6.3846323027291763e-04 
89.600000 -6.3838693946904890e-04 
89.800000 -6.3831475946149463e-04 
90.000000 -6.3824649252247623e-04 
90.200000 -6.3818194967334846e-04 
90.400000 -6.3812095033587840e-04 
90.600000 -6.3806332194504128e-04 
90.800000 -6.3800889965595631e-04 
91.000000 -6.3795752599855177e-04 
91.200000 -6.3790905059119690e-04 
91.400000 -6.3786332984804017e-04 
91.600000 -6.3782022667303873e-04 
91.800000 -6.3777961021446727e-04 
92.000000 -6.3774135557769646e-04 
92.200000 -6.3770534360279435e-04 
92.400000 -6.3767146059184876e-04 
92.600000 -6.3763959808130211e-04 
92.800000 -6.3760965266484310e-04 
93.000000 -6.3758152571507382e-04 
93.200000 -6.3755512317352492e-04 
93.400000 -6.3753035545247722e-04 
93.600000 -6.3750713711787504e-04 
93.800000 -6.3748538681105554e-04 
94.000000 -6.3746502696611362e-04 
94.200000 -6.3744598375833211e-04 
94.400000 -6.3742818685956493e-04 
94.600000 -6.3741156932422410e-04 
94.800000 -6.3739606740871591e-04 
95.000000 -6.3738162045758745e-04 
95.200000 -6.3736817076518598e-04 
95.400000 -6.3735566341399652e-04 
95.600000 -6.3734404620812563e-04 
95.800000 -6.3733326946114471e-04 
96.000000 -6.3732328598459231e-04 
96.200000 -6.3731405089576670e-04 
96.400000 -6.3730552157333087e-04 
96.600000 -6.3729765748676143e-04 
96.800000 -6.3729042017252047e-04 
97.000000 -6.3728377310778156e-04 
97.200000 -6.3727768157464254e-04 
97.400000 -6.3727211268415490e-04 
97.600000 -6.3726703517315991e-04 
97.800000 -6.3726241942128198e-04 
98.000000 -6.3725823731347608e-04 
98.200000 -6.3725446222284710e-04 
98.400000 -6.3725106888597172e-04 
98.600000 -6.3724803336957792e-04 
98.800000 -6.3724533299413383e-04 
99.000000 -6.3724294630905509e-04 
99.200000 -6.3724085297051092e-04 
99.400000 -6.3723903375481616e-04 
99.600000 -6.3723747045890677e-04 
99.800000 -6.3723614586240485e-04 
100.000000 -6.3723504369882916e-04 
100.200000 -6.3723414858916222e-04 
100.400000 -6.3723344599805193e-04 
100.600000 -6.3723292219009658e-04 
100.800000 -6.3723256422003327e-04 
101.000000 -6.3723235986665183e-04 
101.200000 -6.3723229757271793e-04 
101.400000 -6.3723236648085407e-04 
101.600000 -6.3723255635064063e-04 
101.800000 -6.3723285750483250e-04 
102.000000 -6.3723326087071486e-04 
102.200000 -6.3723375787525655e-04 
102.400000 -6.3723434048814503e-04 
102.600000 -6.3723500113455761e-04 
102.800000 -6.3723573269379441e-04 
103.000000 -6.3723652852686052e-04 
103.200000 -6.3723738233705668e-04 
103.400000 -6.3723828826148937e-04 
103.600000 -6.3723924080314603e-04 
103.800000 -6.3724023479526382e-04 
104.000000 -6.3724126541047504e-04 
104.200000 -6.3724232814778986e-04 
104.400000 -6.3724341877923613e-04 
104.600000 -6.3724453338572656e-04 
104.800000 -6.3724566827102341e-04 
105.000000 -6.3724682004534516e-04 
105.200000 -6.3724798551115236e-04 
105.400000 -6.3724916170798673e-04 
105.600000 -6.3725034589561663e-04 
105.800000 -6.3725153550520108e-04 
106.000000 -6.3725272820315537e-04 
106.200000 -6.3725392179789925e-04 
106.400000 -6.3725511426059728e-04 
106.600000 -6.3725630374404652e-04 
106.800000 -6.3725748854270153e-04 
107.000000 -6.3725866707142059e-04 
107.200000 -6.3725983791333707e-04 
107.400000 -6.3726099972441497e-04 
107.600000 -6.3726215133304287e-04 
107.800000 -6.3726329164372902e-04 
108.000000 -6.3726441965537839e-04 
108.200000 -6.3726553449397483e-04 
108.400000 -6.3726663535061678e-04 
108.600000 -6.3726772151457417e-04 
108.800000 -6.3726879235359579e-04 
109.000000 -6.3726984728584152e-04 
109.200000 -6.3727088583986902e-04 
109.400000 -6.3727190757279645e-04 
109.600000 -6.3727291213024756e-04 
109.800000 -6.3727389918118854e-04 
110.000000 -6.3727486848224463e-04 
110.200000 -6.3727581981810194e-04 
110.400000 -6.3727675303141412e-04 
110.600000 -6.3727766798853808e-04 
110.800000 -6.3727856461101573e-04 
111.000000 -6.3727944285985050e-04 
111.200000 -6.3728030269535191e-04 
111.400000 -6.3728114416890247e-04 
111.600000 -6.3728196729623959e-04 
111.800000 -6.3728277216124063e-04 
112.000000 -6.3728355887567728e-04 
112.200000 -6.3728432753368258e-04 
112.400000 -6.3728507828793995e-04 
112.600000 -6.3728581128808665e-04 
112.800000 -6.3728652671278530e-04 
113.000000 -6.3728722474563904e-04 
113.200000 -6.3728790559370446e-04 
113.400000 -6.3728856946708434e-04 
113.600000 -6.3728921660087534e-04 
113.800000 -6.3728984722048743e-04 
114.000000 -6.3729046157879471e-04 
114.200000 -6.3729105991294083e-04 
114.400000 -6.3729164250247994e-04 
114.600000 -6.3729220959257010e-04 
114.800000 -6.3729276145889358e-04 
115.000000 -6.3729329837193538e-04 
115.200000 -6.3729382061383788e-04 
115.400000 -6.3729432846007517e-04 
115.600000 -6.3729482218538580e-04 
115.800000 -6.3729530208159885e-04 
116.000000 -6.3729576842577740e-04 
116.200000 -6.3729622151093707e-04 
116.400000 -6.3729666159711984e-04 
116.600000 -6.3729708898936643e-04 
116.800000 -6.3729750394702495e-04 
117.000000 -6.3729790677387321e-04 
117.200000 -6.3729829772424251e-04 
117.400000 -6.3729867708640919e-04 
117.600000 -6.3729904513385588e-04 
117.800000 -6.3729940212295388e-04 
118.000000 -6.3729974834152853e-04 
118.200000 -6.3730008405255695e-04 
118.400000 -6.3730040950597117e-04 
118.600000 -6.3730072495780943e-04 
118.800000 -6.3730103065816335e-04 
119.000000 -6.3730132688348540e-04 
119.200000 -6.3730161385402301e-04 
119.400000 -6.3730189181899349e-04 
119.600000 -6.3730216102810683e-04 
119.800000 -6.3730242170360191e-04 
120.000000 -6.3730267407210300e-04 
120.200000 -6.3730291838395153e-04 
120.400000 -6.3730315483134098e-04 
120.600000 -6.3730338364998557e-04 
120.800000 -6.3730360503901767e-04 
121.000000 -6.3730381921680429e-04 
121.200000 -6.3730402639319145e-04 
121.400000 -6.3730422676213511e-04 
121.600000 -6.3730442051411484e-04 
121.800000 -6.3730460785318965e-04 
122.000000 -6.3730478895986792e-04 
122.200000 -6.3730496399892061e-04 
122.400000 -6.3730513317936111e-04 
122.600000 -6.3730529666385094e-04 
122.800000 -6.3730545461582883e-04 
123.000000 -6.3730560721653173e-04 
123.200000 -6.3730575461017069e-04 
123.400000 -6.3730589698272194e-04 
123.600000 -6.3730603444814293e-04 
123.800000 -6.3730616718432609e-04 
124.000000 -6.3730629534534261e-04 
124.200000 -6.3730641904845287e-04 
124.400000 -6.3730653844326635e-04 
124.600000 -6.3730665367321693e-04 
124.800000 -6.3730676485471843e-04 
125.000000 -6.3730687213469500e-04 
125.200000 -6.3730697562776328e-04 
125.400000 -6.3730707545388288e-04 
125.600000 -6.3730717173476198e-04 
125.800000 -6.3730726458105513e-04 
126.000000 -6.3730735410490180e-04 
126.200000 -6.3730744041981535e-04 
126.400000 -6.3730752362310683e-04 
126.600000 -6.3730760382716550e-04 
126.800000 -6.3730768112556235e-04 
127.000000 -6.3730775561082753e-04 
127.200000 -6.3730782738465747e-04 
127.400000 -6.3730789653246994e-04 
127.600000 -6.3730796314571264e-04 
127.800000 -6.3730802730065095e-04 
128.000000 -6.3730808908601944e-04 
128.200000 -6.3730814859836588e-04 
128.400000 -6.3730820588241144e-04 
128.600000 -6.3730826104658328e-04 
128.800000 -6.3730831414281208e-04 
129.000000 -6.3730836524835549e-04 
129.200000 -6.3730841444487735e-04 
129.400000 -6.3730846177123546e-04 
129.600000 -6.3730850732916788e-04 
129.800000 -6.3730855114913637e-04 
130.000000 -6.3730859329895473e-04 
130.200000 -6.3730863384484082e-04 
130.400000 -6.3730867283584569e-04 
130.600000 -6.3730871033400999e-04 
130.800000 -6.3730874639600366e-04 
131.000000 -6.3730878105847794e-04 
131.200000 -6.3730881438727599e-04 
131.400000 -6.3730884641618329e-04 
131.600000 -6.3730887720300777e-04 
131.800000 -6.3730890678978525e-04 
132.000000 -6.3730893521388859e-04 
132.200000 -6.3730896252500724e-04 
132.400000 -6.3730898875911240e-04 
132.600000 -6.3730901395945422e-04 
132.800000 -6.3730903817021956e-04 
133.000000 -6.3730906141024057e-04 
133.200000 -6.3730908372708339e-04 
133.400000 -6.3730910515505390e-04 
133.600000 -6.3730912572967924e-04 
133.800000 -6.3730914547073525e-04 
134.000000 -6.3730916442427538e-04 
134.200000 -6.3730918260995750e-04 
134.400000 -6.3730920005853481e-04 
134.600000 -6.3730921679440444e-04 
134.800000 -6.3730923285349600e-04 
135.000000 -6.3730924826063684e-04 
135.200000 -6.3730926303218888e-04 
135.400000 -6.3730927719835018e-04 
135.600000 -6.3730929078665427e-04 
135.800000 -6.3730930380594131e-04 
136.000000 -6.3730931629172455e-04 
136.200000 -6.3730932825974834e-04 
136.400000 -6.3730933971865161e-04 
136.600000 -6.3730935071001915e-04 
136.800000 -6.3730936123797266e-04 
137.000000 -6.3730937132360638e-04 
137.200000 -6.3730938098541245e-04 
137.400000 -6.3730939024029404e-04 
137.600000 -6.3730939909743128e-04 
137.800000 -6.3730940758054133e-04 
138.000000 -6.3730941570301625e-04 
138.200000 -6.3730942347368230e-04 
138.400000 -6.3730943091598602e-04 
138.600000 -6.3730943803988471e-04 
138.800000 -6.3730944485502344e-04 
139.000000 -6.3730945137349670e-04 
139.200000 -6.3730945761524688e-04 
139.400000 -6.3730946358001722e-04 
139.600000 -6.3730946928232390e-04 
139.800000 -6.3730947473485816e-04 
140.000000 -6.3730947995332965e-04 
140.200000 -6.3730948493546241e-04 
140.400000 -6.3730948969630691e-04 
140.600000 -6.3730949425357813e-04 
140.800000 -6.3730949860492381e-04 
141.000000 -6.3730950276177228e-04 
141.200000 -6.3730950672996611e-04 
141.400000 -6.3730951052169693e-04 
141.600000 -6.3730951413983744e-04 
141.800000 -6.3730951759507354e-04 
142.000000 -6.3730952089496862e-04 
142.200000 -6.3730952404372071e-04 
142.400000 -6.3730952704890709e-04 
142.600000 -6.3730952990558726e-04 
142.800000 -6.3730953263738815e-04 
143.000000 -6.3730953524649553e-04 
143.200000 -6.3730953772866972e-04 
143.400000 -6.3730954010284696e-04 
143.600000 -6.3730954235128451e-04 
143.800000 -6.3730954450288285e-04 
144.000000 -6.3730954655361743e-04 
144.200000 -6.3730954850207966e-04 
144.400000 -6.3730955036184894e-04 
144.600000 -6.3730955212432799e-04 
144.800000 -6.3730955380027210e-04 
145.000000 -6.3730955539413603e-04 
145.200000 -6.3730955690396301e-04 
145.400000 -6.3730955834650355e-04 
145.600000 -6.3730955971097458e-04 
145.800000 -6.3730956100672975e-04 
146.000000 -6.3730956224274105e-04 
146.200000 -6.3730956341777334e-04 
146.400000 -6.3730956453522669e-04 
146.600000 -6.3730956559995833e-04 
146.800000 -6.3730956660083826e-04 
147.000000 -6.3730956754669277e-04 
147.200000 -6.3730956842368569e-04 
147.400000 -6.3730956923761795e-04 
147.600000 -6.3730956999222960e-04 
147.800000 -6.3730957069913635e-04 
148.000000 -6.3730957136130112e-04 
148.200000 -6.3730957202876026e-04 
148.400000 -6.3730957274318184e-04 
148.600000 -6.3730957341681660e-04 
148.800000 -6.3730957396453125e-04 
149.000000 -6.3730957443917935e-04 
149.200000 -6.3730957484907369e-04 
149.400000 -6.3730957519942538e-04 
149.600000 -6.3730957550994782e-04 
149.800000 -6.3730957577429886e-04 
