0.000000 1.4206435169073006e-01 
0.200000 1.4203302764323245e-01 
0.400000 1.4200807027877482e-01 
0.600000 1.4198890140109000e-01 
0.800000 1.4197494759883411e-01 
1.000000 1.4196561284944564e-01 
1.200000 1.4196025453659522e-01 
1.400000 1.4195816515381288e-01 
1.600000 1.4195854700008703e-01 
1.800000 1.4195988723573094e-01 
2.000000 1.4196067739077101e-01 
2.200000 1.4195724974029400e-01 
2.400000 1.4194963561481333e-01 
2.600000 1.4193829262033486e-01 
2.800000 1.4192395336435248e-01 
3.000000 1.4190749637280164e-01 
3.200000 1.4188982525831406e-01 
3.400000 1.4187165181518424e-01 
3.600000 1.4184640900904877e-01 
3.800000 1.4182173706690882e-01 
4.000000 1.4179797626832580e-01 
4.200000 1.4177511974892565e-01 
4.400000 1.4175282546050072e-01 
4.600000 1.4173055002053803e-01 
4.800000 1.4170768274269219e-01 
5.000000 1.4168354920101101e-01 
5.200000 1.4165747556779185e-01 
5.400000 1.4162900944005685e-01 
5.600000 1.4159793341058613e-01 
5.800000 1.4156418679764793e-01 
6.000000 1.4152780419246180e-01 
6.200000 1.4148887703323976e-01 
6.400000 1.4144751848653347e-01 
6.600000 1.4140383343262408e-01 
6.800000 1.4135791339756987e-01 
7.000000 1.4130975639277321e-01 
7.200000 1.4125927198807198e-01 
7.400000 1.4120632735565597e-01 
7.600000 1.4115076634185675e-01 
7.800000 1.4109242206400974e-01 
8.000000 1.4103112809046436e-01 
8.200000 1.4096672638620067e-01 
8.400000 1.4089907067987006e-01 
8.600000 1.4082803009631517e-01 
8.800000 1.4075348604348337e-01 
9.000000 1.4067532373011604e-01 
9.200000 1.4059342468081371e-01 
9.400000 1.4050766096032008e-01 
9.600000 1.4041789084318879e-01 
9.800000 1.4032395381665341e-01 
10.000000 1.4022566503335221e-01 
10.200000 1.4012282361125017e-01 
10.400000 1.4001521562504882e-01 
10.600000 1.3990261757044509e-01 
10.800000 1.3978478945066819e-01 
11.000000 1.3966147379552496e-01 
11.200000 1.3953239617891311e-01 
11.400000 1.3939726479182168e-01 
11.600000 1.3925576927759564e-01 
11.800000 1.3910757916388761e-01 
12.000000 1.3895234201187712e-01 
12.200000 1.3878968130533664e-01 
12.400000 1.3861919406957757e-01 
12.600000 1.3844044837511171e-01 
12.800000 1.3825298089719373e-01 
13.000000 1.3805629459300572e-01 
13.200000 1.3784985647164072e-01 
13.400000 1.3763309528873324e-01 
13.600000 1.3740539914207472e-01 
13.800000 1.3716611307837367e-01 
14.000000 1.3691453656987906e-01 
14.200000 1.3664992079848692e-01 
14.400000 1.3637146569754766e-01 
14.600000 1.3607831670916770e-01 
14.800000 1.3576956125260109e-01 
15.000000 1.3544422492341757e-01 
15.200000 1.3510126742699957e-01 
15.400000 1.3473957824384863e-01 
15.600000 1.3435797203827460e-01 
15.800000 1.3395518383535310e-01 
16.000000 1.3352986399353561e-01 
16.200000 1.3308057300670628e-01 
16.400000 1.3260577617789893e-01 
16.600000 1.3210383822613547e-01 
16.800000 1.3157301790928211e-01 
17.000000 1.3101146277338893e-01 
17.200000 1.3041720415354829e-01 
17.400000 1.2978815259134113e-01 
17.600000 1.2912209386068108e-01 
17.800000 1.2841668581832089e-01 
18.000000 1.2766945632294169e-01 
18.200000 1.2687780249211755e-01 
18.400000 1.2603899157877785e-01 
18.600000 1.2515016376251964e-01 
18.800000 1.2420833715378832e-01 
19.000000 1.2321041530363097e-01 
19.200000 1.2215319749741427e-01 
19.400000 1.2103339209079256e-01 
19.600000 1.1984763311768687e-01 
19.800000 1.1859250036671443e-01 
20.000000 1.1726454308561796e-01 
20.200000 1.1586030743513209e-01 
20.400000 1.1437636777414684e-01 
20.600000 1.1280936181635370e-01 
20.800000 1.1115602965409244e-01 
21.000000 1.0941325659363410e-01 
21.200000 1.0757811968369946e-01 
21.400000 1.0564793773818326e-01 
21.600000 1.0362032455228021e-01 
21.800000 1.0149324488363454e-01 
22.000000 9.9265072613800687e-02 
22.200000 9.6934650325147587e-02 
22.400000 9.4501349327477113e-02 
22.600000 9.1965128958969133e-02 
22.800000 8.9326593780911234e-02 
23.000000 8.6587047101603476e-02 
23.200000 8.3748539120051313e-02 
23.400000 8.0813907891889913e-02 
23.600000 7.7786811303335979e-02 
23.800000 7.4671748305888297e-02 
24.000000 7.1474067820310072e-02 
24.200000 6.8199963964422405e-02 
24.400000 6.4856456588839428e-02 
24.600000 6.1451356506639687e-02 
24.800000 5.7993215260790820e-02 
25.000000 5.4491259765392042e-02 
25.200000 5.0955312660939889e-02 
25.400000 4.7395699714443573e-02 
25.600000 4.3823146047835215e-02 
25.800000 4.0248663370347715e-02 
26.000000 3.6683430701766273e-02 
26.200000 3.3138671289060451e-02 
26.400000 2.9625528528054113e-02 
26.600000 2.6154943701622635e-02 
26.800000 2.2737538238154165e-02 
27.000000 1.9383502988140067e-02 
27.200000 1.6102496726192128e-02 
27.400000 1.2903555729791738e-02 
27.600000 9.7950158848723046e-03 
27.800000 6.7844483438141978e-03 
28.000000 3.8786093344245209e-03 
28.200000 1.0834043076654032e-03 
28.400000 -1.5961337676074772e-03 
28.600000 -4.1558524916293083e-03 
28.800000 -6.5924753180642837e-03 
29.000000 -8.9035850842104081e-03 
29.200000 -1.1087597014177053e-02 
29.400000 -1.3143722547617975e-02 
29.600000 -1.5071925422099008e-02 
29.800000 -1.6872871467567552e-02 
30.000000 -1.8547873560321615e-02 
30.200000 -2.0098833137764949e-02 
30.400000 -2.1528179598567121e-02 
30.600000 -2.2838808811245337e-02 
30.800000 -2.4034021833605146e-02 
31.000000 -2.5117464810965440e-02 
31.200000 -2.6093070878770330e-02 
31.400000 -2.6965004749708865e-02 
31.600000 -2.7737610522378442e-02 
31.800000 -2.8415363111402026e-02 
32.000000 -2.9002823571792402e-02 
32.200000 -2.9504598475274424e-02 
32.400000 -2.9925303395533343e-02 
32.600000 -3.0269530473178485e-02 
32.800000 -3.0541819959992167e-02 
33.000000 -3.0746635585336191e-02 
33.200000 -3.0888343544245411e-02 
33.400000 -3.0971194875119124e-02 
33.600000 -3.0999310974892946e-02 
33.800000 -3.0976671987550497e-02 
34.000000 -3.0907107798582856e-02 
34.200000 -3.0794291370355831e-02 
34.400000 -3.0641734160974932e-02 
34.600000 -3.0452783380742754e-02 
34.800000 -3.0230620854218682e-02 
35.000000 -2.9978263272172068e-02 
35.200000 -2.9698563634343200e-02 
35.400000 -2.9394213701521232e-02 
35.600000 -2.9067747292395585e-02 
35.800000 -2.8721544277485411e-02 
36.000000 -2.8357835137799492e-02 
36.200000 -2.7978705971048734e-02 
36.400000 -2.7586103841559295e-02 
36.600000 -2.7181842382520749e-02 
36.800000 -2.6767607570851337e-02 
37.000000 -2.6344963605013150e-02 
37.200000 -2.5915358825601420e-02 
37.400000 -2.5480131627101776e-02 
37.600000 -2.5040516316536809e-02 
37.800000 -2.4597648882008494e-02 
38.000000 -2.4152572639718817e-02 
38.200000 -2.3706243734335941e-02 
38.400000 -2.3259536471616604e-02 
38.600000 -2.2813248467373870e-02 
38.800000 -2.2368105600125199e-02 
39.000000 -2.1924766758598224e-02 
39.200000 -2.1483828378062231e-02 
39.400000 -2.1045828762086494e-02 
39.600000 -2.0611252188697415e-02 
39.800000 -2.0180532801681306e-02 
40.000000 -1.9754058289683185e-02 
40.200000 -1.9332173356831073e-02 
40.400000 -1.8915182990038026e-02 
40.600000 -1.8503355528814713e-02 
40.800000 -1.8096925544381304e-02 
41.000000 -1.7696096535216865e-02 
41.200000 -1.7301043446652842e-02 
41.400000 -1.6911915022419344e-02 
41.600000 -1.6528835996066360e-02 
41.800000 -1.6151909130464603e-02 
42.000000 -1.5781217113194801e-02 
42.200000 -1.5416824315959254e-02 
42.400000 -1.5058778425577929e-02 
42.600000 -1.4707111954303576e-02 
42.800000 -1.4361843636698846e-02 
43.000000 -1.4022979720157508e-02 
43.200000 -1.3690515155867000e-02 
43.400000 -1.3364434696791133e-02 
43.600000 -1.3044713908823974e-02 
43.800000 -1.2731320101010052e-02 
44.000000 -1.2424213180493665e-02 
44.200000 -1.2123346437459215e-02 
44.400000 -1.1828667265193826e-02 
44.600000 -1.1540117819827889e-02 
44.800000 -1.1257635624292106e-02 
45.000000 -1.0981154120739078e-02 
45.200000 -1.0710603175245748e-02 
45.400000 -1.0445909538471659e-02 
45.600000 -1.0186997265742237e-02 
45.800000 -9.9337880997559524e-03 
46.000000 -9.6862018188972887e-03 
46.200000 -9.4441565538087580e-03 
46.400000 -9.2075690749899020e-03 
46.600000 -8.9763550537001191e-03 
46.800000 -8.7504292983462406e-03 
47.000000 -8.5297059685290610e-03 
47.200000 -8.3140987684746648e-03 
47.400000 -8.1035211218016823e-03 
47.600000 -7.8978863290351808e-03 
47.800000 -7.6971077094746820e-03 
48.000000 -7.5010987288302577e-03 
48.200000 -7.3097731137347632e-03 
48.400000 -7.1230449544020247e-03 
48.600000 -6.9408287964627946e-03 
48.800000 -6.7630397229798134e-03 
49.000000 -6.5895934274561030e-03 
49.200000 -6.4204062788158489e-03 
49.400000 -6.2553953788399841e-03 
49.600000 -6.0944786130623096e-03 
49.800000 -5.9375746954627440e-03 
50.000000 -5.7846032077716186e-03 
50.200000 -5.6354846336485603e-03 
50.400000 -5.4901403884874966e-03 
50.600000 -5.3484928450354408e-03 
50.800000 -5.2104653553812497e-03 
51.000000 -5.0759822695757295e-03 
51.200000 -4.9449689512808676e-03 
51.400000 -4.8173517906365676e-03 
51.600000 -4.6930582147560879e-03 
51.800000 -4.5720166959553887e-03 
52.000000 -4.4541567579965829e-03 
52.200000 -4.3394089805847552e-03 
52.400000 -4.2277050021815310e-03 
52.600000 -4.1189775214239555e-03 
52.800000 -4.0131602971930774e-03 
53.000000 -3.9101881475273464e-03 
53.200000 -3.8099969474890139e-03 
53.400000 -3.7125236260336508e-03 
53.600000 -3.6177061620760176e-03 
53.800000 -3.5254835797277062e-03 
54.000000 -3.4357959429624219e-03 
54.200000 -3.3485843494712730e-03 
54.400000 -3.2637909241343410e-03 
54.600000 -3.1813588118920488e-03 
54.800000 -3.1012321702018758e-03 
55.000000 -3.0233561611038989e-03 
55.200000 -2.9476769428442295e-03 
55.400000 -2.8741416612630549e-03 
55.600000 -2.8026984408908995e-03 
55.800000 -2.7332963756189349e-03 
56.000000 -2.6658855194008485e-03 
56.200000 -2.6004168764848651e-03 
56.400000 -2.5368423916044130e-03 
56.600000 -2.4751149399690892e-03 
56.800000 -2.4151883170392269e-03 
57.000000 -2.3570172282742774e-03 
57.200000 -2.3005572786385375e-03 
57.400000 -2.2457649620755832e-03 
57.600000 -2.1925976508629375e-03 
57.800000 -2.1410135848828754e-03 
58.000000 -2.0909718608040501e-03 
58.200000 -2.0424324211901629e-03 
58.400000 -1.9953560435965606e-03 
58.600000 -1.9497043295855915e-03 
58.800000 -1.9054396936572932e-03 
59.000000 -1.8625253522208951e-03 
59.200000 -1.8209253125188313e-03 
59.400000 -1.7806043614767147e-03 
59.600000 -1.7415280546001360e-03 
59.800000 -1.7036627048078179e-03 
60.000000 -1.6669753713397240e-03 
60.200000 -1.6314338485478586e-03 
60.400000 -1.5970066548297440e-03 
60.600000 -1.5636630214315717e-03 
60.800000 -1.5313728813848709e-03 
61.000000 -1.5001068584295507e-03 
61.200000 -1.4698362558819983e-03 
61.400000 -1.4405330456636611e-03 
61.600000 -1.4121698572815283e-03 
61.800000 -1.3847199668494403e-03 
62.000000 -1.3581572861964125e-03 
62.200000 -1.3324563519375304e-03 
62.400000 -1.3075923147346444e-03 
62.600000 -1.2835409284564711e-03 
62.800000 -1.2602785394939392e-03 
63.000000 -1.2377820761021868e-03 
63.200000 -1.2160290378417996e-03 
63.400000 -1.1949974850487335e-03 
63.600000 -1.1746660283685345e-03 
63.800000 -1.1550138184476394e-03 
64.000000 -1.1360205355950281e-03 
64.200000 -1.1176663796279296e-03 
64.400000 -1.0999320597104775e-03 
64.600000 -1.0827987843528217e-03 
64.800000 -1.0662482514662980e-03 
65.000000 -1.0502626385349295e-03 
65.200000 -1.0348245928528677e-03 
65.400000 -1.0199172218768593e-03 
65.600000 -1.0055240837156323e-03 
65.800000 -9.9162917764960418e-04 
66.000000 -9.7821693482891964e-04 
66.200000 -9.6527220901288652e-04 
66.400000 -9.5278026750737072e-04 
66.600000 -9.4072678212678978e-04 
66.800000 -9.2909782029488436e-04 
67.000000 -9.1787983631233527e-04 
67.200000 -9.0705966265847149e-04 
67.400000 -8.9662450149871620e-04 
67.600000 -8.8656191621127450e-04 
67.800000 -8.7685982311212080e-04 
68.000000 -8.6750648330709973e-04 
68.200000 -8.5849049457502324e-04 
68.400000 -8.4980078347297872e-04 
68.600000 -8.4142659752470955e-04 
68.800000 -8.3335749753246646e-04 
69.000000 -8.2558334997042543e-04 
69.200000 -8.1809431964036117e-04 
69.400000 -8.1088086223785744e-04 
69.600000 -8.0393371726131951e-04 
69.800000 -7.9724390091460290e-04 
70.000000 -7.9080269911686180e-04 
70.200000 -7.8460166076863014e-04 
70.400000 -7.7863259100540566e-04 
70.600000 -7.7288754462827985e-04 
70.800000 -7.6735881968546110e-04 
71.000000 -7.6203895111289638e-04 
71.200000 -7.5692070456397781e-04 
71.400000 -7.5199707031221169e-04 
71.600000 -7.4726125726300857e-04 
71.800000 -7.4270668719096655e-04 
72.000000 -7.3832698890079901e-04 
72.200000 -7.3411599272942690e-04 
72.400000 -7.3006772498736272e-04 
72.600000 -7.2617640262108429e-04 
72.800000 -7.2243642792833851e-04 
73.000000 -7.1884238344980395e-04 
73.200000 -7.1538902685910205e-04 
73.400000 -7.1207128613876014e-04 
73.600000 -7.0888425468666055e-04 
73.800000 -7.0582318666481680e-04 
74.000000 -7.0288349234630398e-04 
74.200000 -7.0006073367347155e-04 
74.400000 -6.9735061983786095e-04 
74.600000 -6.9474900301264714e-04 
74.800000 -6.9225187414490019e-04 
75.000000 -6.8985535888600041e-04 
75.200000 -6.8755571359483542e-04 
75.400000 -6.8534932147246846e-04 
75.600000 -6.8323268872817755e-04 
75.800000 -6.8120244090701804e-04 
76.000000 -6.7925531925853988e-04 
76.200000 -6.7738817724700279e-04 
76.400000 -6.7559797710234348e-04 
76.600000 -6.7388178646873853e-04 
76.800000 -6.7223677517451452e-04 
77.000000 -6.7066021202986242e-04 
77.200000 -6.6914946177466100e-04 
77.400000 -6.6770198205476361e-04 
77.600000 -6.6631532046058234e-04 
77.800000 -6.6498711173985231e-04 
78.000000 -6.6371507497513943e-04 
78.200000 -6.6249701092053331e-04 
78.400000 -6.6133079934957428e-04 
78.600000 -6.6021439653093927e-04 
78.800000 -6.5914583271909494e-04 
79.000000 -6.5812320977558930e-04 
79.200000 -6.5714469879747661e-04 
79.400000 -6.5620853783423388e-04 
79.600000 -6.5531302971966882e-04 
79.800000 -6.5445653986839075e-04 
80.000000 -6.5363749422685247e-04 
80.200000 -6.5285437723265616e-04 
80.400000 -6.5210572982242476e-04 
80.600000 -6.5139014758686109e-04 
80.800000 -6.5070627884038224e-04 
81.000000 -6.5005282287056848e-04 
81.200000 -6.4942852817199970e-04 
81.400000 -6.4883219078378657e-04 
81.600000 -6.4826265260466837e-04 
81.800000 -6.4771879983100550e-04 
82.000000 -6.4719956140128071e-04 
82.200000 -6.4670390752930712e-04 
82.400000 -6.4623084820289445e-04 
82.600000 -6.4577943181717140e-04 
82.800000 -6.4534874382988355e-04 
83.000000 -6.4493790538420331e-04 
83.200000 -6.4454607210436693e-04 
83.400000 -6.4417243280127934e-04 
83.600000 -6.4381620832172637e-04 
83.800000 -6.4347665035544011e-04 
84.000000 -6.4315304034321535e-04 
84.200000 -6.4284468838943232e-04 
84.400000 -6.4255093218291287e-04 
84.600000 -6.4227113602745994e-04 
84.800000 -6.4200468982746062e-04 
85.000000 -6.4175100817962655e-04 
85.200000 -6.4150952938530487e-04 
85.400000 -6.4127971466228922e-04 
85.600000 -6.4106104718716223e-04 
85.800000 -6.4085303136560828e-04 
86.000000 -6.4065519194890508e-04 
86.200000 -6.4046707331535252e-04 
86.400000 -6.4028823870333068e-04 
86.600000 -6.4011826949999379e-04 
86.800000 -6.3995676456410355e-04 
87.000000 -6.3980333947608048e-04 
87.200000 -6.3965762601399939e-04 
87.400000 -6.3951927143272858e-04 
87.600000 -6.3938793789704296e-04 
87.800000 -6.3926330190408609e-04 
88.000000 -6.3914505369058044e-04 
88.200000 -6.3903289673807040e-04 
88.400000 -6.3892654724288789e-04 
88.600000 -6.3882573355222849e-04 
88.800000 -6.3873019577161821e-04 
89.000000 -6.3863968524380949e-04 
89.200000 -6.3855396410162496e-04 
89.400000 -6.3847280484712055e-04 
89.600000 -6.3839598992763980e-04 
89.800000 -6.3832331133809733e-04 
90.000000 -6.3825457022162468e-04 
90.200000 -6.3818957651299441e-04 
90.400000 -6.3812814858554140e-04 
90.600000 -6.3807011287207727e-04 
90.800000 -6.3801530355148128e-04 
91.000000 -6.3796356225368639e-04 
91.200000 -6.3791473770768298e-04 
91.400000 -6.3786868546957670e-04 
91.600000 -6.3782526767029030e-04 
91.800000 -6.3778435263320971e-04 
92.000000 -6.3774581475866537e-04 
92.200000 -6.3770953416442122e-04 
92.400000 -6.3767539646376187e-04 
92.600000 -6.3764329255366209e-04 
92.800000 -6.3761311838875234e-04 
93.000000 -6.3758477474271102e-04 
93.200000 -6.3755816701385748e-04 
93.400000 -6.3753320504939676e-04 
93.600000 -6.3750980290403630e-04 
93.800000 -6.3748787868937035e-04 
94.000000 -6.3746735439410007e-04 
94.200000 -6.3744815573001101e-04 
94.400000 -6.3743021193172350e-04 
94.600000 -6.3741345562312590e-04 
94.800000 -6.3739782267718814e-04 
95.000000 -6.3738325207082780e-04 
95.200000 -6.3736968570471397e-04 
95.400000 -6.3735706833939476e-04 
95.600000 -6.3734534741887588e-04 
95.800000 -6.3733447297252555e-04 
96.000000 -6.3732439748219460e-04 
96.200000 -6.3731507581722691e-04 
96.400000 -6.3730646503443872e-04 
96.600000 -6.3729852437389989e-04 
96.800000 -6.3729121510439773e-04 
97.000000 -6.3728450046231927e-04 
97.200000 -6.3727834553330143e-04 
97.400000 -6.3727271716258055e-04 
97.600000 -6.3726758392671640e-04 
97.800000 -6.3726291598140833e-04 
98.000000 -6.3725868505200289e-04 
98.200000 -6.3725486428959505e-04 
98.400000 -6.3725142829838821e-04 
98.600000 -6.3724835296338767e-04 
98.800000 -6.3724561545933089e-04 
99.000000 -6.3724319417761410e-04 
99.200000 -6.3724106865804819e-04 
99.400000 -6.3723921953083573e-04 
99.600000 -6.3723762845787485e-04 
99.800000 -6.3723627811760469e-04 
100.000000 -6.3723515211516063e-04 
100.200000 -6.3723423496619275e-04 
100.400000 -6.3723351202363970e-04 
100.600000 -6.3723296948123287e-04 
100.800000 -6.3723259428077883e-04 
101.000000 -6.3723237410617806e-04 
101.200000 -6.3723229733814862e-04 
101.400000 -6.3723235302361875e-04 
101.600000 -6.3723253084226744e-04 
101.800000 -6.3723282106416257e-04 
102.000000 -6.3723321452734127e-04 
102.200000 -6.3723370262210727e-04 
102.400000 -6.3723427722271048e-04 
102.600000 -6.3723493072921633e-04 
102.800000 -6.3723565595894677e-04 
103.000000 -6.3723644618699643e-04 
103.200000 -6.3723729511395988e-04 
103.400000 -6.3723819681741484e-04 
103.600000 -6.3723914573261126e-04 
103.800000 -6.3724013667305901e-04 
104.000000 -6.3724116477586329e-04 
104.200000 -6.3724222548717374e-04 
104.400000 -6.3724331456146283e-04 
104.600000 -6.3724442802295250e-04 
104.800000 -6.3724556217671646e-04 
105.000000 -6.3724671357093948e-04 
105.200000 -6.3724787900428653e-04 
105.400000 -6.3724905547116878e-04 
105.600000 -6.3725024021521470e-04 
105.800000 -6.3725143066709067e-04 
106.000000 -6.3725262443980329e-04 
106.200000 -6.3725381931208774e-04 
106.400000 -6.3725501325942457e-04 
106.600000 -6.3725620443330633e-04 
106.800000 -6.3725739107155926e-04 
107.000000 -6.3725857159469684e-04 
107.200000 -6.3725974455869361e-04 
107.400000 -6.3726090863244766e-04 
107.600000 -6.3726206260362322e-04 
107.800000 -6.3726320536582753e-04 
108.000000 -6.3726433593162823e-04 
108.200000 -6.3726545337780549e-04 
108.400000 -6.3726655692244311e-04 
108.600000 -6.3726764582212880e-04 
108.800000 -6.3726871943349528e-04 
109.000000 -6.3726977718969041e-04 
109.200000 -6.3727081858999668e-04 
109.400000 -6.3727184320316183e-04 
109.600000 -6.3727285064790057e-04 
109.800000 -6.3727384059479586e-04 
110.000000 -6.3727481280632242e-04 
110.200000 -6.3727576704517702e-04 
110.400000 -6.3727670315672641e-04 
110.600000 -6.3727762100312252e-04 
110.800000 -6.3727852049956513e-04 
111.000000 -6.3727940160618335e-04 
111.200000 -6.3728026428537532e-04 
111.400000 -6.3728110856340475e-04 
111.600000 -6.3728193447779025e-04 
111.800000 -6.3728274211238833e-04 
112.000000 -6.3728353154034884e-04 
112.200000 -6.3728430289916593e-04 
112.400000 -6.3728505631062415e-04 
112.600000 -6.3728579192991880e-04 
112.800000 -6.3728650994225589e-04 
113.000000 -6.3728721052076776e-04 
113.200000 -6.3728789386339330e-04 
113.400000 -6.3728856020168340e-04 
113.600000 -6.3728920975071601e-04 
113.800000 -6.3728984274374900e-04 
114.000000 -6.3729045942877149e-04 
114.200000 -6.3729106004912356e-04 
114.400000 -6.3729164487390938e-04 
114.600000 -6.3729221416001375e-04 
114.800000 -6.3729276817568736e-04 
115.000000 -6.3729330719565491e-04 
115.200000 -6.3729383149148389e-04 
115.400000 -6.3729434135677970e-04 
115.600000 -6.3729483705876611e-04 
115.800000 -6.3729531887636581e-04 
116.000000 -6.3729578710439855e-04 
116.200000 -6.3729624201727675e-04 
116.400000 -6.3729668390051508e-04 
116.600000 -6.3729711303471548e-04 
116.800000 -6.3729752970261011e-04 
117.000000 -6.3729793418780545e-04 
117.200000 -6.3729832675812198e-04 
117.400000 -6.3729870770493774e-04 
117.600000 -6.3729907728906493e-04 
117.800000 -6.3729943578342413e-04 
118.000000 -6.3729978346846461e-04 
118.200000 -6.3730012058777624e-04 
118.400000 -6.3730044741534125e-04 
118.600000 -6.3730076421271431e-04 
118.800000 -6.3730107123412261e-04 
119.000000 -6.3730136871992943e-04 
119.200000 -6.3730165692963553e-04 
119.400000 -6.3730193609067010e-04 
119.600000 -6.3730220646480290e-04 
119.800000 -6.3730246827615328e-04 
120.000000 -6.3730272174912506e-04 
120.200000 -6.3730296712650319e-04 
120.400000 -6.3730320460773232e-04 
120.600000 -6.3730343442615356e-04 
120.800000 -6.3730365679360440e-04 
121.000000 -6.3730387192322685e-04 
121.200000 -6.3730408001394512e-04 
121.400000 -6.3730428127633382e-04 
121.600000 -6.3730447589199768e-04 
121.800000 -6.3730466406501651e-04 
122.000000 -6.3730484597293580e-04 
122.200000 -6.3730502181369442e-04 
122.400000 -6.3730519174648448e-04 
122.600000 -6.3730535596391580e-04 
122.800000 -6.3730551462972546e-04 
123.000000 -6.3730566792194465e-04 
123.200000 -6.3730581598729630e-04 
123.400000 -6.3730595899241099e-04 
123.600000 -6.3730609708951419e-04 
123.800000 -6.3730623043369017e-04 
124.000000 -6.3730635917241818e-04 
124.200000 -6.3730648343894580e-04 
124.400000 -6.3730660339075818e-04 
124.600000 -6.3730671914178499e-04 
124.800000 -6.3730683084154555e-04 
125.000000 -6.3730693861944326e-04 
125.200000 -6.3730704258294774e-04 
125.400000 -6.3730714287570100e-04 
125.600000 -6.3730723959899704e-04 
125.800000 -6.3730733287527264e-04 
126.000000 -6.3730742281647296e-04 
126.200000 -6.3730750952998433e-04 
126.400000 -6.3730759311853707e-04 
126.600000 -6.3730767370106384e-04 
126.800000 -6.3730775135492634e-04 
127.000000 -6.3730782619082077e-04 
127.200000 -6.3730789829513634e-04 
127.400000 -6.3730796776306081e-04 
127.600000 -6.3730803468877578e-04 
127.800000 -6.3730809914300246e-04 
128.000000 -6.3730816122255923e-04 
128.200000 -6.3730822101444595e-04 
128.400000 -6.3730827858003020e-04 
128.600000 -6.3730833399040787e-04 
128.800000 -6.3730838734299411e-04 
129.000000 -6.3730843869283516e-04 
129.200000 -6.3730848811291430e-04 
129.400000 -6.3730853567391110e-04 
129.600000 -6.3730858143484087e-04 
129.800000 -6.3730862545782752e-04 
130.000000 -6.3730866781244733e-04 
130.200000 -6.3730870855215060e-04 
130.400000 -6.3730874772927742e-04 
130.600000 -6.3730878540173980e-04 
130.800000 -6.3730882163658825e-04 
131.000000 -6.3730885646198082e-04 
131.200000 -6.3730888994738277e-04 
131.400000 -6.3730892213303275e-04 
131.600000 -6.3730895306679525e-04 
131.800000 -6.3730898278900605e-04 
132.000000 -6.3730901135397588e-04 
132.200000 -6.3730903878807255e-04 
132.400000 -6.3730906515853392e-04 
132.600000 -6.3730909047905043e-04 
132.800000 -6.3730911479085300e-04 
133.000000 -6.3730913814499107e-04 
133.200000 -6.3730916058009346e-04 
133.400000 -6.3730918210515991e-04 
133.600000 -6.3730920277234315e-04 
133.800000 -6.3730922261440170e-04 
134.000000 -6.3730924165409514e-04 
134.200000 -6.3730925992402238e-04 
134.400000 -6.3730927745294513e-04 
134.600000 -6.3730929427671668e-04 
134.800000 -6.3730931040473920e-04 
135.000000 -6.3730932588821482e-04 
135.200000 -6.3730934073134848e-04 
135.400000 -6.3730935496199292e-04 
135.600000 -6.3730936860946497e-04 
135.800000 -6.3730938169440088e-04 
136.000000 -6.3730939423690958e-04 
136.200000 -6.3730940626119392e-04 
136.400000 -6.3730941778047945e-04 
136.600000 -6.3730942882311847e-04 
136.800000 -6.3730943940613211e-04 
137.000000 -6.3730944953667434e-04 
137.200000 -6.3730945923880927e-04 
137.400000 -6.3730946853068904e-04 
137.600000 -6.3730947743633609e-04 
137.800000 -6.3730948596273790e-04 
138.000000 -6.3730949411915094e-04 
138.200000 -6.3730950193191527e-04 
138.400000 -6.3730950941388170e-04 
138.600000 -6.3730951656926216e-04 
138.800000 -6.3730952341306546e-04 
139.000000 -6.3730952996244455e-04 
139.200000 -6.3730953622729430e-04 
139.400000 -6.3730954222447622e-04 
139.600000 -6.3730954795535033e-04 
139.800000 -6.3730955343481444e-04 
140.000000 -6.3730955866703881e-04 
140.200000 -6.3730956367966801e-04 
140.400000 -6.3730956846420883e-04 
140.600000 -6.3730957303705094e-04 
140.800000 -6.3730957739979721e-04 
141.000000 -6.3730958158896012e-04 
141.200000 -6.3730958557219053e-04 
141.400000 -6.3730958938437721e-04 
141.600000 -6.3730959302066986e-04 
141.800000 -6.3730959649281604e-04 
142.000000 -6.3730959980204394e-04 
142.200000 -6.3730960296357747e-04 
142.400000 -6.3730960598574332e-04 
142.600000 -6.3730960886077687e-04 
142.800000 -6.3730961160544941e-04 
143.000000 -6.3730961421765153e-04 
143.200000 -6.3730961670984548e-04 
143.400000 -6.3730961909910094e-04 
143.600000 -6.3730962136391428e-04 
143.800000 -6.3730962351624121e-04 
144.000000 -6.3730962558136706e-04 
144.200000 -6.3730962753493631e-04 
144.400000 -6.3730962940009017e-04 
144.600000 -6.3730963117097222e-04 
144.800000 -6.3730963285862224e-04 
145.000000 -6.3730963445882138e-04 
145.200000 -6.3730963598312290e-04 
145.400000 -6.3730963742384544e-04 
145.600000 -6.3730963879926605e-04 
145.800000 -6.3730964009738045e-04 
146.000000 -6.3730964133949797e-04 
146.200000 -6.3730964251942218e-04 
146.400000 -6.3730964364341197e-04 
146.600000 -6.3730964470996854e-04 
146.800000 -6.3730964571531712e-04 
147.000000 -6.3730964666819379e-04 
147.200000 -6.3730964754905167e-04 
147.400000 -6.3730964836631460e-04 
147.600000 -6.3730964913274318e-04 
147.800000 -6.3730964983754052e-04 
148.000000 -6.3730965050610294e-04 
148.200000 -6.3730965117443639e-04 
148.400000 -6.3730965189599115e-04 
148.600000 -6.3730965256276334e-04 
148.800000 -6.3730965311607074e-04 
149.000000 -6.3730965358710367e-04 
149.200000 -6.3730965400727452e-04 
149.400000 -6.3730965436210874e-04 
149.600000 -6.3730965467570511e-04 
149.800000 -6.3730965494283864e-04 
