0.000000 1.4208923214932390e-01 
0.200000 1.4205086716729798e-01 
0.400000 1.4201995369000042e-01 
0.600000 1.4199589232890741e-01 
0.800000 1.4197810955085199e-01 
1.000000 1.4196602757310528e-01 
1.200000 1.4195903903478657e-01 
1.400000 1.4195648412452500e-01 
1.600000 1.4195762874350137e-01 
1.800000 1.4196094110968605e-01 
2.000000 1.4196481940634909e-01 
2.200000 1.4196501934570294e-01 
2.400000 1.4196109305837645e-01 
2.600000 1.4195314679309035e-01 
2.800000 1.4194174333802134e-01 
3.000000 1.4192755280294611e-01 
3.200000 1.4191142074597529e-01 
3.400000 1.4189405442651670e-01 
3.600000 1.4186830210230617e-01 
3.800000 1.4184256265556949e-01 
4.000000 1.4181758004517242e-01 
4.200000 1.4179363311323800e-01 
4.400000 1.4177057267150839e-01 
4.600000 1.4174797734163558e-01 
4.800000 1.4172529263669276e-01 
5.000000 1.4170186031988752e-01 
5.200000 1.4167701360370111e-01 
5.400000 1.4165009356075897e-01 
5.600000 1.4162071281898936e-01 
5.800000 1.4158872244288967e-01 
6.000000 1.4155408742804843e-01 
6.200000 1.4151686224448257e-01 
6.400000 1.4147714171118786e-01 
6.600000 1.4143503645603095e-01 
6.800000 1.4139064336476770e-01 
7.000000 1.4134403742236490e-01 
7.200000 1.4129518611670733e-01 
7.400000 1.4124397890727503e-01 
7.600000 1.4119027442758769e-01 
7.800000 1.4113391153706578e-01 
8.000000 1.4107472230157370e-01 
8.200000 1.4101254153672271e-01 
8.400000 1.4094721351530826e-01 
8.600000 1.4087859510708456e-01 
8.800000 1.4080655870328884e-01 
9.000000 1.4073098691484798e-01 
9.200000 1.4065176370728760e-01 
9.400000 1.4056876731966939e-01 
9.600000 1.4048186554311981e-01 
9.800000 1.4039090925619879e-01 
10.000000 1.4029572429724946e-01 
10.200000 1.4019612191113273e-01 
10.400000 1.4009190097779145e-01 
10.600000 1.3998285135482580e-01 
10.800000 1.3986874553794959e-01 
11.000000 1.3974933780300536e-01 
11.200000 1.3962436530881728e-01 
11.400000 1.3949354830282468e-01 
11.600000 1.3935658945720442e-01 
11.800000 1.3921317250786935e-01 
12.000000 1.3906296064009083e-01 
12.200000 1.3890559459073093e-01 
12.400000 1.3874069048170146e-01 
12.600000 1.3856783737347600e-01 
12.800000 1.3838659473772641e-01 
13.000000 1.3819649002205769e-01 
13.200000 1.3799701635271533e-01 
13.400000 1.3778763030616470e-01 
13.600000 1.3756774955237727e-01 
13.800000 1.3733675042408544e-01 
14.000000 1.3709396553112119e-01 
14.200000 1.3683868117354758e-01 
14.400000 1.3657013456806877e-01 
14.600000 1.3628751081567736e-01 
14.800000 1.3598993957569516e-01 
15.000000 1.3567649145417715e-01 
15.200000 1.3534617412655570e-01 
15.400000 1.3499792819384282e-01 
15.600000 1.3463062277044324e-01 
15.800000 1.3424305082349530e-01 
16.000000 1.3383392428372054e-01 
16.200000 1.3340186896450179e-01 
16.400000 1.3294541931966219e-01 
16.600000 1.3246301309031872e-01 
16.800000 1.3195298590659732e-01 
17.000000 1.3141356593321241e-01 
17.200000 1.3084286867382522e-01 
17.400000 1.3023889207151129e-01 
17.600000 1.2959951207681497e-01 
17.800000 1.2892247888110864e-01 
18.000000 1.2820541404131558e-01 
18.200000 1.2744580874759670e-01 
18.400000 1.2664102350538287e-01 
18.600000 1.2578828952039589e-01 
18.800000 1.2488471208295071e-01 
19.000000 1.2392727624843591e-01 
19.200000 1.2291285510336114e-01 
19.400000 1.2183822089095853e-01 
19.600000 1.2070005924766813e-01 
19.800000 1.1949498677084880e-01 
20.000000 1.1821957210365397e-01 
20.200000 1.1687036068653833e-01 
20.400000 1.1544390328602083e-01 
20.600000 1.1393678837062504e-01 
20.800000 1.1234567836225440e-01 
21.000000 1.1066734974535131e-01 
21.200000 1.0889873696167229e-01 
21.400000 1.0703697995157713e-01 
21.600000 1.0507947511664284e-01 
21.800000 1.0302392936936311e-01 
22.000000 1.0086841680023617e-01 
22.200000 9.8611437329041651e-02 
22.400000 9.6251976520180360e-02 
22.600000 9.3789565537596875e-02 
22.800000 9.1224340004708360e-02 
23.000000 8.8557096333881757e-02 
23.200000 8.5789343915195215e-02 
23.400000 8.2923351423616953e-02 
23.600000 7.9962185434234390e-02 
23.800000 7.6909739541517141e-02 
24.000000 7.3770752269808115e-02 
24.200000 7.0550812243941996e-02 
24.400000 6.7256349359309353e-02 
24.600000 6.3894611041934501e-02 
24.800000 6.0473623109009389e-02 
25.000000 5.7002135209732407e-02 
25.200000 5.3489551324836682e-02 
25.400000 4.9945846305749719e-02 
25.600000 4.6381469916994988e-02 
25.800000 4.2807240283132098e-02 
26.000000 3.9234229012879318e-02 
26.200000 3.5673640558719355e-02 
26.400000 3.2136688556484327e-02 
26.600000 2.8634471968127739e-02 
26.800000 2.5177853819640661e-02 
27.000000 2.1777345189415653e-02 
27.200000 1.8442996871120609e-02 
27.400000 1.5184300823960273e-02 
27.600000 1.2010103152299334e-02 
27.800000 8.9285299463927048e-03 
28.000000 5.9469268888935334e-03 
28.200000 3.0718131073610433e-03 
28.400000 3.0884934971608935e-04 
28.600000 -2.3371798091286200e-03 
28.800000 -4.8623703444780064e-03 
29.000000 -7.2636906300335147e-03 
29.200000 -9.5389618616150695e-03 
29.400000 -1.1686828324461662e-02 
29.600000 -1.3706718882999236e-02 
29.800000 -1.5598801134458551e-02 
30.000000 -1.7363929685616286e-02 
30.200000 -1.9003589990788772e-02 
30.400000 -2.0519839133570583e-02 
30.600000 -2.1915244850690851e-02 
30.800000 -2.3192823988745337e-02 
31.000000 -2.4355981459572629e-02 
31.200000 -2.5408450622525280e-02 
31.400000 -2.6354235878391474e-02 
31.600000 -2.7197558114252174e-02 
31.800000 -2.7942803496775359e-02 
32.000000 -2.8594475976941980e-02 
32.200000 -2.9157153745010045e-02 
32.400000 -2.9635449763606214e-02 
32.600000 -3.0033976409965413e-02 
32.800000 -3.0357314176504890e-02 
33.000000 -3.0609984311731342e-02 
33.200000 -3.0796425230907865e-02 
33.400000 -3.0920972485798837e-02 
33.600000 -3.0987842054664649e-02 
33.800000 -3.1001116696123598e-02 
34.000000 -3.0964735101112306e-02 
34.200000 -3.0882483575548125e-02 
34.400000 -3.0757989990339629e-02 
34.600000 -3.0594719744232557e-02 
34.800000 -3.0395973497293949e-02 
35.000000 -3.0164886447441863e-02 
35.200000 -2.9904428938925864e-02 
35.400000 -2.9617408208608753e-02 
35.600000 -2.9306471093454411e-02 
35.800000 -2.8974107539330385e-02 
36.000000 -2.8622654768036604e-02 
36.200000 -2.8254301974547813e-02 
36.400000 -2.7871095441017346e-02 
36.600000 -2.7474943967543575e-02 
36.800000 -2.7067624531610268e-02 
37.000000 -2.6650788099381650e-02 
37.200000 -2.6225965522122419e-02 
37.400000 -2.5794573459850478e-02 
37.600000 -2.5357920282976842e-02 
37.800000 -2.4917211909641246e-02 
38.000000 -2.4473557543411906e-02 
38.200000 -2.4027975281895098e-02 
38.400000 -2.3581397572115581e-02 
38.600000 -2.3134676493247852e-02 
38.800000 -2.2688588851721592e-02 
39.000000 -2.2243841077106252e-02 
39.200000 -2.1801073910893476e-02 
39.400000 -2.1360866882770946e-02 
39.600000 -2.0923742571858917e-02 
39.800000 -2.0490170652298190e-02 
40.000000 -2.0060571724588361e-02 
40.200000 -1.9635320935547262e-02 
40.400000 -1.9214751391185725e-02 
40.600000 -1.8799157367740071e-02 
40.800000 -1.8388797327098361e-02 
41.000000 -1.7983896743471006e-02 
41.200000 -1.7584650748478037e-02 
41.400000 -1.7191226602668364e-02 
41.600000 -1.6803766001027454e-02 
41.800000 -1.6422387220778822e-02 
42.000000 -1.6047187119419382e-02 
42.200000 -1.5678242990869951e-02 
42.400000 -1.5315614287967849e-02 
42.600000 -1.4959344218553744e-02 
42.800000 -1.4609461223045295e-02 
43.000000 -1.4265980340588902e-02 
43.200000 -1.3928904470719261e-02 
43.400000 -1.3598225537486019e-02 
43.600000 -1.3273925562209771e-02 
43.800000 -1.2955977651190553e-02 
44.000000 -1.2644346904068349e-02 
44.200000 -1.2338991248487030e-02 
44.400000 -1.2039862206173479e-02 
44.600000 -1.1746905595417995e-02 
44.800000 -1.1460062174628638e-02 
45.000000 -1.1179268231296224e-02 
45.200000 -1.0904456120480466e-02 
45.400000 -1.0635554756711352e-02 
45.600000 -1.0372490062758172e-02 
45.800000 -1.0115185378897495e-02 
46.000000 -9.8635618354987464e-03 
46.200000 -9.6175386920664685e-03 
46.400000 -9.3770336454019609e-03 
46.600000 -9.1419631093314913e-03 
46.800000 -8.9122424684936752e-03 
47.000000 -8.6877863080989104e-03 
47.200000 -8.4685086220005756e-03 
47.400000 -8.2543230006536239e-03 
47.600000 -8.0451428007746184e-03 
47.800000 -7.8408812983110920e-03 
48.000000 -7.6414518260880249e-03 
48.200000 -7.4467678976099516e-03 
48.400000 -7.2567433180614760e-03 
48.600000 -7.0712922838076786e-03 
48.800000 -6.8903294713240915e-03 
49.000000 -6.7137701165395913e-03 
49.200000 -6.5415300855181657e-03 
49.400000 -6.3735259371477115e-03 
49.600000 -6.2096749787073635e-03 
49.800000 -6.0498953149269452e-03 
50.000000 -5.8941058910325778e-03 
50.200000 -5.7422265305885067e-03 
50.400000 -5.5941779683359033e-03 
50.600000 -5.4498818788428355e-03 
50.800000 -5.3092609009397773e-03 
51.000000 -5.1722386587796099e-03 
51.200000 -5.0387397795639555e-03 
51.400000 -4.9086899083521929e-03 
51.600000 -4.7820157202390495e-03 
51.800000 -4.6586449301723593e-03 
52.000000 -4.5385063005675824e-03 
52.200000 -4.4215296470968141e-03 
52.400000 -4.3076458425906072e-03 
52.600000 -4.1967868195037922e-03 
52.800000 -4.0888855708802602e-03 
53.000000 -3.9838761501296283e-03 
53.200000 -3.8816936695547505e-03 
53.400000 -3.7822742979625179e-03 
53.600000 -3.6855552572673533e-03 
53.800000 -3.5914748183141221e-03 
54.000000 -3.4999722959410257e-03 
54.200000 -3.4109880433373374e-03 
54.400000 -3.3244634458734906e-03 
54.600000 -3.2403409143328121e-03 
54.800000 -3.1585638776148867e-03 
55.000000 -3.0790767751258247e-03 
55.200000 -3.0018250486767567e-03 
55.400000 -2.9267551340494413e-03 
55.600000 -2.8538144522464448e-03 
55.800000 -2.7829514004804184e-03 
56.000000 -2.7141153428711651e-03 
56.200000 -2.6472566009546755e-03 
56.400000 -2.5823264439086280e-03 
56.600000 -2.5192770786954949e-03 
56.800000 -2.4580616399515198e-03 
57.000000 -2.3986341797914146e-03 
57.200000 -2.3409496574359895e-03 
57.400000 -2.2849639287254586e-03 
57.600000 -2.2306337355336991e-03 
57.800000 -2.1779166951327034e-03 
58.000000 -2.1267712893959789e-03 
58.200000 -2.0771568539659918e-03 
58.400000 -2.0290335673665699e-03 
58.600000 -1.9823624400447243e-03 
58.800000 -1.9371053033834101e-03 
59.000000 -1.8932247986424289e-03 
59.200000 -1.8506843659021055e-03 
59.400000 -1.8094482329312489e-03 
59.600000 -1.7694814041281509e-03 
59.800000 -1.7307496493162156e-03 
60.000000 -1.6932194926626287e-03 
60.200000 -1.6568582014946515e-03 
60.400000 -1.6216337751458754e-03 
60.600000 -1.5875149338747119e-03 
60.800000 -1.5544711076916629e-03 
61.000000 -1.5224724252745903e-03 
61.200000 -1.4914897028683455e-03 
61.400000 -1.4614944332703439e-03 
61.600000 -1.4324587747240880e-03 
61.800000 -1.4043555400127250e-03 
62.000000 -1.3771581854572362e-03 
62.200000 -1.3508408000198341e-03 
62.400000 -1.3253780944282034e-03 
62.600000 -1.3007453904100436e-03 
62.800000 -1.2769186098890092e-03 
63.000000 -1.2538742643096665e-03 
63.200000 -1.2315894440220673e-03 
63.400000 -1.2100418076898614e-03 
63.600000 -1.1892095718196716e-03 
63.800000 -1.1690715003311106e-03 
64.000000 -1.1496068942133397e-03 
64.200000 -1.1307955812632983e-03 
64.400000 -1.1126179059083030e-03 
64.600000 -1.0950547191204002e-03 
64.800000 -1.0780873684002532e-03 
65.000000 -1.0616976878754167e-03 
65.200000 -1.0458679884896016e-03 
65.400000 -1.0305810482490393e-03 
65.600000 -1.0158201026866931e-03 
65.800000 -1.0015688352661700e-03 
66.000000 -9.8781136799230146e-04 
66.200000 -9.7453225215865524e-04 
66.400000 -9.6171645906842351e-04 
66.600000 -9.4934937102242323e-04 
66.800000 -9.3741677231546500e-04 
67.000000 -9.2590484038937437e-04 
67.200000 -9.1480013708104824e-04 
67.400000 -9.0408960001143318e-04 
67.600000 -8.9376053408592865e-04 
67.800000 -8.8380060307610697e-04 
68.000000 -8.7419782139229463e-04 
68.200000 -8.6494054591471081e-04 
68.400000 -8.5601746797276529e-04 
68.600000 -8.4741760546302308e-04 
68.800000 -8.3913029504754932e-04 
69.000000 -8.3114518452678809e-04 
69.200000 -8.2345222528815848e-04 
69.400000 -8.1604166491539704e-04 
69.600000 -8.0890403992193299e-04 
69.800000 -8.0203016854058645e-04 
70.000000 -7.9541114377978950e-04 
70.200000 -7.8903832643534982e-04 
70.400000 -7.8290333835626114e-04 
70.600000 -7.7699805576648268e-04 
70.800000 -7.7131460274054708e-04 
71.000000 -7.6584534477433519e-04 
71.200000 -7.6058288252636025e-04 
71.400000 -7.5552004559791691e-04 
71.600000 -7.5064988654890974e-04 
71.800000 -7.4596567489926963e-04 
72.000000 -7.4146089140275651e-04 
72.200000 -7.3712922227720662e-04 
72.400000 -7.3296455366144569e-04 
72.600000 -7.2896096618604161e-04 
72.800000 -7.2511272959650125e-04 
73.000000 -7.2141429752921316e-04 
73.200000 -7.1786030243067150e-04 
73.400000 -7.1444555048270214e-04 
73.600000 -7.1116501680976163e-04 
73.800000 -7.0801384059920175e-04 
74.000000 -7.0498732049587010e-04 
74.200000 -7.0208090999084732e-04 
74.400000 -6.9929021296635807e-04 
74.600000 -6.9661097937330496e-04 
74.800000 -6.9403910090902465e-04 
75.000000 -6.9157060690183680e-04 
75.200000 -6.8920166025943780e-04 
75.400000 -6.8692855347265991e-04 
75.600000 -6.8474770479443059e-04 
75.800000 -6.8265565444079745e-04 
76.000000 -6.8064906092140526e-04 
76.200000 -6.7872469747244646e-04 
76.400000 -6.7687944853866283e-04 
76.600000 -6.7511030638429947e-04 
76.800000 -6.7341436776721664e-04 
77.000000 -6.7178883074108658e-04 
77.200000 -6.7023099143964648e-04 
77.400000 -6.6873824106662705e-04 
77.600000 -6.6730806289065636e-04 
77.800000 -6.6593802936654872e-04 
78.000000 -6.6462579923714377e-04 
78.200000 -6.6336911488310002e-04 
78.400000 -6.6216579955791222e-04 
78.600000 -6.6101375483691716e-04 
78.800000 -6.5991095806275379e-04 
79.000000 -6.5885545990183175e-04 
79.200000 -6.5784538193293385e-04 
79.400000 -6.5687891431853024e-04 
79.600000 -6.5595431358819734e-04 
79.800000 -6.5506990039176927e-04 
80.000000 -6.5422405738430750e-04 
80.200000 -6.5341522718240924e-04 
80.400000 -6.5264191032223667e-04 
80.600000 -6.5190266330304725e-04 
80.800000 -6.5119609673999074e-04 
81.000000 -6.5052087346497561e-04 
81.200000 -6.4987570678304990e-04 
81.400000 -6.4925935873325763e-04 
81.600000 -6.4867063841022449e-04 
81.800000 -6.4810840033735495e-04 
82.000000 -6.4757154288489632e-04 
82.200000 -6.4705900674782296e-04 
82.400000 -6.4656977345475819e-04 
82.600000 -6.4610286394239241e-04 
82.800000 -6.4565733716660106e-04 
83.000000 -6.4523228874554389e-04 
83.200000 -6.4482684962743897e-04 
83.400000 -6.4444018489995952e-04 
83.600000 -6.4407149250125806e-04 
83.800000 -6.4372000206008861e-04 
84.000000 -6.4338497371337067e-04 
84.200000 -6.4306569708682398e-04 
84.400000 -6.4276149012595235e-04 
84.600000 -6.4247169811387089e-04 
84.800000 -6.4219569263242182e-04 
85.000000 -6.4193287061371784e-04 
85.200000 -6.4168265339818037e-04 
85.400000 -6.4144448582668934e-04 
85.600000 -6.4121783535752569e-04 
85.800000 -6.4100219120515056e-04 
86.000000 -6.4079706357284688e-04 
86.200000 -6.4060198279348307e-04 
86.400000 -6.4041649862708883e-04 
86.600000 -6.4024017947016121e-04 
86.800000 -6.4007261167164931e-04 
87.000000 -6.3991339885705045e-04 
87.200000 -6.3976216122598600e-04 
87.400000 -6.3961853494336890e-04 
87.600000 -6.3948217151936493e-04 
87.800000 -6.3935273718704333e-04 
88.000000 -6.3922991235258048e-04 
88.200000 -6.3911339103184944e-04 
88.400000 -6.3900288032379959e-04 
88.600000 -6.3889809985911983e-04 
88.800000 -6.3879878136083312e-04 
89.000000 -6.3870466812024351e-04 
89.200000 -6.3861551454569288e-04 
89.400000 -6.3853108571446798e-04 
89.600000 -6.3845115696915117e-04 
89.800000 -6.3837551346238725e-04 
90.000000 -6.3830394979680349e-04 
90.200000 -6.3823626962006275e-04 
90.400000 -6.3817228525212683e-04 
90.600000 -6.3811181736199429e-04 
90.800000 -6.3805469459992520e-04 
91.000000 -6.3800075325923244e-04 
91.200000 -6.3794983698182983e-04 
91.400000 -6.3790179644317158e-04 
91.600000 -6.3785648906573150e-04 
91.800000 -6.3781377873929623e-04 
92.000000 -6.3777353551457833e-04 
92.200000 -6.3773563541956457e-04 
92.400000 -6.3769996012508906e-04 
92.600000 -6.3766639676631626e-04 
92.800000 -6.3763483766241663e-04 
93.000000 -6.3760518014516904e-04 
93.200000 -6.3757732630376207e-04 
93.400000 -6.3755118280263423e-04 
93.600000 -6.3752666066622943e-04 
93.800000 -6.3750367512466904e-04 
94.000000 -6.3748214538533049e-04 
94.200000 -6.3746199448811575e-04 
94.400000 -6.3744314915128303e-04 
94.600000 -6.3742553956124687e-04 
94.800000 -6.3740909928956813e-04 
95.000000 -6.3739376507192941e-04 
95.200000 -6.3737947671645145e-04 
95.400000 -6.3736617694475084e-04 
95.600000 -6.3735381128113278e-04 
95.800000 -6.3734232789396800e-04 
96.000000 -6.3733167752519360e-04 
96.200000 -6.3732181332649962e-04 
96.400000 -6.3731269076587604e-04 
96.600000 -6.3730426754941144e-04 
96.800000 -6.3729650349229894e-04 
97.000000 -6.3728936041907575e-04 
97.200000 -6.3728280207804577e-04 
97.400000 -6.3727679406194726e-04 
97.600000 -6.3727130372505381e-04 
97.800000 -6.3726630006736423e-04 
98.000000 -6.3726175369683419e-04 
98.200000 -6.3725763674876701e-04 
98.400000 -6.3725392279490728e-04 
98.600000 -6.3725058678301000e-04 
98.800000 -6.3724760498187066e-04 
99.000000 -6.3724495490452560e-04 
99.200000 -6.3724261528003145e-04 
99.400000 -6.3724056592884271e-04 
99.600000 -6.3723878780839321e-04 
99.800000 -6.3723726283951981e-04 
100.000000 -6.3723597398294279e-04 
100.200000 -6.3723490509637326e-04 
100.400000 -6.3723404094004343e-04 
100.600000 -6.3723336710456990e-04 
100.800000 -6.3723286997327544e-04 
101.000000 -6.3723253672258451e-04 
101.200000 -6.3723235522848004e-04 
101.400000 -6.3723231407245007e-04 
101.600000 -6.3723240245208007e-04 
101.800000 -6.3723261023465594e-04 
102.000000 -6.3723292785401037e-04 
102.200000 -6.3723334629257194e-04 
102.400000 -6.3723385708750607e-04 
102.600000 -6.3723445226494813e-04 
102.800000 -6.3723512432767304e-04 
103.000000 -6.3723586623664480e-04 
103.200000 -6.3723667139321122e-04 
103.400000 -6.3723753358325280e-04 
103.600000 -6.3723844700270399e-04 
103.800000 -6.3723940619189040e-04 
104.000000 -6.3724040604517390e-04 
104.200000 -6.3724144180551251e-04 
104.400000 -6.3724250899601514e-04 
104.600000 -6.3724360344192404e-04 
104.800000 -6.3724472125953335e-04 
105.000000 -6.3724585881307777e-04 
105.200000 -6.3724701272831197e-04 
105.400000 -6.3724817984978782e-04 
105.600000 -6.3724935725468362e-04 
105.800000 -6.3725054223366662e-04 
106.000000 -6.3725173226339415e-04 
106.200000 -6.3725292501237707e-04 
106.400000 -6.3725411832526307e-04 
106.600000 -6.3725531020689119e-04 
106.800000 -6.3725649883418500e-04 
107.000000 -6.3725768250397913e-04 
107.200000 -6.3725885968897444e-04 
107.400000 -6.3726002894307771e-04 
107.600000 -6.3726118899321699e-04 
107.800000 -6.3726233865456228e-04 
108.000000 -6.3726347685078705e-04 
108.200000 -6.3726460260818407e-04 
108.400000 -6.3726571505780955e-04 
108.600000 -6.3726681341425701e-04 
108.800000 -6.3726789696931518e-04 
109.000000 -6.3726896509228026e-04 
109.200000 -6.3727001724842719e-04 
109.400000 -6.3727105294571207e-04 
109.600000 -6.3727207176206974e-04 
109.800000 -6.3727307334379008e-04 
110.000000 -6.3727405739252840e-04 
110.200000 -6.3727502365456407e-04 
110.400000 -6.3727597191923224e-04 
110.600000 -6.3727690203446707e-04 
110.800000 -6.3727781389159160e-04 
111.000000 -6.3727870740761666e-04 
111.200000 -6.3727958253003564e-04 
111.400000 -6.3728043927022832e-04 
111.600000 -6.3728127763572340e-04 
111.800000 -6.3728209767993649e-04 
112.000000 -6.3728289947794642e-04 
112.200000 -6.3728368313726441e-04 
112.400000 -6.3728444877815538e-04 
112.600000 -6.3728519652742066e-04 
112.800000 -6.3728592655432764e-04 
113.000000 -6.3728663905183308e-04 
113.200000 -6.3728733418211281e-04 
113.400000 -6.3728801217149272e-04 
113.600000 -6.3728867322569022e-04 
113.800000 -6.3728931757207202e-04 
114.000000 -6.3728994544518663e-04 
114.200000 -6.3729055710263355e-04 
114.400000 -6.3729115279524684e-04 
114.600000 -6.3729173276565881e-04 
114.800000 -6.3729229729821146e-04 
115.000000 -6.3729284665384883e-04 
115.200000 -6.3729338110133510e-04 
115.400000 -6.3729390093431038e-04 
115.600000 -6.3729440640902107e-04 
115.800000 -6.3729489781545745e-04 
116.000000 -6.3729537544619796e-04 
116.200000 -6.3729583956489977e-04 
116.400000 -6.3729629047066388e-04 
116.600000 -6.3729672844019952e-04 
116.800000 -6.3729715374850199e-04 
117.000000 -6.3729756668649828e-04 
117.200000 -6.3729796753918266e-04 
117.400000 -6.3729835656164274e-04 
117.600000 -6.3729873404834436e-04 
117.800000 -6.3729910025713682e-04 
118.000000 -6.3729945546123906e-04 
118.200000 -6.3729979994857355e-04 
118.400000 -6.3730013394651397e-04 
118.600000 -6.3730045774684080e-04 
118.800000 -6.3730077158954263e-04 
119.000000 -6.3730107573845007e-04 
119.200000 -6.3730137043595952e-04 
119.400000 -6.3730165593139931e-04 
119.600000 -6.3730193246339106e-04 
119.800000 -6.3730220027079232e-04 
120.000000 -6.3730245958943527e-04 
120.200000 -6.3730271065243205e-04 
120.400000 -6.3730295367228629e-04 
120.600000 -6.3730318888440690e-04 
120.800000 -6.3730341649558681e-04 
121.000000 -6.3730363672759305e-04 
121.200000 -6.3730384978268745e-04 
121.400000 -6.3730405585823990e-04 
121.600000 -6.3730425516886346e-04 
121.800000 -6.3730444789848045e-04 
122.000000 -6.3730463422750905e-04 
122.200000 -6.3730481436902880e-04 
122.400000 -6.3730498848472983e-04 
122.600000 -6.3730515676660437e-04 
122.800000 -6.3730531937418455e-04 
123.000000 -6.3730547648408603e-04 
123.200000 -6.3730562826314063e-04 
123.400000 -6.3730577487540463e-04 
123.600000 -6.3730591647963991e-04 
123.800000 -6.3730605321594969e-04 
124.000000 -6.3730618524213134e-04 
124.200000 -6.3730631270515065e-04 
124.400000 -6.3730643574787249e-04 
124.600000 -6.3730655450913720e-04 
124.800000 -6.3730666911364364e-04 
125.000000 -6.3730677971413768e-04 
125.200000 -6.3730688641992772e-04 
125.400000 -6.3730698935596242e-04 
125.600000 -6.3730708865140234e-04 
125.800000 -6.3730718441406403e-04 
126.000000 -6.3730727676214460e-04 
126.200000 -6.3730736581962821e-04 
126.400000 -6.3730745166936525e-04 
126.600000 -6.3730753443545785e-04 
126.800000 -6.3730761421836035e-04 
127.000000 -6.3730769110654367e-04 
127.200000 -6.3730776520084381e-04 
127.400000 -6.3730783658427076e-04 
127.600000 -6.3730790536940807e-04 
127.800000 -6.3730797163058517e-04 
128.000000 -6.3730803545433007e-04 
128.200000 -6.3730809691922574e-04 
128.400000 -6.3730815611320879e-04 
128.600000 -6.3730821311552138e-04 
128.800000 -6.3730826799213158e-04 
129.000000 -6.3730832081729250e-04 
129.200000 -6.3730837166105225e-04 
129.400000 -6.3730842059520759e-04 
129.600000 -6.3730846769090299e-04 
129.800000 -6.3730851300335817e-04 
130.000000 -6.3730855659862445e-04 
130.200000 -6.3730859854082417e-04 
130.400000 -6.3730863888268596e-04 
130.600000 -6.3730867767639726e-04 
130.800000 -6.3730871498728775e-04 
131.000000 -6.3730875086728117e-04 
131.200000 -6.3730878536355506e-04 
131.400000 -6.3730881852164939e-04 
131.600000 -6.3730885039608304e-04 
131.800000 -6.3730888103502581e-04 
132.000000 -6.3730891047442811e-04 
132.200000 -6.3730893875932337e-04 
132.400000 -6.3730896594341169e-04 
132.600000 -6.3730899204954283e-04 
132.800000 -6.3730901713592719e-04 
133.000000 -6.3730904121522824e-04 
133.200000 -6.3730906435699453e-04 
133.400000 -6.3730908656711716e-04 
133.600000 -6.3730910789835948e-04 
133.800000 -6.3730912836846426e-04 
134.000000 -6.3730914802353350e-04 
134.200000 -6.3730916688559819e-04 
134.400000 -6.3730918498733358e-04 
134.600000 -6.3730920235598870e-04 
134.800000 -6.3730921902260818e-04 
135.000000 -6.3730923500619069e-04 
135.200000 -6.3730925034384545e-04 
135.400000 -6.3730926504561303e-04 
135.600000 -6.3730927915577745e-04 
135.800000 -6.3730929267773184e-04 
136.000000 -6.3730930564535188e-04 
136.200000 -6.3730931807502722e-04 
136.400000 -6.3730932998962847e-04 
136.600000 -6.3730934140738410e-04 
136.800000 -6.3730935233840408e-04 
137.000000 -6.3730936282740264e-04 
137.200000 -6.3730937286674699e-04 
137.400000 -6.3730938248792585e-04 
137.600000 -6.3730939169873851e-04 
137.800000 -6.3730940052385970e-04 
138.000000 -6.3730940897474553e-04 
138.200000 -6.3730941706095084e-04 
138.400000 -6.3730942480799690e-04 
138.600000 -6.3730943222104625e-04 
138.800000 -6.3730943931019496e-04 
139.000000 -6.3730944609691198e-04 
139.200000 -6.3730945259193178e-04 
139.400000 -6.3730945880435125e-04 
139.600000 -6.3730946474147704e-04 
139.800000 -6.3730947041992086e-04 
140.000000 -6.3730947585208947e-04 
140.200000 -6.3730948105755053e-04 
140.400000 -6.3730948601860293e-04 
140.600000 -6.3730949075785359e-04 
140.800000 -6.3730949529405834e-04 
141.000000 -6.3730949962655103e-04 
141.200000 -6.3730950377264423e-04 
141.400000 -6.3730950772023648e-04 
141.600000 -6.3730951149240656e-04 
141.800000 -6.3730951510413553e-04 
142.000000 -6.3730951854641671e-04 
142.200000 -6.3730952182859679e-04 
142.400000 -6.3730952496144494e-04 
142.600000 -6.3730952795071349e-04 
142.800000 -6.3730953081095332e-04 
143.000000 -6.3730953353722392e-04 
143.200000 -6.3730953611875613e-04 
143.400000 -6.3730953860123563e-04 
143.600000 -6.3730954094932263e-04 
143.800000 -6.3730954320311006e-04 
144.000000 -6.3730954533652157e-04 
144.200000 -6.3730954738441814e-04 
144.400000 -6.3730954932367939e-04 
144.600000 -6.3730955117076438e-04 
144.800000 -6.3730955293223035e-04 
145.000000 -6.3730955459997962e-04 
145.200000 -6.3730955618588464e-04 
145.400000 -6.3730955769238096e-04 
145.600000 -6.3730955912491560e-04 
145.800000 -6.3730956048626414e-04 
146.000000 -6.3730956178196380e-04 
146.200000 -6.3730956301057823e-04 
146.400000 -6.3730956418039247e-04 
146.600000 -6.3730956529584049e-04 
146.800000 -6.3730956634722863e-04 
147.000000 -6.3730956734785876e-04 
147.200000 -6.3730956827952323e-04 
147.400000 -6.3730956915634268e-04 
147.600000 -6.3730956995322607e-04 
147.800000 -6.3730957070102373e-04 
148.000000 -6.3730957141378691e-04 
148.200000 -6.3730957210600403e-04 
148.400000 -6.3730957285047796e-04 
148.600000 -6.3730957354619922e-04 
148.800000 -6.3730957411696487e-04 
149.000000 -6.3730957461202026e-04 
149.200000 -6.3730957503740915e-04 
149.400000 -6.3730957542641048e-04 
149.600000 -6.3730957576105252e-04 
149.800000 -6.3730957605686450e-04 
