0.000000 1.4209135436925635e-01 
0.200000 1.4205281500205047e-01 
0.400000 1.4202179197753506e-01 
0.600000 1.4199768218394382e-01 
0.800000 1.4197991175259705e-01 
1.000000 1.4196790644472923e-01 
1.200000 1.4196106335637282e-01 
1.400000 1.4195872749921046e-01 
1.600000 1.4196017130633276e-01 
1.800000 1.4196386589984433e-01 
2.000000 1.4196821502825652e-01 
2.200000 1.4196889927257494e-01 
2.400000 1.4196550877941849e-01 
2.600000 1.4195802074339148e-01 
2.800000 1.4194690723861891e-01 
3.000000 1.4193289788995445e-01 
3.200000 1.4191683297832236e-01 
3.400000 1.4189941913414328e-01 
3.600000 1.4187344889098730e-01 
3.800000 1.4184742300025133e-01 
4.000000 1.4182212856396970e-01 
4.200000 1.4179788109637115e-01 
4.400000 1.4177456715930914e-01 
4.600000 1.4175177196080402e-01 
4.800000 1.4172893714904911e-01 
5.000000 1.4170540499794226e-01 
5.200000 1.4168050909598084e-01 
5.400000 1.4165357768718945e-01 
5.600000 1.4162420052096691e-01 
5.800000 1.4159222162769602e-01 
6.000000 1.4155759746572150e-01 
6.200000 1.4152037662472305e-01 
6.400000 1.4148065678010480e-01 
6.600000 1.4143855014831230e-01 
6.800000 1.4139415474473371e-01 
7.000000 1.4134755353330164e-01 
7.200000 1.4129872037357838e-01 
7.400000 1.4124754683988494e-01 
7.600000 1.4119389271542293e-01 
7.800000 1.4113759713949869e-01 
8.000000 1.4107849148900464e-01 
8.200000 1.4101640940995608e-01 
8.400000 1.4095119406532219e-01 
8.600000 1.4088270089303634e-01 
8.800000 1.4081080135790103e-01 
9.000000 1.4073537781178891e-01 
9.200000 1.4065631438833093e-01 
9.400000 1.4057348998967800e-01 
9.600000 1.4048677324159986e-01 
9.800000 1.4039601594230278e-01 
10.000000 1.4030104482527028e-01 
10.200000 1.4020167207837486e-01 
10.400000 1.4009769744506861e-01 
10.600000 1.3998891170856820e-01 
10.800000 1.3987508825484696e-01 
11.000000 1.3975598216825735e-01 
11.200000 1.3963133140044670e-01 
11.400000 1.3950085705418258e-01 
11.600000 1.3936426275736924e-01 
11.800000 1.3922123329267988e-01 
12.000000 1.3907143301833802e-01 
12.200000 1.3891450398839222e-01 
12.400000 1.3875006377770449e-01 
12.600000 1.3857770303797579e-01 
12.800000 1.3839698296929515e-01 
13.000000 1.3820743290069382e-01 
13.200000 1.3800854797298412e-01 
13.400000 1.3779978690343919e-01 
13.600000 1.3758056965371057e-01 
13.800000 1.3735027499734320e-01 
14.000000 1.3710823814031736e-01 
14.200000 1.3685374814450690e-01 
14.400000 1.3658604517003425e-01 
14.600000 1.3630431745532379e-01 
14.800000 1.3600769800155477e-01 
15.000000 1.3569526098387152e-01 
15.200000 1.3536601788519875e-01 
15.400000 1.3501891336624650e-01 
15.600000 1.3465282086920871e-01 
15.800000 1.3426653797259225e-01 
16.000000 1.3385878151597841e-01 
16.200000 1.3342818252671262e-01 
16.400000 1.3297328098619310e-01 
16.600000 1.3249252048359583e-01 
16.800000 1.3198424281726739e-01 
17.000000 1.3144668263326575e-01 
17.200000 1.3087796221698644e-01 
17.400000 1.3027608657098300e-01 
17.600000 1.2963893894868461e-01 
17.800000 1.2896427704219737e-01 
18.000000 1.2824973004738194e-01 
18.200000 1.2749279685509030e-01 
18.400000 1.2669084564148814e-01 
18.600000 1.2584111514364071e-01 
18.800000 1.2494071791673256e-01 
19.000000 1.2398664586924524e-01 
19.200000 1.2297577836705287e-01 
19.400000 1.2190489318218722e-01 
19.600000 1.2077068053786399e-01 
19.800000 1.1956976047226597e-01 
20.000000 1.1829870370973772e-01 
20.200000 1.1695405619095856e-01 
20.400000 1.1553236737470218e-01 
20.600000 1.1403022238354132e-01 
20.800000 1.1244427802491863e-01 
21.000000 1.1077130267206625e-01 
21.200000 1.0900821993659648e-01 
21.400000 1.0715215599795502e-01 
21.600000 1.0520049037032420e-01 
21.800000 1.0315090978009100e-01 
22.000000 1.0100146469254012e-01 
22.200000 9.8750627865534013e-02 
22.400000 9.6397354121718681e-02 
22.600000 9.3941140327199690e-02 
22.800000 9.1382084354652671e-02 
23.000000 8.8720941606908577e-02 
23.200000 8.5959177500112727e-02 
23.400000 8.3099014171844177e-02 
23.600000 8.0143469606193340e-02 
23.800000 7.7096387368870145e-02 
24.000000 7.3962455231741830e-02 
24.200000 7.0747211142392796e-02 
24.400000 6.7457035259393727e-02 
24.600000 6.4099127120880284e-02 
24.800000 6.0681467430253377e-02 
25.000000 5.7212764409642625e-02 
25.200000 5.3702385169511424e-02 
25.400000 5.0160273045503967e-02 
25.600000 4.6596852338337436e-02 
25.800000 4.3022922333567637e-02 
26.000000 3.9449542853774000e-02 
26.200000 3.5887913887165057e-02 
26.400000 3.2349252028834319e-02 
26.600000 2.8844666556248622e-02 
26.800000 2.5385037935771959e-02 
27.000000 2.1980901426556398e-02 
27.200000 1.8642338221975474e-02 
27.400000 1.5378876262018393e-02 
27.600000 1.2199402482077404e-02 
27.800000 9.1120878551723683e-03 
28.000000 6.1243261577832442e-03 
28.200000 3.2426869646324796e-03 
28.400000 4.7288297252934264e-04 
28.600000 -2.1802486175561686e-03 
28.800000 -4.7127512573061914e-03 
29.000000 -7.1215416190991698e-03 
29.200000 -9.4043906683816125e-03 
29.400000 -1.1559894500114964e-02 
29.600000 -1.3587436312991308e-02 
29.800000 -1.5487140960298351e-02 
30.000000 -1.7259823536873498e-02 
30.200000 -1.8906933442534579e-02 
30.400000 -2.0430495308612739e-02 
30.600000 -2.1833048091815077e-02 
30.800000 -2.3117583533123987e-02 
31.000000 -2.4287485055357383e-02 
31.200000 -2.5346468036149483e-02 
31.400000 -2.6298522249817435e-02 
31.600000 -2.7147857125939368e-02 
31.800000 -2.7898850330642988e-02 
32.000000 -2.8556000041173868e-02 
32.200000 -2.9123881159820786e-02 
32.400000 -2.9607105601218042e-02 
32.600000 -3.0010286689427179e-02 
32.800000 -3.0338007618557872e-02 
33.000000 -3.0594793862351533e-02 
33.200000 -3.0785089365158447e-02 
33.400000 -3.0913236305374459e-02 
33.600000 -3.0983458194223545e-02 
33.800000 -3.0999846054023394e-02 
34.000000 -3.0966347410591344e-02 
34.200000 -3.0886757832335521e-02 
34.400000 -3.0764714752266831e-02 
34.600000 -3.0603693317757585e-02 
34.800000 -3.0407004025024720e-02 
35.000000 -3.0177791909861806e-02 
35.200000 -2.9919037082402788e-02 
35.400000 -2.9633556410939454e-02 
35.600000 -2.9324006176805750e-02 
35.800000 -2.8992885539914803e-02 
36.000000 -2.8642540670403838e-02 
36.200000 -2.8275169417830537e-02 
36.400000 -2.7892826403450810e-02 
36.600000 -2.7497428434948901e-02 
36.800000 -2.7090760154653781e-02 
37.000000 -2.6674479844022325e-02 
37.200000 -2.6250125316807593e-02 
37.400000 -2.5819119842788452e-02 
37.600000 -2.5382778052109978e-02 
37.800000 -2.4942311777685411e-02 
38.000000 -2.4498835799841912e-02 
38.200000 -2.4053373463497063e-02 
38.400000 -2.3606862143350282e-02 
38.600000 -2.3160158537513797e-02 
38.800000 -2.2714043774212156e-02 
39.000000 -2.2269228319883205e-02 
39.200000 -2.1826356680521353e-02 
39.400000 -2.1386011890815348e-02 
39.600000 -2.0948719788223324e-02 
39.800000 -2.0514953071476105e-02 
40.000000 -2.0085135144584154e-02 
40.200000 -1.9659643749350031e-02 
40.400000 -1.9238814390409698e-02 
40.600000 -1.8822943558135519e-02 
40.800000 -1.8412291755566357e-02 
41.000000 -1.8007086336028322e-02 
41.200000 -1.7607524158883781e-02 
41.400000 -1.7213774071111965e-02 
41.600000 -1.6825979222455045e-02 
41.800000 -1.6444259222373803e-02 
42.000000 -1.6068712146712849e-02 
42.200000 -1.5699416402104316e-02 
42.400000 -1.5336432456102278e-02 
42.600000 -1.4979804440571287e-02 
42.800000 -1.4629561636099742e-02 
43.000000 -1.4285719844490563e-02 
43.200000 -1.3948282656465638e-02 
43.400000 -1.3617242621344533e-02 
43.600000 -1.3292582325010821e-02 
43.800000 -1.2974275382516748e-02 
44.000000 -1.2662287350932777e-02 
44.200000 -1.2356576568243183e-02 
44.400000 -1.2057094923276085e-02 
44.600000 -1.1763788561842681e-02 
44.800000 -1.1476598533620902e-02 
45.000000 -1.1195461384204408e-02 
45.200000 -1.0920309696445529e-02 
45.400000 -1.0651072585009441e-02 
45.600000 -1.0387676147566055e-02 
45.800000 -1.0130043876274752e-02 
46.000000 -9.8780970324395811e-03 
46.200000 -9.6317549874805619e-03 
46.400000 -9.3909355327573274e-03 
46.600000 -9.1555551609425190e-03 
46.800000 -8.9255293212450182e-03 
47.000000 -8.7007726505274052e-03 
47.200000 -8.4811991825937127e-03 
47.400000 -8.2667225372372866e-03 
47.600000 -8.0572560909401292e-03 
47.800000 -7.8527131307843112e-03 
48.000000 -7.6530069929528488e-03 
48.200000 -7.4580511872659738e-03 
48.400000 -7.2677595089438718e-03 
48.600000 -7.0820461386765787e-03 
48.800000 -6.9008257322089039e-03 
49.000000 -6.7240135001872814e-03 
49.200000 -6.5515252792922585e-03 
49.400000 -6.3832775954178744e-03 
49.600000 -6.2191877196078049e-03 
49.800000 -6.0591737174405247e-03 
50.000000 -5.9031544924835339e-03 
50.200000 -5.7510498243333735e-03 
50.400000 -5.6027804018414229e-03 
50.600000 -5.4582678518476091e-03 
50.800000 -5.3174347639782793e-03 
51.000000 -5.1802047118383598e-03 
51.200000 -5.0465022709160479e-03 
51.400000 -4.9162530335641608e-03 
51.600000 -4.7893836213216551e-03 
51.800000 -4.6658216948634035e-03 
52.000000 -4.5454959617608204e-03 
52.200000 -4.4283361822978623e-03 
52.400000 -4.3142731735750922e-03 
52.600000 -4.2032388119787600e-03 
52.800000 -4.0951660343004348e-03 
53.000000 -3.9899888374963638e-03 
53.200000 -3.8876422773554270e-03 
53.400000 -3.7880624661465884e-03 
53.600000 -3.6911865692616785e-03 
53.800000 -3.5969528010944690e-03 
54.000000 -3.5053004201655996e-03 
54.200000 -3.4161697234870447e-03 
54.400000 -3.3295020404696674e-03 
54.600000 -3.2452397261311244e-03 
54.800000 -3.1633261538983187e-03 
55.000000 -3.0837057079969032e-03 
55.200000 -3.0063237753334970e-03 
55.400000 -2.9311267371522481e-03 
55.600000 -2.8580619602611018e-03 
55.800000 -2.7870777880568270e-03 
56.000000 -2.7181235312552787e-03 
56.200000 -2.6511494583661283e-03 
56.400000 -2.5861067860096509e-03 
56.600000 -2.5229476690122044e-03 
56.800000 -2.4616251903450265e-03 
57.000000 -2.4020933508986653e-03 
57.200000 -2.3443070591623455e-03 
57.400000 -2.2882221207461695e-03 
57.600000 -2.2337952278021489e-03 
57.800000 -2.1809839483650229e-03 
58.000000 -2.1297467155940303e-03 
58.200000 -2.0800428169563956e-03 
58.400000 -2.0318323833315860e-03 
58.600000 -1.9850763780798475e-03 
58.800000 -1.9397365860107513e-03 
59.000000 -1.8957756023899458e-03 
59.200000 -1.8531568218374261e-03 
59.400000 -1.8118444272825773e-03 
59.600000 -1.7718033787905429e-03 
59.800000 -1.7329994024586903e-03 
60.000000 -1.6953989792811985e-03 
60.200000 -1.6589693340133271e-03 
60.400000 -1.6236784240086372e-03 
60.600000 -1.5894949281148041e-03 
60.800000 -1.5563882355281167e-03 
61.000000 -1.5243284346925789e-03 
61.200000 -1.4932863022314724e-03 
61.400000 -1.4632332918808194e-03 
61.600000 -1.4341415234723487e-03 
61.800000 -1.4059837719022500e-03 
62.000000 -1.3787334562544301e-03 
62.200000 -1.3523646288265828e-03 
62.400000 -1.3268519642857801e-03 
62.600000 -1.3021707488714840e-03 
62.800000 -1.2782968696558386e-03 
63.000000 -1.2552068037852762e-03 
63.200000 -1.2328776079087583e-03 
63.400000 -1.2112869075802807e-03 
63.600000 -1.1904128867965269e-03 
63.800000 -1.1702342775363056e-03 
64.000000 -1.1507303494136742e-03 
64.200000 -1.1318808994518828e-03 
64.400000 -1.1136662418789953e-03 
64.600000 -1.0960671980302095e-03 
64.800000 -1.0790650863198442e-03 
65.000000 -1.0626417123882348e-03 
65.200000 -1.0467793592097083e-03 
65.400000 -1.0314607774303264e-03 
65.600000 -1.0166691757139343e-03 
65.800000 -1.0023882112200969e-03 
66.000000 -9.8860198021126500e-04 
66.200000 -9.7529500873483332e-04 
66.400000 -9.6245224341490188e-04 
66.600000 -9.5005904237856903e-04 
66.800000 -9.3810116625324402e-04 
67.000000 -9.2656476934836751e-04 
67.200000 -9.1543639085040623e-04 
67.400000 -9.0470294626348452e-04 
67.600000 -8.9435171882512599e-04 
67.800000 -8.8437035116287893e-04 
68.000000 -8.7474683700776434e-04 
68.200000 -8.6546951303673875e-04 
68.400000 -8.5652705085870889e-04 
68.600000 -8.4790844908551322e-04 
68.800000 -8.3960302555718958e-04 
69.000000 -8.3160040971768517e-04 
69.200000 -8.2389053502759935e-04 
69.400000 -8.1646363155179341e-04 
69.600000 -8.0931021874564024e-04 
69.800000 -8.0242109821153373e-04 
70.000000 -7.9578734669787099e-04 
70.200000 -7.8940030917390436e-04 
70.400000 -7.8325159207193878e-04 
70.600000 -7.7733305656890739e-04 
70.800000 -7.7163681208584217e-04 
71.000000 -7.6615520984588126e-04 
71.200000 -7.6088083660531824e-04 
71.400000 -7.5580650843395936e-04 
71.600000 -7.5092526468944348e-04 
71.800000 -7.4623036207732002e-04 
72.000000 -7.4171526884933558e-04 
72.200000 -7.3737365906943741e-04 
72.400000 -7.3319940707296943e-04 
72.600000 -7.2918658198340564e-04 
72.800000 -7.2532944235906976e-04 
73.000000 -7.2162243098284479e-04 
73.200000 -7.1806016968131020e-04 
73.400000 -7.1463745443465371e-04 
73.600000 -7.1134925033500968e-04 
73.800000 -7.0819068688849490e-04 
74.000000 -7.0515705331828521e-04 
74.200000 -7.0224379396241488e-04 
74.400000 -6.9944650383491763e-04 
74.600000 -6.9676092423488073e-04 
74.800000 -6.9418293850699586e-04 
75.000000 -6.9170856785347873e-04 
75.200000 -6.8933396729666668e-04 
75.400000 -6.8705542168753103e-04 
75.600000 -6.8486934183317055e-04 
75.800000 -6.8277226079648673e-04 
76.000000 -6.8076083008757060e-04 
76.200000 -6.7883181617555549e-04 
76.400000 -6.7698209696630957e-04 
76.600000 -6.7520865835733052e-04 
76.800000 -6.7350859098835175e-04 
77.000000 -6.7187908689710779e-04 
77.200000 -6.7031743648375552e-04 
77.400000 -6.6882102535446158e-04 
77.600000 -6.6738733135762035e-04 
77.800000 -6.6601392169604590e-04 
78.000000 -6.6469845006669748e-04 
78.200000 -6.6343865391988582e-04 
78.400000 -6.6223235177222811e-04 
78.600000 -6.6107744059198947e-04 
78.800000 -6.5997189329211614e-04 
79.000000 -6.5891375622882664e-04 
79.200000 -6.5790114682381245e-04 
79.400000 -6.5693225124864585e-04 
79.600000 -6.5600532211707030e-04 
79.800000 -6.5511867634530929e-04 
80.000000 -6.5427069296485063e-04 
80.200000 -6.5345981109480450e-04 
80.400000 -6.5268452786869380e-04 
80.600000 -6.5194339653473071e-04 
80.800000 -6.5123502454017546e-04 
81.000000 -6.5055807169003138e-04 
81.200000 -6.4991124834425096e-04 
81.400000 -6.4929331369632803e-04 
81.600000 -6.4870307411847572e-04 
81.800000 -6.4813938148456512e-04 
82.000000 -6.4760113161362043e-04 
82.200000 -6.4708726276522383e-04 
82.400000 -6.4659675408693801e-04 
82.600000 -6.4612862422178813e-04 
82.800000 -6.4568192994120949e-04 
83.000000 -6.4525576472469759e-04 
83.200000 -6.4484925751098071e-04 
83.400000 -6.4446157138989268e-04 
83.600000 -6.4409190239644865e-04 
83.800000 -6.4373947834893419e-04 
84.000000 -6.4340355764277296e-04 
84.200000 -6.4308342818344966e-04 
84.400000 -6.4277840630089927e-04 
84.600000 -6.4248783568564283e-04 
84.800000 -6.4221108643172653e-04 
85.000000 -6.4194755402673109e-04 
85.200000 -6.4169665839131779e-04 
85.400000 -6.4145784304730363e-04 
85.600000 -6.4123057412327628e-04 
85.800000 -6.4101433964752069e-04 
86.000000 -6.4080864858225700e-04 
86.200000 -6.4061303013111109e-04 
86.400000 -6.4042703293976100e-04 
86.600000 -6.4025022435627854e-04 
86.800000 -6.4008218971998293e-04 
87.000000 -6.3992253166019614e-04 
87.200000 -6.3977086944440320e-04 
87.400000 -6.3962683833788253e-04 
87.600000 -6.3949008898456922e-04 
87.800000 -6.3936028679491969e-04 
88.000000 -6.3923711136596589e-04 
88.200000 -6.3912025595087157e-04 
88.400000 -6.3900942692318718e-04 
88.600000 -6.3890434321391826e-04 
88.800000 -6.3880473585666009e-04 
89.000000 -6.3871034749000966e-04 
89.200000 -6.3862093192610520e-04 
89.400000 -6.3853625363764765e-04 
89.600000 -6.3845608738637843e-04 
89.800000 -6.3838021779540760e-04 
90.000000 -6.3830843894211592e-04 
90.200000 -6.3824055396662083e-04 
90.400000 -6.3817637471929450e-04 
90.600000 -6.3811572140546474e-04 
90.800000 -6.3805842223259301e-04 
91.000000 -6.3800431307404343e-04 
91.200000 -6.3795323716992619e-04 
91.400000 -6.3790504482183485e-04 
91.600000 -6.3785959306578849e-04 
91.800000 -6.3781674544624578e-04 
92.000000 -6.3777637167938134e-04 
92.200000 -6.3773834747726799e-04 
92.400000 -6.3770255419875327e-04 
92.600000 -6.3766887868099004e-04 
92.800000 -6.3763721296989512e-04 
93.000000 -6.3760745412550640e-04 
93.200000 -6.3757950396899077e-04 
93.400000 -6.3755326894267272e-04 
93.600000 -6.3752865981420159e-04 
93.800000 -6.3750559160134779e-04 
94.000000 -6.3748398330810974e-04 
94.200000 -6.3746375776069925e-04 
94.400000 -6.3744484147296859e-04 
94.600000 -6.3742716448094566e-04 
94.800000 -6.3741066014950248e-04 
95.000000 -6.3739526504198729e-04 
95.200000 -6.3738091883815129e-04 
95.400000 -6.3736756407564016e-04 
95.600000 -6.3735514615013283e-04 
95.800000 -6.3734361308558779e-04 
96.000000 -6.3733291548156296e-04 
96.200000 -6.3732300638950912e-04 
96.400000 -6.3731384115168349e-04 
96.600000 -6.3730537734778964e-04 
96.800000 -6.3729757468728582e-04 
97.000000 -6.3729039489142381e-04 
97.200000 -6.3728380162353382e-04 
97.400000 -6.3727776036582445e-04 
97.600000 -6.3727223838890013e-04 
97.800000 -6.3726720461324687e-04 
98.000000 -6.3726262957181090e-04 
98.200000 -6.3725848530755275e-04 
98.400000 -6.3725474533226495e-04 
98.600000 -6.3725138452227353e-04 
98.800000 -6.3724837907434134e-04 
99.000000 -6.3724570645648515e-04 
99.200000 -6.3724334531334303e-04 
99.400000 -6.3724127544582260e-04 
99.600000 -6.3723947771527484e-04 
99.800000 -6.3723793402854778e-04 
100.000000 -6.3723662728744357e-04 
100.200000 -6.3723554129287846e-04 
100.400000 -6.3723466077070939e-04 
100.600000 -6.3723397127121023e-04 
100.800000 -6.3723345914978857e-04 
101.000000 -6.3723311153391499e-04 
101.200000 -6.3723291627019313e-04 
101.400000 -6.3723286189058120e-04 
101.600000 -6.3723293759603006e-04 
101.800000 -6.3723313320004221e-04 
102.000000 -6.3723343910843805e-04 
102.200000 -6.3723384629868485e-04 
102.400000 -6.3723434625465036e-04 
102.600000 -6.3723493099842460e-04 
102.800000 -6.3723559300402077e-04 
103.000000 -6.3723632521894835e-04 
103.200000 -6.3723712100769575e-04 
103.400000 -6.3723797416228439e-04 
103.600000 -6.3723887884262892e-04 
103.800000 -6.3723982957540615e-04 
104.000000 -6.3724082125560244e-04 
104.200000 -6.3724184908834497e-04 
104.400000 -6.3724290859702021e-04 
104.600000 -6.3724399558792028e-04 
104.800000 -6.3724510616962327e-04 
105.000000 -6.3724623669085545e-04 
105.200000 -6.3724738376819134e-04 
105.400000 -6.3724854424315747e-04 
105.600000 -6.3724971517319789e-04 
105.800000 -6.3725089383654537e-04 
106.000000 -6.3725207771673370e-04 
106.200000 -6.3725326446602282e-04 
106.400000 -6.3725445191437774e-04 
106.600000 -6.3725563807322250e-04 
106.800000 -6.3725682109914972e-04 
107.000000 -6.3725799929747334e-04 
107.200000 -6.3725917111696895e-04 
107.400000 -6.3726033514104052e-04 
107.600000 -6.3726149004932064e-04 
107.800000 -6.3726263466962196e-04 
108.000000 -6.3726376793068334e-04 
108.200000 -6.3726488883955601e-04 
108.400000 -6.3726599653728816e-04 
108.600000 -6.3726709022320083e-04 
108.800000 -6.3726816918188711e-04 
109.000000 -6.3726923280080922e-04 
109.200000 -6.3727028051712570e-04 
109.400000 -6.3727131185304514e-04 
109.600000 -6.3727232638127740e-04 
109.800000 -6.3727332373975099e-04 
110.000000 -6.3727430363288984e-04 
110.200000 -6.3727526579750171e-04 
110.400000 -6.3727621003845797e-04 
110.600000 -6.3727713618581122e-04 
110.800000 -6.3727804412531952e-04 
111.000000 -6.3727893378849598e-04 
111.200000 -6.3727980511807392e-04 
111.400000 -6.3728065809925960e-04 
111.600000 -6.3728149277354068e-04 
111.800000 -6.3728230918928125e-04 
112.000000 -6.3728310739791239e-04 
112.200000 -6.3728388750564774e-04 
112.400000 -6.3728464964626225e-04 
112.600000 -6.3728539394779932e-04 
112.800000 -6.3728612058689543e-04 
113.000000 -6.3728682971497114e-04 
113.200000 -6.3728752154439128e-04 
113.400000 -6.3728819627056205e-04 
113.600000 -6.3728885409887470e-04 
113.800000 -6.3728949526529327e-04 
114.000000 -6.3729012001124963e-04 
114.200000 -6.3729072856328478e-04 
114.400000 -6.3729132118939963e-04 
114.600000 -6.3729189814899084e-04 
114.800000 -6.3729245970800541e-04 
115.000000 -6.3729300613083600e-04 
115.200000 -6.3729353768447045e-04 
115.400000 -6.3729405466088351e-04 
115.600000 -6.3729455731702939e-04 
115.800000 -6.3729504594416814e-04 
116.000000 -6.3729552082907731e-04 
116.200000 -6.3729598225122086e-04 
116.400000 -6.3729643048213158e-04 
116.600000 -6.3729686582501832e-04 
116.800000 -6.3729728853888917e-04 
117.000000 -6.3729769892022226e-04 
117.200000 -6.3729809724209774e-04 
117.400000 -6.3729848378488857e-04 
117.600000 -6.3729885881157189e-04 
117.800000 -6.3729922260703092e-04 
118.000000 -6.3729957543328525e-04 
118.200000 -6.3729991756202031e-04 
118.400000 -6.3730024926150070e-04 
118.600000 -6.3730057077831387e-04 
118.800000 -6.3730088237447247e-04 
119.000000 -6.3730118431753330e-04 
119.200000 -6.3730147683437044e-04 
119.400000 -6.3730176018663570e-04 
119.600000 -6.3730203460545670e-04 
119.800000 -6.3730230032486845e-04 
120.000000 -6.3730255759836957e-04 
120.200000 -6.3730280663909511e-04 
120.400000 -6.3730304767962292e-04 
120.600000 -6.3730328093789673e-04 
120.800000 -6.3730350662968838e-04 
121.000000 -6.3730372496584309e-04 
121.200000 -6.3730393615667874e-04 
121.400000 -6.3730414040120975e-04 
121.600000 -6.3730433790461227e-04 
121.800000 -6.3730452886161248e-04 
122.000000 -6.3730471345349593e-04 
122.200000 -6.3730489187851375e-04 
122.400000 -6.3730506431378814e-04 
122.600000 -6.3730523093790542e-04 
122.800000 -6.3730539191876601e-04 
123.000000 -6.3730554742350704e-04 
123.200000 -6.3730569764248318e-04 
123.400000 -6.3730584270869223e-04 
123.600000 -6.3730598278151362e-04 
123.800000 -6.3730611802887555e-04 
124.000000 -6.3730624859016649e-04 
124.200000 -6.3730637462171280e-04 
124.400000 -6.3730649625259178e-04 
124.600000 -6.3730661362276092e-04 
124.800000 -6.3730672687745127e-04 
125.000000 -6.3730683613436728e-04 
125.200000 -6.3730694152572265e-04 
125.400000 -6.3730704317933179e-04 
125.600000 -6.3730714121071341e-04 
125.800000 -6.3730723573689890e-04 
126.000000 -6.3730732687408004e-04 
126.200000 -6.3730741473228686e-04 
126.400000 -6.3730749941570686e-04 
126.600000 -6.3730758103718727e-04 
126.800000 -6.3730765968775249e-04 
127.000000 -6.3730773547624603e-04 
127.200000 -6.3730780849151347e-04 
127.400000 -6.3730787882469719e-04 
127.600000 -6.3730794657668871e-04 
127.800000 -6.3730801181886149e-04 
128.000000 -6.3730807464246197e-04 
128.200000 -6.3730813513759171e-04 
128.400000 -6.3730819337309147e-04 
128.600000 -6.3730824943471209e-04 
128.800000 -6.3730830339841366e-04 
129.000000 -6.3730835533018504e-04 
129.200000 -6.3730840529611921e-04 
129.400000 -6.3730845337094111e-04 
129.600000 -6.3730849962484459e-04 
129.800000 -6.3730854411638699e-04 
130.000000 -6.3730858690391745e-04 
130.200000 -6.3730862806229971e-04 
130.400000 -6.3730866763447858e-04 
130.600000 -6.3730870567686726e-04 
130.800000 -6.3730874225332440e-04 
131.000000 -6.3730877740959119e-04 
131.200000 -6.3730881119782035e-04 
131.400000 -6.3730884367643736e-04 
131.600000 -6.3730887487169208e-04 
131.800000 -6.3730890485146768e-04 
132.000000 -6.3730893365093744e-04 
132.200000 -6.3730896131496129e-04 
132.400000 -6.3730898787543039e-04 
132.600000 -6.3730901339148494e-04 
132.800000 -6.3730903789009641e-04 
133.000000 -6.3730906140511273e-04 
133.200000 -6.3730908398246938e-04 
133.400000 -6.3730910565595877e-04 
133.600000 -6.3730912644966581e-04 
133.800000 -6.3730914640456465e-04 
134.000000 -6.3730916554935457e-04 
134.200000 -6.3730918392447544e-04 
134.400000 -6.3730920154113357e-04 
134.600000 -6.3730921843967864e-04 
134.800000 -6.3730923464876826e-04 
135.000000 -6.3730925018631868e-04 
135.200000 -6.3730926509052849e-04 
135.400000 -6.3730927937514364e-04 
135.600000 -6.3730929305953754e-04 
135.800000 -6.3730930618585008e-04 
136.000000 -6.3730931876532226e-04 
136.200000 -6.3730933080691915e-04 
136.400000 -6.3730934235083081e-04 
136.600000 -6.3730935339972872e-04 
136.800000 -6.3730936398728039e-04 
137.000000 -6.3730937412800198e-04 
137.200000 -6.3730938383474434e-04 
137.400000 -6.3730939313210583e-04 
137.600000 -6.3730940203335362e-04 
137.800000 -6.3730941054438578e-04 
138.000000 -6.3730941869613589e-04 
138.200000 -6.3730942649106725e-04 
138.400000 -6.3730943395245293e-04 
138.600000 -6.3730944109470500e-04 
138.800000 -6.3730944791317440e-04 
139.000000 -6.3730945444218090e-04 
139.200000 -6.3730946068660949e-04 
139.400000 -6.3730946665117166e-04 
139.600000 -6.3730947235090402e-04 
139.800000 -6.3730947780323011e-04 
140.000000 -6.3730948301601864e-04 
140.200000 -6.3730948798758347e-04 
140.400000 -6.3730949274393156e-04 
140.600000 -6.3730949728783154e-04 
140.800000 -6.3730950162283612e-04 
141.000000 -6.3730950576210837e-04 
141.200000 -6.3730950971674361e-04 
141.400000 -6.3730951348860143e-04 
141.600000 -6.3730951709095596e-04 
141.800000 -6.3730952053177303e-04 
142.000000 -6.3730952380712524e-04 
142.200000 -6.3730952693311083e-04 
142.400000 -6.3730952992222673e-04 
142.600000 -6.3730953276449481e-04 
142.800000 -6.3730953547178754e-04 
143.000000 -6.3730953806225704e-04 
143.200000 -6.3730954052557132e-04 
143.400000 -6.3730954286830843e-04 
143.600000 -6.3730954509871873e-04 
143.800000 -6.3730954722929917e-04 
144.000000 -6.3730954925701744e-04 
144.200000 -6.3730955118728588e-04 
144.400000 -6.3730955301822406e-04 
144.600000 -6.3730955477602630e-04 
144.800000 -6.3730955642863490e-04 
145.000000 -6.3730955801136885e-04 
145.200000 -6.3730955950629803e-04 
145.400000 -6.3730956092698798e-04 
145.600000 -6.3730956227289748e-04 
145.800000 -6.3730956356083251e-04 
146.000000 -6.3730956478000311e-04 
146.200000 -6.3730956594246907e-04 
146.400000 -6.3730956704628750e-04 
146.600000 -6.3730956809242290e-04 
146.800000 -6.3730956908904235e-04 
147.000000 -6.3730957002950533e-04 
147.200000 -6.3730957090987056e-04 
147.400000 -6.3730957173132458e-04 
147.600000 -6.3730957249699682e-04 
147.800000 -6.3730957320910775e-04 
148.000000 -6.3730957386759490e-04 
148.200000 -6.3730957452506204e-04 
148.400000 -6.3730957523872034e-04 
148.600000 -6.3730957590361209e-04 
148.800000 -6.3730957644554664e-04 
149.000000 -6.3730957690559531e-04 
149.200000 -6.3730957730990384e-04 
149.400000 -6.3730957767849095e-04 
149.600000 -6.3730957798831950e-04 
149.800000 -6.3730957827073942e-04 
