0.000000 5.4329565238405058e-03 
0.200000 5.4331433663728666e-03 
0.400000 5.4338866754936226e-03 
0.600000 5.4355364666276726e-03 
0.800000 5.4383929290414195e-03 
1.000000 5.4427166199112337e-03 
1.200000 5.4487332065131355e-03 
1.400000 5.4566395128242042e-03 
1.600000 5.4666045606680232e-03 
1.800000 5.4787864574700213e-03 
2.000000 5.4933301249546554e-03 
2.200000 5.5103663149895258e-03 
2.400000 5.5300161381028222e-03 
2.600000 5.5523918321624876e-03 
2.800000 5.5775840375926512e-03 
3.000000 5.6056779780324856e-03 
3.200000 5.6367689324637637e-03 
3.400000 5.6709594689043630e-03 
3.600000 5.7083482846794860e-03 
3.800000 5.7490330861723867e-03 
4.000000 5.7931135645792704e-03 
4.200000 5.8406924604265491e-03 
4.400000 5.8918758292192596e-03 
4.600000 5.9467751857895700e-03 
4.800000 6.0055080262628431e-03 
5.000000 6.0681989352597953e-03 
5.200000 6.1349790928318338e-03 
5.400000 6.2059875499396481e-03 
5.600000 6.2813718329323403e-03 
5.800000 6.3612880409259940e-03 
6.000000 6.4459014568860043e-03 
6.200000 6.5353881950776316e-03 
6.400000 6.6299337941490887e-03 
6.600000 6.7297346599216072e-03 
6.800000 6.8349990810234913e-03 
7.000000 6.9459479898965467e-03 
7.200000 7.0628159348662452e-03 
7.400000 7.1858522834262585e-03 
7.600000 7.3153220756813162e-03 
7.800000 7.4515071771274546e-03 
8.000000 7.5947075094796330e-03 
8.200000 7.7452420950274688e-03 
8.400000 7.9034503516707370e-03 
8.600000 8.0696934971992308e-03 
8.800000 8.2443558697059410e-03 
9.000000 8.4278464938320006e-03 
9.200000 8.6206007255878771e-03 
9.400000 8.8230820030982052e-03 
9.600000 9.0357837975778722e-03 
9.800000 9.2592316234536010e-03 
10.000000 9.4939852229727409e-03 
10.200000 9.7406409599321182e-03 
10.400000 9.9998343029502265e-03 
10.600000 1.0272242519072943e-02 
10.800000 1.0558587574147344e-02 
11.000000 1.0859639179559535e-02 
11.200000 1.1176218059874413e-02 
11.400000 1.1509199460783178e-02 
11.600000 1.1859516861718145e-02 
11.800000 1.2228165944161790e-02 
12.000000 1.2616208836816648e-02 
12.200000 1.3024778617200238e-02 
12.400000 1.3455084108020767e-02 
12.600000 1.3908414987383468e-02 
12.800000 1.4386147185657838e-02 
13.000000 1.4889748619446468e-02 
13.200000 1.5420785258868157e-02 
13.400000 1.5980927518150671e-02 
13.600000 1.6571956997686734e-02 
13.800000 1.7195773568982775e-02 
14.000000 1.7854402793516223e-02 
14.200000 1.8550003683348169e-02 
14.400000 1.9284876775993356e-02 
14.600000 2.0061472516419987e-02 
14.800000 2.0882399919519387e-02 
15.000000 2.1750435468342648e-02 
15.200000 2.2668532210015958e-02 
15.400000 2.3639828989688118e-02 
15.600000 2.4667659742764591e-02 
15.800000 2.5755562760415834e-02 
16.000000 2.6907289819029335e-02 
16.200000 2.8126815040233413e-02 
16.400000 2.9418343330412711e-02 
16.600000 3.0786318221557262e-02 
16.800000 3.2235428902717161e-02 
17.000000 3.3770616206229002e-02 
17.200000 3.5397077279137899e-02 
17.400000 3.7120268632954985e-02 
17.600000 3.8945907235825611e-02 
17.800000 4.0879969272644159e-02 
18.000000 4.2928686164130953e-02 
18.200000 4.5098537407566475e-02 
18.400000 4.7396239771458633e-02 
18.600000 4.9828732353860192e-02 
18.800000 5.2403157002203674e-02 
19.000000 5.5126833586799283e-02 
19.200000 5.8007229629476041e-02 
19.400000 6.1051923815330277e-02 
19.600000 6.4268562958009978e-02 
19.800000 6.7664812056579843e-02 
20.000000 7.1248297171793026e-02 
20.200000 7.5026540966419419e-02 
20.400000 7.9006890900835486e-02 
20.600000 8.3196440249024853e-02 
20.800000 8.7601942302892782e-02 
21.000000 9.2229718362830962e-02 
21.200000 9.7085560364811210e-02 
21.400000 1.0217462926430478e-01 
21.600000 1.0750135057832337e-01 
21.800000 1.1306930876859081e-01 
22.000000 1.1888114242047035e-01 
22.200000 1.2493844242128532e-01 
22.400000 1.3124165555307193e-01 
22.600000 1.3778999607349898e-01 
22.800000 1.4458136794995191e-01 
23.000000 1.5161230042009152e-01 
23.200000 1.5887789946539471e-01 
23.400000 1.6637181759291927e-01 
23.600000 1.7408624401896455e-01 
23.800000 1.8201191693725499e-01 
24.000000 1.9013815904045719e-01 
24.200000 1.9845293686074875e-01 
24.400000 2.0694294382375236e-01 
24.600000 2.1559370619712698e-01 
24.800000 2.2438971039230568e-01 
25.000000 2.3331454938047388e-01 
25.200000 2.4235108534688332e-01 
25.400000 2.5148162516482031e-01 
25.600000 2.6068810485060406e-01 
25.800000 2.6995227888576562e-01 
26.000000 2.7925591017525403e-01 
26.200000 2.8858095645484899e-01 
26.400000 2.9790974916074153e-01 
26.600000 3.0722516111483439e-01 
26.800000 3.1651075983828886e-01 
27.000000 3.2575094385582382e-01 
27.200000 3.3493105996379230e-01 
27.400000 3.4403750007482031e-01 
27.600000 3.5305777689138207e-01 
27.800000 3.6198057827329094e-01 
28.000000 3.7079580072780483e-01 
28.200000 3.7949456294866452e-01 
28.400000 3.8806920075011969e-01 
28.600000 3.9651324507720109e-01 
28.800000 4.0482138502195514e-01 
29.000000 4.1298941793901200e-01 
29.200000 4.2101418883765063e-01 
29.400000 4.2889352123898367e-01 
29.600000 4.3662614163530855e-01 
29.800000 4.4421159958398504e-01 
30.000000 4.5165018532160667e-01 
30.200000 4.5894284660596418e-01 
30.400000 4.6609110629394968e-01 
30.600000 4.7309698195230865e-01 
30.800000 4.7996290858359569e-01 
31.000000 4.8669166533885211e-01 
31.200000 4.9328630688728109e-01 
31.400000 4.9975009992604680e-01 
31.600000 5.0608646514344435e-01 
31.800000 5.1229892479806083e-01 
32.000000 5.1839105594618262e-01 
32.200000 5.2436644923972919e-01 
32.400000 5.3022867312670074e-01 
32.600000 5.3598124321455753e-01 
32.800000 5.4162759650250536e-01 
33.000000 5.4717107014967548e-01 
33.200000 5.5261488442080198e-01 
33.400000 5.5796212943734602e-01 
33.600000 5.6321575535820334e-01 
33.800000 5.6837856561850741e-01 
34.000000 5.7345321286577622e-01 
34.200000 5.7844219724840229e-01 
34.400000 5.8334786673091921e-01 
34.600000 5.8817241913235041e-01 
34.800000 5.9291790560729907e-01 
35.000000 5.9758623531360044e-01 
35.200000 6.0217918103448831e-01 
35.400000 6.0669838554690458e-01 
35.600000 6.1114536855052548e-01 
35.800000 6.1552153399379661e-01 
36.000000 6.1982817765379550e-01 
36.200000 6.2406649484577470e-01 
36.400000 6.2823758815593855e-01 
36.600000 6.3234247510701824e-01 
36.800000 6.3638209568097592e-01 
37.000000 6.4035731963628939e-01 
37.200000 6.4426895356921821e-01 
37.400000 6.4811774767889840e-01 
37.600000 6.5190440220549950e-01 
37.800000 6.5562957351883211e-01 
38.000000 6.5929387984197219e-01 
38.200000 6.6289790660061509e-01 
38.400000 6.6644221139420101e-01 
38.600000 6.6992732858945714e-01 
38.800000 6.7335377354072334e-01 
39.000000 6.7672204644472833e-01 
39.200000 6.8003263584008578e-01 
39.400000 6.8328602176385733e-01 
39.600000 6.8648267857934475e-01 
39.800000 6.8962307749038487e-01 
40.000000 6.9270768875857391e-01 
40.200000 6.9573698364026126e-01 
40.400000 6.9871143606075548e-01 
40.600000 7.0163152404312090e-01 
40.800000 7.0449773090909440e-01 
41.000000 7.0731054626929313e-01 
41.200000 7.1007046681962172e-01 
41.400000 7.1277799696030864e-01 
41.600000 7.1543364925343611e-01 
41.800000 7.1803794473420435e-01 
42.000000 7.2059141309051689e-01 
42.200000 7.2309459272466881e-01 
42.400000 7.2554803071026130e-01 
42.600000 7.2795228265660428e-01 
42.800000 7.3030791249211036e-01 
43.000000 7.3261549217741961e-01 
43.200000 7.3487560135819774e-01 
43.400000 7.3708882696677536e-01 
43.600000 7.3925576278107585e-01 
43.800000 7.4137700894859815e-01 
44.000000 7.4345317148240686e-01 
44.200000 7.4548486173562756e-01 
44.400000 7.4747269586011134e-01 
44.600000 7.4941729425449211e-01 
44.800000 7.5131928100626422e-01 
45.000000 7.5317928333194362e-01 
45.200000 7.5499793101897517e-01 
45.400000 7.5677585587255070e-01 
45.600000 7.5851369117006406e-01 
45.800000 7.6021207112566747e-01 
46.000000 7.6187163036687167e-01 
46.200000 7.6349300342497217e-01 
46.400000 7.6507682424072510e-01 
46.600000 7.6662372568640347e-01 
46.800000 7.6813433910524231e-01 
47.000000 7.6960929386890919e-01 
47.200000 7.7104921695363049e-01 
47.400000 7.7245473253526908e-01 
47.600000 7.7382646160361013e-01 
47.800000 7.7516502159595391e-01 
48.000000 7.7647102604995744e-01 
48.200000 7.7774508427565214e-01 
48.400000 7.7898780104637799e-01 
48.600000 7.8019977630838144e-01 
48.800000 7.8138160490874786e-01 
49.000000 7.8253387634122074e-01 
49.200000 7.8365717450952155e-01 
49.400000 7.8475207750764875e-01 
49.600000 7.8581915741670083e-01 
49.800000 7.8685898011763833e-01 
50.000000 7.8787210511950478e-01 
50.200000 7.8885908540248817e-01 
50.400000 7.8982046727533672e-01 
50.600000 7.9075679024648871e-01 
50.800000 7.9166858690840136e-01 
51.000000 7.9255638283452534e-01 
51.200000 7.9342069648832514e-01 
51.400000 7.9426203914384763e-01 
51.600000 7.9508091481726373e-01 
51.800000 7.9587782020889530e-01 
52.000000 7.9665324465516918e-01 
52.200000 7.9740767009004998e-01 
52.400000 7.9814157101540284e-01 
52.600000 7.9885541447988828e-01 
52.800000 7.9954966006586625e-01 
53.000000 8.0022475988389852e-01 
53.200000 8.0088115857443420e-01 
53.400000 8.0151929331624050e-01 
53.600000 8.0213959384120648e-01 
53.800000 8.0274248245512814e-01 
54.000000 8.0332837406412150e-01 
54.200000 8.0389767620629449e-01 
54.400000 8.0445078908838108e-01 
54.600000 8.0498810562695855e-01 
54.800000 8.0551001149402424e-01 
55.000000 8.0601688516655012e-01 
55.200000 8.0650909797980552e-01 
55.400000 8.0698701418415042e-01 
55.600000 8.0745099100504947e-01 
55.800000 8.0790137870607315e-01 
56.000000 8.0833852065464495e-01 
56.200000 8.0876275339033921e-01 
56.400000 8.0917440669547847e-01 
56.600000 8.0957380366789677e-01 
56.800000 8.0996126079560504e-01 
57.000000 8.1033708803325677e-01 
57.200000 8.1070158888019317e-01 
57.400000 8.1105506045991749e-01 
57.600000 8.1139779360087438e-01 
57.800000 8.1173007291834898e-01 
58.000000 8.1205217689738518e-01 
58.200000 8.1236437797657302e-01 
58.400000 8.1266694263259132e-01 
58.600000 8.1296013146539203e-01 
58.800000 8.1324419928390512e-01 
59.000000 8.1351939519218530e-01 
59.200000 8.1378596267587633e-01 
59.400000 8.1404413968890443e-01 
59.600000 8.1429415874035838e-01 
59.800000 8.1453624698138849e-01 
60.000000 8.1477062629213948e-01 
60.200000 8.1499751336857273e-01 
60.400000 8.1521711980916600e-01 
60.600000 8.1542965220136554e-01 
60.800000 8.1563531220780272e-01 
61.000000 8.1583429665214569e-01 
61.200000 8.1602679760458241e-01 
61.400000 8.1621300246686335e-01 
61.600000 8.1639309405686489e-01 
61.800000 8.1656725069262059e-01 
62.000000 8.1673564627579354e-01 
62.200000 8.1689845037452014e-01 
62.400000 8.1705582830564893e-01 
62.600000 8.1720794121625384e-01 
62.800000 8.1735494616448634e-01 
63.000000 8.1749699619965632e-01 
63.200000 8.1763424044156952e-01 
63.400000 8.1776682415905944e-01 
63.600000 8.1789488884771966e-01 
63.800000 8.1801857230680175e-01 
64.000000 8.1813800871524378e-01 
64.200000 8.1825332870684919e-01 
64.400000 8.1836465944456038e-01 
64.600000 8.1847212469384034e-01 
64.800000 8.1857584489514068e-01 
65.000000 8.1867593723542065e-01 
65.200000 8.1877251571875309e-01 
65.400000 8.1886569123596498e-01 
65.600000 8.1895557163332289e-01 
65.800000 8.1904226178026729e-01 
66.000000 8.1912586363615214e-01 
66.200000 8.1920647631603194e-01 
66.400000 8.1928419615546000e-01 
66.600000 8.1935911677428874e-01 
66.800000 8.1943132913951278e-01 
67.000000 8.1950092162709898e-01 
67.200000 8.1956798008284681e-01 
67.400000 8.1963258788224569e-01 
67.600000 8.1969482598935595e-01 
67.800000 8.1975477301470190e-01 
68.000000 8.1981250527216465e-01 
68.200000 8.1986809683493311e-01 
68.400000 8.1992161959042453e-01 
68.600000 8.1997314329428284e-01 
68.800000 8.2002273562336048e-01 
69.000000 8.2007046222777269e-01 
69.200000 8.2011638678198528e-01 
69.400000 8.2016057103491680e-01 
69.600000 8.2020307485914734e-01 
69.800000 8.2024395629913605e-01 
70.000000 8.2028327161855052e-01 
70.200000 8.2032107534662368e-01 
70.400000 8.2035742032364356e-01 
70.600000 8.2039235774549113e-01 
70.800000 8.2042593720729573e-01 
71.000000 8.2045820674620684e-01 
71.200000 8.2048921288326238e-01 
71.400000 8.2051900066440142e-01 
71.600000 8.2054761370059470e-01 
71.800000 8.2057509420713814e-01 
72.000000 8.2060148304209213e-01 
72.200000 8.2062681974388751e-01 
72.400000 8.2065114256810823e-01 
72.600000 8.2067448852345792e-01 
72.800000 8.2069689340693186e-01 
73.000000 8.2071839183818363e-01 
73.200000 8.2073901729311871e-01 
73.400000 8.2075880213671715e-01 
73.600000 8.2077777765509563e-01 
73.800000 8.2079597408682492e-01 
74.000000 8.2081342065348883e-01 
74.200000 8.2083014558955825e-01 
74.400000 8.2084617617151390e-01 
74.600000 8.2086153874627887e-01 
74.800000 8.2087625875896664e-01 
75.000000 8.2089036077993005e-01 
75.200000 8.2090386853116559e-01 
75.400000 8.2091680491203500e-01 
75.600000 8.2092919202436621e-01 
75.800000 8.2094105119688932e-01 
76.000000 8.2095240300907912e-01 
76.200000 8.2096326731436564e-01 
76.400000 8.2097366326274757e-01 
76.600000 8.2098360932282499e-01 
76.800000 8.2099312330324137e-01 
77.000000 8.2100222237355736e-01 
77.200000 8.2101092308459012e-01 
77.400000 8.2101924138817517e-01 
77.600000 8.2102719265641344e-01 
77.800000 8.2103479170040228e-01 
78.000000 8.2104205278842013e-01 
78.200000 8.2104898966365025e-01 
78.400000 8.2105561556137530e-01 
78.600000 8.2106194322572634e-01 
78.800000 8.2106798492592725e-01 
79.000000 8.2107375247209480e-01 
79.200000 8.2107925723059705e-01 
79.400000 8.2108451013895012e-01 
79.600000 8.2108952172029415e-01 
79.800000 8.2109430209745826e-01 
80.000000 8.2109886100658935e-01 
80.200000 8.2110320781040591e-01 
80.400000 8.2110735151104586e-01 
80.600000 8.2111130076252625e-01 
80.800000 8.2111506388284305e-01 
81.000000 8.2111864886568875e-01 
81.200000 8.2112206339183336e-01 
81.400000 8.2112531484013740e-01 
81.600000 8.2112841029825223e-01 
81.800000 8.2113135657295189e-01 
82.000000 8.2113416020018137e-01 
82.200000 8.2113682745477601e-01 
82.400000 8.2113936435986046e-01 
82.600000 8.2114177669597244e-01 
82.800000 8.2114407000989076e-01 
83.000000 8.2114624962316773e-01 
83.200000 8.2114832064040189e-01 
83.400000 8.2115028795723621e-01 
83.600000 8.2115215626809923e-01 
83.800000 8.2115393007368587e-01 
84.000000 8.2115561368819867e-01 
84.200000 8.2115721124635610e-01 
84.400000 8.2115872671014734e-01 
84.600000 8.2116016387537349e-01 
84.800000 8.2116152637797946e-01 
85.000000 8.2116281770015398e-01 
85.200000 8.2116404117622210e-01 
85.400000 8.2116519999835880e-01 
85.600000 8.2116629722207501e-01 
85.800000 8.2116733577154455e-01 
86.000000 8.2116831844472216e-01 
86.200000 8.2116924791829327e-01 
86.400000 8.2117012675245793e-01 
86.600000 8.2117095739552437e-01 
86.800000 8.2117174218836508e-01 
87.000000 8.2117248336870052e-01 
87.200000 8.2117318307523024e-01 
87.400000 8.2117384335161325e-01 
87.600000 8.2117446615031264e-01 
87.800000 8.2117505333630125e-01 
88.000000 8.2117560669061551e-01 
88.200000 8.2117612791379713e-01 
88.400000 8.2117661862921143e-01 
88.600000 8.2117708038620985e-01 
88.800000 8.2117751466321953e-01 
89.000000 8.2117792287069069e-01 
89.200000 8.2117830635392841e-01 
89.400000 8.2117866639584114e-01 
89.600000 8.2117900421956291e-01 
89.800000 8.2117932099098934e-01 
90.000000 8.2117961782120918e-01 
90.200000 8.2117989576884465e-01 
90.400000 8.2118015584230886e-01 
90.600000 8.2118039900195305e-01 
90.800000 8.2118062616216203e-01 
91.000000 8.2118083819333765e-01 
91.200000 8.2118103592382852e-01 
91.400000 8.2118122014176720e-01 
91.600000 8.2118139159683889e-01 
91.800000 8.2118155100198309e-01 
92.000000 8.2118169903502225e-01 
92.200000 8.2118183634023145e-01 
92.400000 8.2118196352983597e-01 
92.600000 8.2118208118545011e-01 
92.800000 8.2118218985947100e-01 
93.000000 8.2118229007639032e-01 
93.200000 8.2118238233407237e-01 
93.400000 8.2118246710497289e-01 
93.600000 8.2118254483730801e-01 
93.800000 8.2118261595616715e-01 
94.000000 8.2118268086459334e-01 
94.200000 8.2118273994460123e-01 
94.400000 8.2118279355817225e-01 
94.600000 8.2118284204819159e-01 
94.800000 8.2118288573934051e-01 
95.000000 8.2118292493897649e-01 
95.200000 8.2118295993794588e-01 
95.400000 8.2118299101138581e-01 
95.600000 8.2118301841946495e-01 
95.800000 8.2118304240812268e-01 
96.000000 8.2118306320975198e-01 
96.200000 8.2118308104385851e-01 
96.400000 8.2118309611770024e-01 
96.600000 8.2118310862688293e-01 
96.800000 8.2118311875594141e-01 
97.000000 8.2118312667889692e-01 
97.200000 8.2118313255976416e-01 
97.400000 8.2118313655307618e-01 
97.600000 8.2118313880435090e-01 
97.800000 8.2118313945055077e-01 
98.000000 8.2118313862052272e-01 
98.200000 8.2118313643541252e-01 
98.400000 8.2118313300906132e-01 
98.600000 8.2118312844838659e-01 
98.800000 8.2118312285374995e-01 
99.000000 8.2118311631927987e-01 
99.200000 8.2118310893323143e-01 
99.400000 8.2118310077827383e-01 
99.600000 8.2118309193179650e-01 
99.800000 8.2118308246619498e-01 
100.000000 8.2118307244913624e-01 
100.200000 8.2118306194382895e-01 
100.400000 8.2118305100924294e-01 
100.600000 8.2118303970036910e-01 
100.800000 8.2118302806841892e-01 
101.000000 8.2118301616105094e-01 
101.200000 8.2118300402256184e-01 
101.400000 8.2118299169407771e-01 
101.600000 8.2118297921373895e-01 
101.800000 8.2118296661686718e-01 
102.000000 8.2118295393613061e-01 
102.200000 8.2118294120169921e-01 
102.400000 8.2118292844138296e-01 
102.600000 8.2118291568079183e-01 
102.800000 8.2118290294344631e-01 
103.000000 8.2118289025090974e-01 
103.200000 8.2118287762291453e-01 
103.400000 8.2118286507746441e-01 
103.600000 8.2118285263095070e-01 
103.800000 8.2118284029824262e-01 
104.000000 8.2118282809279075e-01 
104.200000 8.2118281602671739e-01 
104.400000 8.2118280411089695e-01 
104.600000 8.2118279235504410e-01 
104.800000 8.2118278076778695e-01 
105.000000 8.2118276935673273e-01 
105.200000 8.2118275812855024e-01 
105.400000 8.2118274708902284e-01 
105.600000 8.2118273624311577e-01 
105.800000 8.2118272559503025e-01 
106.000000 8.2118271514826169e-01 
106.200000 8.2118270490564327e-01 
106.400000 8.2118269486940332e-01 
106.600000 8.2118268504120739e-01 
106.800000 8.2118267542220014e-01 
107.000000 8.2118266601304291e-01 
107.200000 8.2118265681395997e-01 
107.400000 8.2118264782476280e-01 
107.600000 8.2118263904489619e-01 
107.800000 8.2118263047345896e-01 
108.000000 8.2118262210924053e-01 
108.200000 8.2118261395074466e-01 
108.400000 8.2118260599621662e-01 
108.600000 8.2118259824366846e-01 
108.800000 8.2118259069090049e-01 
109.000000 8.2118258333552563e-01 
109.200000 8.2118257617498380e-01 
109.400000 8.2118256920656418e-01 
109.600000 8.2118256242742382e-01 
109.800000 8.2118255583459865e-01 
110.000000 8.2118254942503055e-01 
110.200000 8.2118254319556039e-01 
110.400000 8.2118253714296296e-01 
110.600000 8.2118253126395024e-01 
110.800000 8.2118252555517424e-01 
111.000000 8.2118252001325187e-01 
111.200000 8.2118251463477177e-01 
111.400000 8.2118250941628845e-01 
111.600000 8.2118250435435247e-01 
111.800000 8.2118249944550237e-01 
112.000000 8.2118249468627869e-01 
112.200000 8.2118249007322308e-01 
112.400000 8.2118248560289919e-01 
112.600000 8.2118248127188354e-01 
112.800000 8.2118247707676884e-01 
113.000000 8.2118247301418612e-01 
113.200000 8.2118246908079107e-01 
113.400000 8.2118246527327343e-01 
113.600000 8.2118246158836672e-01 
113.800000 8.2118245802283829e-01 
114.000000 8.2118245457350525e-01 
114.200000 8.2118245123722655e-01 
114.400000 8.2118244801091111e-01 
114.600000 8.2118244489151693e-01 
114.800000 8.2118244187605394e-01 
115.000000 8.2118243896158460e-01 
115.200000 8.2118243614522590e-01 
115.400000 8.2118243342415087e-01 
115.600000 8.2118243079558206e-01 
115.800000 8.2118242825680476e-01 
116.000000 8.2118242580515899e-01 
116.200000 8.2118242343804015e-01 
116.400000 8.2118242115290130e-01 
116.600000 8.2118241894725552e-01 
116.800000 8.2118241681866633e-01 
117.000000 8.2118241476476217e-01 
117.200000 8.2118241278321935e-01 
117.400000 8.2118241087178045e-01 
117.600000 8.2118240902823492e-01 
117.800000 8.2118240725043234e-01 
118.000000 8.2118240553627642e-01 
118.200000 8.2118240388372454e-01 
118.400000 8.2118240229078654e-01 
118.600000 8.2118240075552762e-01 
118.800000 8.2118239927606218e-01 
119.000000 8.2118239785055647e-01 
119.200000 8.2118239647722890e-01 
119.400000 8.2118239515435032e-01 
119.600000 8.2118239388023462e-01 
119.800000 8.2118239265324056e-01 
120.000000 8.2118239147178518e-01 
120.200000 8.2118239033432372e-01 
120.400000 8.2118238923935971e-01 
120.600000 8.2118238818543710e-01 
120.800000 8.2118238717114422e-01 
121.000000 8.2118238619511641e-01 
121.200000 8.2118238525602938e-01 
121.400000 8.2118238435258895e-01 
121.600000 8.2118238348355543e-01 
121.800000 8.2118238264771781e-01 
122.000000 8.2118238184390480e-01 
122.200000 8.2118238107098784e-01 
122.400000 8.2118238032786317e-01 
122.600000 8.2118237961346918e-01 
122.800000 8.2118237892678070e-01 
123.000000 8.2118237826679752e-01 
123.200000 8.2118237763255864e-01 
123.400000 8.2118237702312935e-01 
123.600000 8.2118237643761249e-01 
123.800000 8.2118237587513065e-01 
124.000000 8.2118237533484362e-01 
124.200000 8.2118237481593659e-01 
124.400000 8.2118237431762253e-01 
124.600000 8.2118237383913750e-01 
124.800000 8.2118237337974931e-01 
125.000000 8.2118237293874263e-01 
125.200000 8.2118237251543502e-01 
125.400000 8.2118237210916267e-01 
125.600000 8.2118237171928643e-01 
125.800000 8.2118237134518612e-01 
126.000000 8.2118237098626801e-01 
126.200000 8.2118237064195276e-01 
126.400000 8.2118237031168662e-01 
126.600000 8.2118236999493621e-01 
126.800000 8.2118236969118186e-01 
127.000000 8.2118236939992417e-01 
127.200000 8.2118236912068332e-01 
127.400000 8.2118236885299667e-01 
127.600000 8.2118236859641125e-01 
127.800000 8.2118236835050351e-01 
128.000000 8.2118236811485079e-01 
128.200000 8.2118236788905885e-01 
128.400000 8.2118236767273922e-01 
128.600000 8.2118236746551776e-01 
128.800000 8.2118236726703953e-01 
129.000000 8.2118236707695813e-01 
129.200000 8.2118236689494017e-01 
129.400000 8.2118236672066491e-01 
129.600000 8.2118236655382360e-01 
129.800000 8.2118236639412256e-01 
130.000000 8.2118236624127738e-01 
130.200000 8.2118236609500550e-01 
130.400000 8.2118236595504857e-01 
130.600000 8.2118236582114934e-01 
130.800000 8.2118236569306280e-01 
131.000000 8.2118236557055424e-01 
131.200000 8.2118236545339440e-01 
131.400000 8.2118236534136635e-01 
131.600000 8.2118236523426158e-01 
131.800000 8.2118236513187559e-01 
132.000000 8.2118236503401665e-01 
132.200000 8.2118236494049479e-01 
132.400000 8.2118236485113327e-01 
132.600000 8.2118236476575956e-01 
132.800000 8.2118236468420747e-01 
133.000000 8.2118236460631566e-01 
133.200000 8.2118236453193394e-01 
133.400000 8.2118236446091275e-01 
133.600000 8.2118236439311443e-01 
133.800000 8.2118236432839820e-01 
134.000000 8.2118236426663671e-01 
134.200000 8.2118236420770330e-01 
134.400000 8.2118236415147861e-01 
134.600000 8.2118236409784784e-01 
134.800000 8.2118236404669875e-01 
135.000000 8.2118236399792421e-01 
135.200000 8.2118236395142374e-01 
135.400000 8.2118236390709942e-01 
135.600000 8.2118236386485588e-01 
135.800000 8.2118236382460308e-01 
136.000000 8.2118236378625442e-01 
136.200000 8.2118236374972664e-01 
136.400000 8.2118236371493836e-01 
136.600000 8.2118236368181796e-01 
136.800000 8.2118236365028496e-01 
137.000000 8.2118236362027552e-01 
137.200000 8.2118236359171959e-01 
137.400000 8.2118236356455065e-01 
137.600000 8.2118236353871110e-01 
137.800000 8.2118236351413842e-01 
138.000000 8.2118236349077556e-01 
138.200000 8.2118236346856610e-01 
138.400000 8.2118236344746254e-01 
138.600000 8.2118236342741180e-01 
138.800000 8.2118236340836681e-01 
139.000000 8.2118236339027928e-01 
139.200000 8.2118236337310879e-01 
139.400000 8.2118236335681150e-01 
139.600000 8.2118236334134409e-01 
139.800000 8.2118236332667360e-01 
140.000000 8.2118236331276029e-01 
140.200000 8.2118236329956595e-01 
140.400000 8.2118236328706107e-01 
140.600000 8.2118236327521132e-01 
140.800000 8.2118236326398564e-01 
141.000000 8.2118236325335292e-01 
141.200000 8.2118236324328897e-01 
141.400000 8.2118236323376259e-01 
141.600000 8.2118236322474847e-01 
141.800000 8.2118236321622451e-01 
142.000000 8.2118236320816196e-01 
142.200000 8.2118236320054350e-01 
142.400000 8.2118236319334503e-01 
142.600000 8.2118236318654503e-01 
142.800000 8.2118236318012661e-01 
143.000000 8.2118236317406612e-01 
143.200000 8.2118236316835114e-01 
143.400000 8.2118236316296001e-01 
143.600000 8.2118236315787818e-01 
143.800000 8.2118236315308968e-01 
144.000000 8.2118236314858073e-01 
144.200000 8.2118236314433701e-01 
144.400000 8.2118236314034132e-01 
144.600000 8.2118236313658488e-01 
144.800000 8.2118236313305570e-01 
145.000000 8.2118236312973891e-01 
145.200000 8.2118236312662662e-01 
145.400000 8.2118236312370463e-01 
145.600000 8.2118236312096615e-01 
145.800000 8.2118236311839887e-01 
146.000000 8.2118236311599802e-01 
146.200000 8.2118236311374859e-01 
146.400000 8.2118236311164483e-01 
146.600000 8.2118236310968251e-01 
146.800000 8.2118236310785064e-01 
147.000000 8.2118236310614057e-01 
147.200000 8.2118236310454928e-01 
147.400000 8.2118236310307369e-01 
147.600000 8.2118236310170389e-01 
147.800000 8.2118236310043524e-01 
148.000000 8.2118236309926429e-01 
148.200000 8.2118236309818204e-01 
148.400000 8.2118236309718695e-01 
148.600000 8.2118236309627146e-01 
148.800000 8.2118236309543113e-01 
149.000000 8.2118236309466142e-01 
149.200000 8.2118236309395809e-01 
149.400000 8.2118236309331671e-01 
149.600000 8.2118236309273329e-01 
149.800000 8.2118236309220005e-01 
