0.000000 5.8032588348661956e-03 
0.200000 5.8033147197863472e-03 
0.400000 5.8036828238404812e-03 
0.600000 5.8047337500389045e-03 
0.800000 5.8067949901942388e-03 
1.000000 5.8101559865947278e-03 
1.200000 5.8150725913122059e-03 
1.400000 5.8217710127594184e-03 
1.600000 5.8304513010617835e-03 
1.800000 5.8412944397590871e-03 
2.000000 5.8544734497683309e-03 
2.200000 5.8701502673767217e-03 
2.400000 5.8884756895831751e-03 
2.600000 5.9095896986420589e-03 
2.800000 5.9336253794616241e-03 
3.000000 5.9607104923187961e-03 
3.200000 5.9909688162372594e-03 
3.400000 6.0245229344827135e-03 
3.600000 6.0614974392046847e-03 
3.800000 6.1020113501589167e-03 
4.000000 6.1461828801150321e-03 
4.200000 6.1941311718853838e-03 
4.400000 6.2459776754252901e-03 
4.600000 6.3018473670609235e-03 
4.800000 6.3618698637815810e-03 
5.000000 6.4261803410565789e-03 
5.200000 6.4949206280828361e-03 
5.400000 6.5682398744190554e-03 
5.600000 6.6462946252350249e-03 
5.800000 6.7292503190847890e-03 
6.000000 6.8172817479213287e-03 
6.200000 6.9105738290899943e-03 
6.400000 7.0093223220656000e-03 
6.600000 7.1137344180212799e-03 
6.800000 7.2240296451924271e-03 
7.000000 7.3404407770052181e-03 
7.200000 7.4632148315723242e-03 
7.400000 7.5926141348262952e-03 
7.600000 7.7289173976331392e-03 
7.800000 7.8724208466312874e-03 
8.000000 8.0234394144878991e-03 
8.200000 8.1823080323145721e-03 
8.400000 8.3493829325270025e-03 
8.600000 8.5250429391245282e-03 
8.800000 8.7096910797982950e-03 
9.000000 8.9037561278019518e-03 
9.200000 9.1076942998017593e-03 
9.400000 9.3219910714778653e-03 
9.600000 9.5471631264830506e-03 
9.800000 9.7837604348486335e-03 
10.000000 1.0032368460365941e-02 
10.200000 1.0293610524066086e-02 
10.400000 1.0568150341830762e-02 
10.600000 1.0856694732112263e-02 
10.800000 1.1159996505302333e-02 
11.000000 1.1478857542261090e-02 
11.200000 1.1814132078003964e-02 
11.400000 1.2166730185618407e-02 
11.600000 1.2537621466513917e-02 
11.800000 1.2927839010423412e-02 
12.000000 1.3338483573379188e-02 
12.200000 1.3770728018171379e-02 
12.400000 1.4225822019462864e-02 
12.600000 1.4705097041898950e-02 
12.800000 1.5209971600664998e-02 
13.000000 1.5741956809341907e-02 
13.200000 1.6302662222313927e-02 
13.400000 1.6893801972111884e-02 
13.600000 1.7517201199576928e-02 
13.800000 1.8174802772983591e-02 
14.000000 1.8868674287937662e-02 
14.200000 1.9601015331375888e-02 
14.400000 2.0374164989080037e-02 
14.600000 2.1190609574356391e-02 
14.800000 2.2052990539501497e-02 
15.000000 2.2964112522049881e-02 
15.200000 2.3926951472573569e-02 
15.400000 2.4944662793785235e-02 
15.600000 2.6020589406782070e-02 
15.800000 2.7158269644149965e-02 
16.000000 2.8361444851793184e-02 
16.200000 2.9634066560714108e-02 
16.400000 3.0980303067805717e-02 
16.600000 3.2404545241170743e-02 
16.800000 3.3911411339731121e-02 
17.000000 3.5505750610187889e-02 
17.200000 3.7192645395744253e-02 
17.400000 3.8977411462796922e-02 
17.600000 4.0865596225397892e-02 
17.800000 4.2862974516715453e-02 
18.000000 4.4975541534777043e-02 
18.200000 4.7209502566966141e-02 
18.400000 4.9571259081993904e-02 
18.600000 5.2067390768428930e-02 
18.800000 5.4704633098473843e-02 
19.000000 5.7489850006235153e-02 
19.200000 6.0430001293608294e-02 
19.400000 6.3532104416457638e-02 
19.600000 6.6803190361349074e-02 
19.800000 7.0250253400617829e-02 
20.000000 7.3880194612798447e-02 
20.200000 7.7699759177415659e-02 
20.400000 8.1715467598508729e-02 
20.600000 8.5933541179586515e-02 
20.800000 9.0359822261457320e-02 
21.000000 9.4999689942118187e-02 
21.200000 9.9857972219097715e-02 
21.400000 1.0493885572391312e-01 
21.600000 1.1024579444821216e-01 
21.800000 1.1578141908267611e-01 
22.000000 1.2154744879268389e-01 
22.200000 1.2754460742764981e-01 
22.400000 1.3377254629186044e-01 
22.600000 1.4022977568146436e-01 
22.800000 1.4691360740347945e-01 
23.000000 1.5382011042820920e-01 
23.200000 1.6094408167867677e-01 
23.400000 1.6827903372515246e-01 
23.600000 1.7581720082950267e-01 
23.800000 1.8354956437743380e-01 
24.000000 1.9146589825700705e-01 
24.200000 1.9955483420431830e-01 
24.400000 2.0780394656228340e-01 
24.600000 2.1619985531049143e-01 
24.800000 2.2472834565004859e-01 
25.000000 2.3337450189520806e-01 
25.200000 2.4212285296036792e-01 
25.400000 2.5095752636059387e-01 
25.600000 2.5986240738521144e-01 
25.800000 2.6882129997012477e-01 
26.000000 2.7781808579060663e-01 
26.200000 2.8683687822052090e-01 
26.400000 2.9586216804679460e-01 
26.600000 3.0487895817388516e-01 
26.800000 3.1387288498135413e-01 
27.000000 3.2283032448480514e-01 
27.200000 3.3173848197094941e-01 
27.400000 3.4058546430679698e-01 
27.600000 3.4936033463782534e-01 
27.800000 3.5805314967058133e-01 
28.000000 3.6665498016555181e-01 
28.200000 3.7515791563459944e-01 
28.400000 3.8355505453648586e-01 
28.600000 3.9184048149090844e-01 
28.800000 4.0000923318641851e-01 
29.000000 4.0805725474439336e-01 
29.200000 4.1598134832563605e-01 
29.400000 4.2377911573607469e-01 
29.600000 4.3144889671208786e-01 
29.800000 4.3898970445339586e-01 
30.000000 4.4640115983160872e-01 
30.200000 4.5368342554393365e-01 
30.400000 4.6083714131248399e-01 
30.600000 4.6786336105700277e-01 
30.800000 4.7476349279868663e-01 
31.000000 4.8153924188984448e-01 
31.200000 4.8819255801224404e-01 
31.400000 4.9472558624852597e-01 
31.600000 5.0114062240779289e-01 
31.800000 5.0744007267924884e-01 
32.000000 5.1362641759640637e-01 
32.200000 5.1970218021884618e-01 
32.400000 5.2566989837759115e-01 
32.600000 5.3153210078289814e-01 
32.800000 5.3729128675836058e-01 
33.000000 5.4294990934112897e-01 
33.200000 5.4851036147344157e-01 
33.400000 5.5397496500403920e-01 
33.600000 5.5934596221818678e-01 
33.800000 5.6462550962035407e-01 
34.000000 5.6981567370348762e-01 
34.200000 5.7491842845162722e-01 
34.400000 5.7993565433791883e-01 
34.600000 5.8486913859687917e-01 
34.800000 5.8972057656737575e-01 
35.000000 5.9449157392090990e-01 
35.200000 5.9918364960760429e-01 
35.400000 6.0379823936995625e-01 
35.600000 6.0833669969114923e-01 
35.800000 6.1280031206082808e-01 
36.000000 6.1719028745613169e-01 
36.200000 6.2150777094986787e-01 
36.400000 6.2575384637044951e-01 
36.600000 6.2992954094992759e-01 
36.800000 6.3403582990716567e-01 
37.000000 6.3807364092254693e-01 
37.200000 6.4204385846925638e-01 
37.400000 6.4594732797351773e-01 
37.600000 6.4978485978278455e-01 
37.800000 6.5355723292664225e-01 
38.000000 6.5726519865996247e-01 
38.200000 6.6090948378216963e-01 
38.400000 6.6449079372994169e-01 
38.600000 6.6800981544368254e-01 
38.800000 6.7146722001052650e-01 
39.000000 6.7486366508863826e-01 
39.200000 6.7819979711918743e-01 
39.400000 6.8147625333354733e-01 
39.600000 6.8469366356430239e-01 
39.800000 6.8785265186927957e-01 
40.000000 6.9095383797828469e-01 
40.200000 6.9399783857252073e-01 
40.400000 6.9698526840677899e-01 
40.600000 6.9991674128449344e-01 
40.800000 7.0279287089564568e-01 
41.000000 7.0561427152732703e-01 
41.200000 7.0838155865646824e-01 
41.400000 7.1109534943400554e-01 
41.600000 7.1375626306934603e-01 
41.800000 7.1636492112363848e-01 
42.000000 7.1892194772001328e-01 
42.200000 7.2142796967843970e-01 
42.400000 7.2388361658256106e-01 
42.600000 7.2628952078534570e-01 
42.800000 7.2864631736006935e-01 
43.000000 7.3095464400267873e-01 
43.200000 7.3321514089121709e-01 
43.400000 7.3542845050761607e-01 
43.600000 7.3759521742675149e-01 
43.800000 7.3971608807734979e-01 
44.000000 7.4179171047896308e-01 
44.200000 7.4382273395888454e-01 
44.400000 7.4580980885260584e-01 
44.600000 7.4775358619108545e-01 
44.800000 7.4965471737784539e-01 
45.000000 7.5151385385860214e-01 
45.200000 7.5333164678595954e-01 
45.400000 7.5510874668137684e-01 
45.600000 7.5684580309647387e-01 
45.800000 7.5854346427545116e-01 
46.000000 7.6020237682031755e-01 
46.200000 7.6182318536031468e-01 
46.400000 7.6340653222687438e-01 
46.600000 7.6495305713519579e-01 
46.800000 7.6646339687343579e-01 
47.000000 7.6793818500040767e-01 
47.200000 7.6937805155242645e-01 
47.400000 7.7078362276002643e-01 
47.600000 7.7215552077495409e-01 
47.800000 7.7349436340794897e-01 
48.000000 7.7480076387756269e-01 
48.200000 7.7607533057031830e-01 
48.400000 7.7731866681236861e-01 
48.600000 7.7853137065276523e-01 
48.800000 7.7971403465839417e-01 
49.000000 7.8086724572057598e-01 
49.200000 7.8199158487329345e-01 
49.400000 7.8308762712293900e-01 
49.600000 7.8415594128946853e-01 
49.800000 7.8519708985880565e-01 
50.000000 7.8621162884627971e-01 
50.200000 7.8720010767091120e-01 
50.400000 7.8816306904029765e-01 
50.600000 7.8910104884583598e-01 
50.800000 7.9001457606802084e-01 
51.000000 7.9090417269152213e-01 
51.200000 7.9177035362976911e-01 
51.400000 7.9261362665870072e-01 
51.600000 7.9343449235941321e-01 
51.800000 7.9423344406935648e-01 
52.000000 7.9501096784179426e-01 
52.200000 7.9576754241317582e-01 
52.400000 7.9650363917813183e-01 
52.600000 7.9721972217175441e-01 
52.800000 7.9791624805887618e-01 
53.000000 7.9859366612998894e-01 
53.200000 7.9925241830356453e-01 
53.400000 7.9989293913440895e-01 
53.600000 8.0051565582779083e-01 
53.800000 8.0112098825905342e-01 
54.000000 8.0170934899841673e-01 
54.200000 8.0228114334069056e-01 
54.400000 8.0283676933965531e-01 
54.600000 8.0337661784679337e-01 
54.800000 8.0390107255419785e-01 
55.000000 8.0441051004133679e-01 
55.200000 8.0490529982546877e-01 
55.400000 8.0538580441549590e-01 
55.600000 8.0585237936899323e-01 
55.800000 8.0630537335221952e-01 
56.000000 8.0674512820291522e-01 
56.200000 8.0717197899567084e-01 
56.400000 8.0758625410967000e-01 
56.600000 8.0798827529865003e-01 
56.800000 8.0837835776287381e-01 
57.000000 8.0875681022295576e-01 
57.200000 8.0912393499540780e-01 
57.400000 8.0948002806968189e-01 
57.600000 8.0982537918664133e-01 
57.800000 8.1016027191826401e-01 
58.000000 8.1048498374846178e-01 
58.200000 8.1079978615489545e-01 
58.400000 8.1110494469163297e-01 
58.600000 8.1140071907258227e-01 
58.800000 8.1168736325553648e-01 
59.000000 8.1196512552674882e-01 
59.200000 8.1223424858596194e-01 
59.400000 8.1249496963173184e-01 
59.600000 8.1274752044702947e-01 
59.800000 8.1299212748498006e-01 
60.000000 8.1322901195468023e-01 
60.200000 8.1345838990701513e-01 
60.400000 8.1368047232040763e-01 
60.600000 8.1389546518640810e-01 
60.800000 8.1410356959509234e-01 
61.000000 8.1430498182017796e-01 
61.200000 8.1449989340382178e-01 
61.400000 8.1468849124102083e-01 
61.600000 8.1487095766360818e-01 
61.800000 8.1504747052373105e-01 
62.000000 8.1521820327681960e-01 
62.200000 8.1538332506400923e-01 
62.400000 8.1554300079390440e-01 
62.600000 8.1569739122374119e-01 
62.800000 8.1584665303985049e-01 
63.000000 8.1599093893741215e-01 
63.200000 8.1613039769946050e-01 
63.400000 8.1626517427513468e-01 
63.600000 8.1639540985713022e-01 
63.800000 8.1652124195831177e-01 
64.000000 8.1664280448751203e-01 
64.200000 8.1676022782445745e-01 
64.400000 8.1687363889381559e-01 
64.600000 8.1698316123834314e-01 
64.800000 8.1708891509114390e-01 
65.000000 8.1719101744696787e-01 
65.200000 8.1728958213260228e-01 
65.400000 8.1738471987631844e-01 
65.600000 8.1747653837633327e-01 
65.800000 8.1756514236833711e-01 
66.000000 8.1765063369203805e-01 
66.200000 8.1773311135672033e-01 
66.400000 8.1781267160583637e-01 
66.600000 8.1788940798061283e-01 
66.800000 8.1796341138264572e-01 
67.000000 8.1803477013553061e-01 
67.200000 8.1810357004548950e-01 
67.400000 8.1816989446100763e-01 
67.600000 8.1823382433147729e-01 
67.800000 8.1829543826485585e-01 
68.000000 8.1835481258432874e-01 
68.200000 8.1841202138399405e-01 
68.400000 8.1846713658356873e-01 
68.600000 8.1852022798210289e-01 
68.800000 8.1857136331073255e-01 
69.000000 8.1862060828446004e-01 
69.200000 8.1866802665297533e-01 
69.400000 8.1871368025051683e-01 
69.600000 8.1875762904478200e-01 
69.800000 8.1879993118489791e-01 
70.000000 8.1884064304845794e-01 
70.200000 8.1887981928762443e-01 
70.400000 8.1891751287431325e-01 
70.600000 8.1895377514447576e-01 
70.800000 8.1898865584147063e-01 
71.000000 8.1902220315853591e-01 
71.200000 8.1905446378039304e-01 
71.400000 8.1908548292396854e-01 
71.600000 8.1911530437824631e-01 
71.800000 8.1914397054327182e-01 
72.000000 8.1917152246831537e-01 
72.200000 8.1919799988919395e-01 
72.400000 8.1922344126477142e-01 
72.600000 8.1924788381265035e-01 
72.800000 8.1927136354406238e-01 
73.000000 8.1929391529795970e-01 
73.200000 8.1931557277434297e-01 
73.400000 8.1933636856680847e-01 
73.600000 8.1935633419432852e-01 
73.800000 8.1937550013232863e-01 
74.000000 8.1939389584297728e-01 
74.200000 8.1941154980478625e-01 
74.400000 8.1942848954149661e-01 
74.600000 8.1944474165025427e-01 
74.800000 8.1946033182910216e-01 
75.000000 8.1947528490381627e-01 
75.200000 8.1948962485403165e-01 
75.400000 8.1950337483876001e-01 
75.600000 8.1951655722124561e-01 
75.800000 8.1952919359319321e-01 
76.000000 8.1954130479837117e-01 
76.200000 8.1955291095562710e-01 
76.400000 8.1956403148128176e-01 
76.600000 8.1957468511095632e-01 
76.800000 8.1958488992082235e-01 
77.000000 8.1959466334828379e-01 
77.200000 8.1960402221211948e-01 
77.400000 8.1961298273207128e-01 
77.600000 8.1962156054791335e-01 
77.800000 8.1962977073800158e-01 
78.000000 8.1963762783731708e-01 
78.200000 8.1964514585499659e-01 
78.400000 8.1965233829140860e-01 
78.600000 8.1965921815471998e-01 
78.800000 8.1966579797702355e-01 
79.000000 8.1967208982998563e-01 
79.200000 8.1967810534007612e-01 
79.400000 8.1968385570333857e-01 
79.600000 8.1968935169974866e-01 
79.800000 8.1969460370715452e-01 
80.000000 8.1969962171480626e-01 
80.200000 8.1970441533649663e-01 
80.400000 8.1970899382330831e-01 
80.600000 8.1971336607598144e-01 
80.800000 8.1971754065692892e-01 
81.000000 8.1972152580185742e-01 
81.200000 8.1972532943107845e-01 
81.400000 8.1972895916044564e-01 
81.600000 8.1973242231196897e-01 
81.800000 8.1973572592410626e-01 
82.000000 8.1973887676173918e-01 
82.200000 8.1974188132582071e-01 
82.400000 8.1974474586274748e-01 
82.600000 8.1974747637341994e-01 
82.800000 8.1975007862203197e-01 
83.000000 8.1975255814455406e-01 
83.200000 8.1975492025698748e-01 
83.400000 8.1975717006331250e-01 
83.600000 8.1975931246321609e-01 
83.800000 8.1976135215953372e-01 
84.000000 8.1976329366548539e-01 
84.200000 8.1976514131164391e-01 
84.400000 8.1976689925269930e-01 
84.600000 8.1976857147397808e-01 
84.800000 8.1977016179776119e-01 
85.000000 8.1977167388938654e-01 
85.200000 8.1977311126313557e-01 
85.400000 8.1977447728795105e-01 
85.600000 8.1977577519291822e-01 
85.800000 8.1977700807260812e-01 
86.000000 8.1977817889219085e-01 
86.200000 8.1977929049240483e-01 
86.400000 8.1978034559435109e-01 
86.600000 8.1978134680409953e-01 
86.800000 8.1978229661716573e-01 
87.000000 8.1978319742280870e-01 
87.200000 8.1978405150817768e-01 
87.400000 8.1978486106232806e-01 
87.600000 8.1978562818008360e-01 
87.800000 8.1978635486575890e-01 
88.000000 8.1978704303675043e-01 
88.200000 8.1978769452700995e-01 
88.400000 8.1978831109036898e-01 
88.600000 8.1978889440376734e-01 
88.800000 8.1978944607034521e-01 
89.000000 8.1978996762243506e-01 
89.200000 8.1979046052442561e-01 
89.400000 8.1979092617554439e-01 
89.600000 8.1979136591252155e-01 
89.800000 8.1979178101215555e-01 
90.000000 8.1979217269377735e-01 
90.200000 8.1979254212163932e-01 
90.400000 8.1979289040720538e-01 
90.600000 8.1979321861133558e-01 
90.800000 8.1979352774642222e-01 
91.000000 8.1979381877841728e-01 
91.200000 8.1979409262879122e-01 
91.400000 8.1979435017642499e-01 
91.600000 8.1979459225940166e-01 
91.800000 8.1979481967676338e-01 
92.000000 8.1979503319017333e-01 
92.200000 8.1979523352552830e-01 
92.400000 8.1979542137449346e-01 
92.600000 8.1979559739599472e-01 
92.800000 8.1979576221763140e-01 
93.000000 8.1979591643704597e-01 
93.200000 8.1979606062323696e-01 
93.400000 8.1979619531782788e-01 
93.600000 8.1979632103624678e-01 
93.800000 8.1979643826891879e-01 
94.000000 8.1979654748235276e-01 
94.200000 8.1979664912022776e-01 
94.400000 8.1979674360439814e-01 
94.600000 8.1979683133588888e-01 
94.800000 8.1979691269582466e-01 
95.000000 8.1979698804634082e-01 
95.200000 8.1979705773144051e-01 
95.400000 8.1979712207782551e-01 
95.600000 8.1979718139568802e-01 
95.800000 8.1979723597946819e-01 
96.000000 8.1979728610859248e-01 
96.200000 8.1979733204815297e-01 
96.400000 8.1979737404958719e-01 
96.600000 8.1979741235131043e-01 
96.800000 8.1979744717933489e-01 
97.000000 8.1979747874784181e-01 
97.200000 8.1979750725974609e-01 
97.400000 8.1979753290724255e-01 
97.600000 8.1979755587229874e-01 
97.800000 8.1979757632715811e-01 
98.000000 8.1979759443479971e-01 
98.200000 8.1979761034939558e-01 
98.400000 8.1979762421671742e-01 
98.600000 8.1979763617457402e-01 
98.800000 8.1979764635318031e-01 
99.000000 8.1979765487553591e-01 
99.200000 8.1979766185778014e-01 
99.400000 8.1979766740953841e-01 
99.600000 8.1979767163423600e-01 
99.800000 8.1979767462941300e-01 
100.000000 8.1979767648702628e-01 
100.200000 8.1979767729371877e-01 
100.400000 8.1979767713109730e-01 
100.600000 8.1979767607598830e-01 
100.800000 8.1979767420068184e-01 
101.000000 8.1979767157316086e-01 
101.200000 8.1979766825732814e-01 
101.400000 8.1979766431322221e-01 
101.600000 8.1979765979720742e-01 
101.800000 8.1979765476217259e-01 
102.000000 8.1979764925772491e-01 
102.200000 8.1979764333034399e-01 
102.400000 8.1979763702356645e-01 
102.600000 8.1979763037812925e-01 
102.800000 8.1979762343213280e-01 
103.000000 8.1979761622117564e-01 
103.200000 8.1979760877849162e-01 
103.400000 8.1979760113509004e-01 
103.600000 8.1979759331986024e-01 
103.800000 8.1979758535970426e-01 
104.000000 8.1979757727964297e-01 
104.200000 8.1979756910292267e-01 
104.400000 8.1979756085111133e-01 
104.600000 8.1979755254419973e-01 
104.800000 8.1979754420068807e-01 
105.000000 8.1979753583767878e-01 
105.200000 8.1979752747094436e-01 
105.400000 8.1979751911502252e-01 
105.600000 8.1979751078327823e-01 
105.800000 8.1979750248797345e-01 
106.000000 8.1979749424034287e-01 
106.200000 8.1979748605063907e-01 
106.400000 8.1979747792820945e-01 
106.600000 8.1979746988154933e-01 
106.800000 8.1979746191834191e-01 
107.000000 8.1979745404552495e-01 
107.200000 8.1979744626933304e-01 
107.400000 8.1979743859533316e-01 
107.600000 8.1979743102848746e-01 
107.800000 8.1979742357317087e-01 
108.000000 8.1979741623322566e-01 
108.200000 8.1979740901199827e-01 
108.400000 8.1979740191235573e-01 
108.600000 8.1979739493673709e-01 
108.800000 8.1979738808717584e-01 
109.000000 8.1979738136532376e-01 
109.200000 8.1979737477249615e-01 
109.400000 8.1979736830966576e-01 
109.600000 8.1979736197752395e-01 
109.800000 8.1979735577647050e-01 
110.000000 8.1979734970666107e-01 
110.200000 8.1979734376800495e-01 
110.400000 8.1979733796020415e-01 
110.600000 8.1979733228275420e-01 
110.800000 8.1979732673497396e-01 
111.000000 8.1979732131600858e-01 
111.200000 8.1979731602485706e-01 
111.400000 8.1979731086038354e-01 
111.600000 8.1979730582131505e-01 
111.800000 8.1979730090627745e-01 
112.000000 8.1979729611378693e-01 
112.200000 8.1979729144226754e-01 
112.400000 8.1979728689007447e-01 
112.600000 8.1979728245547701e-01 
112.800000 8.1979727813668535e-01 
113.000000 8.1979727393185819e-01 
113.200000 8.1979726983910772e-01 
113.400000 8.1979726585649471e-01 
113.600000 8.1979726198205849e-01 
113.800000 8.1979725821380223e-01 
114.000000 8.1979725454970986e-01 
114.200000 8.1979725098774703e-01 
114.400000 8.1979724752587257e-01 
114.600000 8.1979724416202704e-01 
114.800000 8.1979724089415862e-01 
115.000000 8.1979723772020574e-01 
115.200000 8.1979723463811816e-01 
115.400000 8.1979723164584872e-01 
115.600000 8.1979722874135597e-01 
115.800000 8.1979722592262227e-01 
116.000000 8.1979722318763393e-01 
116.200000 8.1979722053440052e-01 
116.400000 8.1979721796094596e-01 
116.600000 8.1979721546532403e-01 
116.800000 8.1979721304559983e-01 
117.000000 8.1979721069987366e-01 
117.200000 8.1979720842626003e-01 
117.400000 8.1979720622291141e-01 
117.600000 8.1979720408800005e-01 
117.800000 8.1979720201972972e-01 
118.000000 8.1979720001633549e-01 
118.200000 8.1979719807607720e-01 
118.400000 8.1979719619724689e-01 
118.600000 8.1979719437817522e-01 
118.800000 8.1979719261721673e-01 
119.000000 8.1979719091275971e-01 
119.200000 8.1979718926321943e-01 
119.400000 8.1979718766705412e-01 
119.600000 8.1979718612274566e-01 
119.800000 8.1979718462881024e-01 
120.000000 8.1979718318379846e-01 
120.200000 8.1979718178629135e-01 
120.400000 8.1979718043489791e-01 
120.600000 8.1979717912826755e-01 
120.800000 8.1979717786507444e-01 
121.000000 8.1979717664402751e-01 
121.200000 8.1979717546386477e-01 
121.400000 8.1979717432335542e-01 
121.600000 8.1979717322129786e-01 
121.800000 8.1979717215652415e-01 
122.000000 8.1979717112789008e-01 
122.200000 8.1979717013428521e-01 
122.400000 8.1979716917463219e-01 
122.600000 8.1979716824786764e-01 
122.800000 8.1979716735296881e-01 
123.000000 8.1979716648893863e-01 
123.200000 8.1979716565479788e-01 
123.400000 8.1979716484960696e-01 
123.600000 8.1979716407243997e-01 
123.800000 8.1979716332240837e-01 
124.000000 8.1979716259863700e-01 
124.200000 8.1979716190028118e-01 
124.400000 8.1979716122652113e-01 
124.600000 8.1979716057655672e-01 
124.800000 8.1979715994961166e-01 
125.000000 8.1979715934493791e-01 
125.200000 8.1979715876179671e-01 
125.400000 8.1979715819948318e-01 
125.600000 8.1979715765730909e-01 
125.800000 8.1979715713460222e-01 
126.000000 8.1979715663071695e-01 
126.200000 8.1979715614502524e-01 
126.400000 8.1979715567691147e-01 
126.600000 8.1979715522578989e-01 
126.800000 8.1979715479108262e-01 
127.000000 8.1979715437223499e-01 
127.200000 8.1979715396870778e-01 
127.400000 8.1979715357998051e-01 
127.600000 8.1979715320554469e-01 
127.800000 8.1979715284491073e-01 
128.000000 8.1979715249760421e-01 
128.200000 8.1979715216316662e-01 
128.400000 8.1979715184114654e-01 
128.600000 8.1979715153112054e-01 
128.800000 8.1979715123266528e-01 
129.000000 8.1979715094537897e-01 
129.200000 8.1979715066887049e-01 
129.400000 8.1979715040275902e-01 
129.600000 8.1979715014668397e-01 
129.800000 8.1979714990028241e-01 
130.000000 8.1979714966321782e-01 
130.200000 8.1979714943515891e-01 
130.400000 8.1979714921578217e-01 
130.600000 8.1979714900477951e-01 
130.800000 8.1979714880184940e-01 
131.000000 8.1979714860670205e-01 
131.200000 8.1979714841906060e-01 
131.400000 8.1979714823865180e-01 
131.600000 8.1979714806521453e-01 
131.800000 8.1979714789849401e-01 
132.000000 8.1979714773824819e-01 
132.200000 8.1979714758424072e-01 
132.400000 8.1979714743624366e-01 
132.600000 8.1979714729403597e-01 
132.800000 8.1979714715740626e-01 
133.000000 8.1979714702614559e-01 
133.200000 8.1979714690006145e-01 
133.400000 8.1979714677895899e-01 
133.600000 8.1979714666265258e-01 
133.800000 8.1979714655096458e-01 
134.000000 8.1979714644372492e-01 
134.200000 8.1979714634076362e-01 
134.400000 8.1979714624192257e-01 
134.600000 8.1979714614704779e-01 
134.800000 8.1979714605598908e-01 
135.000000 8.1979714596860032e-01 
135.200000 8.1979714588474650e-01 
135.400000 8.1979714580428997e-01 
135.600000 8.1979714572710438e-01 
135.800000 8.1979714565306283e-01 
136.000000 8.1979714558204753e-01 
136.200000 8.1979714551393923e-01 
136.400000 8.1979714544862947e-01 
136.600000 8.1979714538601089e-01 
136.800000 8.1979714532597492e-01 
137.000000 8.1979714526842706e-01 
137.200000 8.1979714521326807e-01 
137.400000 8.1979714516040614e-01 
137.600000 8.1979714510974933e-01 
137.800000 8.1979714506121582e-01 
138.000000 8.1979714501472001e-01 
138.200000 8.1979714497018041e-01 
138.400000 8.1979714492752442e-01 
138.600000 8.1979714488667410e-01 
138.800000 8.1979714484755806e-01 
139.000000 8.1979714481010957e-01 
139.200000 8.1979714477426147e-01 
139.400000 8.1979714473994969e-01 
139.600000 8.1979714470711396e-01 
139.800000 8.1979714467569342e-01 
140.000000 8.1979714464563413e-01 
140.200000 8.1979714461687758e-01 
140.400000 8.1979714458937591e-01 
140.600000 8.1979714456307573e-01 
140.800000 8.1979714453792618e-01 
141.000000 8.1979714451388375e-01 
141.200000 8.1979714449090579e-01 
141.400000 8.1979714446894347e-01 
141.600000 8.1979714444795881e-01 
141.800000 8.1979714442791063e-01 
142.000000 8.1979714440876228e-01 
142.200000 8.1979714439047247e-01 
142.400000 8.1979714437301165e-01 
142.600000 8.1979714435634132e-01 
142.800000 8.1979714434043172e-01 
143.000000 8.1979714432525019e-01 
143.200000 8.1979714431076478e-01 
143.400000 8.1979714429695050e-01 
143.600000 8.1979714428377570e-01 
143.800000 8.1979714427121853e-01 
144.000000 8.1979714425924777e-01 
144.200000 8.1979714424784234e-01 
144.400000 8.1979714423697880e-01 
144.600000 8.1979714422663319e-01 
144.800000 8.1979714421678729e-01 
145.000000 8.1979714420741567e-01 
145.200000 8.1979714419850369e-01 
145.400000 8.1979714419002936e-01 
145.600000 8.1979714418197447e-01 
145.800000 8.1979714417432392e-01 
146.000000 8.1979714416705751e-01 
146.200000 8.1979714416016147e-01 
146.400000 8.1979714415362148e-01 
146.600000 8.1979714414741967e-01 
146.800000 8.1979714414154381e-01 
147.000000 8.1979714413598181e-01 
147.200000 8.1979714413072058e-01 
147.400000 8.1979714412575333e-01 
147.600000 8.1979714412106930e-01 
147.800000 8.1979714411665561e-01 
148.000000 8.1979714411250171e-01 
148.200000 8.1979714410859728e-01 
148.400000 8.1979714410492854e-01 
148.600000 8.1979714410148696e-01 
148.800000 8.1979714409826043e-01 
149.000000 8.1979714409524151e-01 
149.200000 8.1979714409242121e-01 
149.400000 8.1979714408979276e-01 
149.600000 8.1979714408734783e-01 
149.800000 8.1979714408507864e-01 
