0.000000 5.8025447995495296e-03 
0.200000 5.8026487169070447e-03 
0.400000 5.8031519126471249e-03 
0.600000 5.8044147175808766e-03 
0.800000 5.8067555523872967e-03 
1.000000 5.8104558462889451e-03 
1.200000 5.8157643770253573e-03 
1.400000 5.8229011113877021e-03 
1.600000 5.8320605886590157e-03 
1.800000 5.8434223773113567e-03 
2.000000 5.8571562855467040e-03 
2.200000 5.8734196501031280e-03 
2.400000 5.8923596116537075e-03 
2.600000 5.9141165067967101e-03 
2.800000 5.9388237244015363e-03 
3.000000 5.9666080047634032e-03 
3.200000 5.9975923467670911e-03 
3.400000 6.0319003402702171e-03 
3.600000 6.0696550565172026e-03 
3.800000 6.1109749955166100e-03 
4.000000 6.1559784174680127e-03 
4.200000 6.2047849520768346e-03 
4.400000 6.2575167288772809e-03 
4.600000 6.3142996427717401e-03 
4.800000 6.3752644595805371e-03 
5.000000 6.4405476918718259e-03 
5.200000 6.5102924435870438e-03 
5.400000 6.5846492045497319e-03 
5.600000 6.6637767800354370e-03 
5.800000 6.7478429133432842e-03 
6.000000 6.8370244571740596e-03 
6.200000 6.9315087177544820e-03 
6.400000 7.0314939110854031e-03 
6.600000 7.1371898716449502e-03 
6.800000 7.2488189617584877e-03 
7.000000 7.3666170178637146e-03 
7.200000 7.4908343769127146e-03 
7.400000 7.6217369003157799e-03 
7.600000 7.7596070708697935e-03 
7.800000 7.9047451498706518e-03 
8.000000 8.0574703759771684e-03 
8.200000 8.2181222329531286e-03 
8.400000 8.3870618188503256e-03 
8.600000 8.5646732489795489e-03 
8.800000 8.7513650968864196e-03 
9.000000 8.9475720340667537e-03 
9.200000 9.1537565936712813e-03 
9.400000 9.3704109828988552e-03 
9.600000 9.5980590631631960e-03 
9.800000 9.8372584563769742e-03 
10.000000 1.0088602791819929e-02 
10.200000 1.0352724101202932e-02 
10.400000 1.0630295391717415e-02 
10.600000 1.0922033396645008e-02 
10.800000 1.1228701504749684e-02 
11.000000 1.1551112882159606e-02 
11.200000 1.1890133795015160e-02 
11.400000 1.2246687149801644e-02 
11.600000 1.2621756249726010e-02 
11.800000 1.3016388772092161e-02 
12.000000 1.3431701026649520e-02 
12.200000 1.3868882446107379e-02 
12.400000 1.4329200351720724e-02 
12.600000 1.4814004993028471e-02 
12.800000 1.5324734871611912e-02 
13.000000 1.5862922354768900e-02 
13.200000 1.6430199582012094e-02 
13.400000 1.7028304667082685e-02 
13.600000 1.7659088193066032e-02 
13.800000 1.8324519994240077e-02 
14.000000 1.9026696215075811e-02 
14.200000 1.9767846630901659e-02 
14.400000 2.0550342209272519e-02 
14.600000 2.1376702880910640e-02 
14.800000 2.2249605481950964e-02 
15.000000 2.3171891826625306e-02 
15.200000 2.4146576842947205e-02 
15.400000 2.5176856703173250e-02 
15.600000 2.6266116860923009e-02 
15.800000 2.7417939890661751e-02 
16.000000 2.8636113006886114e-02 
16.200000 2.9924635119370109e-02 
16.400000 3.1287723258908953e-02 
16.600000 3.2729818183344701e-02 
16.800000 3.4255588947691734e-02 
17.000000 3.5869936195168192e-02 
17.200000 3.7577993897725613e-02 
17.400000 3.9385129246348231e-02 
17.600000 4.1296940362856076e-02 
17.800000 4.3319251478491652e-02 
18.000000 4.5458105201491565e-02 
18.200000 4.7719751473185093e-02 
18.400000 5.0110632799033411e-02 
18.600000 5.2637365332767923e-02 
18.800000 5.5306715393564645e-02 
19.000000 5.8125571009588178e-02 
19.200000 6.1100908108331783e-02 
19.400000 6.4239751017621444e-02 
19.600000 6.7549127002932821e-02 
19.800000 7.1036014648840823e-02 
20.000000 7.4707285996661252e-02 
20.200000 7.8569642477543569e-02 
20.400000 8.2629544830746193e-02 
20.600000 8.6893137369662379e-02 
20.800000 9.1366167151750333e-02 
21.000000 9.6053898819610906e-02 
21.200000 1.0096102610373861e-01 
21.400000 1.0609158120780472e-01 
21.600000 1.1144884352613327e-01 
21.800000 1.1703524936131181e-01 
22.000000 1.2285230450718539e-01 
22.200000 1.2890050172710837e-01 
22.400000 1.3517924527732522e-01 
22.600000 1.4168678468857282e-01 
22.800000 1.4842016001423600e-01 
23.000000 1.5537516067104340e-01 
23.200000 1.6254629983130001e-01 
23.400000 1.6992680607055113e-01 
23.600000 1.7750863363212827e-01 
23.800000 1.8528249224626278e-01 
24.000000 1.9323789694737245e-01 
24.200000 2.0136323778549217e-01 
24.400000 2.0964586874778393e-01 
24.600000 2.1807221461878409e-01 
24.800000 2.2662789394092922e-01 
25.000000 2.3529785571778913e-01 
25.200000 2.4406652705790577e-01 
25.400000 2.5291796860999494e-01 
25.600000 2.6183603440851383e-01 
25.800000 2.7080453264321763e-01 
26.000000 2.7980738389129822e-01 
26.200000 2.8882877350219499e-01 
26.400000 2.9785329509239389e-01 
26.600000 3.0686608247363212e-01 
26.800000 3.1585292778141894e-01 
27.000000 3.2480038406746231e-01 
27.200000 3.3369585114415279e-01 
27.400000 3.4252764399714536e-01 
27.600000 3.5128504359092100e-01 
27.800000 3.5995833036293384e-01 
28.000000 3.6853880111941018e-01 
28.200000 3.7701877039951448e-01 
28.400000 3.8539155765789718e-01 
28.600000 3.9365146182642236e-01 
28.800000 4.0179372495537802e-01 
29.000000 4.0981448670678688e-01 
29.200000 4.1771073148411708e-01 
29.400000 4.2548022994159912e-01 
29.600000 4.3312147653154370e-01 
29.800000 4.4063362462860312e-01 
30.000000 4.4801642062521685e-01 
30.200000 4.5527013823087015e-01 
30.400000 4.6239551403744250e-01 
30.600000 4.6939368524030184e-01 
30.800000 4.7626613023593861e-01 
31.000000 4.8301461265614981e-01 
31.200000 4.8964112924968828e-01 
31.400000 4.9614786188705512e-01 
31.600000 5.0253713384442433e-01 
31.800000 5.0881137041888502e-01 
32.000000 5.1497306383952091e-01 
32.200000 5.2102474236652008e-01 
32.400000 5.2696894341278677e-01 
32.600000 5.3280819047812211e-01 
32.800000 5.3854497365364806e-01 
33.000000 5.4418173343224718e-01 
33.200000 5.4972084754815198e-01 
33.400000 5.5516462056374249e-01 
33.600000 5.6051527592301631e-01 
33.800000 5.6577495019772406e-01 
34.000000 5.7094568926262002e-01 
34.200000 5.7602944614985430e-01 
34.400000 5.8102808034819642e-01 
34.600000 5.8594335832973721e-01 
34.800000 5.9077695510463002e-01 
35.000000 5.9553045662233617e-01 
35.200000 6.0020536285584214e-01 
35.400000 6.0480309142258426e-01 
35.600000 6.0932498161263471e-01 
35.800000 6.1377229871035299e-01 
36.000000 6.1814623851060224e-01 
36.200000 6.2244793194426495e-01 
36.400000 6.2667844974043585e-01 
36.600000 6.3083880706405093e-01 
36.800000 6.3492996807821556e-01 
37.000000 6.3895285038958671e-01 
37.200000 6.4290832934358844e-01 
37.400000 6.4679724214337619e-01 
37.600000 6.5062039177293263e-01 
37.800000 6.5437855071011863e-01 
38.000000 6.5807246442030876e-01 
38.200000 6.6170285462523515e-01 
38.400000 6.6527042234511791e-01 
38.600000 6.6877585071499657e-01 
38.800000 6.7221980757847677e-01 
39.000000 6.7560294786409769e-01 
39.200000 6.7892591575091621e-01 
39.400000 6.8218934663119946e-01 
39.600000 6.8539386887890241e-01 
39.800000 6.8854010543329325e-01 
40.000000 6.9162867520748916e-01 
40.200000 6.9466019433191983e-01 
40.400000 6.9763527724279772e-01 
40.600000 7.0055453762571929e-01 
40.800000 7.0341858922428158e-01 
41.000000 7.0622804652352134e-01 
41.200000 7.0898352531762154e-01 
41.400000 7.1168564317102367e-01 
41.600000 7.1433501978180769e-01 
41.800000 7.1693227725570774e-01 
42.000000 7.1947804029884355e-01 
42.200000 7.2197293633673176e-01 
42.400000 7.2441759556686014e-01 
42.600000 7.2681265095154213e-01 
42.800000 7.2915873815749277e-01 
43.000000 7.3145649544807623e-01 
43.200000 7.3370656353386698e-01 
43.400000 7.3590958538664120e-01 
43.600000 7.3806620602173423e-01 
43.800000 7.4017707225320362e-01 
44.000000 7.4224283242593969e-01 
44.200000 7.4426413612855291e-01 
44.400000 7.4624163389056586e-01 
44.600000 7.4817597686711435e-01 
44.800000 7.5006781651406884e-01 
45.000000 7.5191780425633314e-01 
45.200000 7.5372659115165952e-01 
45.400000 7.5549482755226971e-01 
45.600000 7.5722316276617563e-01 
45.800000 7.5891224472005470e-01 
46.000000 7.6056271962523481e-01 
46.200000 7.6217523164819823e-01 
46.400000 7.6375042258685655e-01 
46.600000 7.6528893155370437e-01 
46.800000 7.6679139466679125e-01 
47.000000 7.6825844474932781e-01 
47.200000 7.6969071103866737e-01 
47.400000 7.7108881890519132e-01 
47.600000 7.7245338958165610e-01 
47.800000 7.7378503990334124e-01 
48.000000 7.7508438205934915e-01 
48.200000 7.7635202335525677e-01 
48.400000 7.7758856598733517e-01 
48.600000 7.7879460682834745e-01 
48.800000 7.7997073722506916e-01 
49.000000 7.8111754280744050e-01 
49.200000 7.8223560330932262e-01 
49.400000 7.8332549240078775e-01 
49.600000 7.8438777753174416e-01 
49.800000 7.8542301978678064e-01 
50.000000 7.8643177375103090e-01 
50.200000 7.8741458738679337e-01 
50.400000 7.8837200192071566e-01 
50.600000 7.8930455174127501e-01 
50.800000 7.9021276430623300e-01 
51.000000 7.9109716005985153e-01 
51.200000 7.9195825235950545e-01 
51.400000 7.9279654741143435e-01 
51.600000 7.9361254421529470e-01 
51.800000 7.9440673451720578e-01 
52.000000 7.9517960277097322e-01 
52.200000 7.9593162610718371e-01 
52.400000 7.9666327430982398e-01 
52.600000 7.9737500980014164e-01 
52.800000 7.9806728762738921e-01 
53.000000 7.9874055546622724e-01 
53.200000 7.9939525362035546e-01 
53.400000 8.0003181503219567e-01 
53.600000 8.0065066529824713e-01 
53.800000 8.0125222268987140e-01 
54.000000 8.0183689817920023e-01 
54.200000 8.0240509546990280e-01 
54.400000 8.0295721103255002e-01 
54.600000 8.0349363414430008e-01 
54.800000 8.0401474693266373e-01 
55.000000 8.0452092442311840e-01 
55.200000 8.0501253459028554e-01 
55.400000 8.0548993841251559e-01 
55.600000 8.0595348992959115e-01 
55.800000 8.0640353630338302e-01 
56.000000 8.0684041788122396e-01 
56.200000 8.0726446826182174e-01 
56.400000 8.0767601436351966e-01 
56.600000 8.0807537649470973e-01 
56.800000 8.0846286842623460e-01 
57.000000 8.0883879746560994e-01 
57.200000 8.0920346453291669e-01 
57.400000 8.0955716423817814e-01 
57.600000 8.0990018496011851e-01 
57.800000 8.1023280892611560e-01 
58.000000 8.1055531229327915e-01 
58.200000 8.1086796523043925e-01 
58.400000 8.1117103200100393e-01 
58.600000 8.1146477104654147e-01 
58.800000 8.1174943507094688e-01 
59.000000 8.1202527112513634e-01 
59.200000 8.1229252069215341e-01 
59.400000 8.1255141977255829e-01 
59.600000 8.1280219897007933e-01 
59.800000 8.1304508357737459e-01 
60.000000 8.1328029366186583e-01 
60.200000 8.1350804415154099e-01 
60.400000 8.1372854492068281e-01 
60.600000 8.1394200087543467e-01 
60.800000 8.1414861203912814e-01 
61.000000 8.1434857363734747e-01 
61.200000 8.1454207618264307e-01 
61.400000 8.1472930555886558e-01 
61.600000 8.1491044310502858e-01 
61.800000 8.1508566569870600e-01 
62.000000 8.1525514583887693e-01 
62.200000 8.1541905172820495e-01 
62.400000 8.1557754735468591e-01 
62.600000 8.1573079257265890e-01 
62.800000 8.1587894318311460e-01 
63.000000 8.1602215101329090e-01 
63.200000 8.1616056399552650e-01 
63.400000 8.1629432624532583e-01 
63.600000 8.1642357813863831e-01 
63.800000 8.1654845638830142e-01 
64.000000 8.1666909411963728e-01 
64.200000 8.1678562094520823e-01 
64.400000 8.1689816303864971e-01 
64.600000 8.1700684320763850e-01 
64.800000 8.1711178096593762e-01 
65.000000 8.1721309260450536e-01 
65.200000 8.1731089126167300e-01 
65.400000 8.1740528699238135e-01 
65.600000 8.1749638683644021e-01 
65.800000 8.1758429488584006e-01 
66.000000 8.1766911235107931e-01 
66.200000 8.1775093762652229e-01 
66.400000 8.1782986635476707e-01 
66.600000 8.1790599149002619e-01 
66.800000 8.1797940336052632e-01 
67.000000 8.1805018972990551e-01 
67.200000 8.1811843585762956e-01 
67.400000 8.1818422455840922e-01 
67.600000 8.1824763626063368e-01 
67.800000 8.1830874906379947e-01 
68.000000 8.1836763879497498e-01 
68.200000 8.1842437906425369e-01 
68.400000 8.1847904131925220e-01 
68.600000 8.1853169489861199e-01 
68.800000 8.1858240708453622e-01 
69.000000 8.1863124315436975e-01 
69.200000 8.1867826643119157e-01 
69.400000 8.1872353833348044e-01 
69.600000 8.1876711842381689e-01 
69.800000 8.1880906445664059e-01 
70.000000 8.1884943242508923e-01 
70.200000 8.1888827660690111e-01 
70.400000 8.1892564960939063e-01 
70.600000 8.1896160241354155e-01 
70.800000 8.1899618441716771e-01 
71.000000 8.1902944347720330e-01 
71.200000 8.1906142595111420e-01 
71.400000 8.1909217673741685e-01 
71.600000 8.1912173931535837e-01 
71.800000 8.1915015578371453e-01 
72.000000 8.1917746689879412e-01 
72.200000 8.1920371211154863e-01 
72.400000 8.1922892960392557e-01 
72.600000 8.1925315632436013e-01 
72.800000 8.1927642802249268e-01 
73.000000 8.1929877928310690e-01 
73.200000 8.1932024355926036e-01 
73.400000 8.1934085320468453e-01 
73.600000 8.1936063950539850e-01 
73.800000 8.1937963271061198e-01 
74.000000 8.1939786206286191e-01 
74.200000 8.1941535582746661e-01 
74.400000 8.1943214132123354e-01 
74.600000 8.1944824494050361e-01 
74.800000 8.1946369218848802e-01 
75.000000 8.1947850770194119e-01 
75.200000 8.1949271527716627e-01 
75.400000 8.1950633789537819e-01 
75.600000 8.1951939774742355e-01 
75.800000 8.1953191625785748e-01 
76.000000 8.1954391410844063e-01 
76.200000 8.1955541126099174e-01 
76.400000 8.1956642697966842e-01 
76.600000 8.1957697985267441e-01 
76.800000 8.1958708781336120e-01 
77.000000 8.1959676816081795e-01 
77.200000 8.1960603757985795e-01 
77.400000 8.1961491216052251e-01 
77.600000 8.1962340741702189e-01 
77.800000 8.1963153830616731e-01 
78.000000 8.1963931924530564e-01 
78.200000 8.1964676412975557e-01 
78.400000 8.1965388634975545e-01 
78.600000 8.1966069880694559e-01 
78.800000 8.1966721393038355e-01 
79.000000 8.1967344369210060e-01 
79.200000 8.1967939962222436e-01 
79.400000 8.1968509282366819e-01 
79.600000 8.1969053398638336e-01 
79.800000 8.1969573340121493e-01 
80.000000 8.1970070097335357e-01 
80.200000 8.1970544623536623e-01 
80.400000 8.1970997835988268e-01 
80.600000 8.1971430617186924e-01 
80.800000 8.1971843816056145e-01 
81.000000 8.1972238249102070e-01 
81.200000 8.1972614701534818e-01 
81.400000 8.1972973928356463e-01 
81.600000 8.1973316655415074e-01 
81.800000 8.1973643580426037e-01 
82.000000 8.1973955373962648e-01 
82.200000 8.1974252680415027e-01 
82.400000 8.1974536118920649e-01 
82.600000 8.1974806284263857e-01 
82.800000 8.1975063747746768e-01 
83.000000 8.1975309058035717e-01 
83.200000 8.1975542741976692e-01 
83.400000 8.1975765305387038e-01 
83.600000 8.1975977233819974e-01 
83.800000 8.1976178993307880e-01 
84.000000 8.1976371031075013e-01 
84.200000 8.1976553776234251e-01 
84.400000 8.1976727640454672e-01 
84.600000 8.1976893018611341e-01 
84.800000 8.1977050289411024e-01 
85.000000 8.1977199815997615e-01 
85.200000 8.1977341946538607e-01 
85.400000 8.1977477014788480e-01 
85.600000 8.1977605340637794e-01 
85.800000 8.1977727230638253e-01 
86.000000 8.1977842978513660e-01 
86.200000 8.1977952865652759e-01 
86.400000 8.1978057161582374e-01 
86.600000 8.1978156124427570e-01 
86.800000 8.1978250001353359e-01 
87.000000 8.1978339028992653e-01 
87.200000 8.1978423433857717e-01 
87.400000 8.1978503432737149e-01 
87.600000 8.1978579233080284e-01 
87.800000 8.1978651033366012e-01 
88.000000 8.1978719023459656e-01 
88.200000 8.1978783384955589e-01 
88.400000 8.1978844291509712e-01 
88.600000 8.1978901909157409e-01 
88.800000 8.1978956396621083e-01 
89.000000 8.1979007905607471e-01 
89.200000 8.1979056581090270e-01 
89.400000 8.1979102561587935e-01 
89.600000 8.1979145979425350e-01 
89.800000 8.1979186960990902e-01 
90.000000 8.1979225626979102e-01 
90.200000 8.1979262092628469e-01 
90.400000 8.1979296467946594e-01 
90.600000 8.1979328857930145e-01 
90.800000 8.1979359362773729e-01 
91.000000 8.1979388078072024e-01 
91.200000 8.1979415095013841e-01 
91.400000 8.1979440500569389e-01 
91.600000 8.1979464377668432e-01 
91.800000 8.1979486805374235e-01 
92.000000 8.1979507859048728e-01 
92.200000 8.1979527610510805e-01 
92.400000 8.1979546128190006e-01 
92.600000 8.1979563477274109e-01 
92.800000 8.1979579719848461e-01 
93.000000 8.1979594915033160e-01 
93.200000 8.1979609119111096e-01 
93.400000 8.1979622385654560e-01 
93.600000 8.1979634765643861e-01 
93.800000 8.1979646307582954e-01 
94.000000 8.1979657057608490e-01 
94.200000 8.1979667059596639e-01 
94.400000 8.1979676355263953e-01 
94.600000 8.1979684984264445e-01 
94.800000 8.1979692984282748e-01 
95.000000 8.1979700391123989e-01 
95.200000 8.1979707238798583e-01 
95.400000 8.1979713559604839e-01 
95.600000 8.1979719384206862e-01 
95.800000 8.1979724741710502e-01 
96.000000 8.1979729659734746e-01 
96.200000 8.1979734164481521e-01 
96.400000 8.1979738280801095e-01 
96.600000 8.1979742032254987e-01 
96.800000 8.1979745441177820e-01 
97.000000 8.1979748528733865e-01 
97.200000 8.1979751314972626e-01 
97.400000 8.1979753818883094e-01 
97.600000 8.1979756058442710e-01 
97.800000 8.1979758050666574e-01 
98.000000 8.1979759811654251e-01 
98.200000 8.1979761356632852e-01 
98.400000 8.1979762700000824e-01 
98.600000 8.1979763855367038e-01 
98.800000 8.1979764835590407e-01 
99.000000 8.1979765652815650e-01 
99.200000 8.1979766318510205e-01 
99.400000 8.1979766843496449e-01 
99.600000 8.1979767237984125e-01 
99.800000 8.1979767511601054e-01 
100.000000 8.1979767673422943e-01 
100.200000 8.1979767732000486e-01 
100.400000 8.1979767695386252e-01 
100.600000 8.1979767571160778e-01 
100.800000 8.1979767366455414e-01 
101.000000 8.1979767087976096e-01 
101.200000 8.1979766742026561e-01 
101.400000 8.1979766334526860e-01 
101.600000 8.1979765871035359e-01 
101.800000 8.1979765356766876e-01 
102.000000 8.1979764796610954e-01 
102.200000 8.1979764195149452e-01 
102.400000 8.1979763556672602e-01 
102.600000 8.1979762885194196e-01 
102.800000 8.1979762184467975e-01 
103.000000 8.1979761458000622e-01 
103.200000 8.1979760709064597e-01 
103.400000 8.1979759940713270e-01 
103.600000 8.1979759155790477e-01 
103.800000 8.1979758356944032e-01 
104.000000 8.1979757546635934e-01 
104.200000 8.1979756727152331e-01 
104.400000 8.1979755900614548e-01 
104.600000 8.1979755068988192e-01 
104.800000 8.1979754234091184e-01 
105.000000 8.1979753397604171e-01 
105.200000 8.1979752561076158e-01 
105.400000 8.1979751725934324e-01 
105.600000 8.1979750893490022e-01 
105.800000 8.1979750064946677e-01 
106.000000 8.1979749241404742e-01 
106.200000 8.1979748423869880e-01 
106.400000 8.1979747613256970e-01 
106.600000 8.1979746810396914e-01 
106.800000 8.1979746016041732e-01 
107.000000 8.1979745230868661e-01 
107.200000 8.1979744455486325e-01 
107.400000 8.1979743690437656e-01 
107.600000 8.1979742936205358e-01 
107.800000 8.1979742193215155e-01 
108.000000 8.1979741461839906e-01 
108.200000 8.1979740742403129e-01 
108.400000 8.1979740035182058e-01 
108.600000 8.1979739340411317e-01 
108.800000 8.1979738658285495e-01 
109.000000 8.1979737988962198e-01 
109.200000 8.1979737332564862e-01 
109.400000 8.1979736689184990e-01 
109.600000 8.1979736058884323e-01 
109.800000 8.1979735441698121e-01 
110.000000 8.1979734837635354e-01 
110.200000 8.1979734246683178e-01 
110.400000 8.1979733668806531e-01 
110.600000 8.1979733103950814e-01 
110.800000 8.1979732552044304e-01 
111.000000 8.1979732012998097e-01 
111.200000 8.1979731486708951e-01 
111.400000 8.1979730973059750e-01 
111.600000 8.1979730471921664e-01 
111.800000 8.1979729983154026e-01 
112.000000 8.1979729506606780e-01 
112.200000 8.1979729042120897e-01 
112.400000 8.1979728589529199e-01 
112.600000 8.1979728148657649e-01 
112.800000 8.1979727719326501e-01 
113.000000 8.1979727301349892e-01 
113.200000 8.1979726894538019e-01 
113.400000 8.1979726498696615e-01 
113.600000 8.1979726113628482e-01 
113.800000 8.1979725739133902e-01 
114.000000 8.1979725375010537e-01 
114.200000 8.1979725021054739e-01 
114.400000 8.1979724677061949e-01 
114.600000 8.1979724342826643e-01 
114.800000 8.1979724018143141e-01 
115.000000 8.1979723702805574e-01 
115.200000 8.1979723396608906e-01 
115.400000 8.1979723099348234e-01 
115.600000 8.1979722810820743e-01 
115.800000 8.1979722530824184e-01 
116.000000 8.1979722259157672e-01 
116.200000 8.1979721995622667e-01 
116.400000 8.1979721740022060e-01 
116.600000 8.1979721492161417e-01 
116.800000 8.1979721251848525e-01 
117.000000 8.1979721018892937e-01 
117.200000 8.1979720793107469e-01 
117.400000 8.1979720574307757e-01 
117.600000 8.1979720362311359e-01 
117.800000 8.1979720156939728e-01 
118.000000 8.1979719958016739e-01 
118.200000 8.1979719765368975e-01 
118.400000 8.1979719578827548e-01 
118.600000 8.1979719398224515e-01 
118.800000 8.1979719223396708e-01 
119.000000 8.1979719054183475e-01 
119.200000 8.1979718890427888e-01 
119.400000 8.1979718731975226e-01 
119.600000 8.1979718578675453e-01 
119.800000 8.1979718430380344e-01 
120.000000 8.1979718286945902e-01 
120.200000 8.1979718148230618e-01 
120.400000 8.1979718014096725e-01 
120.600000 8.1979717884409209e-01 
120.800000 8.1979717759036685e-01 
121.000000 8.1979717637850313e-01 
121.200000 8.1979717520724826e-01 
121.400000 8.1979717407537855e-01 
121.600000 8.1979717298169685e-01 
121.800000 8.1979717192504287e-01 
122.000000 8.1979717090428006e-01 
122.200000 8.1979716991830598e-01 
122.400000 8.1979716896604449e-01 
122.600000 8.1979716804644209e-01 
122.800000 8.1979716715847906e-01 
123.000000 8.1979716630116761e-01 
123.200000 8.1979716547353598e-01 
123.400000 8.1979716467464570e-01 
123.600000 8.1979716390358015e-01 
123.800000 8.1979716315945184e-01 
124.000000 8.1979716244139578e-01 
124.200000 8.1979716174857042e-01 
124.400000 8.1979716108016032e-01 
124.600000 8.1979716043537343e-01 
124.800000 8.1979715981343981e-01 
125.000000 8.1979715921360541e-01 
125.200000 8.1979715863515079e-01 
125.400000 8.1979715807736619e-01 
125.600000 8.1979715753957183e-01 
125.800000 8.1979715702110001e-01 
126.000000 8.1979715652130736e-01 
126.200000 8.1979715603956982e-01 
126.400000 8.1979715557527977e-01 
126.600000 8.1979715512785256e-01 
126.800000 8.1979715469671288e-01 
127.000000 8.1979715428131517e-01 
127.200000 8.1979715388111773e-01 
127.400000 8.1979715349560744e-01 
127.600000 8.1979715312427937e-01 
127.800000 8.1979715276664589e-01 
128.000000 8.1979715242223483e-01 
128.200000 8.1979715209059212e-01 
128.400000 8.1979715177127177e-01 
128.600000 8.1979715146385090e-01 
128.800000 8.1979715116790985e-01 
129.000000 8.1979715088305094e-01 
129.200000 8.1979715060888136e-01 
129.400000 8.1979715034503420e-01 
129.600000 8.1979715009113296e-01 
129.800000 8.1979714984683727e-01 
130.000000 8.1979714961180161e-01 
130.200000 8.1979714938569592e-01 
130.400000 8.1979714916820656e-01 
130.600000 8.1979714895902289e-01 
130.800000 8.1979714875784659e-01 
131.000000 8.1979714856439068e-01 
131.200000 8.1979714837837703e-01 
131.400000 8.1979714819953864e-01 
131.600000 8.1979714802761450e-01 
131.800000 8.1979714786235436e-01 
132.000000 8.1979714770351342e-01 
132.200000 8.1979714755086075e-01 
132.400000 8.1979714740416765e-01 
132.600000 8.1979714726321717e-01 
132.800000 8.1979714712779728e-01 
133.000000 8.1979714699770501e-01 
133.200000 8.1979714687274119e-01 
133.400000 8.1979714675271986e-01 
133.600000 8.1979714663745518e-01 
133.800000 8.1979714652676905e-01 
134.000000 8.1979714642049384e-01 
134.200000 8.1979714631846334e-01 
134.400000 8.1979714622051603e-01 
134.600000 8.1979714612650090e-01 
134.800000 8.1979714603626885e-01 
135.000000 8.1979714594967790e-01 
135.200000 8.1979714586659069e-01 
135.400000 8.1979714578687246e-01 
135.600000 8.1979714571039364e-01 
135.800000 8.1979714563703598e-01 
136.000000 8.1979714556667527e-01 
136.200000 8.1979714549919980e-01 
136.400000 8.1979714543449500e-01 
136.600000 8.1979714537245851e-01 
136.800000 8.1979714531298542e-01 
137.000000 8.1979714525597513e-01 
137.200000 8.1979714520133606e-01 
137.400000 8.1979714514897040e-01 
137.600000 8.1979714509879331e-01 
137.800000 8.1979714505071810e-01 
138.000000 8.1979714500466239e-01 
138.200000 8.1979714496055112e-01 
138.400000 8.1979714491830069e-01 
138.600000 8.1979714487784039e-01 
138.800000 8.1979714483910260e-01 
139.000000 8.1979714480201415e-01 
139.200000 8.1979714476651189e-01 
139.400000 8.1979714473253473e-01 
139.600000 8.1979714470001785e-01 
139.800000 8.1979714466890352e-01 
140.000000 8.1979714463913933e-01 
140.200000 8.1979714461066600e-01 
140.400000 8.1979714458343422e-01 
140.600000 8.1979714455739394e-01 
140.800000 8.1979714453249497e-01 
141.000000 8.1979714450869501e-01 
141.200000 8.1979714448594310e-01 
141.400000 8.1979714446420271e-01 
141.600000 8.1979714444342944e-01 
141.800000 8.1979714442358198e-01 
142.000000 8.1979714440462770e-01 
142.200000 8.1979714438652662e-01 
142.400000 8.1979714436924289e-01 
142.600000 8.1979714435274642e-01 
142.800000 8.1979714433700057e-01 
143.000000 8.1979714432197448e-01 
143.200000 8.1979714430764261e-01 
143.400000 8.1979714429397166e-01 
143.600000 8.1979714428093720e-01 
143.800000 8.1979714426851069e-01 
144.000000 8.1979714425666872e-01 
144.200000 8.1979714424538619e-01 
144.400000 8.1979714423463967e-01 
144.600000 8.1979714422440719e-01 
144.800000 8.1979714421466643e-01 
145.000000 8.1979714420539951e-01 
145.200000 8.1979714419658611e-01 
145.400000 8.1979714418820759e-01 
145.600000 8.1979714418024308e-01 
145.800000 8.1979714417267979e-01 
146.000000 8.1979714416549720e-01 
146.200000 8.1979714415868288e-01 
146.400000 8.1979714415221838e-01 
146.600000 8.1979714414609239e-01 
146.800000 8.1979714414028548e-01 
147.000000 8.1979714413479077e-01 
147.200000 8.1979714412959814e-01 
147.400000 8.1979714412469484e-01 
147.600000 8.1979714412007065e-01 
147.800000 8.1979714411571758e-01 
148.000000 8.1979714411162063e-01 
148.200000 8.1979714410776883e-01 
148.400000 8.1979714410415261e-01 
148.600000 8.1979714410075810e-01 
148.800000 8.1979714409758009e-01 
149.000000 8.1979714409460691e-01 
149.200000 8.1979714409182991e-01 
149.400000 8.1979714408924187e-01 
149.600000 8.1979714408683602e-01 
149.800000 8.1979714408460724e-01 
