0.000000 5.8024320845819601e-03 
0.200000 5.8025291810964857e-03 
0.400000 5.8030131707479705e-03 
0.600000 5.8042458000392627e-03 
0.800000 5.8065467403776178e-03 
1.000000 5.8101985213153155e-03 
1.200000 5.8154508928809408e-03 
1.400000 5.8225246748129910e-03 
1.600000 5.8316151619581744e-03 
1.800000 5.8429020987715245e-03 
2.000000 5.8565557237248399e-03 
2.200000 5.8727337212818032e-03 
2.400000 5.8915835127657376e-03 
2.600000 5.9132441580467309e-03 
2.800000 5.9378494064584245e-03 
3.000000 5.9655275933213122e-03 
3.200000 5.9964018131780476e-03 
3.400000 6.0305954881007921e-03 
3.600000 6.0682318949525959e-03 
3.800000 6.1094295697938922e-03 
4.000000 6.1543067471746381e-03 
4.200000 6.2029828808880484e-03 
4.400000 6.2555800541476188e-03 
4.600000 6.3122240361077183e-03 
4.800000 6.3730453890754402e-03 
5.000000 6.4381804138567023e-03 
5.200000 6.5077719719011540e-03 
5.400000 6.5819702877214677e-03 
5.600000 6.6609338774962961e-03 
5.800000 6.7448301261215735e-03 
6.000000 6.8338356839356441e-03 
6.200000 6.9281373451824503e-03 
6.400000 7.0279329846797993e-03 
6.600000 7.1334320254416899e-03 
6.800000 7.2448563864912670e-03 
7.000000 7.3624414284457580e-03 
7.200000 7.4864369785524196e-03 
7.400000 7.6171083533541246e-03 
7.600000 7.7547374519439088e-03 
7.800000 7.8996239131270424e-03 
8.000000 8.0520863096694480e-03 
8.200000 8.2124634151267400e-03 
8.400000 8.3811155399326001e-03 
8.600000 8.5584259765564639e-03 
8.800000 8.7448024918346644e-03 
9.000000 8.9406788390820110e-03 
9.200000 9.1465165760010927e-03 
9.400000 9.3628068667586748e-03 
9.600000 9.5900724635234122e-03 
9.800000 9.8288698043909901e-03 
10.000000 1.0079791253923900e-02 
10.200000 1.0343467499137537e-02 
10.400000 1.0620570111896802e-02 
10.600000 1.0911814291382178e-02 
10.800000 1.1217961790416871e-02 
11.000000 1.1539824029837270e-02 
11.200000 1.1878265413946501e-02 
11.400000 1.2234206858192289e-02 
11.600000 1.2608629544676883e-02 
11.800000 1.3002578905323095e-02 
12.000000 1.3417168840200045e-02 
12.200000 1.3853586220618729e-02 
12.400000 1.4313095639299736e-02 
12.600000 1.4797044440995206e-02 
12.800000 1.5306868036780268e-02 
13.000000 1.5844095507321822e-02 
13.200000 1.6410355500695264e-02 
13.400000 1.7007382423450533e-02 
13.600000 1.7637022925523601e-02 
13.800000 1.8301242672919844e-02 
14.000000 1.9002133397443294e-02 
14.200000 1.9741920208718906e-02 
14.400000 2.0522969146998034e-02 
14.600000 2.1347794948699528e-02 
14.800000 2.2219068985474398e-02 
15.000000 2.3139627328866378e-02 
15.200000 2.4112478887853155e-02 
15.400000 2.5140813540089148e-02 
15.600000 2.6228010173724562e-02 
15.800000 2.7377644535536295e-02 
16.000000 2.8593496763110852e-02 
16.200000 2.9879558458558057e-02 
16.400000 3.1240039138500240e-02 
16.600000 3.2679371871216480e-02 
16.800000 3.4202217885807469e-02 
17.000000 3.5813469910911298e-02 
17.200000 3.7518253972596574e-02 
17.400000 3.9321929352541078e-02 
17.600000 4.1230086379642615e-02 
17.800000 4.3248541700995444e-02 
18.000000 4.5383330654045567e-02 
18.200000 4.7640696342250745e-02 
18.400000 5.0027074999421529e-02 
18.600000 5.2549077221572975e-02 
18.800000 5.5213464646018846e-02 
19.000000 5.8027121670237200e-02 
19.200000 6.0997021829881808e-02 
19.400000 6.4130188497952684e-02 
19.600000 6.7433649628403952e-02 
19.800000 7.0914386348879824e-02 
20.000000 7.4579275310700965e-02 
20.200000 7.8435024830671746e-02 
20.400000 8.2488105008953358e-02 
20.600000 8.6744672179366780e-02 
20.800000 9.1210488241402973e-02 
21.000000 9.5890835633715324e-02 
21.200000 1.0079042893198994e-01 
21.400000 1.0591332428412208e-01 
21.600000 1.1126282812472378e-01 
21.800000 1.1684140682978308e-01 
22.000000 1.2265059917045827e-01 
22.200000 1.2869093359095587e-01 
22.400000 1.3496185245712991e-01 
22.600000 1.4146164548778437e-01 
22.800000 1.4818739457838265e-01 
23.000000 1.5513493214727780e-01 
23.200000 1.6229881497055362e-01 
23.400000 1.6967231521945705e-01 
23.600000 1.7724743007488336e-01 
23.800000 1.8501491087215924e-01 
24.000000 1.9296431223754446e-01 
24.200000 2.0108406113163507e-01 
24.400000 2.0936154513558514e-01 
24.600000 2.1778321872858808e-01 
24.800000 2.2633472573678484e-01 
25.000000 2.3500103561261179e-01 
25.200000 2.4376659075611384e-01 
25.400000 2.5261546173900440e-01 
25.600000 2.6153150705634476e-01 
25.800000 2.7049853392093659e-01 
26.000000 2.7950045663608974e-01 
26.200000 2.8852144922978318e-01 
26.400000 2.9754608929672005e-01 
26.600000 3.0655949035791169e-01 
26.800000 3.1554742048862039e-01 
27.000000 3.2449640546079744e-01 
27.200000 3.3339381517015970e-01 
27.400000 3.4222793264620316e-01 
27.600000 3.5098800545327441e-01 
27.800000 3.5966427976309834e-01 
28.000000 3.6824801779864735e-01 
28.200000 3.7673149970513686e-01 
28.400000 3.8510801118974025e-01 
28.600000 3.9337181848482755e-01 
28.800000 4.0151813233139216e-01 
29.000000 4.0954306275387864e-01 
29.200000 4.1744356641120073e-01 
29.400000 4.2521738826934635e-01 
29.600000 4.3286299925741528e-01 
29.800000 4.4037953145061121e-01 
30.000000 4.4776671217962793e-01 
30.200000 4.5502479830475434e-01 
30.400000 4.6215451172282840e-01 
30.600000 4.6915697700253800e-01 
30.800000 4.7603366187447832e-01 
31.000000 4.8278632114128300e-01 
31.200000 4.8941694442355560e-01 
31.400000 4.9592770802167263e-01 
31.600000 5.0232093105320696e-01 
31.800000 5.0859903592144917e-01 
32.000000 5.1476451308222926e-01 
32.200000 5.2081989000347440e-01 
32.400000 5.2676770415369245e-01 
32.600000 5.3261047981074472e-01 
32.800000 5.3835070844947885e-01 
33.000000 5.4399083244463620e-01 
33.200000 5.4953323181239710e-01 
33.400000 5.5498021370869655e-01 
33.600000 5.6033400440366854e-01 
33.800000 5.6559674345787980e-01 
34.000000 5.7077047983637030e-01 
34.200000 5.7585716971012635e-01 
34.400000 5.8085867570997718e-01 
34.600000 5.8577676741510021e-01 
34.800000 5.9061312287598977e-01 
35.000000 5.9536933098979750e-01 
35.200000 6.0004689456389404e-01 
35.400000 6.0464723392080666e-01 
35.600000 6.0917169091455081e-01 
35.800000 6.1362153324401714e-01 
36.000000 6.1799795896405618e-01 
36.200000 6.2230210110853057e-01 
36.400000 6.2653503235229502e-01 
36.600000 6.3069776965056290e-01 
36.800000 6.3479127880446040e-01 
37.000000 6.3881647891097126e-01 
37.200000 6.4277424666366978e-01 
37.400000 6.4666542047800557e-01 
37.600000 6.5049080442128682e-01 
37.800000 6.5425117193299587e-01 
38.000000 6.5794726932596848e-01 
38.200000 6.6157981906288799e-01 
38.400000 6.6514952280609063e-01 
38.600000 6.6865706424147153e-01 
38.800000 6.7210311167973136e-01 
39.000000 6.7548832043995588e-01 
39.200000 6.7881333502222962e-01 
39.400000 6.8207879107706026e-01 
39.600000 6.8528531718026664e-01 
39.800000 6.8843353642270411e-01 
40.000000 6.9152406782457376e-01 
40.200000 6.9455752758427702e-01 
40.400000 6.9753453017199807e-01 
40.600000 7.0045568927800694e-01 
40.800000 7.0332161862571640e-01 
41.000000 7.0613293265916799e-01 
41.200000 7.0889024711450432e-01 
41.400000 7.1159417948454562e-01 
41.600000 7.1424534938532735e-01 
41.800000 7.1684437883300789e-01 
42.000000 7.1939189243918999e-01 
42.200000 7.2188851753234107e-01 
42.400000 7.2433488421245362e-01 
42.600000 7.2673162534583591e-01 
42.800000 7.2907937650636623e-01 
43.000000 7.3137877586925104e-01 
43.200000 7.3363046406288546e-01 
43.400000 7.3583508398399911e-01 
43.600000 7.3799328058101399e-01 
43.800000 7.4010570061001779e-01 
44.000000 7.4217299236761336e-01 
44.200000 7.4419580540436370e-01 
44.400000 7.4617479022246280e-01 
44.600000 7.4811059796079593e-01 
44.800000 7.5000388007033292e-01 
45.000000 7.5185528798260037e-01 
45.200000 7.5366547277362128e-01 
45.400000 7.5543508482553334e-01 
45.600000 7.5716477348791034e-01 
45.800000 7.5885518674054453e-01 
46.000000 7.6050697085927377e-01 
46.200000 7.6212077008632551e-01 
46.400000 7.6369722630635628e-01 
46.600000 7.6523697872935104e-01 
46.800000 7.6674066358130522e-01 
47.000000 7.6820891380352863e-01 
47.200000 7.6964235876127396e-01 
47.400000 7.7104162396229659e-01 
47.600000 7.7240733078580381e-01 
47.800000 7.7374009622224971e-01 
48.000000 7.7504053262422679e-01 
48.200000 7.7630924746874652e-01 
48.400000 7.7754684313102518e-01 
48.600000 7.7875391666992866e-01 
48.800000 7.7993105962504061e-01 
49.000000 7.8107885782545450e-01 
49.200000 7.8219789121012184e-01 
49.400000 7.8328873365973295e-01 
49.600000 7.8435195283997650e-01 
49.800000 7.8538811005599596e-01 
50.000000 7.8639776011787144e-01 
50.200000 7.8738145121688308e-01 
50.400000 7.8833972481234593e-01 
50.600000 7.8927311552872070e-01 
50.800000 7.9018215106275214e-01 
51.000000 7.9106735210034174e-01 
51.200000 7.9192923224285539e-01 
51.400000 7.9276829794255466e-01 
51.600000 7.9358504844686162e-01 
51.800000 7.9437997575112007e-01 
52.000000 7.9515356455953878e-01 
52.200000 7.9590629225402965e-01 
52.400000 7.9663862887056447e-01 
52.600000 7.9735103708279975e-01 
52.800000 7.9804397219259759e-01 
53.000000 7.9871788212718764e-01 
53.200000 7.9937320744260776e-01 
53.400000 8.0001038133317248e-01 
53.600000 8.0062982964665408e-01 
53.800000 8.0123197090486842e-01 
54.000000 8.0181721632942338e-01 
54.200000 8.0238596987232380e-01 
54.400000 8.0293862825118190e-01 
54.600000 8.0347558098875693e-01 
54.800000 8.0399721045659345e-01 
55.000000 8.0450389192248739e-01 
55.200000 8.0499599360157437e-01 
55.400000 8.0547387671078208e-01 
55.600000 8.0593789552643369e-01 
55.800000 8.0638839744480995e-01 
56.000000 8.0682572304543265e-01 
56.200000 8.0725020615689602e-01 
56.400000 8.0766217392504192e-01 
56.600000 8.0806194688331223e-01 
56.800000 8.0844983902508283e-01 
57.000000 8.0882615787782319e-01 
57.200000 8.0919120457893867e-01 
57.400000 8.0954527395309495e-01 
57.600000 8.0988865459093662e-01 
57.800000 8.1022162892900140e-01 
58.000000 8.1054447333075497e-01 
58.200000 8.1085745816855326e-01 
58.400000 8.1116084790649257e-01 
58.600000 8.1145490118393004e-01 
58.800000 8.1173987089966226e-01 
59.000000 8.1201600429660314e-01 
59.200000 8.1228354304685046e-01 
59.400000 8.1254272333710631e-01 
59.600000 8.1279377595428881e-01 
59.800000 8.1303692637130920e-01 
60.000000 8.1327239483289893e-01 
60.200000 8.1350039644141492e-01 
60.400000 8.1372114124257156e-01 
60.600000 8.1393483431101199e-01 
60.800000 8.1414167583565067e-01 
61.000000 8.1434186120474650e-01 
61.200000 8.1453558109063040e-01 
61.400000 8.1472302153403608e-01 
61.600000 8.1490436402801092e-01 
61.800000 8.1507978560130445e-01 
62.000000 8.1524945890124789e-01 
62.200000 8.1541355227604140e-01 
62.400000 8.1557222985643940e-01 
62.600000 8.1572565163676769e-01 
62.800000 8.1587397355527180e-01 
63.000000 8.1601734757372546e-01 
63.200000 8.1615592175631424e-01 
63.400000 8.1628984034773910e-01 
63.600000 8.1641924385050091e-01 
63.800000 8.1654426910139066e-01 
64.000000 8.1666504934710860e-01 
64.200000 8.1678171431904967e-01 
64.400000 8.1689439030717315e-01 
64.600000 8.1700320023298967e-01 
64.800000 8.1710826372165368e-01 
65.000000 8.1720969717308678e-01 
65.200000 8.1730761383220463e-01 
65.400000 8.1740212385817368e-01 
65.600000 8.1749333439271099e-01 
65.800000 8.1758134962742690e-01 
66.000000 8.1766627087018828e-01 
66.200000 8.1774819661050480e-01 
66.400000 8.1782722258393026e-01 
66.600000 8.1790344183549069e-01 
66.800000 8.1797694478209537e-01 
67.000000 8.1804781927399350e-01 
67.200000 8.1811615065520149e-01 
67.400000 8.1818202182297017e-01 
67.600000 8.1824551328624240e-01 
67.800000 8.1830670322312460e-01 
68.000000 8.1836566753737650e-01 
68.200000 8.1842247991390549e-01 
68.400000 8.1847721187329137e-01 
68.600000 8.1852993282532860e-01 
68.800000 8.1858071012159261e-01 
69.000000 8.1862960910704585e-01 
69.200000 8.1867669317068315e-01 
69.400000 8.1872202379520564e-01 
69.600000 8.1876566060577183e-01 
69.800000 8.1880766141778283e-01 
70.000000 8.1884808228375172e-01 
70.200000 8.1888697753923123e-01 
70.400000 8.1892439984783805e-01 
70.600000 8.1896040024535921e-01 
70.800000 8.1899502818295367e-01 
71.000000 8.1902833156947430e-01 
71.200000 8.1906035681289568e-01 
71.400000 8.1909114886087975e-01 
71.600000 8.1912075124047501e-01 
71.800000 8.1914920609694508e-01 
72.000000 8.1917655423180347e-01 
72.200000 8.1920283513995407e-01 
72.400000 8.1922808704606565e-01 
72.600000 8.1925234694009319e-01 
72.800000 8.1927565061202734e-01 
73.000000 8.1929803268585466e-01 
73.200000 8.1931952665271557e-01 
73.400000 8.1934016490333228e-01 
73.600000 8.1935997875964717e-01 
73.800000 8.1937899850574414e-01 
74.000000 8.1939725341802450e-01 
74.200000 8.1941477179467137e-01 
74.400000 8.1943158098439206e-01 
74.600000 8.1944770741447437e-01 
74.800000 8.1946317661816215e-01 
75.000000 8.1947801326133596e-01 
75.200000 8.1949224116855524e-01 
75.400000 8.1950588334842978e-01 
75.600000 8.1951896201836438e-01 
75.800000 8.1953149862867247e-01 
76.000000 8.1954351388606750e-01 
76.200000 8.1955502777655986e-01 
76.400000 8.1956605958774498e-01 
76.600000 8.1957662793052921e-01 
76.800000 8.1958675076026122e-01 
77.000000 8.1959644539732435e-01 
77.200000 8.1960572854716829e-01 
77.400000 8.1961461631980193e-01 
77.600000 8.1962312424876727e-01 
77.800000 8.1963126730958713e-01 
78.000000 8.1963905993771480e-01 
78.200000 8.1964651604599370e-01 
78.400000 8.1965364904160920e-01 
78.600000 8.1966047184259894e-01 
78.800000 8.1966699689387523e-01 
79.000000 8.1967323618280152e-01 
79.200000 8.1967920125433202e-01 
79.400000 8.1968490322570864e-01 
79.600000 8.1969035280073033e-01 
79.800000 8.1969556028363311e-01 
80.000000 8.1970053559253253e-01 
80.200000 8.1970528827249312e-01 
80.400000 8.1970982750821053e-01 
80.600000 8.1971416213630566e-01 
80.800000 8.1971830065726714e-01 
81.000000 8.1972225124701958e-01 
81.200000 8.1972602176815179e-01 
81.400000 8.1972961978081293e-01 
81.600000 8.1973305255324602e-01 
81.800000 8.1973632707202959e-01 
82.000000 8.1973945005198945e-01 
82.200000 8.1974242794579988e-01 
82.400000 8.1974526695329097e-01 
82.600000 8.1974797303045899e-01 
82.800000 8.1975055189819357e-01 
83.000000 8.1975300905073079e-01 
83.200000 8.1975534976384257e-01 
83.400000 8.1975757910273239e-01 
83.600000 8.1975970192972636e-01 
83.800000 8.1976172291167104e-01 
84.000000 8.1976364652710987e-01 
84.200000 8.1976547707322756e-01 
84.400000 8.1976721867255431e-01 
84.600000 8.1976887527946107e-01 
84.800000 8.1977045068641785e-01 
85.000000 8.1977194853007329e-01 
85.200000 8.1977337229710789e-01 
85.400000 8.1977472532989160e-01 
85.600000 8.1977601083196117e-01 
85.800000 8.1977723187329321e-01 
86.000000 8.1977839139542186e-01 
86.200000 8.1977949221634672e-01 
86.400000 8.1978053703530585e-01 
86.600000 8.1978152843735841e-01 
86.800000 8.1978246889782680e-01 
87.000000 8.1978336078654757e-01 
87.200000 8.1978420637202887e-01 
87.400000 8.1978500782540631e-01 
87.600000 8.1978576722429175e-01 
87.800000 8.1978648655647013e-01 
88.000000 8.1978716772346738e-01 
88.200000 8.1978781254399902e-01 
88.400000 8.1978842275726849e-01 
88.600000 8.1978900002617183e-01 
88.800000 8.1978954594038100e-01 
89.000000 8.1979006201929450e-01 
89.200000 8.1979054971491006e-01 
89.400000 8.1979101041455771e-01 
89.600000 8.1979144544355553e-01 
89.800000 8.1979185606776517e-01 
90.000000 8.1979224349603808e-01 
90.200000 8.1979260888257066e-01 
90.400000 8.1979295332919322e-01 
90.600000 8.1979327788753820e-01 
90.800000 8.1979358356115051e-01 
91.000000 8.1979387130751746e-01 
91.200000 8.1979414203998902e-01 
91.400000 8.1979439662967901e-01 
91.600000 8.1979463590723334e-01 
91.800000 8.1979486066457041e-01 
92.000000 8.1979507165653875e-01 
92.200000 8.1979526960251636e-01 
92.400000 8.1979545518792141e-01 
92.600000 8.1979562906571590e-01 
92.800000 8.1979579185778706e-01 
93.000000 8.1979594415631674e-01 
93.200000 8.1979608652508829e-01 
93.400000 8.1979621950071879e-01 
93.600000 8.1979634359388276e-01 
93.800000 8.1979645929043743e-01 
94.000000 8.1979656705254123e-01 
94.200000 8.1979666731970680e-01 
94.400000 8.1979676050981642e-01 
94.600000 8.1979684702010103e-01 
94.800000 8.1979692722806108e-01 
95.000000 8.1979700149237211e-01 
95.200000 8.1979707015373504e-01 
95.400000 8.1979713353570149e-01 
95.600000 8.1979719194545897e-01 
95.800000 8.1979724567458234e-01 
96.000000 8.1979729499975906e-01 
96.200000 8.1979734018347394e-01 
96.400000 8.1979738147468173e-01 
96.600000 8.1979741910942794e-01 
96.800000 8.1979745331146392e-01 
97.000000 8.1979748429282140e-01 
97.200000 8.1979751225436792e-01 
97.400000 8.1979753738634442e-01 
97.600000 8.1979755986886116e-01 
97.800000 8.1979757987238977e-01 
98.000000 8.1979759755822723e-01 
98.200000 8.1979761307893928e-01 
98.400000 8.1979762657877941e-01 
98.600000 8.1979763819410323e-01 
98.800000 8.1979764805374611e-01 
99.000000 8.1979765627939638e-01 
99.200000 8.1979766298594992e-01 
99.400000 8.1979766828184364e-01 
99.600000 8.1979767226937661e-01 
99.800000 8.1979767504502488e-01 
100.000000 8.1979767669972792e-01 
100.200000 8.1979767731916331e-01 
100.400000 8.1979767698402661e-01 
100.600000 8.1979767577027385e-01 
100.800000 8.1979767374937218e-01 
101.000000 8.1979767098852141e-01 
101.200000 8.1979766755089134e-01 
101.400000 8.1979766349580696e-01 
101.600000 8.1979765887897615e-01 
101.800000 8.1979765375265734e-01 
102.000000 8.1979764816585576e-01 
102.200000 8.1979764216449114e-01 
102.400000 8.1979763579156184e-01 
102.600000 8.1979762908729992e-01 
102.800000 8.1979762208932550e-01 
103.000000 8.1979761483278657e-01 
103.200000 8.1979760735049223e-01 
103.400000 8.1979759967303745e-01 
103.600000 8.1979759182894008e-01 
103.800000 8.1979758384473722e-01 
104.000000 8.1979757574511070e-01 
104.200000 8.1979756755298205e-01 
104.400000 8.1979755928961817e-01 
104.600000 8.1979755097472473e-01 
104.800000 8.1979754262653515e-01 
105.000000 8.1979753426189561e-01 
105.200000 8.1979752589634147e-01 
105.400000 8.1979751754418217e-01 
105.600000 8.1979750921857708e-01 
105.800000 8.1979750093158810e-01 
106.000000 8.1979749269425783e-01 
106.200000 8.1979748451666934e-01 
106.400000 8.1979747640800804e-01 
106.600000 8.1979746837660739e-01 
106.800000 8.1979746043001100e-01 
107.000000 8.1979745257501990e-01 
107.200000 8.1979744481773942e-01 
107.400000 8.1979743716362452e-01 
107.600000 8.1979742961751989e-01 
107.800000 8.1979742218370211e-01 
108.000000 8.1979741486591606e-01 
108.200000 8.1979740766741116e-01 
108.400000 8.1979740059097905e-01 
108.600000 8.1979739363897697e-01 
108.800000 8.1979738681336478e-01 
109.000000 8.1979738011573478e-01 
109.200000 8.1979737354732396e-01 
109.400000 8.1979736710906448e-01 
109.600000 8.1979736080158394e-01 
109.800000 8.1979735462523684e-01 
110.000000 8.1979734858013020e-01 
110.200000 8.1979734266613302e-01 
110.400000 8.1979733688290823e-01 
110.600000 8.1979733122991794e-01 
110.800000 8.1979732570644459e-01 
111.000000 8.1979732031160835e-01 
111.200000 8.1979731504438147e-01 
111.400000 8.1979730990359834e-01 
111.600000 8.1979730488796809e-01 
111.800000 8.1979729999609696e-01 
112.000000 8.1979729522648059e-01 
112.200000 8.1979729057753403e-01 
112.400000 8.1979728604758761e-01 
112.600000 8.1979728163490551e-01 
112.800000 8.1979727733768715e-01 
113.000000 8.1979727315407980e-01 
113.200000 8.1979726908218364e-01 
113.400000 8.1979726512006168e-01 
113.600000 8.1979726126573915e-01 
113.800000 8.1979725751722177e-01 
114.000000 8.1979725387248281e-01 
114.200000 8.1979725032949424e-01 
114.400000 8.1979724688620192e-01 
114.600000 8.1979724354056049e-01 
114.800000 8.1979724029050172e-01 
115.000000 8.1979723713397279e-01 
115.200000 8.1979723406892280e-01 
115.400000 8.1979723109330682e-01 
115.600000 8.1979722820508716e-01 
115.800000 8.1979722540224320e-01 
116.000000 8.1979722268277422e-01 
116.200000 8.1979722004468492e-01 
116.400000 8.1979721748601020e-01 
116.600000 8.1979721500479741e-01 
116.800000 8.1979721259912464e-01 
117.000000 8.1979721026709251e-01 
117.200000 8.1979720800682776e-01 
117.400000 8.1979720581647819e-01 
117.600000 8.1979720369422648e-01 
117.800000 8.1979720163828218e-01 
118.000000 8.1979719964688458e-01 
118.200000 8.1979719771829973e-01 
118.400000 8.1979719585082922e-01 
118.600000 8.1979719404280227e-01 
118.800000 8.1979719229258186e-01 
119.000000 8.1979719059856382e-01 
119.200000 8.1979718895917386e-01 
119.400000 8.1979718737286755e-01 
119.600000 8.1979718583813777e-01 
119.800000 8.1979718435350524e-01 
120.000000 8.1979718291752812e-01 
120.200000 8.1979718152879189e-01 
120.400000 8.1979718018591285e-01 
120.600000 8.1979717888754633e-01 
120.800000 8.1979717763237214e-01 
121.000000 8.1979717641910288e-01 
121.200000 8.1979717524648521e-01 
121.400000 8.1979717411329289e-01 
121.600000 8.1979717301833099e-01 
121.800000 8.1979717196043311e-01 
122.000000 8.1979717093846938e-01 
122.200000 8.1979716995132690e-01 
122.400000 8.1979716899793154e-01 
122.600000 8.1979716807723568e-01 
122.800000 8.1979716718821305e-01 
123.000000 8.1979716632987243e-01 
123.200000 8.1979716550124482e-01 
123.400000 8.1979716470139197e-01 
123.600000 8.1979716392939284e-01 
123.800000 8.1979716318436224e-01 
124.000000 8.1979716246543055e-01 
124.200000 8.1979716177175987e-01 
124.400000 8.1979716110253220e-01 
124.600000 8.1979716045695250e-01 
124.800000 8.1979715983425050e-01 
125.000000 8.1979715923367769e-01 
125.200000 8.1979715865450653e-01 
125.400000 8.1979715809603160e-01 
125.600000 8.1979715755756566e-01 
125.800000 8.1979715703844647e-01 
126.000000 8.1979715653802732e-01 
126.200000 8.1979715605568626e-01 
126.400000 8.1979715559081134e-01 
126.600000 8.1979715514281892e-01 
126.800000 8.1979715471113446e-01 
127.000000 8.1979715429520705e-01 
127.200000 8.1979715389450414e-01 
127.400000 8.1979715350849913e-01 
127.600000 8.1979715313669610e-01 
127.800000 8.1979715277860543e-01 
128.000000 8.1979715243375295e-01 
128.200000 8.1979715210168091e-01 
128.400000 8.1979715178194901e-01 
128.600000 8.1979715147412924e-01 
128.800000 8.1979715117780283e-01 
129.000000 8.1979715089257332e-01 
129.200000 8.1979715061804859e-01 
129.400000 8.1979715035385092e-01 
129.600000 8.1979715009961951e-01 
129.800000 8.1979714985500385e-01 
130.000000 8.1979714961965677e-01 
130.200000 8.1979714939325332e-01 
130.400000 8.1979714917547364e-01 
130.600000 8.1979714896601208e-01 
130.800000 8.1979714876456911e-01 
131.000000 8.1979714857085217e-01 
131.200000 8.1979714838459350e-01 
131.400000 8.1979714820551486e-01 
131.600000 8.1979714803335979e-01 
131.800000 8.1979714786787261e-01 
132.000000 8.1979714770881962e-01 
132.200000 8.1979714755596056e-01 
132.400000 8.1979714740906606e-01 
132.600000 8.1979714726792408e-01 
132.800000 8.1979714713231921e-01 
133.000000 8.1979714700204820e-01 
133.200000 8.1979714687691363e-01 
133.400000 8.1979714675672799e-01 
133.600000 8.1979714664130365e-01 
133.800000 8.1979714653046565e-01 
134.000000 8.1979714642404300e-01 
134.200000 8.1979714632186573e-01 
134.400000 8.1979714622378586e-01 
134.600000 8.1979714612963961e-01 
134.800000 8.1979714603928189e-01 
135.000000 8.1979714595256825e-01 
135.200000 8.1979714586936248e-01 
135.400000 8.1979714578953189e-01 
135.600000 8.1979714571294549e-01 
135.800000 8.1979714563948247e-01 
136.000000 8.1979714556902328e-01 
136.200000 8.1979714550145000e-01 
136.400000 8.1979714543665361e-01 
136.600000 8.1979714537452752e-01 
136.800000 8.1979714531496761e-01 
137.000000 8.1979714525787695e-01 
137.200000 8.1979714520315528e-01 
137.400000 8.1979714515071589e-01 
137.600000 8.1979714510046686e-01 
137.800000 8.1979714505232182e-01 
138.000000 8.1979714500619938e-01 
138.200000 8.1979714496202105e-01 
138.400000 8.1979714491970856e-01 
138.600000 8.1979714487918920e-01 
138.800000 8.1979714484039234e-01 
139.000000 8.1979714480325039e-01 
139.200000 8.1979714476769627e-01 
139.400000 8.1979714473366505e-01 
139.600000 8.1979714470110021e-01 
139.800000 8.1979714466994025e-01 
140.000000 8.1979714464013032e-01 
140.200000 8.1979714461161424e-01 
140.400000 8.1979714458434094e-01 
140.600000 8.1979714455826014e-01 
140.800000 8.1979714453332353e-01 
141.000000 8.1979714450948560e-01 
141.200000 8.1979714448670127e-01 
141.400000 8.1979714446492202e-01 
141.600000 8.1979714444412066e-01 
141.800000 8.1979714442424412e-01 
142.000000 8.1979714440525753e-01 
142.200000 8.1979714438712803e-01 
142.400000 8.1979714436981799e-01 
142.600000 8.1979714435329387e-01 
142.800000 8.1979714433752371e-01 
143.000000 8.1979714432247430e-01 
143.200000 8.1979714430811801e-01 
143.400000 8.1979714429442585e-01 
143.600000 8.1979714428137052e-01 
143.800000 8.1979714426892414e-01 
144.000000 8.1979714425706152e-01 
144.200000 8.1979714424576100e-01 
144.400000 8.1979714423499706e-01 
144.600000 8.1979714422474614e-01 
144.800000 8.1979714421498928e-01 
145.000000 8.1979714420570760e-01 
145.200000 8.1979714419687821e-01 
145.400000 8.1979714418848504e-01 
145.600000 8.1979714418050886e-01 
145.800000 8.1979714417292926e-01 
146.000000 8.1979714416573490e-01 
146.200000 8.1979714415890814e-01 
146.400000 8.1979714415243132e-01 
146.600000 8.1979714414629434e-01 
146.800000 8.1979714414047811e-01 
147.000000 8.1979714413497329e-01 
147.200000 8.1979714412977056e-01 
147.400000 8.1979714412485660e-01 
147.600000 8.1979714412022531e-01 
147.800000 8.1979714411586102e-01 
148.000000 8.1979714411175519e-01 
148.200000 8.1979714410789606e-01 
148.400000 8.1979714410427051e-01 
148.600000 8.1979714410087090e-01 
148.800000 8.1979714409768600e-01 
149.000000 8.1979714409470472e-01 
149.200000 8.1979714409192106e-01 
149.400000 8.1979714408932725e-01 
149.600000 8.1979714408691540e-01 
149.800000 8.1979714408467919e-01 
