0.000000 5.1505912577836110e-01 
0.200000 5.1505926596727303e-01 
0.400000 5.1506362604101164e-01 
0.600000 5.1507095668993075e-01 
0.800000 5.1508013520762919e-01 
1.000000 5.1509013865350817e-01 
1.200000 5.1510002193678484e-01 
1.400000 5.1510889274020122e-01 
1.600000 5.1511589539505487e-01 
1.800000 5.1512024786539090e-01 
2.000000 5.1512104581342300e-01 
2.200000 5.1511747679907438e-01 
2.400000 5.1510934255867147e-01 
2.600000 5.1509652092998637e-01 
2.800000 5.1507893774751135e-01 
3.000000 5.1505654624525565e-01 
3.200000 5.1502931234049043e-01 
3.400000 5.1499720509439362e-01 
3.600000 5.1496022460121282e-01 
3.800000 5.1491931761579945e-01 
4.000000 5.1487451039969012e-01 
4.200000 5.1482570332129096e-01 
4.400000 5.1477270375196471e-01 
4.600000 5.1471526727645711e-01 
4.800000 5.1465310873881664e-01 
5.000000 5.1458593919374873e-01 
5.200000 5.1451347928602287e-01 
5.400000 5.1443545554401326e-01 
5.600000 5.1435161988897726e-01 
5.800000 5.1426173917403273e-01 
6.000000 5.1416558880391239e-01 
6.200000 5.1406294806880504e-01 
6.400000 5.1395359500185822e-01 
6.600000 5.1383730119083848e-01 
6.800000 5.1371382540348298e-01 
7.000000 5.1358291561994340e-01 
7.200000 5.1344427790662195e-01 
7.400000 5.1329758606643083e-01 
7.600000 5.1314249113349186e-01 
7.800000 5.1297862285388751e-01 
8.000000 5.1280559111990687e-01 
8.200000 5.1262298580014987e-01 
8.400000 5.1243037670333957e-01 
8.600000 5.1222731235010932e-01 
8.800000 5.1201331817794726e-01 
9.000000 5.1178789404257785e-01 
9.200000 5.1155051171157018e-01 
9.400000 5.1130061196503840e-01 
9.600000 5.1103760176759017e-01 
9.800000 5.1076085147253714e-01 
10.000000 5.1046969240639550e-01 
10.200000 5.1016341518317143e-01 
10.400000 5.0984126667851126e-01 
10.600000 5.0950244696050384e-01 
10.800000 5.0914610605196131e-01 
11.000000 5.0877134114262290e-01 
11.200000 5.0837719371541923e-01 
11.400000 5.0796264629065291e-01 
11.600000 5.0752661879177263e-01 
11.800000 5.0706796455047176e-01 
12.000000 5.0658546601547894e-01 
12.200000 5.0607783013486951e-01 
12.400000 5.0554368344457723e-01 
12.600000 5.0498156692825380e-01 
12.800000 5.0438993062800574e-01 
13.000000 5.0376712798162071e-01 
13.200000 5.0311140992802017e-01 
13.400000 5.0242091877552164e-01 
13.600000 5.0169368176126550e-01 
13.800000 5.0092760437116390e-01 
14.000000 5.0012046342547756e-01 
14.200000 4.9926989996162474e-01 
14.400000 4.9837341191895362e-01 
14.600000 4.9742834663556967e-01 
14.800000 4.9643189319443037e-01 
15.000000 4.9538107469428461e-01 
15.200000 4.9427274049778691e-01 
15.400000 4.9310355855865373e-01 
15.600000 4.9187000793062308e-01 
15.800000 4.9056837157638883e-01 
16.000000 4.8919472961580351e-01 
16.200000 4.8774495318980809e-01 
16.400000 4.8621469912360116e-01 
16.600000 4.8459940560838843e-01 
16.800000 4.8289428915330124e-01 
17.000000 4.8109434308819604e-01 
17.200000 4.7919433792903454e-01 
17.400000 4.7718882395265838e-01 
17.600000 4.7507213635808010e-01 
17.800000 4.7283840341763972e-01 
18.000000 4.7048155805471853e-01 
18.200000 4.6799535329743436e-01 
18.400000 4.6537338207581608e-01 
18.600000 4.6260910183279569e-01 
18.800000 4.5969586440686500e-01 
19.000000 4.5662695162548689e-01 
19.200000 4.5339561700539199e-01 
19.400000 4.4999513389625023e-01 
19.600000 4.4641885032312345e-01 
19.800000 4.4266025067899190e-01 
20.000000 4.3871302428918957e-01 
20.200000 4.3457114071579039e-01 
20.400000 4.3022893149210895e-01 
20.600000 4.2568117777710018e-01 
20.800000 4.2092320319701182e-01 
21.000000 4.1595097090461047e-01 
21.200000 4.1076118363586800e-01 
21.400000 4.0535138528996645e-01 
21.600000 3.9972006230630897e-01 
21.800000 3.9386674287326517e-01 
22.000000 3.8779209178837881e-01 
22.200000 3.8149799861015787e-01 
22.400000 3.7498765661274125e-01 
22.600000 3.6826562999092483e-01 
22.800000 3.6133790677402483e-01 
23.000000 3.5421193500960846e-01 
23.200000 3.4689663997940062e-01 
23.400000 3.3940242051554997e-01 
23.600000 3.3174112289599195e-01 
23.800000 3.2392599130744887e-01 
24.000000 3.1597159446040934e-01 
24.200000 3.0789372860282876e-01 
24.400000 2.9970929788197254e-01 
24.600000 2.9143617371603026e-01 
24.800000 2.8309303552435838e-01 
25.000000 2.7469919579243546e-01 
25.200000 2.6627441298142085e-01 
25.400000 2.5783869620377253e-01 
25.600000 2.4941210585352866e-01 
25.800000 2.4101455448857956e-01 
26.000000 2.3266561220860343e-01 
26.200000 2.2438432056157787e-01 
26.400000 2.1618901865839452e-01 
26.600000 2.0809718470134031e-01 
26.800000 2.0012529556575301e-01 
27.000000 1.9228870644621404e-01 
27.200000 1.8460155192147462e-01 
27.400000 1.7707666913681719e-01 
27.600000 1.6972554317661626e-01 
27.800000 1.6255827412686361e-01 
28.000000 1.5558356482523183e-01 
28.200000 1.4880872787703006e-01 
28.400000 1.4223971018562473e-01 
28.600000 1.3588113300692528e-01 
28.800000 1.2973634538618167e-01 
29.000000 1.2380748876514409e-01 
29.200000 1.1809557054944078e-01 
29.400000 1.1260054448917972e-01 
29.600000 1.0732139583889805e-01 
29.800000 1.0225622941456616e-01 
30.000000 9.7402358844494441e-02 
30.200000 9.2756395507642780e-02 
30.400000 8.8314335858099016e-02 
30.600000 8.4071646040892373e-02 
30.800000 8.0023342905529732e-02 
31.000000 7.6164070714893992e-02 
31.200000 7.2488173024771951e-02 
31.400000 6.8989759370703244e-02 
31.600000 6.5662766542639514e-02 
31.800000 6.2501014353295525e-02 
32.000000 5.9498255913110351e-02 
32.200000 5.6648222513952434e-02 
32.400000 5.3944663296080317e-02 
32.600000 5.1381379929666855e-02 
32.800000 4.8952256584900371e-02 
33.000000 4.6651285494839045e-02 
33.200000 4.4472588434458164e-02 
33.400000 4.2410434449257198e-02 
33.600000 4.0459254168919288e-02 
33.800000 3.8613651037251846e-02 
34.000000 3.6868409780272587e-02 
34.200000 3.5218502421029925e-02 
34.400000 3.3659092133532478e-02 
34.600000 3.2185535209950676e-02 
34.800000 3.0793381395740279e-02 
35.000000 2.9478372827189372e-02 
35.200000 2.8236441785588883e-02 
35.400000 2.7063707462200735e-02 
35.600000 2.5956471908760794e-02 
35.800000 2.4911215329632697e-02 
36.000000 2.3924590854126442e-02 
36.200000 2.2993418910994760e-02 
36.400000 2.2114681311820965e-02 
36.600000 2.1285515135926001e-02 
36.800000 2.0503206496559734e-02 
37.000000 1.9765184256479749e-02 
37.200000 1.9069013750514983e-02 
37.400000 1.8412390563309289e-02 
37.600000 1.7793134402078876e-02 
37.800000 1.7209183096826751e-02 
38.000000 1.6658586753962194e-02 
38.200000 1.6139502083600998e-02 
38.400000 1.5650186915906882e-02 
38.600000 1.5188994917588348e-02 
38.800000 1.4754370516039754e-02 
39.000000 1.4344844035532210e-02 
39.200000 1.3959027047261980e-02 
39.400000 1.3595607932903805e-02 
39.600000 1.3253347659525563e-02 
39.800000 1.2931075762270238e-02 
40.000000 1.2627686530044924e-02 
40.200000 1.2342135388542163e-02 
40.400000 1.2073435474220779e-02 
40.600000 1.1820654392357650e-02 
40.800000 1.1582911151926317e-02 
41.000000 1.1359373269831084e-02 
41.200000 1.1149254036913334e-02 
41.400000 1.0951809938122703e-02 
41.600000 1.0766338219300869e-02 
41.800000 1.0592174593138499e-02 
42.000000 1.0428691077030736e-02 
42.200000 1.0275293955757443e-02 
42.400000 1.0131421862145065e-02 
42.600000 9.9965439691194462e-03 
42.800000 9.8701582868258170e-03 
43.000000 9.7517900587678896e-03 
43.200000 9.6409902512005277e-03 
43.400000 9.5373341302907467e-03 
43.600000 9.4404199218448056e-03 
43.800000 9.3498675486721836e-03 
44.000000 9.2653174409295692e-03 
44.200000 9.1864294150475079e-03 
44.400000 9.1128816170969185e-03 
44.600000 9.0443695266936141e-03 
44.800000 8.9806050177741632e-03 
45.000000 8.9213154727952049e-03 
45.200000 8.8662429471219328e-03 
45.400000 8.8151433805694034e-03 
45.600000 8.7677858532509215e-03 
45.800000 8.7239518830656195e-03 
46.000000 8.6834347623260168e-03 
46.200000 8.6460389311836389e-03 
46.400000 8.6115793856611431e-03 
46.600000 8.5798811182366107e-03 
46.800000 8.5507785890582104e-03 
47.000000 8.5241152259881575e-03 
47.200000 8.4997429517906110e-03 
47.400000 8.4775217368829592e-03 
47.600000 8.4573191761723211e-03 
47.800000 8.4390100885904200e-03 
48.000000 8.4224761380269787e-03 
48.200000 8.4076054744448552e-03 
48.400000 8.3942923940332863e-03 
48.600000 8.3824370173287178e-03 
48.800000 8.3719449842973824e-03 
49.000000 8.3627271654355042e-03 
49.200000 8.3546993880011938e-03 
49.400000 8.3477821765454187e-03 
49.600000 8.3419005069591979e-03 
49.800000 8.3369835733019763e-03 
50.000000 8.3329645667184742e-03 
50.200000 8.3297804657939383e-03 
50.400000 8.3273718377342085e-03 
50.600000 8.3256826497938707e-03 
50.800000 8.3246600904082688e-03 
51.000000 8.3242543995173755e-03 
51.200000 8.3244187075976958e-03 
51.400000 8.3251088829460595e-03 
51.600000 8.3262833867853350e-03 
51.800000 8.3279031357851498e-03 
52.000000 8.3299313716137368e-03 
52.200000 8.3323335371579942e-03 
52.400000 8.3350771590686070e-03 
52.600000 8.3381317363060981e-03 
52.800000 8.3414686343801728e-03 
53.000000 8.3450609849919886e-03 
53.200000 8.3488835908046791e-03 
53.400000 8.3529128350807134e-03 
53.600000 8.3571265959399826e-03 
53.800000 8.3615041650043284e-03 
54.000000 8.3660261702066824e-03 
54.200000 8.3706745025550148e-03 
54.400000 8.3754322466515676e-03 
54.600000 8.3802836147778628e-03 
54.800000 8.3852138843667091e-03 
55.000000 8.3902093386908835e-03 
55.200000 8.3952572106067418e-03 
55.400000 8.4003456291992726e-03 
55.600000 8.4054635691838530e-03 
55.800000 8.4106008029257301e-03 
56.000000 8.4157478549460960e-03 
56.200000 8.4208959587904093e-03 
56.400000 8.4260370161412922e-03 
56.600000 8.4311635580614774e-03 
56.800000 8.4362687082624489e-03 
57.000000 8.4413461482959664e-03 
57.200000 8.4463900845721824e-03 
57.400000 8.4513952171131040e-03 
57.600000 8.4563567099545135e-03 
57.800000 8.4612701631126344e-03 
58.000000 8.4661315860385163e-03 
58.200000 8.4709373724839408e-03 
58.400000 8.4756842767089464e-03 
58.600000 8.4803693909626960e-03 
58.800000 8.4849901241743162e-03 
59.000000 8.4895441817918645e-03 
59.200000 8.4940295467121636e-03 
59.400000 8.4984444612463302e-03 
59.600000 8.5027874100681421e-03 
59.800000 8.5070571040960288e-03 
60.000000 8.5112524652608077e-03 
60.200000 8.5153726121148469e-03 
60.400000 8.5194168462392611e-03 
60.600000 8.5233846394086408e-03 
60.800000 8.5272756214748134e-03 
61.000000 8.5310895689328266e-03 
61.200000 8.5348263941342154e-03 
61.400000 8.5384861351138694e-03 
61.600000 8.5420689459998426e-03 
61.800000 8.5455750879754721e-03 
62.000000 8.5490049207649198e-03 
62.200000 8.5523588946160908e-03 
62.400000 8.5556375427541520e-03 
62.600000 8.5588414742815404e-03 
62.800000 8.5619713675011075e-03 
63.000000 8.5650279636402139e-03 
63.200000 8.5680120609549996e-03 
63.400000 8.5709245091942204e-03 
63.600000 8.5737662044043598e-03 
63.800000 8.5765380840574484e-03 
64.000000 8.5792411224843834e-03 
64.200000 8.5818763265980494e-03 
64.400000 8.5844447318897139e-03 
64.600000 8.5869473986852820e-03 
64.800000 8.5893854086460664e-03 
65.000000 8.5917598615015533e-03 
65.200000 8.5940718720017694e-03 
65.400000 8.5963225670761985e-03 
65.600000 8.5985130831891902e-03 
65.800000 8.6006445638800791e-03 
66.000000 8.6027181574777362e-03 
66.200000 8.6047350149808764e-03 
66.400000 8.6066962880933153e-03 
66.600000 8.6086031274064216e-03 
66.800000 8.6104566807205796e-03 
67.000000 8.6122580914965042e-03 
67.200000 8.6140084974304799e-03 
67.400000 8.6157090291450345e-03 
67.600000 8.6173608089893557e-03 
67.800000 8.6189649499420987e-03 
68.000000 8.6205225546112617e-03 
68.200000 8.6220347143249731e-03 
68.400000 8.6235025083076355e-03 
68.600000 8.6249270029366849e-03 
68.800000 8.6263092510743492e-03 
69.000000 8.6276502914706104e-03 
69.200000 8.6289511482322331e-03 
69.400000 8.6302128303538048e-03 
69.600000 8.6314363313075796e-03 
69.800000 8.6326226286868712e-03 
70.000000 8.6337726839011697e-03 
70.200000 8.6348874419185425e-03 
70.400000 8.6359678310518537e-03 
70.600000 8.6370147627874046e-03 
70.800000 8.6380291316512422e-03 
71.000000 8.6390118151114612e-03 
71.200000 8.6399636735143039e-03 
71.400000 8.6408855500503100e-03 
71.600000 8.6417782707501698e-03 
71.800000 8.6426426445059268e-03 
72.000000 8.6434794631175989e-03 
72.200000 8.6442895013619757e-03 
72.400000 8.6450735170820400e-03 
72.600000 8.6458322512960716e-03 
72.800000 8.6465664283235395e-03 
73.000000 8.6472767559274549e-03 
73.200000 8.6479639254712932e-03 
73.400000 8.6486286120891209e-03 
73.600000 8.6492714748674388e-03 
73.800000 8.6498931570384036e-03 
74.000000 8.6504942861823954e-03 
74.200000 8.6510754744394437e-03 
74.400000 8.6516373187284085e-03 
74.600000 8.6521804009728285e-03 
74.800000 8.6527052883327432e-03 
75.000000 8.6532125334420843e-03 
75.200000 8.6537026746500711e-03 
75.400000 8.6541762362660583e-03 
75.600000 8.6546337288084547e-03 
75.800000 8.6550756492551999e-03 
76.000000 8.6555024812964183e-03 
76.200000 8.6559146955887574e-03 
76.400000 8.6563127500098713e-03 
76.600000 8.6566970899142563e-03 
76.800000 8.6570681483886316e-03 
77.000000 8.6574263465066543e-03 
77.200000 8.6577720935836749e-03 
77.400000 8.6581057874295202e-03 
77.600000 8.6584278146007408e-03 
77.800000 8.6587385506506562e-03 
78.000000 8.6590383603776539e-03 
78.200000 8.6593275980713837e-03 
78.400000 8.6596066077566890e-03 
78.600000 8.6598757234346482e-03 
78.800000 8.6601352693211949e-03 
79.000000 8.6603855600827888e-03 
79.200000 8.6606269010689827e-03 
79.400000 8.6608595885418870e-03 
79.600000 8.6610839099022785e-03 
79.800000 8.6613001439124326e-03 
80.000000 8.6615085609154704e-03 
80.200000 8.6617094230511532e-03 
80.400000 8.6619029844680097e-03 
80.600000 8.6620894915318790e-03 
80.800000 8.6622691830309431e-03 
81.000000 8.6624422903764757e-03 
81.200000 8.6626090378004554e-03 
81.400000 8.6627696425490355e-03 
81.600000 8.6629243150721895e-03 
81.800000 8.6630732592097772e-03 
82.000000 8.6632166723737067e-03 
82.200000 8.6633547457261213e-03 
82.400000 8.6634876643541681e-03 
82.600000 8.6636156074406719e-03 
82.800000 8.6637387484310800e-03 
83.000000 8.6638572551970931e-03 
83.200000 8.6639712901959709e-03 
83.400000 8.6640810106266078e-03 
83.600000 8.6641865685820191e-03 
83.800000 8.6642881111978400e-03 
84.000000 8.6643857807978085e-03 
84.200000 8.6644797150352074e-03 
84.400000 8.6645700470312122e-03 
84.600000 8.6646569055098543e-03 
84.800000 8.6647404149292288e-03 
85.000000 8.6648206956099656e-03 
85.200000 8.6648978638598374e-03 
85.400000 8.6649720320955796e-03 
85.600000 8.6650433089614960e-03 
85.800000 8.6651117994448468e-03 
86.000000 8.6651776049881651e-03 
86.200000 8.6652408235987910e-03 
86.400000 8.6653015499554148e-03 
86.600000 8.6653598755113033e-03 
86.800000 8.6654158885956893e-03 
87.000000 8.6654696745113065e-03 
87.200000 8.6655213156297834e-03 
87.400000 8.6655708914846908e-03 
87.600000 8.6656184788610688e-03 
87.800000 8.6656641518835561e-03 
88.000000 8.6657079821008710e-03 
88.200000 8.6657500385689291e-03 
88.400000 8.6657903879310116e-03 
88.600000 8.6658290944954391e-03 
88.800000 8.6658662203116937e-03 
89.000000 8.6659018252436271e-03 
89.200000 8.6659359670409331e-03 
89.400000 8.6659687014083702e-03 
89.600000 8.6660000820729666e-03 
89.800000 8.6660301608490076e-03 
90.000000 8.6660589877016105e-03 
90.200000 8.6660866108079163e-03 
90.400000 8.6661130766164229e-03 
90.600000 8.6661384299049227e-03 
90.800000 8.6661627138363475e-03 
91.000000 8.6661859700127991e-03 
91.200000 8.6662082385284226e-03 
91.400000 8.6662295580200912e-03 
91.600000 8.6662499657168147e-03 
91.800000 8.6662694974876057e-03 
92.000000 8.6662881878878072e-03 
92.200000 8.6663060702038587e-03 
92.400000 8.6663231764968467e-03 
92.600000 8.6663395376445317e-03 
92.800000 8.6663551833821937e-03 
93.000000 8.6663701423419139e-03 
93.200000 8.6663844420909551e-03 
93.400000 8.6663981091687076e-03 
93.600000 8.6664111691223018e-03 
93.800000 8.6664236465412870e-03 
94.000000 8.6664355650912968e-03 
94.200000 8.6664469475464280e-03 
94.400000 8.6664578158203564e-03 
94.600000 8.6664681909969701e-03 
94.800000 8.6664780933594972e-03 
95.000000 8.6664875424190616e-03 
95.200000 8.6664965569419831e-03 
95.400000 8.6665051549764029e-03 
95.600000 8.6665133538777819e-03 
95.800000 8.6665211703338633e-03 
96.000000 8.6665286203886430e-03 
96.200000 8.6665357194653739e-03 
96.400000 8.6665424823890672e-03 
96.600000 8.6665489234081516e-03 
96.800000 8.6665550562153165e-03 
97.000000 8.6665608939677542e-03 
97.200000 8.6665664493065959e-03 
97.400000 8.6665717343758584e-03 
97.600000 8.6665767608405525e-03 
97.800000 8.6665815399043274e-03 
98.000000 8.6665860823263736e-03 
98.200000 8.6665903984380517e-03 
98.400000 8.6665944981582730e-03 
98.600000 8.6665983910092781e-03 
98.800000 8.6666020861310422e-03 
99.000000 8.6666055922956248e-03 
99.200000 8.6666089179209330e-03 
99.400000 8.6666120710840039e-03 
99.600000 8.6666150595336999e-03 
99.800000 8.6666178907031551e-03 
100.000000 8.6666205717216595e-03 
100.200000 8.6666231094262008e-03 
100.400000 8.6666255103723805e-03 
100.600000 8.6666277808453134e-03 
100.800000 8.6666299268698416e-03 
101.000000 8.6666319542205751e-03 
101.200000 8.6666338684312592e-03 
101.400000 8.6666356748042409e-03 
101.600000 8.6666373784194603e-03 
101.800000 8.6666389841426883e-03 
102.000000 8.6666404966342196e-03 
102.200000 8.6666419203564968e-03 
102.400000 8.6666432595821578e-03 
102.600000 8.6666445184012102e-03 
102.800000 8.6666457007282417e-03 
103.000000 8.6666468103093457e-03 
103.200000 8.6666478507287197e-03 
103.400000 8.6666488254151693e-03 
103.600000 8.6666497376480228e-03 
103.800000 8.6666505905633583e-03 
104.000000 8.6666513871594374e-03 
104.200000 8.6666521303024324e-03 
104.400000 8.6666528227315898e-03 
104.600000 8.6666534670643905e-03 
104.800000 8.6666540658015493e-03 
105.000000 8.6666546213314336e-03 
105.200000 8.6666551359349392e-03 
105.400000 8.6666556117898242e-03 
105.600000 8.6666560509746794e-03 
105.800000 8.6666564554732615e-03 
106.000000 8.6666568271782547e-03 
106.200000 8.6666571678950550e-03 
106.400000 8.6666574793453806e-03 
106.600000 8.6666577631707674e-03 
106.800000 8.6666580209359724e-03 
107.000000 8.6666582541319453e-03 
107.200000 8.6666584641791090e-03 
107.400000 8.6666586524303240e-03 
107.600000 8.6666588201738080e-03 
107.800000 8.6666589686356810e-03 
108.000000 8.6666590989827180e-03 
108.200000 8.6666592123250605e-03 
108.400000 8.6666593097181784e-03 
108.600000 8.6666593921657063e-03 
108.800000 8.6666594606213919e-03 
109.000000 8.6666595159915014e-03 
109.200000 8.6666595591365584e-03 
109.400000 8.6666595908736904e-03 
109.600000 8.6666596119784178e-03 
109.800000 8.6666596231861261e-03 
110.000000 8.6666596251946844e-03 
110.200000 8.6666596186651020e-03 
110.400000 8.6666596042240304e-03 
110.600000 8.6666595824647485e-03 
110.800000 8.6666595539489997e-03 
111.000000 8.6666595192081957e-03 
111.200000 8.6666594787450351e-03 
111.400000 8.6666594330345563e-03 
111.600000 8.6666593825255028e-03 
111.800000 8.6666593276416813e-03 
112.000000 8.6666592687830619e-03 
112.200000 8.6666592063266781e-03 
112.400000 8.6666591406280181e-03 
112.600000 8.6666590720217863e-03 
112.800000 8.6666590008229894e-03 
113.000000 8.6666589273279703e-03 
113.200000 8.6666588518152874e-03 
113.400000 8.6666587745463496e-03 
113.600000 8.6666586957664417e-03 
113.800000 8.6666586157055307e-03 
114.000000 8.6666585345790189e-03 
114.200000 8.6666584525882558e-03 
114.400000 8.6666583699216929e-03 
114.600000 8.6666582867549278e-03 
114.800000 8.6666582032518431e-03 
115.000000 8.6666581195649905e-03 
115.200000 8.6666580358362999e-03 
115.400000 8.6666579521974124e-03 
115.600000 8.6666578687703850e-03 
115.800000 8.6666577856682522e-03 
116.000000 8.6666577029953333e-03 
116.200000 8.6666576208477893e-03 
116.400000 8.6666575393139957e-03 
116.600000 8.6666574584751271e-03 
116.800000 8.6666573784054349e-03 
117.000000 8.6666572991726306e-03 
117.200000 8.6666572208381563e-03 
117.400000 8.6666571434577781e-03 
117.600000 8.6666570670817962e-03 
117.800000 8.6666569917552456e-03 
118.000000 8.6666569175184120e-03 
118.200000 8.6666568444068847e-03 
118.400000 8.6666567724521144e-03 
118.600000 8.6666567016813866e-03 
118.800000 8.6666566321182640e-03 
119.000000 8.6666565637826647e-03 
119.200000 8.6666564966913513e-03 
119.400000 8.6666564308578459e-03 
119.600000 8.6666563662927461e-03 
119.800000 8.6666563030040108e-03 
120.000000 8.6666562409970123e-03 
120.200000 8.6666561802747795e-03 
120.400000 8.6666561208381745e-03 
120.600000 8.6666560626858756e-03 
120.800000 8.6666560058148660e-03 
121.000000 8.6666559502203023e-03 
121.200000 8.6666558958956811e-03 
121.400000 8.6666558428330365e-03 
121.600000 8.6666557910230046e-03 
121.800000 8.6666557404550242e-03 
122.000000 8.6666556911173323e-03 
122.200000 8.6666556429971058e-03 
122.400000 8.6666555960806559e-03 
122.600000 8.6666555503532583e-03 
122.800000 8.6666555057995174e-03 
123.000000 8.6666554624034095e-03 
123.200000 8.6666554201481113e-03 
123.400000 8.6666553790163692e-03 
123.600000 8.6666553389903953e-03 
123.800000 8.6666553000518901e-03 
124.000000 8.6666552621824013e-03 
124.200000 8.6666552253629545e-03 
124.400000 8.6666551895743984e-03 
124.600000 8.6666551547974115e-03 
124.800000 8.6666551210124107e-03 
125.000000 8.6666550881997033e-03 
125.200000 8.6666550563396089e-03 
125.400000 8.6666550254122544e-03 
125.600000 8.6666549953978555e-03 
125.800000 8.6666549662766362e-03 
126.000000 8.6666549380288258e-03 
126.200000 8.6666549106346729e-03 
126.400000 8.6666548840747121e-03 
126.600000 8.6666548583293687e-03 
126.800000 8.6666548333794013e-03 
127.000000 8.6666548092056168e-03 
127.200000 8.6666547857890599e-03 
127.400000 8.6666547631108672e-03 
127.600000 8.6666547411525241e-03 
127.800000 8.6666547198957309e-03 
128.000000 8.6666546993222921e-03 
128.200000 8.6666546794144286e-03 
128.400000 8.6666546601544686e-03 
128.600000 8.6666546415250997e-03 
128.800000 8.6666546235092436e-03 
129.000000 8.6666546060902242e-03 
129.200000 8.6666545892514681e-03 
129.400000 8.6666545729767470e-03 
129.600000 8.6666545572501585e-03 
129.800000 8.6666545420562013e-03 
130.000000 8.6666545273794676e-03 
130.200000 8.6666545132050021e-03 
130.400000 8.6666544995181310e-03 
130.600000 8.6666544863044214e-03 
130.800000 8.6666544735498671e-03 
131.000000 8.6666544612406284e-03 
131.200000 8.6666544493632803e-03 
131.400000 8.6666544379046320e-03 
131.600000 8.6666544268519281e-03 
131.800000 8.6666544161924548e-03 
132.000000 8.6666544059140847e-03 
132.200000 8.6666543960047752e-03 
132.400000 8.6666543864529783e-03 
132.600000 8.6666543772471634e-03 
132.800000 8.6666543683763426e-03 
133.000000 8.6666543598297487e-03 
133.200000 8.6666543515967944e-03 
133.400000 8.6666543436673040e-03 
133.600000 8.6666543360312525e-03 
133.800000 8.6666543286788925e-03 
134.000000 8.6666543216008911e-03 
134.200000 8.6666543147880595e-03 
134.400000 8.6666543082314206e-03 
134.600000 8.6666543019223493e-03 
134.800000 8.6666542958524582e-03 
135.000000 8.6666542900134414e-03 
135.200000 8.6666542843974563e-03 
135.400000 8.6666542789967920e-03 
135.600000 8.6666542738039962e-03 
135.800000 8.6666542688117274e-03 
136.000000 8.6666542640129480e-03 
136.200000 8.6666542594008873e-03 
136.400000 8.6666542549688995e-03 
136.600000 8.6666542507106252e-03 
136.800000 8.6666542466197639e-03 
137.000000 8.6666542426902613e-03 
137.200000 8.6666542389164797e-03 
137.400000 8.6666542352926094e-03 
137.600000 8.6666542318132225e-03 
137.800000 8.6666542284730332e-03 
138.000000 8.6666542252669190e-03 
138.200000 8.6666542221899689e-03 
138.400000 8.6666542192374053e-03 
138.600000 8.6666542164045377e-03 
138.800000 8.6666542136869338e-03 
139.000000 8.6666542110802897e-03 
139.200000 8.6666542085803936e-03 
139.400000 8.6666542061831549e-03 
139.600000 8.6666542038848580e-03 
139.800000 8.6666542016815475e-03 
140.000000 8.6666541995697680e-03 
140.200000 8.6666541975458800e-03 
140.400000 8.6666541956065841e-03 
140.600000 8.6666541937485634e-03 
140.800000 8.6666541919687215e-03 
141.000000 8.6666541902640209e-03 
141.200000 8.6666541886314744e-03 
141.400000 8.6666541870684000e-03 
141.600000 8.6666541855719478e-03 
141.800000 8.6666541841396039e-03 
142.000000 8.6666541827688272e-03 
142.200000 8.6666541814571663e-03 
142.400000 8.6666541802022708e-03 
142.600000 8.6666541790019654e-03 
142.800000 8.6666541778540676e-03 
143.000000 8.6666541767564109e-03 
143.200000 8.6666541757071704e-03 
143.400000 8.6666541747042729e-03 
143.600000 8.6666541737459701e-03 
143.800000 8.6666541728304021e-03 
144.000000 8.6666541719559956e-03 
144.200000 8.6666541711209709e-03 
144.400000 8.6666541703238863e-03 
144.600000 8.6666541695632465e-03 
144.800000 8.6666541688375526e-03 
145.000000 8.6666541681454431e-03 
145.200000 8.6666541674855734e-03 
145.400000 8.6666541668566615e-03 
145.600000 8.6666541662575522e-03 
145.800000 8.6666541656869201e-03 
146.000000 8.6666541651438389e-03 
146.200000 8.6666541646270284e-03 
146.400000 8.6666541641355916e-03 
146.600000 8.6666541636683751e-03 
146.800000 8.6666541632246397e-03 
147.000000 8.6666541628036501e-03 
147.200000 8.6666541624046724e-03 
147.400000 8.6666541620268583e-03 
147.600000 8.6666541616695139e-03 
147.800000 8.6666541613318708e-03 
148.000000 8.6666541610131622e-03 
148.200000 8.6666541607126266e-03 
148.400000 8.6666541604295266e-03 
148.600000 8.6666541601631841e-03 
148.800000 8.6666541599129312e-03 
149.000000 8.6666541596780843e-03 
149.200000 8.6666541594579566e-03 
149.400000 8.6666541592519530e-03 
149.600000 8.6666541590595045e-03 
149.800000 8.6666541588799832e-03 
