0.000000 5.1508526011893807e-01 
0.200000 5.1508883898062208e-01 
0.400000 5.1509574052203611e-01 
0.600000 5.1510466147633283e-01 
0.800000 5.1511456481084905e-01 
1.000000 5.1512449263347093e-01 
1.200000 5.1513354482924545e-01 
1.400000 5.1514086016748162e-01 
1.600000 5.1514560086053118e-01 
1.800000 5.1514693503603126e-01 
2.000000 5.1514402828764827e-01 
2.200000 5.1513662050850251e-01 
2.400000 5.1512454143264286e-01 
2.600000 5.1510771083855689e-01 
2.800000 5.1508607915981430e-01 
3.000000 5.1505961225227725e-01 
3.200000 5.1502828007142887e-01 
3.400000 5.1499205249298596e-01 
3.600000 5.1495173974582009e-01 
3.800000 5.1490756059151099e-01 
4.000000 5.1485939715879903e-01 
4.200000 5.1480707511646628e-01 
4.400000 5.1475035401290803e-01 
4.600000 5.1468896052659541e-01 
4.800000 5.1462260725897369e-01 
5.000000 5.1455101144779891e-01 
5.200000 5.1447389789819487e-01 
5.400000 5.1439101582168634e-01 
5.600000 5.1430213260952151e-01 
5.800000 5.1420702208153857e-01 
6.000000 5.1410546223290965e-01 
6.200000 5.1399723218577953e-01 
6.400000 5.1388210550137869e-01 
6.600000 5.1375984299824917e-01 
6.800000 5.1363019591600256e-01 
7.000000 5.1349287896146556e-01 
7.200000 5.1334757153122679e-01 
7.400000 5.1319392885077797e-01 
7.600000 5.1303158499351786e-01 
7.800000 5.1286015370113813e-01 
8.000000 5.1267922905365970e-01 
8.200000 5.1248838492308713e-01 
8.400000 5.1228717437036042e-01 
8.600000 5.1207512759472174e-01 
8.800000 5.1185174964270086e-01 
9.000000 5.1161651790926255e-01 
9.200000 5.1136887946336851e-01 
9.400000 5.1110824792855192e-01 
9.600000 5.1083400084353370e-01 
9.800000 5.1054547721586196e-01 
10.000000 5.1024197567452034e-01 
10.200000 5.0992275165256506e-01 
10.400000 5.0958701439880494e-01 
10.600000 5.0923392366752263e-01 
10.800000 5.0886258686089914e-01 
11.000000 5.0847205625623770e-01 
11.200000 5.0806132575276175e-01 
11.400000 5.0762932736588917e-01 
11.600000 5.0717492728563829e-01 
11.800000 5.0669692160386504e-01 
12.000000 5.0619403179920630e-01 
12.200000 5.0566489985689744e-01 
12.400000 5.0510808316339129e-01 
12.600000 5.0452204916066135e-01 
12.800000 5.0390516974140898e-01 
13.000000 5.0325571538845093e-01 
13.200000 5.0257184907979657e-01 
13.400000 5.0185161991236982e-01 
13.600000 5.0109295646165009e-01 
13.800000 5.0029365989692254e-01 
14.000000 4.9945139690527507e-01 
14.200000 4.9856369240328585e-01 
14.400000 4.9762792206791723e-01 
14.600000 4.9664130469709600e-01 
14.800000 4.9560089448124633e-01 
15.000000 4.9450357324434180e-01 
15.200000 4.9334604273938587e-01 
15.400000 4.9212481711774952e-01 
15.600000 4.9083621566409386e-01 
15.800000 4.8947635592256478e-01 
16.000000 4.8804114742406102e-01 
16.200000 4.8652628617643739e-01 
16.400000 4.8492725012806465e-01 
16.600000 4.8323929585002368e-01 
16.800000 4.8145745671581758e-01 
17.000000 4.7957654288351675e-01 
17.200000 4.7759114341770542e-01 
17.400000 4.7549563092607328e-01 
17.600000 4.7328416911121518e-01 
17.800000 4.7095072366533025e-01 
18.000000 4.6848907695721526e-01 
18.200000 4.6589284697728822e-01 
18.400000 4.6315551101092023e-01 
18.600000 4.6027043450317778e-01 
18.800000 4.5723090555659535e-01 
19.000000 4.5403017547179664e-01 
19.200000 4.5066150567792163e-01 
19.400000 4.4711822132753265e-01 
19.600000 4.4339377172899130e-01 
19.800000 4.3948179766427925e-01 
20.000000 4.3537620549153816e-01 
20.200000 4.3107124775832895e-01 
20.400000 4.2656160985386904e-01 
20.600000 4.2184250201112533e-01 
20.800000 4.1690975573409261e-01 
21.000000 4.1175992347713486e-01 
21.200000 4.0639038014876505e-01 
21.400000 4.0079942475919400e-01 
21.600000 3.9498638028800853e-01 
21.800000 3.8895168962755838e-01 
22.000000 3.8269700527058542e-01 
22.200000 3.7622527027096120e-01 
22.400000 3.6954078792794282e-01 
22.600000 3.6264927764129518e-01 
22.800000 3.5555791446885820e-01 
23.000000 3.4827535010044813e-01 
23.200000 3.4081171324801707e-01 
23.400000 3.3317858784375759e-01 
23.600000 3.2538896793020056e-01 
23.800000 3.1745718870796569e-01 
24.000000 3.0939883385925498e-01 
24.200000 3.0123061996350298e-01 
24.400000 2.9297025953538114e-01 
24.600000 2.8463630491082992e-01 
24.800000 2.7624797584878386e-01 
25.000000 2.6782497427061386e-01 
25.200000 2.5938728999633670e-01 
25.400000 2.5095500163250567e-01 
25.600000 2.4254807690587701e-01 
25.800000 2.3418617671356995e-01 
26.000000 2.2588846697799361e-01 
26.200000 2.1767344206621994e-01 
26.400000 2.0955876307966628e-01 
26.600000 2.0156111376782807e-01 
26.800000 1.9369607620015439e-01 
27.000000 1.8597802767519347e-01 
27.200000 1.7842005968732411e-01 
27.400000 1.7103391913724145e-01 
27.600000 1.6382997138731525e-01 
27.800000 1.5681718424581223e-01 
28.000000 1.5000313152819483e-01 
28.200000 1.4339401449662995e-01 
28.400000 1.3699469922280896e-01 
28.600000 1.3080876775180020e-01 
28.800000 1.2483858085988658e-01 
29.000000 1.1908535018859558e-01 
29.200000 1.1354921758979442e-01 
29.400000 1.0822933962158401e-01 
29.600000 1.0312397528021089e-01 
29.800000 9.8230575228234876e-02 
30.000000 9.3545870973531925e-02 
30.200000 8.9065962658241377e-02 
30.400000 8.4786404323669962e-02 
30.600000 8.0702285720015227e-02 
30.800000 7.6808309923359214e-02 
31.000000 7.3098866202969209e-02 
31.200000 6.9568097746678839e-02 
31.400000 6.6209963999413673e-02 
31.600000 6.3018297498867823e-02 
31.800000 5.9986855202870400e-02 
32.000000 5.7109364395507234e-02 
32.200000 5.4379563334547514e-02 
32.400000 5.1791236862355247e-02 
32.600000 4.9338247247689683e-02 
32.800000 4.7014560558196694e-02 
33.000000 4.4814268884556731e-02 
33.200000 4.2731608748808554e-02 
33.400000 4.0760976032803306e-02 
33.600000 3.8896937759569955e-02 
33.800000 3.7134241051834625e-02 
34.000000 3.5467819579286027e-02 
34.200000 3.3892797790420329e-02 
34.400000 3.2404493206872338e-02 
34.600000 3.0998417038796893e-02 
34.800000 2.9670273359762283e-02 
35.000000 2.8415957059299210e-02 
35.200000 2.7231550771116296e-02 
35.400000 2.6113320955408185e-02 
35.600000 2.5057713294878600e-02 
35.800000 2.4061347546283206e-02 
36.000000 2.3121011972564883e-02 
36.200000 2.2233657465121869e-02 
36.400000 2.1396391451419323e-02 
36.600000 2.0606471670060626e-02 
36.800000 1.9861299883539539e-02 
37.000000 1.9158415588174368e-02 
37.200000 1.8495489771115821e-02 
37.400000 1.7870318755766171e-02 
37.600000 1.7280818169379684e-02 
37.800000 1.6725017059955691e-02 
38.000000 1.6201052183719426e-02 
38.200000 1.5707162479427845e-02 
38.400000 1.5241683741380739e-02 
38.600000 1.4803043499277009e-02 
38.800000 1.4389756109877338e-02 
39.000000 1.4000418062753570e-02 
39.200000 1.3633703500160254e-02 
39.400000 1.3288359949212911e-02 
39.600000 1.2963204263034897e-02 
39.800000 1.2657118766321519e-02 
40.000000 1.2369047599799321e-02 
40.200000 1.2097993257317965e-02 
40.400000 1.1843013308756405e-02 
40.600000 1.1603217301531590e-02 
40.800000 1.1377763833241563e-02 
41.000000 1.1165857787834112e-02 
41.200000 1.0966747727646409e-02 
41.400000 1.0779723433695688e-02 
41.600000 1.0604113586702458e-02 
41.800000 1.0439283581479709e-02 
42.000000 1.0284633467517229e-02 
42.200000 1.0139596008818898e-02 
42.400000 1.0003634856302276e-02 
42.600000 9.8762428263412510e-03 
42.800000 9.7569402793134617e-03 
43.000000 9.6452735923032735e-03 
43.200000 9.5408137204016225e-03 
43.400000 9.4431548413321555e-03 
43.600000 9.3519130784200932e-03 
43.800000 9.2667252971959223e-03 
44.000000 9.1872479711978313e-03 
44.200000 9.1131561127956381e-03 
44.400000 9.0441422651080725e-03 
44.600000 8.9799155513232923e-03 
44.800000 8.9202007779585514e-03 
45.000000 8.8647375888079496e-03 
45.200000 8.8132796665309245e-03 
45.400000 8.7655939790235397e-03 
45.600000 8.7214600678945861e-03 
45.800000 8.6806693765371732e-03 
46.000000 8.6430246154436952e-03 
46.200000 8.6083391625617067e-03 
46.400000 8.5764364966254090e-03 
46.600000 8.5471496615287888e-03 
46.800000 8.5203207599267236e-03 
47.000000 8.4958004743644899e-03 
47.200000 8.4734476143424661e-03 
47.400000 8.4531286878220240e-03 
47.600000 8.4347174957706793e-03 
47.800000 8.4180947484321852e-03 
48.000000 8.4031477020877921e-03 
48.200000 8.3897698151509086e-03 
48.400000 8.3778604225074362e-03 
48.600000 8.3673244270817699e-03 
48.800000 8.3580720076683237e-03 
49.000000 8.3500183421281338e-03 
49.200000 8.3430833451029786e-03 
49.400000 8.3371914194503988e-03 
49.600000 8.3322712206509511e-03 
49.800000 8.3282554334817727e-03 
50.000000 8.3250805602941257e-03 
50.200000 8.3226867202688369e-03 
50.400000 8.3210174590624061e-03 
50.600000 8.3200195682882096e-03 
50.800000 8.3196429143109971e-03 
51.000000 8.3198402758609437e-03 
51.200000 8.3205671900034930e-03 
51.400000 8.3217818060250161e-03 
51.600000 8.3234447468206844e-03 
51.800000 8.3255189773940082e-03 
52.000000 8.3279696800972747e-03 
52.200000 8.3307641362648146e-03 
52.400000 8.3338716139089060e-03 
52.600000 8.3372632611654757e-03 
52.800000 8.3409120051948574e-03 
53.000000 8.3447924562584895e-03 
53.200000 8.3488808167064311e-03 
53.400000 8.3531547946254486e-03 
53.600000 8.3575935219114689e-03 
53.800000 8.3621774765399361e-03 
54.000000 8.3668884088231744e-03 
54.200000 8.3717092714512952e-03 
54.400000 8.3766241531268437e-03 
54.600000 8.3816182156106860e-03 
54.800000 8.3866776340076592e-03 
55.000000 8.3917895401289192e-03 
55.200000 8.3969419687757643e-03 
55.400000 8.4021238067983669e-03 
55.600000 8.4073247447899839e-03 
55.800000 8.4125352312841937e-03 
56.000000 8.4177464293293206e-03 
56.200000 8.4229501753212404e-03 
56.400000 8.4281389399810912e-03 
56.600000 8.4333057913700479e-03 
56.800000 8.4384443598393248e-03 
57.000000 8.4435488048180216e-03 
57.200000 8.4486137833471760e-03 
57.400000 8.4536344202716454e-03 
57.600000 8.4586062800074344e-03 
57.800000 8.4635253398043387e-03 
58.000000 8.4683879644300141e-03 
58.200000 8.4731908822028908e-03 
58.400000 8.4779311623068860e-03 
58.600000 8.4826061933228579e-03 
58.800000 8.4872136629158580e-03 
59.000000 8.4917515386196806e-03 
59.200000 8.4962180496633496e-03 
59.400000 8.5006116697871892e-03 
59.600000 8.5049311009976827e-03 
59.800000 8.5091752582146258e-03 
60.000000 8.5133432547639856e-03 
60.200000 8.5174343886750686e-03 
60.400000 8.5214481297395308e-03 
60.600000 8.5253841072944272e-03 
60.800000 8.5292420986919810e-03 
61.000000 8.5330220184211408e-03 
61.200000 8.5367239078468285e-03 
61.400000 8.5403479255366233e-03 
61.600000 8.5438943381428659e-03 
61.800000 8.5473635118126362e-03 
62.000000 8.5507559040987075e-03 
62.200000 8.5540720563439237e-03 
62.400000 8.5573125865163781e-03 
62.600000 8.5604781824698203e-03 
62.800000 8.5635695956094594e-03 
63.000000 8.5665876349396014e-03 
63.200000 8.5695331614744994e-03 
63.400000 8.5724070829931633e-03 
63.600000 8.5752103491189020e-03 
63.800000 8.5779439467081088e-03 
64.000000 8.5806088955298638e-03 
64.200000 8.5832062442223640e-03 
64.400000 8.5857370665105657e-03 
64.600000 8.5882024576712720e-03 
64.800000 8.5906035312316824e-03 
65.000000 8.5929414158895951e-03 
65.200000 8.5952172526425636e-03 
65.400000 8.5974321921148972e-03 
65.600000 8.5995873920710238e-03 
65.800000 8.6016840151055436e-03 
66.000000 8.6037232264999670e-03 
66.200000 8.6057061922363461e-03 
66.400000 8.6076340771595004e-03 
66.600000 8.6095080432795415e-03 
66.800000 8.6113292482055195e-03 
67.000000 8.6130988437046543e-03 
67.200000 8.6148179743775737e-03 
67.400000 8.6164877764450410e-03 
67.600000 8.6181093766379835e-03 
67.800000 8.6196838911851738e-03 
68.000000 8.6212124248937778e-03 
68.200000 8.6226960703152493e-03 
68.400000 8.6241359069930638e-03 
68.600000 8.6255330007867850e-03 
68.800000 8.6268884032672938e-03 
69.000000 8.6282031511793027e-03 
69.200000 8.6294782659668331e-03 
69.400000 8.6307147533573395e-03 
69.600000 8.6319136030012181e-03 
69.800000 8.6330757881626710e-03 
70.000000 8.6342022654584717e-03 
70.200000 8.6352939746419614e-03 
70.400000 8.6363518384289066e-03 
70.600000 8.6373767623620611e-03 
70.800000 8.6383696347121595e-03 
71.000000 8.6393313264127823e-03 
71.200000 8.6402626910263881e-03 
71.400000 8.6411645647391736e-03 
71.600000 8.6420377663830698e-03 
71.800000 8.6428830974823456e-03 
72.000000 8.6437013423231804e-03 
72.200000 8.6444932680441351e-03 
72.400000 8.6452596247464531e-03 
72.600000 8.6460011456211665e-03 
72.800000 8.6467185470935366e-03 
73.000000 8.6474125289814543e-03 
73.200000 8.6480837746676399e-03 
73.400000 8.6487329512839016e-03 
73.600000 8.6493607099064739e-03 
73.800000 8.6499676857611889e-03 
74.000000 8.6505544984374558e-03 
74.200000 8.6511217521099866e-03 
74.400000 8.6516700357678888e-03 
74.600000 8.6521999234489833e-03 
74.800000 8.6527119744802053e-03 
75.000000 8.6532067337220693e-03 
75.200000 8.6536847318169942e-03 
75.400000 8.6541464854407064e-03 
75.600000 8.6545924975562488e-03 
75.800000 8.6550232576699301e-03 
76.000000 8.6554392420886452e-03 
76.200000 8.6558409141779240e-03 
76.400000 8.6562287246208479e-03 
76.600000 8.6566031116766216e-03 
76.800000 8.6569645014387495e-03 
77.000000 8.6573133080930890e-03 
77.200000 8.6576499341735752e-03 
77.400000 8.6579747708183993e-03 
77.600000 8.6582881980224163e-03 
77.800000 8.6585905848893408e-03 
78.000000 8.6588822898810060e-03 
78.200000 8.6591636610640500e-03 
78.400000 8.6594350363547352e-03 
78.600000 8.6596967437602129e-03 
78.800000 8.6599491016174316e-03 
79.000000 8.6601924188287761e-03 
79.200000 8.6604269950943842e-03 
79.400000 8.6606531211414674e-03 
79.600000 8.6608710789497119e-03 
79.800000 8.6610811419738469e-03 
80.000000 8.6612835753620016e-03 
80.200000 8.6614786361708714e-03 
80.400000 8.6616665735767557e-03 
80.600000 8.6618476290833395e-03 
80.800000 8.6620220367251873e-03 
81.000000 8.6621900232678600e-03 
81.200000 8.6623518084039466e-03 
81.400000 8.6625076049452517e-03 
81.600000 8.6626576190112076e-03 
81.800000 8.6628020502135476e-03 
82.000000 8.6629410918366862e-03 
82.200000 8.6630749310149472e-03 
82.400000 8.6632037489053470e-03 
82.600000 8.6633277208569316e-03 
82.800000 8.6634470165761288e-03 
83.000000 8.6635618002887348e-03 
83.200000 8.6636722308977305e-03 
83.400000 8.6637784621375769e-03 
83.600000 8.6638806427250716e-03 
83.800000 8.6639789165063076e-03 
84.000000 8.6640734226005253e-03 
84.200000 8.6641642955396676e-03 
84.400000 8.6642516654054959e-03 
84.600000 8.6643356579624575e-03 
84.800000 8.6644163947876378e-03 
85.000000 8.6644939933972279e-03 
85.200000 8.6645685673700391e-03 
85.400000 8.6646402264671969e-03 
85.600000 8.6647090767494016e-03 
85.800000 8.6647752206907170e-03 
86.000000 8.6648387572892081e-03 
86.200000 8.6648997821752363e-03 
86.400000 8.6649583877159483e-03 
86.600000 8.6650146631176463e-03 
86.800000 8.6650686945249304e-03 
87.000000 8.6651205651174686e-03 
87.200000 8.6651703552037013e-03 
87.400000 8.6652181423119978e-03 
87.600000 8.6652640012796645e-03 
87.800000 8.6653080043386302e-03 
88.000000 8.6653502211995956e-03 
88.200000 8.6653907191331352e-03 
88.400000 8.6654295630486967e-03 
88.600000 8.6654668155710934e-03 
88.800000 8.6655025371153854e-03 
89.000000 8.6655367859584508e-03 
89.200000 8.6655696183098839e-03 
89.400000 8.6656010883793214e-03 
89.600000 8.6656312484429242e-03 
89.800000 8.6656601489072012e-03 
90.000000 8.6656878383711555e-03 
90.200000 8.6657143636866621e-03 
90.400000 8.6657397700165908e-03 
90.600000 8.6657641008916434e-03 
90.800000 8.6657873982652050e-03 
91.000000 8.6658097025664044e-03 
91.200000 8.6658310527519909e-03 
91.400000 8.6658514863559057e-03 
91.600000 8.6658710395378993e-03 
91.800000 8.6658897471304820e-03 
92.000000 8.6659076426840818e-03 
92.200000 8.6659247585113425e-03 
92.400000 8.6659411257294094e-03 
92.600000 8.6659567743014951e-03 
92.800000 8.6659717330764482e-03 
93.000000 8.6659860298277033e-03 
93.200000 8.6659996912905359e-03 
93.400000 8.6660127431983595e-03 
93.600000 8.6660252103176044e-03 
93.800000 8.6660371164817701e-03 
94.000000 8.6660484846241403e-03 
94.200000 8.6660593368096048e-03 
94.400000 8.6660696942652427e-03 
94.600000 8.6660795774100401e-03 
94.800000 8.6660890058834848e-03 
95.000000 8.6660979985735860e-03 
95.200000 8.6661065736434693e-03 
95.400000 8.6661147485572725e-03 
95.600000 8.6661225401056460e-03 
95.800000 8.6661299644294303e-03 
96.000000 8.6661370370433293e-03 
96.200000 8.6661437728587400e-03 
96.400000 8.6661501862051703e-03 
96.600000 8.6661562908519497e-03 
96.800000 8.6661621000281262e-03 
97.000000 8.6661676264424559e-03 
97.200000 8.6661728823024010e-03 
97.400000 8.6661778793324651e-03 
97.600000 8.6661826287920997e-03 
97.800000 8.6661871414927330e-03 
98.000000 8.6661914278144386e-03 
98.200000 8.6661954977217716e-03 
98.400000 8.6661993607793850e-03 
98.600000 8.6662030261668230e-03 
98.800000 8.6662065026929403e-03 
99.000000 8.6662097988098267e-03 
99.200000 8.6662129226260567e-03 
99.400000 8.6662158819198025e-03 
99.600000 8.6662186841511644e-03 
99.800000 8.6662213364743501e-03 
100.000000 8.6662238457489854e-03 
100.200000 8.6662262185517695e-03 
100.400000 8.6662284611867986e-03 
100.600000 8.6662305796963417e-03 
100.800000 8.6662325798706717e-03 
101.000000 8.6662344672577656e-03 
101.200000 8.6662362471727709e-03 
101.400000 8.6662379247069259e-03 
101.600000 8.6662395047361375e-03 
101.800000 8.6662409919295250e-03 
102.000000 8.6662423907572974e-03 
102.200000 8.6662437054986757e-03 
102.400000 8.6662449402493333e-03 
102.600000 8.6662460989285033e-03 
102.800000 8.6662471852861200e-03 
103.000000 8.6662482029092967e-03 
103.200000 8.6662491552289590e-03 
103.400000 8.6662500455258213e-03 
103.600000 8.6662508769367614e-03 
103.800000 8.6662516524601257e-03 
104.000000 8.6662523749615732e-03 
104.200000 8.6662530471793373e-03 
104.400000 8.6662536717292613e-03 
104.600000 8.6662542511099696e-03 
104.800000 8.6662547877075034e-03 
105.000000 8.6662552837996967e-03 
105.200000 8.6662557415610533e-03 
105.400000 8.6662561630665783e-03 
105.600000 8.6662565502960143e-03 
105.800000 8.6662569051378768e-03 
106.000000 8.6662572293929804e-03 
106.200000 8.6662575247783737e-03 
106.400000 8.6662577929306189e-03 
106.600000 8.6662580354091544e-03 
106.800000 8.6662582536997049e-03 
107.000000 8.6662584492172897e-03 
107.200000 8.6662586233089926e-03 
107.400000 8.6662587772573570e-03 
107.600000 8.6662589122825512e-03 
107.800000 8.6662590295455335e-03 
108.000000 8.6662591301501970e-03 
108.200000 8.6662592151460840e-03 
108.400000 8.6662592855305792e-03 
108.600000 8.6662593422514918e-03 
108.800000 8.6662593862085798e-03 
109.000000 8.6662594182562967e-03 
109.200000 8.6662594392055130e-03 
109.400000 8.6662594498254173e-03 
109.600000 8.6662594508453636e-03 
109.800000 8.6662594429568075e-03 
110.000000 8.6662594268147215e-03 
110.200000 8.6662594030396042e-03 
110.400000 8.6662593722185589e-03 
110.600000 8.6662593349073041e-03 
110.800000 8.6662592916311974e-03 
111.000000 8.6662592428869718e-03 
111.200000 8.6662591891438455e-03 
111.400000 8.6662591308446606e-03 
111.600000 8.6662590684074385e-03 
111.800000 8.6662590022264108e-03 
112.000000 8.6662589326730582e-03 
112.200000 8.6662588600972291e-03 
112.400000 8.6662587848281465e-03 
112.600000 8.6662587071754862e-03 
112.800000 8.6662586274302931e-03 
113.000000 8.6662585458657689e-03 
113.200000 8.6662584627381790e-03 
113.400000 8.6662583782878555e-03 
113.600000 8.6662582927397192e-03 
113.800000 8.6662582063042164e-03 
114.000000 8.6662581191780923e-03 
114.200000 8.6662580315448306e-03 
114.400000 8.6662579435755373e-03 
114.600000 8.6662578554295884e-03 
114.800000 8.6662577672550773e-03 
115.000000 8.6662576791894444e-03 
115.200000 8.6662575913602595e-03 
115.400000 8.6662575038853416e-03 
115.600000 8.6662574168735566e-03 
115.800000 8.6662573304252342e-03 
116.000000 8.6662572446327222e-03 
116.200000 8.6662571595805624e-03 
116.400000 8.6662570753461149e-03 
116.600000 8.6662569920000210e-03 
116.800000 8.6662569096063215e-03 
117.000000 8.6662568282231695e-03 
117.200000 8.6662567479028237e-03 
117.400000 8.6662566686922186e-03 
117.600000 8.6662565906332843e-03 
117.800000 8.6662565137629859e-03 
118.000000 8.6662564381139902e-03 
118.200000 8.6662563637146545e-03 
118.400000 8.6662562905893050e-03 
118.600000 8.6662562187586681e-03 
118.800000 8.6662561482400216e-03 
119.000000 8.6662560790472729e-03 
119.200000 8.6662560111914165e-03 
119.400000 8.6662559446803976e-03 
119.600000 8.6662558795196996e-03 
119.800000 8.6662558157123565e-03 
120.000000 8.6662557532589442e-03 
120.200000 8.6662556921579571e-03 
120.400000 8.6662556324060558e-03 
120.600000 8.6662555739979111e-03 
120.800000 8.6662555169265670e-03 
121.000000 8.6662554611834988e-03 
121.200000 8.6662554067587997e-03 
121.400000 8.6662553536411176e-03 
121.600000 8.6662553018180682e-03 
121.800000 8.6662552512759838e-03 
122.000000 8.6662552020003308e-03 
122.200000 8.6662551539757014e-03 
122.400000 8.6662551071857753e-03 
122.600000 8.6662550616134482e-03 
122.800000 8.6662550172411090e-03 
123.000000 8.6662549740504861e-03 
123.200000 8.6662549320228547e-03 
123.400000 8.6662548911389317e-03 
123.600000 8.6662548513791373e-03 
123.800000 8.6662548127236332e-03 
124.000000 8.6662547751521577e-03 
124.200000 8.6662547386443297e-03 
124.400000 8.6662547031795163e-03 
124.600000 8.6662546687370258e-03 
124.800000 8.6662546352960518e-03 
125.000000 8.6662546028357917e-03 
125.200000 8.6662545713352968e-03 
125.400000 8.6662545407737625e-03 
125.600000 8.6662545111304036e-03 
125.800000 8.6662544823844605e-03 
126.000000 8.6662544545153750e-03 
126.200000 8.6662544275025906e-03 
126.400000 8.6662544013258666e-03 
126.600000 8.6662543759648634e-03 
126.800000 8.6662543513997929e-03 
127.000000 8.6662543276108551e-03 
127.200000 8.6662543045784423e-03 
127.400000 8.6662542822832887e-03 
127.600000 8.6662542607062951e-03 
127.800000 8.6662542398287697e-03 
128.000000 8.6662542196321336e-03 
128.200000 8.6662542000981585e-03 
128.400000 8.6662541812088847e-03 
128.600000 8.6662541629466943e-03 
128.800000 8.6662541452942193e-03 
129.000000 8.6662541282344421e-03 
129.200000 8.6662541117505792e-03 
129.400000 8.6662540958262584e-03 
129.600000 8.6662540804453795e-03 
129.800000 8.6662540655922052e-03 
130.000000 8.6662540512512636e-03 
130.200000 8.6662540374074053e-03 
130.400000 8.6662540240457584e-03 
130.600000 8.6662540111519474e-03 
130.800000 8.6662539987118360e-03 
131.000000 8.6662539867115081e-03 
131.200000 8.6662539751374296e-03 
131.400000 8.6662539639764287e-03 
131.600000 8.6662539532156250e-03 
131.800000 8.6662539428424296e-03 
132.000000 8.6662539328445642e-03 
132.200000 8.6662539232101998e-03 
132.400000 8.6662539139274689e-03 
132.600000 8.6662539049851377e-03 
132.800000 8.6662538963720951e-03 
133.000000 8.6662538880776449e-03 
133.200000 8.6662538800912330e-03 
133.400000 8.6662538724026645e-03 
133.600000 8.6662538650020306e-03 
133.800000 8.6662538578797365e-03 
134.000000 8.6662538510263194e-03 
134.200000 8.6662538444326944e-03 
134.400000 8.6662538380899712e-03 
134.600000 8.6662538319896183e-03 
134.800000 8.6662538261232432e-03 
135.000000 8.6662538204828176e-03 
135.200000 8.6662538150603218e-03 
135.400000 8.6662538098482098e-03 
135.600000 8.6662538048390830e-03 
135.800000 8.6662538000257267e-03 
136.000000 8.6662537954012558e-03 
136.200000 8.6662537909588631e-03 
136.400000 8.6662537866920245e-03 
136.600000 8.6662537825944099e-03 
136.800000 8.6662537786599009e-03 
137.000000 8.6662537748825649e-03 
137.200000 8.6662537712566528e-03 
137.400000 8.6662537677765390e-03 
137.600000 8.6662537644369448e-03 
137.800000 8.6662537612326139e-03 
138.000000 8.6662537581585781e-03 
138.200000 8.6662537552099073e-03 
138.400000 8.6662537523819246e-03 
138.600000 8.6662537496700227e-03 
138.800000 8.6662537470699255e-03 
139.000000 8.6662537445773083e-03 
139.200000 8.6662537421881118e-03 
139.400000 8.6662537398984017e-03 
139.600000 8.6662537377043599e-03 
139.800000 8.6662537356022341e-03 
140.000000 8.6662537335885411e-03 
140.200000 8.6662537316598443e-03 
140.400000 8.6662537298128027e-03 
140.600000 8.6662537280442920e-03 
140.800000 8.6662537263512505e-03 
141.000000 8.6662537247305885e-03 
141.200000 8.6662537231795723e-03 
141.400000 8.6662537216954157e-03 
141.600000 8.6662537202755047e-03 
141.800000 8.6662537189172752e-03 
142.000000 8.6662537176182570e-03 
142.200000 8.6662537163760944e-03 
142.400000 8.6662537151885599e-03 
142.600000 8.6662537140534037e-03 
142.800000 8.6662537129686221e-03 
143.000000 8.6662537119320867e-03 
143.200000 8.6662537109418892e-03 
143.400000 8.6662537099962324e-03 
143.600000 8.6662537090932898e-03 
143.800000 8.6662537082313022e-03 
144.000000 8.6662537074086617e-03 
144.200000 8.6662537066237964e-03 
144.400000 8.6662537058752164e-03 
144.600000 8.6662537051614211e-03 
144.800000 8.6662537044810521e-03 
145.000000 8.6662537038327200e-03 
145.200000 8.6662537032152157e-03 
145.400000 8.6662537026272503e-03 
145.600000 8.6662537020676961e-03 
145.800000 8.6662537015353078e-03 
146.000000 8.6662537010290357e-03 
146.200000 8.6662537005478685e-03 
146.400000 8.6662537000907255e-03 
146.600000 8.6662536996568191e-03 
146.800000 8.6662536992453305e-03 
147.000000 8.6662536988555833e-03 
147.200000 8.6662536984868140e-03 
147.400000 8.6662536981381381e-03 
147.600000 8.6662536978089465e-03 
147.800000 8.6662536974984362e-03 
148.000000 8.6662536972057658e-03 
148.200000 8.6662536969302987e-03 
148.400000 8.6662536966713270e-03 
148.600000 8.6662536964281726e-03 
148.800000 8.6662536962001189e-03 
149.000000 8.6662536959865831e-03 
149.200000 8.6662536957868869e-03 
149.400000 8.6662536956004805e-03 
149.600000 8.6662536954266768e-03 
149.800000 8.6662536952649850e-03 
