0.000000 5.1504874849664706e-01 
0.200000 5.1504999895986103e-01 
0.400000 5.1505515007926317e-01 
0.600000 5.1506298700615838e-01 
0.800000 5.1507241396275216e-01 
1.000000 5.1508242823678874e-01 
1.200000 5.1509209728595684e-01 
1.400000 5.1510053845062176e-01 
1.600000 5.1510690244804491e-01 
1.800000 5.1511035439236064e-01 
2.000000 5.1511010850752759e-01 
2.200000 5.1510545963237098e-01 
2.400000 5.1509623009601213e-01 
2.600000 5.1508231094583035e-01 
2.800000 5.1506363577287140e-01 
3.000000 5.1504016149121434e-01 
3.200000 5.1501185496645141e-01 
3.400000 5.1497868506902211e-01 
3.600000 5.1494090818566818e-01 
3.800000 5.1489922174023195e-01 
4.000000 5.1485362069592144e-01 
4.200000 5.1480397794532773e-01 
4.400000 5.1475008331790195e-01 
4.600000 5.1469167808023064e-01 
4.800000 5.1462847948171708e-01 
5.000000 5.1456020060948027e-01 
5.200000 5.1448655617674544e-01 
5.400000 5.1440728498551247e-01 
5.600000 5.1432213981247854e-01 
5.800000 5.1423088933268390e-01 
6.000000 5.1413330979970862e-01 
6.200000 5.1402918016363441e-01 
6.400000 5.1391827674457247e-01 
6.600000 5.1380036752320535e-01 
6.800000 5.1367520867406991e-01 
7.000000 5.1354253717222287e-01 
7.200000 5.1340205070521172e-01 
7.400000 5.1325341698659876e-01 
7.600000 5.1309628137809549e-01 
7.800000 5.1293026834404065e-01 
8.000000 5.1275498237638617e-01 
8.200000 5.1257000801475761e-01 
8.400000 5.1237490981974854e-01 
8.600000 5.1216923050673790e-01 
8.800000 5.1195248914482983e-01 
9.000000 5.1172417870667275e-01 
9.200000 5.1148376327131506e-01 
9.400000 5.1123067525484389e-01 
9.600000 5.1096431255094865e-01 
9.800000 5.1068403584663014e-01 
10.000000 5.1038916642159904e-01 
10.200000 5.1007898405542795e-01 
10.400000 5.0975272400320615e-01 
10.600000 5.0940957390664132e-01 
10.800000 5.0904867063704984e-01 
11.000000 5.0866909752154865e-01 
11.200000 5.0826988137164897e-01 
11.400000 5.0784998918909308e-01 
11.600000 5.0740832438874461e-01 
11.800000 5.0694372274794275e-01 
12.000000 5.0645494800913404e-01 
12.200000 5.0594068718275831e-01 
12.400000 5.0539954558913336e-01 
12.600000 5.0483004164286061e-01 
12.800000 5.0423060138953679e-01 
13.000000 5.0359955279455759e-01 
13.200000 5.0293511978507865e-01 
13.400000 5.0223541603291399e-01 
13.600000 5.0149843845863729e-01 
13.800000 5.0072206049108792e-01 
14.000000 4.9990402509901039e-01 
14.200000 4.9904193762301430e-01 
14.400000 4.9813325841782352e-01 
14.600000 4.9717529529896226e-01 
14.800000 4.9616519586748381e-01 
15.000000 4.9509993976463545e-01 
15.200000 4.9397633093390653e-01 
15.400000 4.9279098998583298e-01 
15.600000 4.9154034676978248e-01 
15.800000 4.9022063328301269e-01 
16.000000 4.8882787706300768e-01 
16.200000 4.8735789523554573e-01 
16.400000 4.8580628941752957e-01 
16.600000 4.8416844170064660e-01 
16.800000 4.8243951197263796e-01 
17.000000 4.8061443686625233e-01 
17.200000 4.7868793065750909e-01 
17.400000 4.7665448846528063e-01 
17.600000 4.7450839213727508e-01 
17.800000 4.7224371923674097e-01 
18.000000 4.6985435556710614e-01 
18.200000 4.6733401169177563e-01 
18.400000 4.6467624391734108e-01 
18.600000 4.6187448020819954e-01 
18.800000 4.5892205148838483e-01 
19.000000 4.5581222875899990e-01 
19.200000 4.5253826641447070e-01 
19.400000 4.4909345207563517e-01 
19.600000 4.4547116317062813e-01 
19.800000 4.4166493038369237e-01 
20.000000 4.3766850795700246e-01 
20.200000 4.3347595067068778e-01 
20.400000 4.2908169714129196e-01 
20.600000 4.2448065887392777e-01 
20.800000 4.1966831427616258e-01 
21.000000 4.1464080660084496e-01 
21.200000 4.0939504453317538e-01 
21.400000 4.0392880388271851e-01 
21.600000 3.9824082859156251e-01 
21.800000 3.9233092903572547e-01 
22.000000 3.8620007538972378e-01 
22.200000 3.7985048365683727e-01 
22.400000 3.7328569185363769e-01 
22.600000 3.6651062379090432e-01 
22.800000 3.5953163792733867e-01 
23.000000 3.5235655889922479e-01 
23.200000 3.4499468955678830e-01 
23.400000 3.3745680167071734e-01 
23.600000 3.2975510390933904e-01 
23.800000 3.2190318621993608e-01 
24.000000 3.1391594036270437e-01 
24.200000 3.0580945702107548e-01 
24.400000 2.9760090062041800e-01 
24.600000 2.8930836369606433e-01 
24.800000 2.8095070332679495e-01 
25.000000 2.7254736275611918e-01 
25.200000 2.6411818182877966e-01 
25.400000 2.5568320024624158e-01 
25.600000 2.4726245787240980e-01 
25.800000 2.3887579638808518e-01 
26.000000 2.3054266649792071e-01 
26.200000 2.2228194464469128e-01 
26.400000 2.1411176279929375e-01 
26.600000 2.0604935439456087e-01 
26.800000 1.9811091888592960e-01 
27.000000 1.9031150678354608e-01 
27.200000 1.8266492634091561e-01 
27.400000 1.7518367243485508e-01 
27.600000 1.6787887755718878e-01 
27.800000 1.6076028428230082e-01 
28.000000 1.5383623809285121e-01 
28.200000 1.4711369904922278e-01 
28.400000 1.4059827048185075e-01 
28.600000 1.3429424266944254e-01 
28.800000 1.2820464933629358e-01 
29.000000 1.2233133475102043e-01 
29.200000 1.1667502922759827e-01 
29.400000 1.1123543090661205e-01 
29.600000 1.0601129181858708e-01 
29.800000 1.0100050639095901e-01 
30.000000 9.6200200744669853e-02 
30.200000 9.1606821326046445e-02 
30.400000 8.7216221625798493e-02 
30.600000 8.3023745942543803e-02 
30.800000 7.9024309347349511e-02 
31.000000 7.5212473193809817e-02 
31.200000 7.1582515691845608e-02 
31.400000 6.8128497220423162e-02 
31.600000 6.4844320193499255e-02 
31.800000 6.1723783414155867e-02 
32.000000 5.8760630954301396e-02 
32.200000 5.5948595682094690e-02 
32.400000 5.3281437627519419e-02 
32.600000 5.0752977429568143e-02 
32.800000 4.8357125147854438e-02 
33.000000 4.6087904748669868e-02 
33.200000 4.3939474592262232e-02 
33.400000 4.1906144255869471e-02 
33.600000 3.9982388027432314e-02 
33.800000 3.8162855399209585e-02 
34.000000 3.6442378880066066e-02 
34.200000 3.4815979431071065e-02 
34.400000 3.3278869812263676e-02 
34.600000 3.1826456109814945e-02 
34.800000 3.0454337693106712e-02 
35.000000 2.9158305831002981e-02 
35.200000 2.7934341176337779e-02 
35.400000 2.6778610307737725e-02 
35.600000 2.5687461498651792e-02 
35.800000 2.4657419865091075e-02 
36.000000 2.3685182026252239e-02 
36.200000 2.2767610396000549e-02 
36.400000 2.1901727208200519e-02 
36.600000 2.1084708365112434e-02 
36.800000 2.0313877185518105e-02 
37.000000 1.9586698117883456e-02 
37.200000 1.8900770473643223e-02 
37.400000 1.8253822226570401e-02 
37.600000 1.7643703916080222e-02 
37.800000 1.7068382685171444e-02 
38.000000 1.6525936477424188e-02 
38.200000 1.6014548412008514e-02 
38.400000 1.5532501350913991e-02 
38.600000 1.5078172668535042e-02 
38.800000 1.4650029230264068e-02 
39.000000 1.4246622583789764e-02 
39.200000 1.3866584364319801e-02 
39.400000 1.3508621912884508e-02 
39.600000 1.3171514105178176e-02 
39.800000 1.2854107387022270e-02 
40.000000 1.2555312011435209e-02 
40.200000 1.2274098471437938e-02 
40.400000 1.2009494122075855e-02 
40.600000 1.1760579984664597e-02 
40.800000 1.1526487725948624e-02 
41.000000 1.1306396804662099e-02 
41.200000 1.1099531777898733e-02 
41.400000 1.0905159759689025e-02 
41.600000 1.0722588024259700e-02 
41.800000 1.0551161746574228e-02 
42.000000 1.0390261872928380e-02 
42.200000 1.0239303114586025e-02 
42.400000 1.0097732057674164e-02 
42.600000 9.9650253828164979e-03 
42.800000 9.8406881882498517e-03 
43.000000 9.7242524104509311e-03 
43.200000 9.6152753365781832e-03 
43.400000 9.5133382033177893e-03 
43.600000 9.4180448770022959e-03 
43.800000 9.3290206101436374e-03 
44.000000 9.2459108697909090e-03 
44.200000 9.1683802333818332e-03 
44.400000 9.0961113480087213e-03 
44.600000 9.0288039492574402e-03 
44.800000 8.9661739360096838e-03 
45.000000 8.9079524978175201e-03 
45.200000 8.8538852916658240e-03 
45.400000 8.8037316651371125e-03 
45.600000 8.7572639231784932e-03 
45.800000 8.7142666358473904e-03 
46.000000 8.6745359845773092e-03 
46.200000 8.6378791446608087e-03 
46.400000 8.6041137017947196e-03 
46.600000 8.5730671006673705e-03 
46.800000 8.5445761236978696e-03 
47.000000 8.5184863981574259e-03 
47.200000 8.4946519300145972e-03 
47.400000 8.4729346629521095e-03 
47.600000 8.4532040611013121e-03 
47.800000 8.4353367141309608e-03 
48.000000 8.4192159634137575e-03 
48.200000 8.4047315480732399e-03 
48.400000 8.3917792697886361e-03 
48.600000 8.3802606753041915e-03 
48.800000 8.3700827556545138e-03 
49.000000 8.3611576611785348e-03 
49.200000 8.3534024314501232e-03 
49.400000 8.3467387393067836e-03 
49.600000 8.3410926482064534e-03 
49.800000 8.3363943821891696e-03 
50.000000 8.3325781077615620e-03 
50.200000 8.3295817270644598e-03 
50.400000 8.3273466817190313e-03 
50.600000 8.3258177667828535e-03 
50.800000 8.3249429542809339e-03 
51.000000 8.3246732258051206e-03 
51.200000 8.3249624137060312e-03 
51.400000 8.3257670504273823e-03 
51.600000 8.3270462255580682e-03 
51.800000 8.3287614502006134e-03 
52.000000 8.3308765282780230e-03 
52.200000 8.3333574344192553e-03 
52.400000 8.3361721980862603e-03 
52.600000 8.3392907936209442e-03 
52.800000 8.3426850359102130e-03 
53.000000 8.3463284813810878e-03 
53.200000 8.3501963340549424e-03 
53.400000 8.3542653564039789e-03 
53.600000 8.3585137847652664e-03 
53.800000 8.3629212490827134e-03 
54.000000 8.3674686967572728e-03 
54.200000 8.3721383203985370e-03 
54.400000 8.3769134892804926e-03 
54.600000 8.3817786843155811e-03 
54.800000 8.3867194363694691e-03 
55.000000 8.3917222677490771e-03 
55.200000 8.3967746367043378e-03 
55.400000 8.4018648847927046e-03 
55.600000 8.4069821869624320e-03 
55.800000 8.4121165042187404e-03 
56.000000 8.4172585387436629e-03 
56.200000 8.4223996913457208e-03 
56.400000 8.4275320211242410e-03 
56.600000 8.4326482072357746e-03 
56.800000 8.4377415126586502e-03 
57.000000 8.4428057498550611e-03 
57.200000 8.4478352482355509e-03 
57.400000 8.4528248233354860e-03 
57.600000 8.4577697476183634e-03 
57.800000 8.4626657228235869e-03 
58.000000 8.4675088537815163e-03 
58.200000 8.4722956236220649e-03 
58.400000 8.4770228703070633e-03 
58.600000 8.4816877644193663e-03 
58.800000 8.4862877881456394e-03 
59.000000 8.4908207153928644e-03 
59.200000 8.4952845929810086e-03 
59.400000 8.4996777228580275e-03 
59.600000 8.5039986452844912e-03 
59.800000 8.5082461229401881e-03 
60.000000 8.5124191259046845e-03 
60.200000 8.5165168174682390e-03 
60.400000 8.5205385407301406e-03 
60.600000 8.5244838059455007e-03 
60.800000 8.5283522785805903e-03 
61.000000 8.5321437680425088e-03 
61.200000 8.5358582170466067e-03 
61.400000 8.5394956915908222e-03 
61.600000 8.5430563715042460e-03 
61.800000 8.5465405415408296e-03 
62.000000 8.5499485829906297e-03 
62.200000 8.5532809657807123e-03 
62.400000 8.5565382410409969e-03 
62.600000 8.5597210341108784e-03 
62.800000 8.5628300379630463e-03 
63.000000 8.5658660070233282e-03 
63.200000 8.5688297513651559e-03 
63.400000 8.5717221312592538e-03 
63.600000 8.5745440520599344e-03 
63.800000 8.5772964594097688e-03 
64.000000 8.5799803347456453e-03 
64.200000 8.5825966910905160e-03 
64.400000 8.5851465691154476e-03 
64.600000 8.5876310334570792e-03 
64.800000 8.5900511692767485e-03 
65.000000 8.5924080790487634e-03 
65.200000 8.5947028795643962e-03 
65.400000 8.5969366991404637e-03 
65.600000 8.5991106750211970e-03 
65.800000 8.6012259509621290e-03 
66.000000 8.6032836749866028e-03 
66.200000 8.6052849973049066e-03 
66.400000 8.6072310683866400e-03 
66.600000 8.6091230371784719e-03 
66.800000 8.6109620494576652e-03 
67.000000 8.6127492463154362e-03 
67.200000 8.6144857627607138e-03 
67.400000 8.6161727264387322e-03 
67.600000 8.6178112564571988e-03 
67.800000 8.6194024623134548e-03 
68.000000 8.6209474429176335e-03 
68.200000 8.6224472857046701e-03 
68.400000 8.6239030658308569e-03 
68.600000 8.6253158454494983e-03 
68.800000 8.6266866730607683e-03 
69.000000 8.6280165829312108e-03 
69.200000 8.6293065945784158e-03 
69.400000 8.6305577123169074e-03 
69.600000 8.6317709248614656e-03 
69.800000 8.6329472049836934e-03 
70.000000 8.6340875092188307e-03 
70.200000 8.6351927776192224e-03 
70.400000 8.6362639335515416e-03 
70.600000 8.6373018835343186e-03 
70.800000 8.6383075171138930e-03 
71.000000 8.6392817067747520e-03 
71.200000 8.6402253078833903e-03 
71.400000 8.6411391586619993e-03 
71.600000 8.6420240801901842e-03 
71.800000 8.6428808764331209e-03 
72.000000 8.6437103342934200e-03 
72.200000 8.6445132236848739e-03 
72.400000 8.6452902976271329e-03 
72.600000 8.6460422923586785e-03 
72.800000 8.6467699274669473e-03 
73.000000 8.6474739060342521e-03 
73.200000 8.6481549147976820e-03 
73.400000 8.6488136243224618e-03 
73.600000 8.6494506891862961e-03 
73.800000 8.6500667481749557e-03 
74.000000 8.6506624244869629e-03 
74.200000 8.6512383259467508e-03 
74.400000 8.6517950452253516e-03 
74.600000 8.6523331600679900e-03 
74.800000 8.6528532335267937e-03 
75.000000 8.6533558141991280e-03 
75.200000 8.6538414364698297e-03 
75.400000 8.6543106207569911e-03 
75.600000 8.6547638737609362e-03 
75.800000 8.6552016887151573e-03 
76.000000 8.6556245456394544e-03 
76.200000 8.6560329115936696e-03 
76.400000 8.6564272409330786e-03 
76.600000 8.6568079755633340e-03 
76.800000 8.6571755451957284e-03 
77.000000 8.6575303676018900e-03 
77.200000 8.6578728488677075e-03 
77.400000 8.6582033836459706e-03 
77.600000 8.6585223554078005e-03 
77.800000 8.6588301366920112e-03 
78.000000 8.6591270893530622e-03 
78.200000 8.6594135648060538e-03 
78.400000 8.6596899042701622e-03 
78.600000 8.6599564390088066e-03 
78.800000 8.6602134905670956e-03 
79.000000 8.6604613710071724e-03 
79.200000 8.6607003831390746e-03 
79.400000 8.6609308207497033e-03 
79.600000 8.6611529688280248e-03 
79.800000 8.6613671037864912e-03 
80.000000 8.6615734936795388e-03 
80.200000 8.6617723984183763e-03 
80.400000 8.6619640699819554e-03 
80.600000 8.6621487526244555e-03 
80.800000 8.6623266830791901e-03 
81.000000 8.6624980907584002e-03 
81.200000 8.6626631979496247e-03 
81.400000 8.6628222200081234e-03 
81.600000 8.6629753655454046e-03 
81.800000 8.6631228366142541e-03 
82.000000 8.6632648288897367e-03 
82.200000 8.6634015318462973e-03 
82.400000 8.6635331289315262e-03 
82.600000 8.6636597977356872e-03 
82.800000 8.6637817101576919e-03 
83.000000 8.6638990325674081e-03 
83.200000 8.6640119259643166e-03 
83.400000 8.6641205461322948e-03 
83.600000 8.6642250437910344e-03 
83.800000 8.6643255647437505e-03 
84.000000 8.6644222500214842e-03 
84.200000 8.6645152360235907e-03 
84.400000 8.6646046546552235e-03 
84.600000 8.6646906334612740e-03 
84.800000 8.6647732957565449e-03 
85.000000 8.6648527607534002e-03 
85.200000 8.6649291436854421e-03 
85.400000 8.6650025559285825e-03 
85.600000 8.6650731051184562e-03 
85.800000 8.6651408952652248e-03 
86.000000 8.6652060268648315e-03 
86.200000 8.6652685970080110e-03 
86.400000 8.6653286994854677e-03 
86.600000 8.6653864248912200e-03 
86.800000 8.6654418607220313e-03 
87.000000 8.6654950914751821e-03 
87.200000 8.6655461987427476e-03 
87.400000 8.6655952613036921e-03 
87.600000 8.6656423552130667e-03 
87.800000 8.6656875538890683e-03 
88.000000 8.6657309281972465e-03 
88.200000 8.6657725465326668e-03 
88.400000 8.6658124748992434e-03 
88.600000 8.6658507769875673e-03 
88.800000 8.6658875142492445e-03 
89.000000 8.6659227459705591e-03 
89.200000 8.6659565293427526e-03 
89.400000 8.6659889195308103e-03 
89.600000 8.6660199697400943e-03 
89.800000 8.6660497312809476e-03 
90.000000 8.6660782536314689e-03 
90.200000 8.6661055844982939e-03 
90.400000 8.6661317698755718e-03 
90.600000 8.6661568541021496e-03 
90.800000 8.6661808799170497e-03 
91.000000 8.6662038885131874e-03 
91.200000 8.6662259195894025e-03 
91.400000 8.6662470114012274e-03 
91.600000 8.6662672008092426e-03 
91.800000 8.6662865233272275e-03 
92.000000 8.6663050131673657e-03 
92.200000 8.6663227032851634e-03 
92.400000 8.6663396254223549e-03 
92.600000 8.6663558101486345e-03 
92.800000 8.6663712869020273e-03 
93.000000 8.6663860840280257e-03 
93.200000 8.6664002288174558e-03 
93.400000 8.6664137475429906e-03 
93.600000 8.6664266654947874e-03 
93.800000 8.6664390070146802e-03 
94.000000 8.6664507955293481e-03 
94.200000 8.6664620535825965e-03 
94.400000 8.6664728028661587e-03 
94.600000 8.6664830642501130e-03 
94.800000 8.6664928578116269e-03 
95.000000 8.6665022028632934e-03 
95.200000 8.6665111179801673e-03 
95.400000 8.6665196210261412e-03 
95.600000 8.6665277291792572e-03 
95.800000 8.6665354589564193e-03 
96.000000 8.6665428262370312e-03 
96.200000 8.6665498462859224e-03 
96.400000 8.6665565337756545e-03 
96.600000 8.6665629028079335e-03 
96.800000 8.6665689669339283e-03 
97.000000 8.6665747391751063e-03 
97.200000 8.6665802320415493e-03 
97.400000 8.6665854575514820e-03 
97.600000 8.6665904272487798e-03 
97.800000 8.6665951522205530e-03 
98.000000 8.6665996431141094e-03 
98.200000 8.6666039101528595e-03 
98.400000 8.6666079631522400e-03 
98.600000 8.6666118115347798e-03 
98.800000 8.6666154643446781e-03 
99.000000 8.6666189302620940e-03 
99.200000 8.6666222176162225e-03 
99.400000 8.6666253343992607e-03 
99.600000 8.6666282882782875e-03 
99.800000 8.6666310866079597e-03 
100.000000 8.6666337364421971e-03 
100.200000 8.6666362445455229e-03 
100.400000 8.6666386174039569e-03 
100.600000 8.6666408612359903e-03 
100.800000 8.6666429820021727e-03 
101.000000 8.6666449854156270e-03 
101.200000 8.6666468769509980e-03 
101.400000 8.6666486618540376e-03 
101.600000 8.6666503451500801e-03 
101.800000 8.6666519316527853e-03 
102.000000 8.6666534259723406e-03 
102.200000 8.6666548325232389e-03 
102.400000 8.6666561555319519e-03 
102.600000 8.6666573990443717e-03 
102.800000 8.6666585669326821e-03 
103.000000 8.6666596629024553e-03 
103.200000 8.6666606904989181e-03 
103.400000 8.6666616531135918e-03 
103.600000 8.6666625539900555e-03 
103.800000 8.6666633962301769e-03 
104.000000 8.6666641827994884e-03 
104.200000 8.6666649165326997e-03 
104.400000 8.6666656001390379e-03 
104.600000 8.6666662362072742e-03 
104.800000 8.6666668272104442e-03 
105.000000 8.6666673755105561e-03 
105.200000 8.6666678833634547e-03 
105.400000 8.6666683529226050e-03 
105.600000 8.6666687862436333e-03 
105.800000 8.6666691852881565e-03 
106.000000 8.6666695519277987e-03 
106.200000 8.6666698879477883e-03 
106.400000 8.6666701950506141e-03 
106.600000 8.6666704748593892e-03 
106.800000 8.6666707289211435e-03 
107.000000 8.6666709587101560e-03 
107.200000 8.6666711656308588e-03 
107.400000 8.6666713510207705e-03 
107.600000 8.6666715161534732e-03 
107.800000 8.6666716622411273e-03 
108.000000 8.6666717904372789e-03 
108.200000 8.6666719018392274e-03 
108.400000 8.6666719974905423e-03 
108.600000 8.6666720783832498e-03 
108.800000 8.6666721454601772e-03 
109.000000 8.6666721996170176e-03 
109.200000 8.6666722417045698e-03 
109.400000 8.6666722725301428e-03 
109.600000 8.6666722928604428e-03 
109.800000 8.6666723034223587e-03 
110.000000 8.6666723049052732e-03 
110.200000 8.6666722979627502e-03 
110.400000 8.6666722832139335e-03 
110.600000 8.6666722612450588e-03 
110.800000 8.6666722326112534e-03 
111.000000 8.6666721978376250e-03 
111.200000 8.6666721574207954e-03 
111.400000 8.6666721118301236e-03 
111.600000 8.6666720615090707e-03 
111.800000 8.6666720068762897e-03 
112.000000 8.6666719483267998e-03 
112.200000 8.6666718862330999e-03 
112.400000 8.6666718209463412e-03 
112.600000 8.6666717527971032e-03 
112.800000 8.6666716820966265e-03 
113.000000 8.6666716091374375e-03 
113.200000 8.6666715341946580e-03 
113.400000 8.6666714575263960e-03 
113.600000 8.6666713793749767e-03 
113.800000 8.6666712999673504e-03 
114.000000 8.6666712195162046e-03 
114.200000 8.6666711382203786e-03 
114.400000 8.6666710562657533e-03 
114.600000 8.6666709738257609e-03 
114.800000 8.6666708910620727e-03 
115.000000 8.6666708081253284e-03 
115.200000 8.6666707251554266e-03 
115.400000 8.6666706422823744e-03 
115.600000 8.6666705596266120e-03 
115.800000 8.6666704772995363e-03 
116.000000 8.6666703954040095e-03 
116.200000 8.6666703140349192e-03 
116.400000 8.6666702332793989e-03 
116.600000 8.6666701532174765e-03 
116.800000 8.6666700739222516e-03 
117.000000 8.6666699954604694e-03 
117.200000 8.6666699178927151e-03 
117.400000 8.6666698412738805e-03 
117.600000 8.6666697656534297e-03 
117.800000 8.6666696910757766e-03 
118.000000 8.6666696175804019e-03 
118.200000 8.6666695452024441e-03 
118.400000 8.6666694739727726e-03 
118.600000 8.6666694039181213e-03 
118.800000 8.6666693350616348e-03 
119.000000 8.6666692674229068e-03 
119.200000 8.6666692010182629e-03 
119.400000 8.6666691358609355e-03 
119.600000 8.6666690719612166e-03 
119.800000 8.6666690093268120e-03 
120.000000 8.6666689479629831e-03 
120.200000 8.6666688878723926e-03 
120.400000 8.6666688290559530e-03 
120.600000 8.6666687715121603e-03 
120.800000 8.6666687152378678e-03 
121.000000 8.6666686602280985e-03 
121.200000 8.6666686064764409e-03 
121.400000 8.6666685539748094e-03 
121.600000 8.6666685027139041e-03 
121.800000 8.6666684526831208e-03 
122.000000 8.6666684038707621e-03 
122.200000 8.6666683562639860e-03 
122.400000 8.6666683098491626e-03 
122.600000 8.6666682646117672e-03 
122.800000 8.6666682205364561e-03 
123.000000 8.6666681776070547e-03 
123.200000 8.6666681358071838e-03 
123.400000 8.6666680951195153e-03 
123.600000 8.6666680555264469e-03 
123.800000 8.6666680170098334e-03 
124.000000 8.6666679795512659e-03 
124.200000 8.6666679431320129e-03 
124.400000 8.6666679077330687e-03 
124.600000 8.6666678733351588e-03 
124.800000 8.6666678399189637e-03 
125.000000 8.6666678074649815e-03 
125.200000 8.6666677759536844e-03 
125.400000 8.6666677453653123e-03 
125.600000 8.6666677156802922e-03 
125.800000 8.6666676868790583e-03 
126.000000 8.6666676589419300e-03 
126.200000 8.6666676318494715e-03 
126.400000 8.6666676055822470e-03 
126.600000 8.6666675801209871e-03 
126.800000 8.6666675554465597e-03 
127.000000 8.6666675315399799e-03 
127.200000 8.6666675083824293e-03 
127.400000 8.6666674859553726e-03 
127.600000 8.6666674642403730e-03 
127.800000 8.6666674432191934e-03 
128.000000 8.6666674228740581e-03 
128.200000 8.6666674031871723e-03 
128.400000 8.6666673841410986e-03 
128.600000 8.6666673657188158e-03 
128.800000 8.6666673479033202e-03 
129.000000 8.6666673306779827e-03 
129.200000 8.6666673140265403e-03 
129.400000 8.6666672979329208e-03 
129.600000 8.6666672823814406e-03 
129.800000 8.6666672673566068e-03 
130.000000 8.6666672528432978e-03 
130.200000 8.6666672388266645e-03 
130.400000 8.6666672252921802e-03 
130.600000 8.6666672122256289e-03 
130.800000 8.6666671996130824e-03 
131.000000 8.6666671874408661e-03 
131.200000 8.6666671756956762e-03 
131.400000 8.6666671643645145e-03 
131.600000 8.6666671534346863e-03 
131.800000 8.6666671428937275e-03 
132.000000 8.6666671327295438e-03 
132.200000 8.6666671229303129e-03 
132.400000 8.6666671134844053e-03 
132.600000 8.6666671043807604e-03 
132.800000 8.6666670956082638e-03 
133.000000 8.6666670871562625e-03 
133.200000 8.6666670790143657e-03 
133.400000 8.6666670711724597e-03 
133.600000 8.6666670636207036e-03 
133.800000 8.6666670563494280e-03 
134.000000 8.6666670493493816e-03 
134.200000 8.6666670426114260e-03 
134.400000 8.6666670361267989e-03 
134.600000 8.6666670298869083e-03 
134.800000 8.6666670238834363e-03 
135.000000 8.6666670181082747e-03 
135.200000 8.6666670125535947e-03 
135.400000 8.6666670072117341e-03 
135.600000 8.6666670020753254e-03 
135.800000 8.6666669971372130e-03 
136.000000 8.6666669923904215e-03 
136.200000 8.6666669878281300e-03 
136.400000 8.6666669834439027e-03 
136.600000 8.6666669792313522e-03 
136.800000 8.6666669751843377e-03 
137.000000 8.6666669712969283e-03 
137.200000 8.6666669675633384e-03 
137.400000 8.6666669639780276e-03 
137.600000 8.6666669605354862e-03 
137.800000 8.6666669572306194e-03 
138.000000 8.6666669540582802e-03 
138.200000 8.6666669510136497e-03 
138.400000 8.6666669480919122e-03 
138.600000 8.6666669452885696e-03 
138.800000 8.6666669425992399e-03 
139.000000 8.6666669400195274e-03 
139.200000 8.6666669375454058e-03 
139.400000 8.6666669351727916e-03 
139.600000 8.6666669328979793e-03 
139.800000 8.6666669307171578e-03 
140.000000 8.6666669286266963e-03 
140.200000 8.6666669266232468e-03 
140.400000 8.6666669247034527e-03 
140.600000 8.6666669228639987e-03 
140.800000 8.6666669211018423e-03 
141.000000 8.6666669194139598e-03 
141.200000 8.6666669177975636e-03 
141.400000 8.6666669162497965e-03 
141.600000 8.6666669147679228e-03 
141.800000 8.6666669133494759e-03 
142.000000 8.6666669119918709e-03 
142.200000 8.6666669106927833e-03 
142.400000 8.6666669094499216e-03 
142.600000 8.6666669082609993e-03 
142.800000 8.6666669071239124e-03 
143.000000 8.6666669060366085e-03 
143.200000 8.6666669049971484e-03 
143.400000 8.6666669040036202e-03 
143.600000 8.6666669030541245e-03 
143.800000 8.6666669021470220e-03 
144.000000 8.6666669012805588e-03 
144.200000 8.6666669004532050e-03 
144.400000 8.6666668996633767e-03 
144.600000 8.6666668989096012e-03 
144.800000 8.6666668981904699e-03 
145.000000 8.6666668975045758e-03 
145.200000 8.6666668968506805e-03 
145.400000 8.6666668962273579e-03 
145.600000 8.6666668956335742e-03 
145.800000 8.6666668950681151e-03 
146.000000 8.6666668945298390e-03 
146.200000 8.6666668940176307e-03 
146.400000 8.6666668935305499e-03 
146.600000 8.6666668930675834e-03 
146.800000 8.6666668926279125e-03 
147.000000 8.6666668922108434e-03 
147.200000 8.6666668918156005e-03 
147.400000 8.6666668914414397e-03 
147.600000 8.6666668910875735e-03 
147.800000 8.6666668907532107e-03 
148.000000 8.6666668904377200e-03 
148.200000 8.6666668901401820e-03 
148.400000 8.6666668898599634e-03 
148.600000 8.6666668895964104e-03 
148.800000 8.6666668893487682e-03 
149.000000 8.6666668891164159e-03 
149.200000 8.6666668888987115e-03 
149.400000 8.6666668886950151e-03 
149.600000 8.6666668885047385e-03 
149.800000 8.6666668883272503e-03 
