0.000000 5.1505075431533731e-01 
0.200000 5.1505228135169445e-01 
0.400000 5.1505762785240461e-01 
0.600000 5.1506558650284717e-01 
0.800000 5.1507506770358380e-01 
1.000000 5.1508507397923142e-01 
1.200000 5.1509467632037176e-01 
1.400000 5.1510299407533877e-01 
1.600000 5.1510917725829242e-01 
1.800000 5.1511239088536609e-01 
2.000000 5.1511180345106355e-01 
2.200000 5.1510681440663519e-01 
2.400000 5.1509728566739732e-01 
2.600000 5.1508306170751283e-01 
2.800000 5.1506407796653952e-01 
3.000000 5.1504029245365435e-01 
3.200000 5.1501167279980919e-01 
3.400000 5.1497818851939348e-01 
3.600000 5.1494016103040885e-01 
3.800000 5.1489822813148500e-01 
4.000000 5.1485237107191106e-01 
4.200000 5.1480245662279855e-01 
4.400000 5.1474827425590886e-01 
4.600000 5.1468956343073624e-01 
4.800000 5.1462604077595353e-01 
5.000000 5.1455741759640816e-01 
5.200000 5.1448341372742112e-01 
5.400000 5.1440376739767968e-01 
5.600000 5.1431823259247678e-01 
5.800000 5.1422658042571812e-01 
6.000000 5.1412858577604570e-01 
6.200000 5.1402402740210185e-01 
6.400000 5.1391268121078992e-01 
6.600000 5.1379431449162616e-01 
6.800000 5.1366868292676338e-01 
7.000000 5.1353552079119402e-01 
7.200000 5.1339452378092898e-01 
7.400000 5.1324535844459362e-01 
7.600000 5.1308766901427916e-01 
7.800000 5.1292107889843619e-01 
8.000000 5.1274519158946996e-01 
8.200000 5.1255959074858237e-01 
8.400000 5.1236383955961362e-01 
8.600000 5.1215747927482536e-01 
8.800000 5.1194002758915691e-01 
9.000000 5.1171097575853719e-01 
9.200000 5.1146978602330428e-01 
9.400000 5.1121588882146285e-01 
9.600000 5.1094867990159720e-01 
9.800000 5.1066751767252960e-01 
10.000000 5.1037172103347872e-01 
10.200000 5.1006056721084470e-01 
10.400000 5.0973328872870094e-01 
10.600000 5.0938907028420810e-01 
10.800000 5.0902704563994028e-01 
11.000000 5.0864629485322777e-01 
11.200000 5.0824584128121131e-01 
11.400000 5.0782464819963369e-01 
11.600000 5.0738161505921453e-01 
11.800000 5.0691557343994820e-01 
12.000000 5.0642528259906572e-01 
12.200000 5.0590942478088263e-01 
12.400000 5.0536660023959656e-01 
12.600000 5.0479532200076871e-01 
12.800000 5.0419401038196021e-01 
13.000000 5.0356098726710063e-01 
13.200000 5.0289447013689237e-01 
13.400000 5.0219256583317007e-01 
13.600000 5.0145326404616530e-01 
13.800000 5.0067443056096561e-01 
14.000000 4.9985380027882004e-01 
14.200000 4.9898897003759446e-01 
14.400000 4.9807739123316158e-01 
14.600000 4.9711636226431022e-01 
14.800000 4.9610302085617136e-01 
15.000000 4.9503433630760918e-01 
15.200000 4.9390710175969188e-01 
15.400000 4.9271792656908397e-01 
15.600000 4.9146322889607835e-01 
15.800000 4.9013922863835141e-01 
16.000000 4.8874194085708805e-01 
16.200000 4.8726716987161617e-01 
16.400000 4.8571050422061807e-01 
16.600000 4.8406731271845305e-01 
16.800000 4.8233274186621539e-01 
17.000000 4.8050171490846899e-01 
17.200000 4.7856893285856739e-01 
17.400000 4.7652887784873660e-01 
17.600000 4.7437581919155053e-01 
17.800000 4.7210382256610345e-01 
18.000000 4.6970676276900081e-01 
18.200000 4.6717834048916546e-01 
18.400000 4.6451210357385175e-01 
18.600000 4.6170147325365196e-01 
18.800000 4.5873977578152858e-01 
19.000000 4.5562027991183979e-01 
19.200000 4.5233624059920879e-01 
19.400000 4.4888094923072175e-01 
19.600000 4.4524779061640712e-01 
19.800000 4.4143030685077095e-01 
20.000000 4.3742226802146639e-01 
20.200000 4.3321774957969367e-01 
20.400000 4.2881121600154515e-01 
20.600000 4.2419761016191626e-01 
20.800000 4.1937244761484216e-01 
21.000000 4.1433191473298259e-01 
21.200000 4.0907296940603244e-01 
21.400000 4.0359344274370401e-01 
21.600000 3.9789213997983613e-01 
21.800000 3.9196893854148362e-01 
22.000000 3.8582488104163559e-01 
22.200000 3.7946226078959161e-01 
22.400000 3.7288469730278828e-01 
22.600000 3.6609719926187467e-01 
22.800000 3.5910621239036711e-01 
23.000000 3.5191964987278179e-01 
23.200000 3.4454690315896941e-01 
23.400000 3.3699883134154790e-01 
23.600000 3.2928772773626158e-01 
23.800000 3.2142726283346945e-01 
24.000000 3.1343240340836176e-01 
24.200000 3.0531930825550396e-01 
24.400000 2.9710520172249250e-01 
24.600000 2.8880822692550823e-01 
24.800000 2.8044728120149520e-01 
25.000000 2.7204183695273765e-01 
25.200000 2.6361175153769217e-01 
25.400000 2.5517707022977709e-01 
25.600000 2.4675782648397815e-01 
25.800000 2.3837384380860607e-01 
26.000000 2.3004454343520972e-01 
26.200000 2.2178876172196585e-01 
26.400000 2.1362458083185820e-01 
26.600000 2.0556917572073921e-01 
26.800000 1.9763867988115216e-01 
27.000000 1.8984807164724679e-01 
27.200000 1.8221108220633833e-01 
27.400000 1.7474012581374623e-01 
27.600000 1.6744625209616548e-01 
27.800000 1.6033911977656390e-01 
28.000000 1.5342699067660998e-01 
28.200000 1.4671674246128527e-01 
28.400000 1.4021389828932804e-01 
28.600000 1.3392267132235885e-01 
28.800000 1.2784602192071393e-01 
29.000000 1.2198572530756037e-01 
29.200000 1.1634244750528484e-01 
29.400000 1.1091582742827902e-01 
29.600000 1.0570456314270377e-01 
29.800000 1.0070650046523130e-01 
30.000000 9.5918722258433786e-02 
30.200000 9.1337636980721185e-02 
30.400000 8.6959065255092713e-02 
30.600000 8.2778323426298039e-02 
30.800000 7.8790303274521425e-02 
31.000000 7.4989547240973356e-02 
31.200000 7.1370318693482065e-02 
31.400000 6.7926666916137760e-02 
31.600000 6.4652486645063761e-02 
31.800000 6.1541572091934039e-02 
32.000000 5.8587665498181618e-02 
32.200000 5.5784500346608604e-02 
32.400000 5.3125839424420056e-02 
32.600000 5.0605507983874011e-02 
32.800000 4.8217422285315940e-02 
33.000000 4.5955613833911869e-02 
33.200000 4.3814249637542796e-02 
33.400000 4.1787648820621928e-02 
33.600000 3.9870295928570457e-02 
33.800000 3.8056851251667717e-02 
34.000000 3.6342158486291139e-02 
34.200000 3.4721250037243322e-02 
34.400000 3.3189350247942916e-02 
34.600000 3.1741876826558435e-02 
34.800000 3.0374440716388763e-02 
35.000000 2.9082844638553925e-02 
35.200000 2.7863080514808115e-02 
35.400000 2.6711325958416920e-02 
35.600000 2.5623940001842996e-02 
35.800000 2.4597458211671221e-02 
36.000000 2.3628587323941172e-02 
36.200000 2.2714199516930520e-02 
36.400000 2.1851326423514453e-02 
36.600000 2.1037152971533277e-02 
36.800000 2.0269011128115813e-02 
37.000000 1.9544373612620517e-02 
37.200000 1.8860847632703764e-02 
37.400000 1.8216168688960324e-02 
37.600000 1.7608194485533503e-02 
37.800000 1.7034898976993472e-02 
38.000000 1.6494366575556901e-02 
38.200000 1.5984786537293412e-02 
38.400000 1.5504447541269995e-02 
38.600000 1.5051732471541381e-02 
38.800000 1.4625113408446041e-02 
39.000000 1.4223146832746072e-02 
39.200000 1.3844469043693488e-02 
39.400000 1.3487791790067793e-02 
39.600000 1.3151898111551154e-02 
39.800000 1.2835638386452216e-02 
40.000000 1.2537926580704703e-02 
40.200000 1.2257736692226264e-02 
40.400000 1.1994099384084611e-02 
40.600000 1.1746098799456242e-02 
40.800000 1.1512869551050055e-02 
41.000000 1.1293593877479741e-02 
41.200000 1.1087498958985654e-02 
41.400000 1.0893854384911332e-02 
41.600000 1.0711969765412038e-02 
41.800000 1.0541192480005396e-02 
42.000000 1.0380905555749680e-02 
42.200000 1.0230525668047316e-02 
42.400000 1.0089501257309546e-02 
42.600000 9.9573107549751540e-03 
42.800000 9.8334609126463964e-03 
43.000000 9.7174852283843614e-03 
43.200000 9.6089424644872530e-03 
43.400000 9.5074152513561112e-03 
43.600000 9.4125087723342833e-03 
43.800000 9.3238495246781503e-03 
44.000000 9.2410841520845360e-03 
44.200000 9.1638783444614805e-03 
44.400000 9.0919158008741525e-03 
44.600000 9.0248972518424727e-03 
44.800000 8.9625395373912654e-03 
45.000000 8.9045747374761740e-03 
45.200000 8.8507493516126017e-03 
45.400000 8.8008235247339431e-03 
45.600000 8.7545703164897491e-03 
45.800000 8.7117750113698024e-03 
46.000000 8.6722344672063283e-03 
46.200000 8.6357564997601999e-03 
46.400000 8.6021593012435768e-03 
46.600000 8.5712708907682168e-03 
46.800000 8.5429285948360762e-03 
47.000000 8.5169785561093007e-03 
47.200000 8.4932752688082012e-03 
47.400000 8.4716811391908151e-03 
47.600000 8.4520660696655574e-03 
47.800000 8.4343070651795461e-03 
48.000000 8.4182878606103573e-03 
48.200000 8.4038985679693503e-03 
48.400000 8.3910353422966526e-03 
48.600000 8.3796000652007242e-03 
48.800000 8.3695000450559349e-03 
49.000000 8.3606477329352946e-03 
49.200000 8.3529604534089297e-03 
49.400000 8.3463601493931772e-03 
49.600000 8.3407731402834664e-03 
49.800000 8.3361298926494486e-03 
50.000000 8.3323648028140462e-03 
50.200000 8.3294159906775866e-03 
50.400000 8.3272251041861985e-03 
50.600000 8.3257371338767323e-03 
50.800000 8.3249002369653567e-03 
51.000000 8.3246655704753147e-03 
51.200000 8.3249871329295465e-03 
51.400000 8.3258216141593924e-03 
51.600000 8.3271282528064108e-03 
51.800000 8.3288687011174260e-03 
52.000000 8.3310068966553977e-03 
52.200000 8.3335089405686593e-03 
52.400000 8.3363429820816608e-03 
52.600000 8.3394791088872051e-03 
52.800000 8.3428892431387149e-03 
53.000000 8.3465470427563741e-03 
53.200000 8.3504278077763359e-03 
53.400000 8.3545083914869263e-03 
53.600000 8.3587671161089137e-03 
53.800000 8.3631836927894974e-03 
54.000000 8.3677391456921622e-03 
54.200000 8.3724157399759705e-03 
54.400000 8.3771969134671456e-03 
54.600000 8.3820672118382917e-03 
54.800000 8.3870122271182731e-03 
55.000000 8.3920185393651890e-03 
55.200000 8.3970736613438544e-03 
55.400000 8.4021659860572234e-03 
55.600000 8.4072847369884695e-03 
55.800000 8.4124199209177491e-03 
56.000000 8.4175622831849962e-03 
56.200000 8.4227032652757754e-03 
56.400000 8.4278349646144182e-03 
56.600000 8.4329500964534440e-03 
56.800000 8.4380419577545461e-03 
57.000000 8.4431043929612259e-03 
57.200000 8.4481317615684622e-03 
57.400000 8.4531189073992676e-03 
57.600000 8.4580611295026562e-03 
57.800000 8.4629541545915045e-03 
58.000000 8.4677941109433819e-03 
58.200000 8.4725775036903605e-03 
58.400000 8.4773011914284040e-03 
58.600000 8.4819623640801731e-03 
58.800000 8.4865585219468295e-03 
59.000000 8.4910874558916279e-03 
59.200000 8.4955472285943093e-03 
59.400000 8.4999361568263536e-03 
59.600000 8.5042527946921024e-03 
59.800000 8.5084959177889451e-03 
60.000000 8.5126645082391206e-03 
60.200000 8.5167577405486760e-03 
60.400000 8.5207749682522493e-03 
60.600000 8.5247157113030013e-03 
60.800000 8.5285796441696305e-03 
61.000000 8.5323665846051572e-03 
61.200000 8.5360764830517827e-03 
61.400000 8.5397094126503769e-03 
61.600000 8.5432655598225368e-03 
61.800000 8.5467452153964573e-03 
62.000000 8.5501487662476786e-03 
62.200000 8.5534766874292116e-03 
62.400000 8.5567295347641903e-03 
62.600000 8.5599079378781938e-03 
62.800000 8.5630125936473553e-03 
63.000000 8.5660442600414832e-03 
63.200000 8.5690037503401012e-03 
63.400000 8.5718919277031954e-03 
63.600000 8.5747097000768834e-03 
63.800000 8.5774580154164438e-03 
64.000000 8.5801378572104899e-03 
64.200000 8.5827502402889902e-03 
64.400000 8.5852962069011499e-03 
64.600000 8.5877768230476926e-03 
64.800000 8.5901931750543125e-03 
65.000000 8.5925463663728639e-03 
65.200000 8.5948375145985228e-03 
65.400000 8.5970677486897230e-03 
65.600000 8.5992382063816031e-03 
65.800000 8.6013500317803637e-03 
66.000000 8.6034043731300289e-03 
66.200000 8.6054023807407513e-03 
66.400000 8.6073452050704040e-03 
66.600000 8.6092339949504701e-03 
66.800000 8.6110698959479797e-03 
67.000000 8.6128540488559068e-03 
67.200000 8.6145875883040981e-03 
67.400000 8.6162716414848149e-03 
67.600000 8.6179073269847337e-03 
67.800000 8.6194957537185646e-03 
68.000000 8.6210380199570145e-03 
68.200000 8.6225352124445851e-03 
68.400000 8.6239884056009408e-03 
68.600000 8.6253986608010313e-03 
68.800000 8.6267670257291658e-03 
69.000000 8.6280945338029560e-03 
69.200000 8.6293822036613115e-03 
69.400000 8.6306310387142867e-03 
69.600000 8.6318420267494991e-03 
69.800000 8.6330161395918089e-03 
70.000000 8.6341543328131484e-03 
70.200000 8.6352575454886824e-03 
70.400000 8.6363266999965570e-03 
70.600000 8.6373627018576614e-03 
70.800000 8.6383664396139544e-03 
71.000000 8.6393387847407323e-03 
71.200000 8.6402805915926743e-03 
71.400000 8.6411926973784699e-03 
71.600000 8.6420759221653466e-03 
71.800000 8.6429310689078252e-03 
72.000000 8.6437589235012508e-03 
72.200000 8.6445602548569506e-03 
72.400000 8.6453358149979967e-03 
72.600000 8.6460863391730810e-03 
72.800000 8.6468125459878732e-03 
73.000000 8.6475151375518550e-03 
73.200000 8.6481947996388444e-03 
73.400000 8.6488522018611583e-03 
73.600000 8.6494879978547736e-03 
73.800000 8.6501028254754447e-03 
74.000000 8.6506973070037928e-03 
74.200000 8.6512720493591277e-03 
74.400000 8.6518276443206324e-03 
74.600000 8.6523646687550054e-03 
74.800000 8.6528836848497933e-03 
75.000000 8.6533852403519324e-03 
75.200000 8.6538698688101608e-03 
75.400000 8.6543380898211758e-03 
75.600000 8.6547904092784834e-03 
75.800000 8.6552273196236987e-03 
76.000000 8.6556493000996496e-03 
76.200000 8.6560568170044525e-03 
76.400000 8.6564503239464595e-03 
76.600000 8.6568302620996934e-03 
76.800000 8.6571970604587753e-03 
77.000000 8.6575511360936826e-03 
77.200000 8.6578928944038361e-03 
77.400000 8.6582227293701772e-03 
77.600000 8.6585410238069951e-03 
77.800000 8.6588481496110339e-03 
78.000000 8.6591444680091077e-03 
78.200000 8.6594303298032985e-03 
78.400000 8.6597060756140789e-03 
78.600000 8.6599720361200810e-03 
78.800000 8.6602285322960118e-03 
79.000000 8.6604758756471164e-03 
79.200000 8.6607143684403840e-03 
79.400000 8.6609443039331116e-03 
79.600000 8.6611659665976563e-03 
79.800000 8.6613796323431833e-03 
80.000000 8.6615855687336811e-03 
80.200000 8.6617840352023641e-03 
80.400000 8.6619752832627541e-03 
80.600000 8.6621595567157785e-03 
80.800000 8.6623370918534736e-03 
81.000000 8.6625081176585350e-03 
81.200000 8.6626728560005601e-03 
81.400000 8.6628315218280350e-03 
81.600000 8.6629843233569301e-03 
81.800000 8.6631314622553877e-03 
82.000000 8.6632731338242563e-03 
82.200000 8.6634095271745058e-03 
82.400000 8.6635408254001258e-03 
82.600000 8.6636672057478908e-03 
82.800000 8.6637888397830057e-03 
83.000000 8.6639058935511631e-03 
83.200000 8.6640185277367908e-03 
83.400000 8.6641268978181595e-03 
83.600000 8.6642311542178968e-03 
83.800000 8.6643314424510957e-03 
84.000000 8.6644279032689411e-03 
84.200000 8.6645206727993147e-03 
84.400000 8.6646098826839660e-03 
84.600000 8.6646956602120621e-03 
84.800000 8.6647781284505936e-03 
85.000000 8.6648574063713738e-03 
85.200000 8.6649336089749604e-03 
85.400000 8.6650068474110956e-03 
85.600000 8.6650772290961710e-03 
85.800000 8.6651448578278605e-03 
86.000000 8.6652098338963184e-03 
86.200000 8.6652722541925905e-03 
86.400000 8.6653322123141484e-03 
86.600000 8.6653897986675357e-03 
86.800000 8.6654451005682542e-03 
87.000000 8.6654982023377340e-03 
87.200000 8.6655491853978566e-03 
87.400000 8.6655981283627163e-03 
87.600000 8.6656451071278479e-03 
87.800000 8.6656901949570438e-03 
88.000000 8.6657334625662476e-03 
88.200000 8.6657749782057363e-03 
88.400000 8.6658148077395827e-03 
88.600000 8.6658530147226392e-03 
88.800000 8.6658896604754967e-03 
89.000000 8.6659248041576192e-03 
89.200000 8.6659585028375317e-03 
89.400000 8.6659908115615299e-03 
89.600000 8.6660217834202361e-03 
89.800000 8.6660514696129936e-03 
90.000000 8.6660799195106240e-03 
90.200000 8.6661071807160317e-03 
90.400000 8.6661332991231146e-03 
90.600000 8.6661583189737521e-03 
90.800000 8.6661822829132776e-03 
91.000000 8.6662052320440903e-03 
91.200000 8.6662272059776120e-03 
91.400000 8.6662482428847554e-03 
91.600000 8.6662683795446348e-03 
91.800000 8.6662876513919681e-03 
92.000000 8.6663060925628258e-03 
92.200000 8.6663237359391673e-03 
92.400000 8.6663406131916206e-03 
92.600000 8.6663567548213184e-03 
92.800000 8.6663721901999880e-03 
93.000000 8.6663869476092652e-03 
93.200000 8.6664010542781920e-03 
93.400000 8.6664145364198104e-03 
93.600000 8.6664274192668374e-03 
93.800000 8.6664397271054797e-03 
94.000000 8.6664514833090754e-03 
94.200000 8.6664627103695269e-03 
94.400000 8.6664734299288521e-03 
94.600000 8.6664836628089631e-03 
94.800000 8.6664934290407135e-03 
95.000000 8.6665027478918712e-03 
95.200000 8.6665116378943537e-03 
95.400000 8.6665201168704808e-03 
95.600000 8.6665282019581600e-03 
95.800000 8.6665359096354776e-03 
96.000000 8.6665432557446621e-03 
96.200000 8.6665502555146323e-03 
96.400000 8.6665569235832522e-03 
96.600000 8.6665632740186328e-03 
96.800000 8.6665693203401215e-03 
97.000000 8.6665750755377541e-03 
97.200000 8.6665805520920961e-03 
97.400000 8.6665857619923729e-03 
97.600000 8.6665907167547216e-03 
97.800000 8.6665954274396904e-03 
98.000000 8.6665999046686600e-03 
98.200000 8.6666041586403765e-03 
98.400000 8.6666081991463029e-03 
98.600000 8.6666120355861232e-03 
98.800000 8.6666156769818550e-03 
99.000000 8.6666191319922110e-03 
99.200000 8.6666224089261383e-03 
99.400000 8.6666255157558901e-03 
99.600000 8.6666284601296661e-03 
99.800000 8.6666312493838341e-03 
100.000000 8.6666338905547115e-03 
100.200000 8.6666363903898334e-03 
100.400000 8.6666387553590452e-03 
100.600000 8.6666409916650727e-03 
100.800000 8.6666431052535142e-03 
101.000000 8.6666451018229500e-03 
101.200000 8.6666469868341249e-03 
101.400000 8.6666487655192651e-03 
101.600000 8.6666504428910256e-03 
101.800000 8.6666520237505748e-03 
102.000000 8.6666535126962239e-03 
102.200000 8.6666549141310566e-03 
102.400000 8.6666562322704997e-03 
102.600000 8.6666574711498634e-03 
102.800000 8.6666586346313169e-03 
103.000000 8.6666597264105152e-03 
103.200000 8.6666607500234857e-03 
103.400000 8.6666617088525869e-03 
103.600000 8.6666626061328682e-03 
103.800000 8.6666634449579418e-03 
104.000000 8.6666642282852546e-03 
104.200000 8.6666649589419477e-03 
104.400000 8.6666656396299398e-03 
104.600000 8.6666662729308810e-03 
104.800000 8.6666668613111092e-03 
105.000000 8.6666674071261777e-03 
105.200000 8.6666679126256307e-03 
105.400000 8.6666683799570248e-03 
105.600000 8.6666688111701751e-03 
105.800000 8.6666692082212459e-03 
106.000000 8.6666695729766784e-03 
106.200000 8.6666699072166144e-03 
106.400000 8.6666702126387118e-03 
106.600000 8.6666704908613737e-03 
106.800000 8.6666707434272638e-03 
107.000000 8.6666709718064370e-03 
107.200000 8.6666711773991274e-03 
107.400000 8.6666713615390738e-03 
107.600000 8.6666715254960069e-03 
107.800000 8.6666716704786127e-03 
108.000000 8.6666717976369486e-03 
108.200000 8.6666719080650562e-03 
108.400000 8.6666720028033099e-03 
108.600000 8.6666720828408317e-03 
108.800000 8.6666721491174322e-03 
109.000000 8.6666722025262131e-03 
109.200000 8.6666722439151574e-03 
109.400000 8.6666722740893262e-03 
109.600000 8.6666722938127470e-03 
109.800000 8.6666723038101006e-03 
110.000000 8.6666723047686724e-03 
110.200000 8.6666722973398648e-03 
110.400000 8.6666722821407173e-03 
110.600000 8.6666722597557051e-03 
110.800000 8.6666722307380869e-03 
111.000000 8.6666721956111734e-03 
111.200000 8.6666721548698984e-03 
111.400000 8.6666721089821309e-03 
111.600000 8.6666720583897846e-03 
111.800000 8.6666720035100207e-03 
112.000000 8.6666719447365311e-03 
112.200000 8.6666718824404947e-03 
112.400000 8.6666718169717324e-03 
112.600000 8.6666717486598328e-03 
112.800000 8.6666716778146403e-03 
113.000000 8.6666716047278068e-03 
113.200000 8.6666715296732835e-03 
113.400000 8.6666714529083401e-03 
113.600000 8.6666713746742022e-03 
113.800000 8.6666712951971037e-03 
114.000000 8.6666712146888005e-03 
114.200000 8.6666711333472715e-03 
114.400000 8.6666710513577782e-03 
114.600000 8.6666709688928856e-03 
114.800000 8.6666708861137132e-03 
115.000000 8.6666708031701723e-03 
115.200000 8.6666707202016097e-03 
115.400000 8.6666706373374515e-03 
115.600000 8.6666705546974629e-03 
115.800000 8.6666704723925188e-03 
116.000000 8.6666703905251882e-03 
116.200000 8.6666703091896630e-03 
116.400000 8.6666702284727993e-03 
116.600000 8.6666701484541132e-03 
116.800000 8.6666700692062965e-03 
117.000000 8.6666699907957633e-03 
117.200000 8.6666699132826770e-03 
117.400000 8.6666698367217666e-03 
117.600000 8.6666697611620068e-03 
117.800000 8.6666696866475150e-03 
118.000000 8.6666696132176313e-03 
118.200000 8.6666695409071699e-03 
118.400000 8.6666694697466566e-03 
118.600000 8.6666693997627282e-03 
118.800000 8.6666693309782623e-03 
119.000000 8.6666692634126304e-03 
119.200000 8.6666691970819793e-03 
119.400000 8.6666691319993005e-03 
119.600000 8.6666690681748790e-03 
119.800000 8.6666690056161587e-03 
120.000000 8.6666689443281961e-03 
120.200000 8.6666688843136611e-03 
120.400000 8.6666688255732458e-03 
120.600000 8.6666687681053352e-03 
120.800000 8.6666687119066870e-03 
121.000000 8.6666686569723036e-03 
121.200000 8.6666686032955218e-03 
121.400000 8.6666685508683203e-03 
121.600000 8.6666684996811894e-03 
121.800000 8.6666684497235785e-03 
122.000000 8.6666684009836271e-03 
122.200000 8.6666683534485020e-03 
122.400000 8.6666683071045733e-03 
122.600000 8.6666682619370335e-03 
122.800000 8.6666682179306603e-03 
123.000000 8.6666681750693884e-03 
123.200000 8.6666681333365161e-03 
123.400000 8.6666680927148694e-03 
123.600000 8.6666680531866762e-03 
123.800000 8.6666680147339231e-03 
124.000000 8.6666679773380641e-03 
124.200000 8.6666679409804145e-03 
124.400000 8.6666679056418994e-03 
124.600000 8.6666678713033501e-03 
124.800000 8.6666678379453202e-03 
125.000000 8.6666678055483462e-03 
125.200000 8.6666677740928500e-03 
125.400000 8.6666677435591581e-03 
125.600000 8.6666677139275831e-03 
125.800000 8.6666676851786893e-03 
126.000000 8.6666676572926815e-03 
126.200000 8.6666676302501675e-03 
126.400000 8.6666676040318379e-03 
126.600000 8.6666675786182448e-03 
126.800000 8.6666675539903721e-03 
127.000000 8.6666675301292160e-03 
127.200000 8.6666675070159755e-03 
127.400000 8.6666674846320874e-03 
127.600000 8.6666674629591722e-03 
127.800000 8.6666674419790847e-03 
128.000000 8.6666674216738446e-03 
128.200000 8.6666674020258773e-03 
128.400000 8.6666673830177610e-03 
128.600000 8.6666673646322544e-03 
128.800000 8.6666673468526155e-03 
129.000000 8.6666673296621893e-03 
129.200000 8.6666673130446192e-03 
129.400000 8.6666672969839906e-03 
129.600000 8.6666672814645421e-03 
129.800000 8.6666672664707893e-03 
130.000000 8.6666672519876801e-03 
130.200000 8.6666672380004313e-03 
130.400000 8.6666672244944312e-03 
130.600000 8.6666672114554481e-03 
130.800000 8.6666671988696979e-03 
131.000000 8.6666671867234660e-03 
131.200000 8.6666671750035042e-03 
131.400000 8.6666671636968281e-03 
131.600000 8.6666671527906580e-03 
131.800000 8.6666671422726636e-03 
132.000000 8.6666671321307311e-03 
132.200000 8.6666671223529952e-03 
132.400000 8.6666671129279893e-03 
132.600000 8.6666671038445383e-03 
132.800000 8.6666670950915192e-03 
133.000000 8.6666670866584836e-03 
133.200000 8.6666670785348950e-03 
133.400000 8.6666670707106694e-03 
133.600000 8.6666670631760350e-03 
133.800000 8.6666670559212775e-03 
134.000000 8.6666670489372582e-03 
134.200000 8.6666670422147502e-03 
134.400000 8.6666670357450782e-03 
134.600000 8.6666670295195980e-03 
134.800000 8.6666670235300784e-03 
135.000000 8.6666670177683400e-03 
135.200000 8.6666670122266601e-03 
135.400000 8.6666670068973432e-03 
135.600000 8.6666670017730568e-03 
135.800000 8.6666669968466399e-03 
136.000000 8.6666669921110790e-03 
136.200000 8.6666669875597232e-03 
136.400000 8.6666669831860031e-03 
136.600000 8.6666669789835660e-03 
136.800000 8.6666669749462747e-03 
137.000000 8.6666669710682952e-03 
137.200000 8.6666669673437693e-03 
137.400000 8.6666669637671355e-03 
137.600000 8.6666669603330977e-03 
137.800000 8.6666669570363303e-03 
138.000000 8.6666669538717888e-03 
138.200000 8.6666669508346748e-03 
138.400000 8.6666669479202128e-03 
138.600000 8.6666669451238420e-03 
138.800000 8.6666669424411737e-03 
139.000000 8.6666669398679629e-03 
139.200000 8.6666669374000343e-03 
139.400000 8.6666669350334014e-03 
139.600000 8.6666669327643796e-03 
139.800000 8.6666669305890537e-03 
140.000000 8.6666669285039594e-03 
140.200000 8.6666669265056187e-03 
140.400000 8.6666669245907199e-03 
140.600000 8.6666669227560209e-03 
140.800000 8.6666669209984389e-03 
141.000000 8.6666669193149470e-03 
141.200000 8.6666669177027349e-03 
141.400000 8.6666669161589716e-03 
141.600000 8.6666669146810201e-03 
141.800000 8.6666669132663011e-03 
142.000000 8.6666669119123026e-03 
142.200000 8.6666669106166706e-03 
142.400000 8.6666669093770736e-03 
142.600000 8.6666669081913259e-03 
142.800000 8.6666669070573354e-03 
143.000000 8.6666669059729771e-03 
143.200000 8.6666669049362908e-03 
143.400000 8.6666669039454514e-03 
143.600000 8.6666669029985838e-03 
143.800000 8.6666669020939655e-03 
144.000000 8.6666669012299344e-03 
144.200000 8.6666669004048999e-03 
144.400000 8.6666668996172626e-03 
144.600000 8.6666668988656173e-03 
144.800000 8.6666668981485173e-03 
145.000000 8.6666668974646321e-03 
145.200000 8.6666668968125374e-03 
145.400000 8.6666668961911091e-03 
145.600000 8.6666668955990324e-03 
145.800000 8.6666668950352230e-03 
146.000000 8.6666668944985637e-03 
146.200000 8.6666668939879704e-03 
146.400000 8.6666668935023485e-03 
146.600000 8.6666668930407906e-03 
146.800000 8.6666668926025266e-03 
147.000000 8.6666668921867966e-03 
147.200000 8.6666668917928687e-03 
147.400000 8.6666668914199690e-03 
147.600000 8.6666668910672876e-03 
147.800000 8.6666668907341340e-03 
148.000000 8.6666668904197032e-03 
148.200000 8.6666668901232667e-03 
148.400000 8.6666668898441098e-03 
148.600000 8.6666668895815265e-03 
148.800000 8.6666668893348401e-03 
149.000000 8.6666668891034158e-03 
149.200000 8.6666668888865667e-03 
149.400000 8.6666668886837186e-03 
149.600000 8.6666668884942243e-03 
149.800000 8.6666668883174751e-03 
