0.000000 7.3279278079165840e-03 
0.200000 7.3280025850638222e-03 
0.400000 7.3283567614245088e-03 
0.600000 7.3292341860071459e-03 
0.800000 7.3308486468026358e-03 
1.000000 7.3333865555905448e-03 
1.200000 7.3370093205782734e-03 
1.400000 7.3418554425372096e-03 
1.600000 7.3480423713952149e-03 
1.800000 7.3556790212338467e-03 
2.000000 7.3648705627307517e-03 
2.200000 7.3757135940252976e-03 
2.400000 7.3882967257042197e-03 
2.600000 7.4027015827225172e-03 
2.800000 7.4190036992981710e-03 
3.000000 7.4372732886470901e-03 
3.200000 7.4575778151891913e-03 
3.400000 7.4799846522004363e-03 
3.600000 7.5045561462234517e-03 
3.800000 7.5313465251491910e-03 
4.000000 7.5604065424894791e-03 
4.200000 7.5917846595820243e-03 
4.400000 7.6255280206836444e-03 
4.600000 7.6616831890166728e-03 
4.800000 7.7002967700997406e-03 
5.000000 7.7414157174822357e-03 
5.200000 7.7850877421762705e-03 
5.400000 7.8313616778334476e-03 
5.600000 7.8802876737571591e-03 
5.800000 7.9319173882535145e-03 
6.000000 7.9863042280399164e-03 
6.200000 8.0435033845051140e-03 
6.400000 8.1035716293095198e-03 
6.600000 8.1665676860496160e-03 
6.800000 8.2325527266096689e-03 
7.000000 8.3015903911479779e-03 
7.200000 8.3737471250538067e-03 
7.400000 8.4490924583580478e-03 
7.600000 8.5276992780574396e-03 
7.800000 8.6096440525149191e-03 
8.000000 8.6950070823566903e-03 
8.200000 8.7838727627551540e-03 
8.400000 8.8763298262950416e-03 
8.600000 8.9724715991619172e-03 
8.800000 9.0723962696340876e-03 
9.000000 9.1762071768520508e-03 
9.200000 9.2840131129740631e-03 
9.400000 9.3959285803072116e-03 
9.600000 9.5120742005325182e-03 
9.800000 9.6325770306087098e-03 
10.000000 9.7575709363890151e-03 
10.200000 9.8871969739110308e-03 
10.400000 1.0021603802899117e-02 
10.600000 1.0160948123060560e-02 
10.800000 1.0305395123277406e-02 
11.000000 1.0455118952068899e-02 
11.200000 1.0610303207719104e-02 
11.400000 1.0771141443239837e-02 
11.600000 1.0937837689618056e-02 
11.800000 1.1110606998254750e-02 
12.000000 1.1289676001552250e-02 
12.200000 1.1475283491071580e-02 
12.400000 1.1667680998039828e-02 
12.600000 1.1867133410860230e-02 
12.800000 1.2073919587976045e-02 
13.000000 1.2288332984525117e-02 
13.200000 1.2510682283165212e-02 
13.400000 1.2741292022931673e-02 
13.600000 1.2980503221845699e-02 
13.800000 1.3228673984564428e-02 
14.000000 1.3486180088733446e-02 
14.200000 1.3753415539988082e-02 
14.400000 1.4030793083525322e-02 
14.600000 1.4318744659834539e-02 
14.800000 1.4617721789710368e-02 
15.000000 1.4928195871365683e-02 
15.200000 1.5250658369943442e-02 
15.400000 1.5585620874812602e-02 
15.600000 1.5933615004756523e-02 
15.800000 1.6295192126407700e-02 
16.000000 1.6670922856858651e-02 
16.200000 1.7061396313892103e-02 
16.400000 1.7467219074142924e-02 
16.600000 1.7889013795875219e-02 
16.800000 1.8327417458814693e-02 
17.000000 1.8783079170150822e-02 
17.200000 1.9256657482133979e-02 
17.400000 1.9748817163475669e-02 
17.600000 2.0260225364517059e-02 
17.800000 2.0791547114589606e-02 
18.000000 2.1343440089354595e-02 
18.200000 2.1916548586962081e-02 
18.400000 2.2511496655246790e-02 
18.600000 2.3128880316772255e-02 
18.800000 2.3769258845928832e-02 
19.000000 2.4433145063669802e-02 
19.200000 2.5120994629119143e-02 
19.400000 2.5833194325137129e-02 
19.600000 2.6570049356787240e-02 
19.800000 2.7331769707723708e-02 
20.000000 2.8118455629751595e-02 
20.200000 2.8930082375180341e-02 
20.400000 2.9766484319790190e-02 
20.600000 3.0627338665530180e-02 
20.800000 3.1512148955667618e-02 
21.000000 3.2420228679830652e-02 
21.200000 3.3350685290876897e-02 
21.400000 3.4302404997639951e-02 
21.600000 3.5274038735579306e-02 
21.800000 3.6263989749021466e-02 
22.000000 3.7270403241117953e-02 
22.200000 3.8291158558848563e-02 
22.400000 3.9323864377677223e-02 
22.600000 4.0365857331856166e-02 
22.800000 4.1414204500043718e-02 
23.000000 4.2465710100865667e-02 
23.200000 4.3516926678985081e-02 
23.400000 4.4564170969909687e-02 
23.600000 4.5603544522947979e-02 
23.800000 4.6630959039315002e-02 
24.000000 4.7642166250505512e-02 
24.200000 4.8632792025676101e-02 
24.400000 4.9598374261608902e-02 
24.600000 5.0534403981110081e-02 
24.800000 5.1436368951498980e-02 
25.000000 5.2299799040019315e-02 
25.200000 5.3120312452426231e-02 
25.400000 5.3893661958451564e-02 
25.600000 5.4615780195523454e-02 
25.800000 5.5282823160644499e-02 
26.000000 5.5891211048614421e-02 
26.200000 5.6437665670142578e-02 
26.400000 5.6919243781836999e-02 
26.600000 5.7333365776569209e-02 
26.800000 5.7677839311613410e-02 
27.000000 5.7950877587415253e-02 
27.200000 5.8151112126079672e-02 
27.400000 5.8277600030487785e-02 
27.600000 5.8329825827812327e-02 
27.800000 5.8307698111515087e-02 
28.000000 5.8211541291077730e-02 
28.200000 5.8042082837054532e-02 
28.400000 5.7800436469913744e-02 
28.600000 5.7488081784616812e-02 
28.800000 5.7106840829807368e-02 
29.000000 5.6658852172148957e-02 
29.200000 5.6146542974505519e-02 
29.400000 5.5572599603175808e-02 
29.600000 5.4939937256376588e-02 
29.800000 5.4251669075570802e-02 
30.000000 5.3511075165039564e-02 
30.200000 5.2721571905020484e-02 
30.400000 5.1886681901376588e-02 
30.600000 5.1010004871439245e-02 
30.800000 5.0095189722508128e-02 
31.000000 4.9145908037372024e-02 
31.200000 4.8165829140847556e-02 
31.400000 4.7158596883193661e-02 
31.600000 4.6127808240737631e-02 
31.800000 4.5076993801359627e-02 
32.000000 4.4009600172738694e-02 
32.200000 4.2928974324544775e-02 
32.400000 4.1838349852014393e-02 
32.600000 4.0740835127536741e-02 
32.800000 3.9639403288893052e-02 
33.000000 3.8536883997499820e-02 
33.200000 3.7435956887288485e-02 
33.400000 3.6339146614524226e-02 
33.600000 3.5248819410781625e-02 
33.800000 3.4167181035268210e-02 
34.000000 3.3096276018562742e-02 
34.200000 3.2037988087406814e-02 
34.400000 3.0994041659335274e-02 
34.600000 2.9966004296414647e-02 
34.800000 2.8955290009078958e-02 
35.000000 2.7963163303802944e-02 
35.200000 2.6990743871992354e-02 
35.400000 2.6039011821858866e-02 
35.600000 2.5108813360029601e-02 
35.800000 2.4200866835094433e-02 
36.000000 2.3315769061094321e-02 
36.200000 2.2454001844988306e-02 
36.400000 2.1615938648301233e-02 
36.600000 2.0801851319362286e-02 
36.800000 2.0011916838713947e-02 
37.000000 1.9246224026326576e-02 
37.200000 1.8504780165146912e-02 
37.400000 1.7787517501181457e-02 
37.600000 1.7094299585728563e-02 
37.800000 1.6424927430499236e-02 
38.000000 1.5779145451180782e-02 
38.200000 1.5156647179476726e-02 
38.400000 1.4557080727806759e-02 
38.600000 1.3980053994650042e-02 
38.800000 1.3425139601976261e-02 
39.000000 1.2891879559338204e-02 
39.200000 1.2379789651995000e-02 
39.400000 1.1888363552921413e-02 
39.600000 1.1417076660740396e-02 
39.800000 1.0965389667515485e-02 
40.000000 1.0532751861968677e-02 
40.200000 1.0118604175071875e-02 
40.400000 9.7223819761074678e-03 
40.600000 9.3435176282320523e-03 
40.800000 8.9814428133194943e-03 
41.000000 8.6355906364263910e-03 
41.200000 8.3053975206313479e-03 
41.400000 7.9903049032670551e-03 
41.600000 7.6897607447053698e-03 
41.800000 7.4032208608872489e-03 
42.000000 7.1301500907260023e-03 
42.200000 6.8700233093637458e-03 
42.400000 6.6223262980462626e-03 
42.600000 6.3865564811034416e-03 
42.800000 6.1622235401990163e-03 
43.000000 5.9488499156493020e-03 
43.200000 5.7459712042157223e-03 
43.400000 5.5531364623583697e-03 
43.600000 5.3699084235036580e-03 
43.800000 5.1958636374337883e-03 
44.000000 5.0305925394565432e-03 
44.200000 4.8736994565623673e-03 
44.400000 4.7248025573285593e-03 
44.600000 4.5835337518892374e-03 
44.800000 4.4495385478577325e-03 
45.000000 4.3224758676687763e-03 
45.200000 4.2020178324001338e-03 
45.400000 4.0878495167435015e-03 
45.600000 3.9796686794174359e-03 
45.800000 3.8771854729590539e-03 
46.000000 3.7801221364889745e-03 
46.200000 3.6882126747228082e-03 
46.400000 3.6012025261975378e-03 
46.600000 3.5188482233955575e-03 
46.800000 3.4409170471801048e-03 
47.000000 3.3671866777064416e-03 
47.200000 3.2974448437379602e-03 
47.400000 3.2314889720812209e-03 
47.600000 3.1691258386521729e-03 
47.800000 3.1101712225007588e-03 
48.000000 3.0544495639506274e-03 
48.200000 3.0017936278541428e-03 
48.400000 2.9520441728195282e-03 
48.600000 2.9050496271366133e-03 
48.800000 2.8606657720088692e-03 
49.000000 2.8187554325916739e-03 
49.200000 2.7791881772397209e-03 
49.400000 2.7418400252791912e-03 
49.600000 2.7065931635412432e-03 
49.800000 2.6733356718245545e-03 
50.000000 2.6419612573907120e-03 
50.200000 2.6123689985429206e-03 
50.400000 2.5844630972885725e-03 
50.600000 2.5581526410442933e-03 
50.800000 2.5333513733052128e-03 
51.000000 2.5099774731677936e-03 
51.200000 2.4879533435686716e-03 
51.400000 2.4672054080781929e-03 
51.600000 2.4476639160683372e-03 
51.800000 2.4292627560582244e-03 
52.000000 2.4119392770275178e-03 
52.200000 2.3956341174777265e-03 
52.400000 2.3802910420131773e-03 
52.600000 2.3658567852079719e-03 
52.800000 2.3522809025213294e-03 
53.000000 2.3395156280211888e-03 
53.200000 2.3275157386756619e-03 
53.400000 2.3162384249722236e-03 
53.600000 2.3056431676262449e-03 
53.800000 2.2956916201430960e-03 
54.000000 2.2863474970016497e-03 
54.200000 2.2775764672307787e-03 
54.400000 2.2693460531557001e-03 
54.600000 2.2616255340955882e-03 
54.800000 2.2543858548000300e-03 
55.000000 2.2475995384173934e-03 
55.200000 2.2412406037944470e-03 
55.400000 2.2352844869127273e-03 
55.600000 2.2297079662738635e-03 
55.800000 2.2244890920521156e-03 
56.000000 2.2196071188390928e-03 
56.200000 2.2150424418121346e-03 
56.400000 2.2107765361641762e-03 
56.600000 2.2067918996391766e-03 
56.800000 2.2030719980237891e-03 
57.000000 2.1996012134515501e-03 
57.200000 2.1963647953825373e-03 
57.400000 2.1933488141267221e-03 
57.600000 2.1905401167853448e-03 
57.800000 2.1879262854899886e-03 
58.000000 2.1854955978245880e-03 
58.200000 2.1832369893205251e-03 
58.400000 2.1811400179205425e-03 
58.600000 2.1791948303112960e-03 
58.800000 2.1773921300297485e-03 
59.000000 2.1757231472528662e-03 
59.200000 2.1741796101842148e-03 
59.400000 2.1727537179554463e-03 
59.600000 2.1714381149646042e-03 
59.800000 2.1702258665769630e-03 
60.000000 2.1691104361178542e-03 
60.200000 2.1680856630902079e-03 
60.400000 2.1671457425531766e-03 
60.600000 2.1662852056012058e-03 
60.800000 2.1654989008860754e-03 
61.000000 2.1647819771271849e-03 
61.200000 2.1641298665583631e-03 
61.400000 2.1635382692619005e-03 
61.600000 2.1630031383432034e-03 
61.800000 2.1625206659016795e-03 
62.000000 2.1620872697559203e-03 
62.200000 2.1616995808833007e-03 
62.400000 2.1613544315362571e-03 
62.600000 2.1610488439993926e-03 
62.800000 2.1607800199534254e-03 
63.000000 2.1605453304138667e-03 
63.200000 2.1603423062138871e-03 
63.400000 2.1601686290024661e-03 
63.600000 2.1600221227303660e-03 
63.800000 2.1599007455981169e-03 
64.000000 2.1598025824413531e-03 
64.200000 2.1597258375300517e-03 
64.400000 2.1596688277599144e-03 
64.600000 2.1596299762147203e-03 
64.800000 2.1596078060799407e-03 
65.000000 2.1596009348889143e-03 
65.200000 2.1596080690836975e-03 
65.400000 2.1596279988738273e-03 
65.600000 2.1596595933771863e-03 
65.800000 2.1597017960276327e-03 
66.000000 2.1597536202352398e-03 
66.200000 2.1598141452856441e-03 
66.400000 2.1598825124657392e-03 
66.600000 2.1599579214032819e-03 
66.800000 2.1600396266092826e-03 
67.000000 2.1601269342121309e-03 
67.200000 2.1602191988731321e-03 
67.400000 2.1603158208737365e-03 
67.600000 2.1604162433652681e-03 
67.800000 2.1605199497723255e-03 
68.000000 2.1606264613416274e-03 
68.200000 2.1607353348284636e-03 
68.400000 2.1608461603132320e-03 
68.600000 2.1609585591412430e-03 
68.800000 2.1610721819789024e-03 
69.000000 2.1611867069801058e-03 
69.200000 2.1613018380568345e-03 
69.400000 2.1614173032483103e-03 
69.600000 2.1615328531834331e-03 
69.800000 2.1616482596312184e-03 
70.000000 2.1617633141347630e-03 
70.200000 2.1618778267239085e-03 
70.400000 2.1619916247024285e-03 
70.600000 2.1621045515057549e-03 
70.800000 2.1622164656251849e-03 
71.000000 2.1623272395950854e-03 
71.200000 2.1624367590396651e-03 
71.400000 2.1625449217757948e-03 
71.600000 2.1626516369691318e-03 
71.800000 2.1627568243403699e-03 
72.000000 2.1628604134189401e-03 
72.200000 2.1629623428414319e-03 
72.400000 2.1630625596924646e-03 
72.600000 2.1631610188854542e-03 
72.800000 2.1632576825810685e-03 
73.000000 2.1633525196413927e-03 
73.200000 2.1634455051177067e-03 
73.400000 2.1635366197700102e-03 
73.600000 2.1636258496164338e-03 
73.800000 2.1637131855110660e-03 
74.000000 2.1637986227483613e-03 
74.200000 2.1638821606926035e-03 
74.400000 2.1639638024313701e-03 
74.600000 2.1640435544510168e-03 
74.800000 2.1641214263335598e-03 
75.000000 2.1641974304732062e-03 
75.200000 2.1642715818117092e-03 
75.400000 2.1643438975914135e-03 
75.600000 2.1644143971247267e-03 
75.800000 2.1644831015794719e-03 
76.000000 2.1645500337787445e-03 
76.200000 2.1646152180148492e-03 
76.400000 2.1646786798760081e-03 
76.600000 2.1647404460855943e-03 
76.800000 2.1648005443526911e-03 
77.000000 2.1648590032336394e-03 
77.200000 2.1649158520036581e-03 
77.400000 2.1649711205380447e-03 
77.600000 2.1650248392024213e-03 
77.800000 2.1650770387513485e-03 
78.000000 2.1651277502348649e-03 
78.200000 2.1651770049123933e-03 
78.400000 2.1652248341737239e-03 
78.600000 2.1652712694663753e-03 
78.800000 2.1653163422291006e-03 
79.000000 2.1653600838311580e-03 
79.200000 2.1654025255168092e-03 
79.400000 2.1654436983549372e-03 
79.600000 2.1654836331932280e-03 
79.800000 2.1655223606167821e-03 
80.000000 2.1655599109107375e-03 
80.200000 2.1655963140267491e-03 
80.400000 2.1656315995529237e-03 
80.600000 2.1656657966871227e-03 
80.800000 2.1656989342133210e-03 
81.000000 2.1657310404807019e-03 
81.200000 2.1657621433856244e-03 
81.400000 2.1657922703558034e-03 
81.600000 2.1658214483368985e-03 
81.800000 2.1658497037812430e-03 
82.000000 2.1658770626384531e-03 
82.200000 2.1659035503477668e-03 
82.400000 2.1659291918322472e-03 
82.600000 2.1659540114944008e-03 
82.800000 2.1659780332131452e-03 
83.000000 2.1660012803421886e-03 
83.200000 2.1660237757095508e-03 
83.400000 2.1660455416181463e-03 
83.600000 2.1660665998473930e-03 
83.800000 2.1660869716557197e-03 
84.000000 2.1661066777838799e-03 
84.200000 2.1661257384590227e-03 
84.400000 2.1661441733994220e-03 
84.600000 2.1661620018198434e-03 
84.800000 2.1661792424374025e-03 
85.000000 2.1661959134779579e-03 
85.200000 2.1662120326828944e-03 
85.400000 2.1662276173163167e-03 
85.600000 2.1662426841725225e-03 
85.800000 2.1662572495838328e-03 
86.000000 2.1662713294286740e-03 
86.200000 2.1662849391397296e-03 
86.400000 2.1662980937124437e-03 
86.600000 2.1663108077136120e-03 
86.800000 2.1663230952899994e-03 
87.000000 2.1663349701771554e-03 
87.200000 2.1663464457082615e-03 
87.400000 2.1663575348229583e-03 
87.600000 2.1663682500762823e-03 
87.800000 2.1663786036474992e-03 
88.000000 2.1663886073490456e-03 
88.200000 2.1663982726352611e-03 
88.400000 2.1664076106112213e-03 
88.600000 2.1664166320414595e-03 
88.800000 2.1664253473585677e-03 
89.000000 2.1664337666717848e-03 
89.200000 2.1664418997753691e-03 
89.400000 2.1664497561570580e-03 
89.600000 2.1664573450061834e-03 
89.800000 2.1664646752218636e-03 
90.000000 2.1664717554209269e-03 
90.200000 2.1664785939457991e-03 
90.400000 2.1664851988722009e-03 
90.600000 2.1664915780167447e-03 
90.800000 2.1664977389443058e-03 
91.000000 2.1665036889753700e-03 
91.200000 2.1665094351931325e-03 
91.400000 2.1665149844505038e-03 
91.600000 2.1665203433769197e-03 
91.800000 2.1665255183850518e-03 
92.000000 2.1665305156773019e-03 
92.200000 2.1665353412521913e-03 
92.400000 2.1665400009106108e-03 
92.600000 2.1665445002618752e-03 
92.800000 2.1665488447296364e-03 
93.000000 2.1665530395576899e-03 
93.200000 2.1665570898155391e-03 
93.400000 2.1665610004039377e-03 
93.600000 2.1665647760602089e-03 
93.800000 2.1665684213633745e-03 
94.000000 2.1665719407393197e-03 
94.200000 2.1665753384655880e-03 
94.400000 2.1665786186761942e-03 
94.600000 2.1665817853663157e-03 
94.800000 2.1665848423966941e-03 
95.000000 2.1665877934981272e-03 
95.200000 2.1665906422755721e-03 
95.400000 2.1665933922124471e-03 
95.600000 2.1665960466744549e-03 
95.800000 2.1665986089135867e-03 
96.000000 2.1666010820718161e-03 
96.200000 2.1666034691847969e-03 
96.400000 2.1666057731853697e-03 
96.600000 2.1666079969070023e-03 
96.800000 2.1666101430870520e-03 
97.000000 2.1666122143701129e-03 
97.200000 2.1666142133109768e-03 
97.400000 2.1666161423777985e-03 
97.600000 2.1666180039548889e-03 
97.800000 2.1666198003456013e-03 
98.000000 2.1666215337750971e-03 
98.200000 2.1666232063929348e-03 
98.400000 2.1666248202756528e-03 
98.600000 2.1666263774292307e-03 
98.800000 2.1666278797915612e-03 
99.000000 2.1666293292346480e-03 
99.200000 2.1666307275669508e-03 
99.400000 2.1666320765355018e-03 
99.600000 2.1666333778279606e-03 
99.800000 2.1666346330747508e-03 
100.000000 2.1666358438509150e-03 
100.200000 2.1666370116780421e-03 
100.400000 2.1666381380260938e-03 
100.600000 2.1666392243151764e-03 
100.800000 2.1666402719171980e-03 
101.000000 2.1666412821576063e-03 
101.200000 2.1666422563169016e-03 
101.400000 2.1666431956321760e-03 
101.600000 2.1666441012986311e-03 
101.800000 2.1666449744710391e-03 
102.000000 2.1666458162650113e-03 
102.200000 2.1666466277584849e-03 
102.400000 2.1666474099928694e-03 
102.600000 2.1666481639743729e-03 
102.800000 2.1666488906752551e-03 
103.000000 2.1666495910348357e-03 
103.200000 2.1666502659607313e-03 
103.400000 2.1666509163299503e-03 
103.600000 2.1666515429898318e-03 
103.800000 2.1666521467591788e-03 
104.000000 2.1666527284291089e-03 
104.200000 2.1666532887640940e-03 
104.400000 2.1666538285028325e-03 
104.600000 2.1666543483590916e-03 
104.800000 2.1666548490225997e-03 
105.000000 2.1666553311598322e-03 
105.200000 2.1666557954148247e-03 
105.400000 2.1666562424098985e-03 
105.600000 2.1666566727464288e-03 
105.800000 2.1666570870055163e-03 
106.000000 2.1666574857487244e-03 
106.200000 2.1666578695186704e-03 
106.400000 2.1666582388396921e-03 
106.600000 2.1666585942185135e-03 
106.800000 2.1666589361447747e-03 
107.000000 2.1666592650915911e-03 
107.200000 2.1666595815161525e-03 
107.400000 2.1666598858602845e-03 
107.600000 2.1666601785508546e-03 
107.800000 2.1666604600003915e-03 
108.000000 2.1666607306074998e-03 
108.200000 2.1666609907573151e-03 
108.400000 2.1666612408220006e-03 
108.600000 2.1666614811611451e-03 
108.800000 2.1666617121221862e-03 
109.000000 2.1666619340408246e-03 
109.200000 2.1666621472413981e-03 
109.400000 2.1666623520372724e-03 
109.600000 2.1666625487312104e-03 
109.800000 2.1666627376157079e-03 
110.000000 2.1666629189733338e-03 
110.200000 2.1666630930770674e-03 
110.400000 2.1666632601906144e-03 
110.600000 2.1666634205687188e-03 
110.800000 2.1666635744574292e-03 
111.000000 2.1666637220944538e-03 
111.200000 2.1666638637093459e-03 
111.400000 2.1666639995237976e-03 
111.600000 2.1666641297519965e-03 
111.800000 2.1666642546007281e-03 
112.000000 2.1666643742697107e-03 
112.200000 2.1666644889518061e-03 
112.400000 2.1666645988332334e-03 
112.600000 2.1666647040937915e-03 
112.800000 2.1666648049070863e-03 
113.000000 2.1666649014407363e-03 
113.200000 2.1666649938565145e-03 
113.400000 2.1666650823106343e-03 
113.600000 2.1666651669538404e-03 
113.800000 2.1666652479316508e-03 
114.000000 2.1666653253845205e-03 
114.200000 2.1666653994479395e-03 
114.400000 2.1666654702527160e-03 
114.600000 2.1666655379250534e-03 
114.800000 2.1666656025866602e-03 
115.000000 2.1666656643550470e-03 
115.200000 2.1666657233434736e-03 
115.400000 2.1666657796612656e-03 
115.600000 2.1666658334138218e-03 
115.800000 2.1666658847028088e-03 
116.000000 2.1666659336262504e-03 
116.200000 2.1666659802786641e-03 
116.400000 2.1666660247511974e-03 
116.600000 2.1666660671316638e-03 
116.800000 2.1666661075047783e-03 
117.000000 2.1666661459521369e-03 
117.200000 2.1666661825523949e-03 
117.400000 2.1666662173813393e-03 
117.600000 2.1666662505120029e-03 
117.800000 2.1666662820147061e-03 
118.000000 2.1666663119572233e-03 
118.200000 2.1666663404047984e-03 
118.400000 2.1666663674202954e-03 
118.600000 2.1666663930642008e-03 
118.800000 2.1666664173947813e-03 
119.000000 2.1666664404681275e-03 
119.200000 2.1666664623381945e-03 
119.400000 2.1666664830569306e-03 
119.600000 2.1666665026743200e-03 
119.800000 2.1666665212384177e-03 
120.000000 2.1666665387954885e-03 
120.200000 2.1666665553900242e-03 
120.400000 2.1666665710647578e-03 
120.600000 2.1666665858608427e-03 
120.800000 2.1666665998177868e-03 
121.000000 2.1666666129736109e-03 
121.200000 2.1666666253647823e-03 
121.400000 2.1666666370264050e-03 
121.600000 2.1666666479921689e-03 
121.800000 2.1666666582944231e-03 
122.000000 2.1666666679642527e-03 
122.200000 2.1666666770314923e-03 
122.400000 2.1666666855247579e-03 
122.600000 2.1666666934715586e-03 
122.800000 2.1666667008982472e-03 
123.000000 2.1666667078301016e-03 
123.200000 2.1666667142913984e-03 
123.400000 2.1666667203053742e-03 
123.600000 2.1666667258943514e-03 
123.800000 2.1666667310796753e-03 
124.000000 2.1666667358818466e-03 
124.200000 2.1666667403204536e-03 
124.400000 2.1666667444143017e-03 
124.600000 2.1666667481813609e-03 
124.800000 2.1666667516388612e-03 
125.000000 2.1666667548032727e-03 
125.200000 2.1666667576903604e-03 
125.400000 2.1666667603152051e-03 
125.600000 2.1666667626922070e-03 
125.800000 2.1666667648351707e-03 
126.000000 2.1666667667572287e-03 
126.200000 2.1666667684709937e-03 
126.400000 2.1666667699884630e-03 
126.600000 2.1666667713211162e-03 
126.800000 2.1666667724798924e-03 
127.000000 2.1666667734752377e-03 
127.200000 2.1666667743171198e-03 
127.400000 2.1666667750150160e-03 
127.600000 2.1666667755779988e-03 
127.800000 2.1666667760146681e-03 
128.000000 2.1666667763332575e-03 
128.200000 2.1666667765415635e-03 
128.400000 2.1666667766470399e-03 
128.600000 2.1666667766567426e-03 
128.800000 2.1666667765774103e-03 
129.000000 2.1666667764154205e-03 
129.200000 2.1666667761768392e-03 
129.400000 2.1666667758674526e-03 
129.600000 2.1666667754926990e-03 
129.800000 2.1666667750577647e-03 
130.000000 2.1666667745675887e-03 
130.200000 2.1666667740267943e-03 
130.400000 2.1666667734398116e-03 
130.600000 2.1666667728107909e-03 
130.800000 2.1666667721436748e-03 
131.000000 2.1666667714422116e-03 
131.200000 2.1666667707098820e-03 
131.400000 2.1666667699500428e-03 
131.600000 2.1666667691657938e-03 
131.800000 2.1666667683600833e-03 
132.000000 2.1666667675357010e-03 
132.200000 2.1666667666952319e-03 
132.400000 2.1666667658411351e-03 
132.600000 2.1666667649757371e-03 
132.800000 2.1666667641011676e-03 
133.000000 2.1666667632194510e-03 
133.200000 2.1666667623324825e-03 
133.400000 2.1666667614420217e-03 
133.600000 2.1666667605497059e-03 
133.800000 2.1666667596571035e-03 
134.000000 2.1666667587656057e-03 
134.200000 2.1666667578765695e-03 
134.400000 2.1666667569912069e-03 
134.600000 2.1666667561106613e-03 
134.800000 2.1666667552359777e-03 
135.000000 2.1666667543681277e-03 
135.200000 2.1666667535080088e-03 
135.400000 2.1666667526564344e-03 
135.600000 2.1666667518141494e-03 
135.800000 2.1666667509818260e-03 
136.000000 2.1666667501600884e-03 
136.200000 2.1666667493494907e-03 
136.400000 2.1666667485505373e-03 
136.600000 2.1666667477636811e-03 
136.800000 2.1666667469893066e-03 
137.000000 2.1666667462277777e-03 
137.200000 2.1666667454793794e-03 
137.400000 2.1666667447444040e-03 
137.600000 2.1666667440230565e-03 
137.800000 2.1666667433155561e-03 
138.000000 2.1666667426220171e-03 
138.200000 2.1666667419425940e-03 
138.400000 2.1666667412773440e-03 
138.600000 2.1666667406263821e-03 
138.800000 2.1666667399897104e-03 
139.000000 2.1666667393673584e-03 
139.200000 2.1666667387593031e-03 
139.400000 2.1666667381655194e-03 
139.600000 2.1666667375859652e-03 
139.800000 2.1666667370205742e-03 
140.000000 2.1666667364692522e-03 
140.200000 2.1666667359319081e-03 
140.400000 2.1666667354084349e-03 
140.600000 2.1666667348986964e-03 
140.800000 2.1666667344025564e-03 
141.000000 2.1666667339198704e-03 
141.200000 2.1666667334504842e-03 
141.400000 2.1666667329942263e-03 
141.600000 2.1666667325509373e-03 
141.800000 2.1666667321204218e-03 
142.000000 2.1666667317024936e-03 
142.200000 2.1666667312969868e-03 
142.400000 2.1666667309036764e-03 
142.600000 2.1666667305223829e-03 
142.800000 2.1666667301529015e-03 
143.000000 2.1666667297950319e-03 
143.200000 2.1666667294485634e-03 
143.400000 2.1666667291132921e-03 
143.600000 2.1666667287890190e-03 
143.800000 2.1666667284755288e-03 
144.000000 2.1666667281726132e-03 
144.200000 2.1666667278800820e-03 
144.400000 2.1666667275977119e-03 
144.600000 2.1666667273252823e-03 
144.800000 2.1666667270626378e-03 
145.000000 2.1666667268095598e-03 
145.200000 2.1666667265658537e-03 
145.400000 2.1666667263313421e-03 
145.600000 2.1666667261058159e-03 
145.800000 2.1666667258891030e-03 
146.000000 2.1666667256810264e-03 
146.200000 2.1666667254813796e-03 
146.400000 2.1666667252899859e-03 
146.600000 2.1666667251066781e-03 
146.800000 2.1666667249312459e-03 
147.000000 2.1666667247635407e-03 
147.200000 2.1666667246034001e-03 
147.400000 2.1666667244507449e-03 
147.600000 2.1666667243054726e-03 
147.800000 2.1666667241674758e-03 
148.000000 2.1666667240365892e-03 
148.200000 2.1666667239126809e-03 
148.400000 2.1666667237955728e-03 
148.600000 2.1666667236850908e-03 
148.800000 2.1666667235810452e-03 
149.000000 2.1666667234832349e-03 
149.200000 2.1666667233914702e-03 
149.400000 2.1666667233055624e-03 
149.600000 2.1666667232252959e-03 
149.800000 2.1666667231504634e-03 
