0.000000 7.3218944175411733e-03 
0.200000 7.3220141267525676e-03 
0.400000 7.3224997174469028e-03 
0.600000 7.3235882830852981e-03 
0.800000 7.3254835966033889e-03 
1.000000 7.3283629508698869e-03 
1.200000 7.3323794186786811e-03 
1.400000 7.3376638600763889e-03 
1.600000 7.3443266964375300e-03 
1.800000 7.3524768228961498e-03 
2.000000 7.3622167069705069e-03 
2.200000 7.3736412188646159e-03 
2.400000 7.3868373424244441e-03 
2.600000 7.4018840700173054e-03 
2.800000 7.4188546096786486e-03 
3.000000 7.4378171309371563e-03 
3.200000 7.4588373793427632e-03 
3.400000 7.4819825688318331e-03 
3.600000 7.5073114264078604e-03 
3.800000 7.5348769959156662e-03 
4.000000 7.5647295629695920e-03 
4.200000 7.5969168256398260e-03 
4.400000 7.6314855204913049e-03 
4.600000 7.6684820102629189e-03 
4.800000 7.7079527828631880e-03 
5.000000 7.7499450345913153e-03 
5.200000 7.7945070177528027e-03 
5.400000 7.8416879468746724e-03 
5.600000 7.8915381998954370e-03 
5.800000 7.9441100198656411e-03 
6.000000 7.9994574242726862e-03 
6.200000 8.0576358899215484e-03 
6.400000 8.1187027988462931e-03 
6.600000 8.1827178070997004e-03 
6.800000 8.2497427893030335e-03 
7.000000 8.3198422575816010e-03 
7.200000 8.3930836253768605e-03 
7.400000 8.4695375006907225e-03 
7.600000 8.5492779073951357e-03 
7.800000 8.6323825800864347e-03 
8.000000 8.7189331577396615e-03 
8.200000 8.8090154937197820e-03 
8.400000 8.9027198050073177e-03 
8.600000 9.0001410235046233e-03 
8.800000 9.1013790487441508e-03 
9.000000 9.2065390018610648e-03 
9.200000 9.3157315188145875e-03 
9.400000 9.4290731566536879e-03 
9.600000 9.5466866757872616e-03 
9.800000 9.6687013918382372e-03 
10.000000 9.7952535701328215e-03 
10.200000 9.9264868060720476e-03 
10.400000 1.0062552445049652e-02 
10.600000 1.0203610026156190e-02 
10.800000 1.0349827744246601e-02 
11.000000 1.0501382910330183e-02 
11.200000 1.0658462475141928e-02 
11.400000 1.0821263515347819e-02 
11.600000 1.0989993775291286e-02 
11.800000 1.1164872220459855e-02 
12.000000 1.1346129585641691e-02 
12.200000 1.1534008971474602e-02 
12.400000 1.1728766440432805e-02 
12.600000 1.1930671623380750e-02 
12.800000 1.2140008341709021e-02 
13.000000 1.2357075239741800e-02 
13.200000 1.2582186415811750e-02 
13.400000 1.2815672047350939e-02 
13.600000 1.3057879009594106e-02 
13.800000 1.3309171483142587e-02 
14.000000 1.3569931527452967e-02 
14.200000 1.3840559626766922e-02 
14.400000 1.4121475181820841e-02 
14.600000 1.4413116947456821e-02 
14.800000 1.4715943389733801e-02 
15.000000 1.5030432950145185e-02 
15.200000 1.5357084195922780e-02 
15.400000 1.5696415824990956e-02 
15.600000 1.6048966509393799e-02 
15.800000 1.6415294555953346e-02 
16.000000 1.6795977327978190e-02 
16.200000 1.7191610400908906e-02 
16.400000 1.7602806412688445e-02 
16.600000 1.8030193563255196e-02 
16.800000 1.8474413713302110e-02 
17.000000 1.8936120030429496e-02 
17.200000 1.9415974128617605e-02 
17.400000 1.9914642640400524e-02 
17.600000 2.0432793161382950e-02 
17.800000 2.0971089505065738e-02 
18.000000 2.1530186206465848e-02 
18.200000 2.2110722213611034e-02 
18.400000 2.2713313710293816e-02 
18.600000 2.3338546019042627e-02 
18.800000 2.3986964542744228e-02 
19.000000 2.4659064712986668e-02 
19.200000 2.5355280931653672e-02 
19.400000 2.6075974508792253e-02 
19.600000 2.6821420624118297e-02 
19.800000 2.7591794367038108e-02 
20.000000 2.8387155941726562e-02 
20.200000 2.9207435159418791e-02 
20.400000 3.0052415379653162e-02 
20.600000 3.0921717104325903e-02 
20.800000 3.1814781472598308e-02 
21.000000 3.2730853949674413e-02 
21.200000 3.3668968546342118e-02 
21.400000 3.4627932947225291e-02 
21.600000 3.5606314961881741e-02 
21.800000 3.6602430741687640e-02 
22.000000 3.7614335224386002e-02 
22.200000 3.8639815274943597e-02 
22.400000 3.9676385983486086e-02 
22.600000 4.0721290556549938e-02 
22.800000 4.1771504195281708e-02 
23.000000 4.2823742292582768e-02 
23.200000 4.3874473200723914e-02 
23.400000 4.4919935722617023e-02 
23.600000 4.5956161365936110e-02 
23.800000 4.6979001273015006e-02 
24.000000 4.7984157605236659e-02 
24.200000 4.8967219023815900e-02 
24.400000 4.9923699775380283e-02 
24.600000 5.0849081766803077e-02 
24.800000 5.1738858905394106e-02 
25.000000 5.2588582893392730e-02 
25.200000 5.3393909604267487e-02 
25.400000 5.4150645135869799e-02 
25.600000 5.4854790633731339e-02 
25.800000 5.5502585006715704e-02 
26.000000 5.6090544715204090e-02 
26.200000 5.6615499895863036e-02 
26.400000 5.7074626192382731e-02 
26.600000 5.7465471783113516e-02 
26.800000 5.7785979228484489e-02 
27.000000 5.8034501897580699e-02 
27.200000 5.8209814868686774e-02 
27.400000 5.8311120327950335e-02 
27.600000 5.8338047609369129e-02 
27.800000 5.8290648124776322e-02 
28.000000 5.8169385522124292e-02 
28.200000 5.7975121482829621e-02 
28.400000 5.7709097623853858e-02 
28.600000 5.7372914007923062e-02 
28.800000 5.6968504786823151e-02 
29.000000 5.6498111509545514e-02 
29.200000 5.5964254620992505e-02 
29.400000 5.5369703659953660e-02 
29.600000 5.4717446639204304e-02 
29.800000 5.4010659057822388e-02 
30.000000 5.3252672958072726e-02 
30.200000 5.2446946398152922e-02 
30.400000 5.1597033669240067e-02 
30.600000 5.0706556541857253e-02 
30.800000 4.9779176783665627e-02 
31.000000 4.8818570149161723e-02 
31.200000 4.7828402002091236e-02 
31.400000 4.6812304694075428e-02 
31.600000 4.5773856788366631e-02 
31.800000 4.4716564185920710e-02 
32.000000 4.3643843182259050e-02 
32.200000 4.2559005457867567e-02 
32.400000 4.1465244982134400e-02 
32.600000 4.0365626790981886e-02 
32.800000 3.9263077581283584e-02 
33.000000 3.8160378050755138e-02 
33.200000 3.7060156900107721e-02 
33.400000 3.5964886404705902e-02 
33.600000 3.4876879455597982e-02 
33.800000 3.3798287964423086e-02 
34.000000 3.2731102523174273e-02 
34.200000 3.1677153207916288e-02 
34.400000 3.0638111415177693e-02 
34.600000 2.9615492620663649e-02 
34.800000 2.8610659952021760e-02 
35.000000 2.7624828470462725e-02 
35.200000 2.6659070059958059e-02 
35.400000 2.5714318827335995e-02 
35.600000 2.4791376921763690e-02 
35.800000 2.3890920687687837e-02 
36.000000 2.3013507071205100e-02 
36.200000 2.2159580205924779e-02 
36.400000 2.1329478110581081e-02 
36.600000 2.0523439436862495e-02 
36.800000 1.9741610212066479e-02 
37.000000 1.8984050527203360e-02 
37.200000 1.8250741126997955e-02 
37.400000 1.7541589863838088e-02 
37.600000 1.6856437983039922e-02 
37.800000 1.6195066211829715e-02 
38.000000 1.5557200629151700e-02 
38.200000 1.4942518297787673e-02 
38.400000 1.4350652644308043e-02 
38.600000 1.3781198576069170e-02 
38.800000 1.3233717327825157e-02 
39.000000 1.2707741033539666e-02 
39.200000 1.2202777021680919e-02 
39.400000 1.1718311834665870e-02 
39.600000 1.1253814975208824e-02 
39.800000 1.0808742384133650e-02 
40.000000 1.0382539655756036e-02 
40.200000 9.9746449982393726e-03 
40.400000 9.5844919474000964e-03 
40.600000 9.2115118433052454e-03 
40.800000 8.8551360796789245e-03 
41.000000 8.5147981366417054e-03 
41.200000 8.1899354076579618e-03 
41.400000 7.8799908317821396e-03 
41.600000 7.5844143423912736e-03 
41.800000 7.3026641435830894e-03 
42.000000 7.0342078253173941e-03 
42.200000 6.7785233282039491e-03 
42.400000 6.5350997685955977e-03 
42.600000 6.3034381343501818e-03 
42.800000 6.0830518612831359e-03 
43.000000 5.8734672999562381e-03 
43.200000 5.6742240820444045e-03 
43.400000 5.4848753950993466e-03 
43.600000 5.3049881740901816e-03 
43.800000 5.1341432176566825e-03 
44.000000 4.9719352365608094e-03 
44.200000 4.8179728413752110e-03 
44.400000 4.6718784760024865e-03 
44.600000 4.5332883031838937e-03 
44.800000 4.4018520477300122e-03 
45.000000 4.2772328027925388e-03 
45.200000 4.1591068040962454e-03 
45.400000 4.0471631766668776e-03 
45.600000 3.9411036582228769e-03 
45.800000 3.8406423030477167e-03 
46.000000 3.7455051698282943e-03 
46.200000 3.6554299966289807e-03 
46.400000 3.5701658658747141e-03 
46.600000 3.4894728619381697e-03 
46.800000 3.4131217236647291e-03 
47.000000 3.3408934939253157e-03 
47.200000 3.2725791680610901e-03 
47.400000 3.2079793428726323e-03 
47.600000 3.1469038676128656e-03 
47.800000 3.0891714982619529e-03 
48.000000 3.0346095561984776e-03 
48.200000 2.9830535922287615e-03 
48.400000 2.9343470567977526e-03 
48.600000 2.8883409770786763e-03 
48.800000 2.8448936415231291e-03 
49.000000 2.8038702923495014e-03 
49.200000 2.7651428263528377e-03 
49.400000 2.7285895043349957e-03 
49.600000 2.6940946693770492e-03 
49.800000 2.6615484741086279e-03 
50.000000 2.6308466170673582e-03 
50.200000 2.6018900881887254e-03 
50.400000 2.5745849234184884e-03 
50.600000 2.5488419683991786e-03 
50.800000 2.5245766511448804e-03 
51.000000 2.5017087635883341e-03 
51.200000 2.4801622518567353e-03 
51.400000 2.4598650151102827e-03 
51.600000 2.4407487127579954e-03 
51.800000 2.4227485798500575e-03 
52.000000 2.4058032504324645e-03 
52.200000 2.3898545886401339e-03 
52.400000 2.3748475272967052e-03 
52.600000 2.3607299137835915e-03 
52.800000 2.3474523629372340e-03 
53.000000 2.3349681167314407e-03 
53.200000 2.3232329105012622e-03 
53.400000 2.3122048454653358e-03 
53.600000 2.3018442673058475e-03 
53.800000 2.2921136505676572e-03 
54.000000 2.2829774886422142e-03 
54.200000 2.2744021891058920e-03 
54.400000 2.2663559741874766e-03 
54.600000 2.2588087861448993e-03 
54.800000 2.2517321973370133e-03 
55.000000 2.2450993247825910e-03 
55.200000 2.2388847490044331e-03 
55.400000 2.2330644369639866e-03 
55.600000 2.2276156688971660e-03 
55.800000 2.2225169688699707e-03 
56.000000 2.2177480388782919e-03 
56.200000 2.2132896963234045e-03 
56.400000 2.2091238147011207e-03 
56.600000 2.2052332673488753e-03 
56.800000 2.2016018741019155e-03 
57.000000 2.1982143507155026e-03 
57.200000 2.1950562609164446e-03 
57.400000 2.1921139709533675e-03 
57.600000 2.1893746065205244e-03 
57.800000 2.1868260119361459e-03 
58.000000 2.1844567114612714e-03 
58.200000 2.1822558726505839e-03 
58.400000 2.1802132716318202e-03 
58.600000 2.1783192602151417e-03 
58.800000 2.1765647347385159e-03 
59.000000 2.1749411065600573e-03 
59.200000 2.1734402741119640e-03 
59.400000 2.1720545964356163e-03 
59.600000 2.1707768681207972e-03 
59.800000 2.1696002955760162e-03 
60.000000 2.1685184745607175e-03 
60.200000 2.1675253689134358e-03 
60.400000 2.1666152904132822e-03 
60.600000 2.1657828797155294e-03 
60.800000 2.1650230883048511e-03 
61.000000 2.1643311614127515e-03 
61.200000 2.1637026218485267e-03 
61.400000 2.1631332546956546e-03 
61.600000 2.1626190928278272e-03 
61.800000 2.1621564032016398e-03 
62.000000 2.1617416738846837e-03 
62.200000 2.1613716017802364e-03 
62.400000 2.1610430810117738e-03 
62.600000 2.1607531919322640e-03 
62.800000 2.1604991907252136e-03 
63.000000 2.1602784995660893e-03 
63.200000 2.1600886973143162e-03 
63.400000 2.1599275107078869e-03 
63.600000 2.1597928060336446e-03 
63.800000 2.1596825812482648e-03 
64.000000 2.1595949585256581e-03 
64.200000 2.1595281772084553e-03 
64.400000 2.1594805871418613e-03 
64.600000 2.1594506423696638e-03 
64.800000 2.1594368951729599e-03 
65.000000 2.1594379904336506e-03 
65.200000 2.1594526603050308e-03 
65.400000 2.1594797191734827e-03 
65.600000 2.1595180588954350e-03 
65.800000 2.1595666442951618e-03 
66.000000 2.1596245089094183e-03 
66.200000 2.1596907509655794e-03 
66.400000 2.1597645295811782e-03 
66.600000 2.1598450611726785e-03 
66.800000 2.1599316160624115e-03 
67.000000 2.1600235152732139e-03 
67.200000 2.1601201275004882e-03 
67.400000 2.1602208662524261e-03 
67.600000 2.1603251871491575e-03 
67.800000 2.1604325853725320e-03 
68.000000 2.1605425932582842e-03 
68.200000 2.1606547780230368e-03 
68.400000 2.1607687396188111e-03 
68.600000 2.1608841087083198e-03 
68.800000 2.1610005447544236e-03 
69.000000 2.1611177342175728e-03 
69.200000 2.1612353888556717e-03 
69.400000 2.1613532441204239e-03 
69.600000 2.1614710576453541e-03 
69.800000 2.1615886078202233e-03 
70.000000 2.1617056924473970e-03 
70.200000 2.1618221274755322e-03 
70.400000 2.1619377458065993e-03 
70.600000 2.1620523961718911e-03 
70.800000 2.1621659420738011e-03 
71.000000 2.1622782607891525e-03 
71.200000 2.1623892424312845e-03 
71.400000 2.1624987890672574e-03 
71.600000 2.1626068138873946e-03 
71.800000 2.1627132404242150e-03 
72.000000 2.1628180018180036e-03 
72.200000 2.1629210401264238e-03 
72.400000 2.1630223056759153e-03 
72.600000 2.1631217564523015e-03 
72.800000 2.1632193575285693e-03 
73.000000 2.1633150805278564e-03 
73.200000 2.1634089031193479e-03 
73.400000 2.1635008085456714e-03 
73.600000 2.1635907851795997e-03 
73.800000 2.1636788261087244e-03 
74.000000 2.1637649287463787e-03 
74.200000 2.1638490944673591e-03 
74.400000 2.1639313282669458e-03 
74.600000 2.1640116384420540e-03 
74.800000 2.1640900362931126e-03 
75.000000 2.1641665358455783e-03 
75.200000 2.1642411535898395e-03 
75.400000 2.1643139082385067e-03 
75.600000 2.1643848205001618e-03 
75.800000 2.1644539128684226e-03 
76.000000 2.1645212094256257e-03 
76.200000 2.1645867356599869e-03 
76.400000 2.1646505182958864e-03 
76.600000 2.1647125851359185e-03 
76.800000 2.1647729649146266e-03 
77.000000 2.1648316871626036e-03 
77.200000 2.1648887820808873e-03 
77.400000 2.1649442804246334e-03 
77.600000 2.1649982133956618e-03 
77.800000 2.1650506125432912e-03 
78.000000 2.1651015096730572e-03 
78.200000 2.1651509367625926e-03 
78.400000 2.1651989258844842e-03 
78.600000 2.1652455091354149e-03 
78.800000 2.1652907185714236e-03 
79.000000 2.1653345861487477e-03 
79.200000 2.1653771436698764e-03 
79.400000 2.1654184227345909e-03 
79.600000 2.1654584546955016e-03 
79.800000 2.1654972706180312e-03 
80.000000 2.1655349012441980e-03 
80.200000 2.1655713769603018e-03 
80.400000 2.1656067277679636e-03 
80.600000 2.1656409832584941e-03 
80.800000 2.1656741725901698e-03 
81.000000 2.1657063244684112e-03 
81.200000 2.1657374671285247e-03 
81.400000 2.1657676283207937e-03 
81.600000 2.1657968352978819e-03 
81.800000 2.1658251148042838e-03 
82.000000 2.1658524930676507e-03 
82.200000 2.1658789957919125e-03 
82.400000 2.1659046481520734e-03 
82.600000 2.1659294747904219e-03 
82.800000 2.1659534998140864e-03 
83.000000 2.1659767467940771e-03 
83.200000 2.1659992387652199e-03 
83.400000 2.1660209982272936e-03 
83.600000 2.1660420471471087e-03 
83.800000 2.1660624069614531e-03 
84.000000 2.1660820985808858e-03 
84.200000 2.1661011423941517e-03 
84.400000 2.1661195582733544e-03 
84.600000 2.1661373655796476e-03 
84.800000 2.1661545831694697e-03 
85.000000 2.1661712294012707e-03 
85.200000 2.1661873221425578e-03 
85.400000 2.1662028787774856e-03 
85.600000 2.1662179162145758e-03 
85.800000 2.1662324508947418e-03 
86.000000 2.1662464987997278e-03 
86.200000 2.1662600754604653e-03 
86.400000 2.1662731959658293e-03 
86.600000 2.1662858749714204e-03 
86.800000 2.1662981267083735e-03 
87.000000 2.1663099649924804e-03 
87.200000 2.1663214032331076e-03 
87.400000 2.1663324544422590e-03 
87.600000 2.1663431312436620e-03 
87.800000 2.1663534458818178e-03 
88.000000 2.1663634102310294e-03 
88.200000 2.1663730358043418e-03 
88.400000 2.1663823337624909e-03 
88.600000 2.1663913149227443e-03 
88.800000 2.1663999897676830e-03 
89.000000 2.1664083684538133e-03 
89.200000 2.1664164608202218e-03 
89.400000 2.1664242763969493e-03 
89.600000 2.1664318244133808e-03 
89.800000 2.1664391138064179e-03 
90.000000 2.1664461532285954e-03 
90.200000 2.1664529510560123e-03 
90.400000 2.1664595153961363e-03 
90.600000 2.1664658540953854e-03 
90.800000 2.1664719747467890e-03 
91.000000 2.1664778846972399e-03 
91.200000 2.1664835910547059e-03 
91.400000 2.1664891006953554e-03 
91.600000 2.1664944202703582e-03 
91.800000 2.1664995562127500e-03 
92.000000 2.1665045147439129e-03 
92.200000 2.1665093018800739e-03 
92.400000 2.1665139234386026e-03 
92.600000 2.1665183850440727e-03 
92.800000 2.1665226921342958e-03 
93.000000 2.1665268499661298e-03 
93.200000 2.1665308636211276e-03 
93.400000 2.1665347380111005e-03 
93.600000 2.1665384778834875e-03 
93.800000 2.1665420878265525e-03 
94.000000 2.1665455722745101e-03 
94.200000 2.1665489355124894e-03 
94.400000 2.1665521816812529e-03 
94.600000 2.1665553147820005e-03 
94.800000 2.1665583386808133e-03 
95.000000 2.1665612571131047e-03 
95.200000 2.1665640736878789e-03 
95.400000 2.1665667918918706e-03 
95.600000 2.1665694150936480e-03 
95.800000 2.1665719465474510e-03 
96.000000 2.1665743893969575e-03 
96.200000 2.1665767466790714e-03 
96.400000 2.1665790213273549e-03 
96.600000 2.1665812161755765e-03 
96.800000 2.1665833339609935e-03 
97.000000 2.1665853773276574e-03 
97.200000 2.1665873488294399e-03 
97.400000 2.1665892509331996e-03 
97.600000 2.1665910860216844e-03 
97.800000 2.1665928563962319e-03 
98.000000 2.1665945642798108e-03 
98.200000 2.1665962118194064e-03 
98.400000 2.1665978010887588e-03 
98.600000 2.1665993340908014e-03 
98.800000 2.1666008127601156e-03 
99.000000 2.1666022389651937e-03 
99.200000 2.1666036145107318e-03 
99.400000 2.1666049411398526e-03 
99.600000 2.1666062205361459e-03 
99.800000 2.1666074543257043e-03 
100.000000 2.1666086440791524e-03 
100.200000 2.1666097913135285e-03 
100.400000 2.1666108974940450e-03 
100.600000 2.1666119640359836e-03 
100.800000 2.1666129923063374e-03 
101.000000 2.1666139836254632e-03 
101.200000 2.1666149392687243e-03 
101.400000 2.1666158604680074e-03 
101.600000 2.1666167484132330e-03 
101.800000 2.1666176042537521e-03 
102.000000 2.1666184290997964e-03 
102.200000 2.1666192240237846e-03 
102.400000 2.1666199900616454e-03 
102.600000 2.1666207282140366e-03 
102.800000 2.1666214394475843e-03 
103.000000 2.1666221246960404e-03 
103.200000 2.1666227848613846e-03 
103.400000 2.1666234208149626e-03 
103.600000 2.1666240333985112e-03 
103.800000 2.1666246234251295e-03 
104.000000 2.1666251916803484e-03 
104.200000 2.1666257389229668e-03 
104.400000 2.1666262658860689e-03 
104.600000 2.1666267732778155e-03 
104.800000 2.1666272617823466e-03 
105.000000 2.1666277320606048e-03 
105.200000 2.1666281847510572e-03 
105.400000 2.1666286204705234e-03 
105.600000 2.1666290398149519e-03 
105.800000 2.1666294433599761e-03 
106.000000 2.1666298316617822e-03 
106.200000 2.1666302052576344e-03 
106.400000 2.1666305646666131e-03 
106.600000 2.1666309103901518e-03 
106.800000 2.1666312429126817e-03 
107.000000 2.1666315627021748e-03 
107.200000 2.1666318702107572e-03 
107.400000 2.1666321658751681e-03 
107.600000 2.1666324501173227e-03 
107.800000 2.1666327233448154e-03 
108.000000 2.1666329859513812e-03 
108.200000 2.1666332383173488e-03 
108.400000 2.1666334808101485e-03 
108.600000 2.1666337137846636e-03 
108.800000 2.1666339375837440e-03 
109.000000 2.1666341525385241e-03 
109.200000 2.1666343589688453e-03 
109.400000 2.1666345571836744e-03 
109.600000 2.1666347474814077e-03 
109.800000 2.1666349301502552e-03 
110.000000 2.1666351054685641e-03 
110.200000 2.1666352737051450e-03 
110.400000 2.1666354351196492e-03 
110.600000 2.1666355899627771e-03 
110.800000 2.1666357384766345e-03 
111.000000 2.1666358808950302e-03 
111.200000 2.1666360174437027e-03 
111.400000 2.1666361483406275e-03 
111.600000 2.1666362737962799e-03 
111.800000 2.1666363940138307e-03 
112.000000 2.1666365091894632e-03 
112.200000 2.1666366195125511e-03 
112.400000 2.1666367251658835e-03 
112.600000 2.1666368263259300e-03 
112.800000 2.1666369231630057e-03 
113.000000 2.1666370158414986e-03 
113.200000 2.1666371045200457e-03 
113.400000 2.1666371893517230e-03 
113.600000 2.1666372704842855e-03 
113.800000 2.1666373480602858e-03 
114.000000 2.1666374222172290e-03 
114.200000 2.1666374930878257e-03 
114.400000 2.1666375608000469e-03 
114.600000 2.1666376254773656e-03 
114.800000 2.1666376872388738e-03 
115.000000 2.1666377461994233e-03 
115.200000 2.1666378024697611e-03 
115.400000 2.1666378561567157e-03 
115.600000 2.1666379073632235e-03 
115.800000 2.1666379561885883e-03 
116.000000 2.1666380027285026e-03 
116.200000 2.1666380470752146e-03 
116.400000 2.1666380893176356e-03 
116.600000 2.1666381295414382e-03 
116.800000 2.1666381678292017e-03 
117.000000 2.1666382042604551e-03 
117.200000 2.1666382389118380e-03 
117.400000 2.1666382718571811e-03 
117.600000 2.1666383031675794e-03 
117.800000 2.1666383329114899e-03 
118.000000 2.1666383611548498e-03 
118.200000 2.1666383879611435e-03 
118.400000 2.1666384133914823e-03 
118.600000 2.1666384375046638e-03 
118.800000 2.1666384603573098e-03 
119.000000 2.1666384820039088e-03 
119.200000 2.1666385024968200e-03 
119.400000 2.1666385218865065e-03 
119.600000 2.1666385402214325e-03 
119.800000 2.1666385575482318e-03 
120.000000 2.1666385739117552e-03 
120.200000 2.1666385893551062e-03 
120.400000 2.1666386039197274e-03 
120.600000 2.1666386176454376e-03 
120.800000 2.1666386305705036e-03 
121.000000 2.1666386427317006e-03 
121.200000 2.1666386541643176e-03 
121.400000 2.1666386649022902e-03 
121.600000 2.1666386749781812e-03 
121.800000 2.1666386844232432e-03 
122.000000 2.1666386932674884e-03 
122.200000 2.1666387015397207e-03 
122.400000 2.1666387092675607e-03 
122.600000 2.1666387164775099e-03 
122.800000 2.1666387231949959e-03 
123.000000 2.1666387294443719e-03 
123.200000 2.1666387352490121e-03 
123.400000 2.1666387406313122e-03 
123.600000 2.1666387456127020e-03 
123.800000 2.1666387502137546e-03 
124.000000 2.1666387544541340e-03 
124.200000 2.1666387583526877e-03 
124.400000 2.1666387619274554e-03 
124.600000 2.1666387651957187e-03 
124.800000 2.1666387681739500e-03 
125.000000 2.1666387708779815e-03 
125.200000 2.1666387733228860e-03 
125.400000 2.1666387755231282e-03 
125.600000 2.1666387774924817e-03 
125.800000 2.1666387792441347e-03 
126.000000 2.1666387807906706e-03 
126.200000 2.1666387821440993e-03 
126.400000 2.1666387833158950e-03 
126.600000 2.1666387843170031e-03 
126.800000 2.1666387851578474e-03 
127.000000 2.1666387858483862e-03 
127.200000 2.1666387863981005e-03 
127.400000 2.1666387868160006e-03 
127.600000 2.1666387871107011e-03 
127.800000 2.1666387872904093e-03 
128.000000 2.1666387873628822e-03 
128.200000 2.1666387873355542e-03 
128.400000 2.1666387872154524e-03 
128.600000 2.1666387870092731e-03 
128.800000 2.1666387867233820e-03 
129.000000 2.1666387863638124e-03 
129.200000 2.1666387859362664e-03 
129.400000 2.1666387854462161e-03 
129.600000 2.1666387848987673e-03 
129.800000 2.1666387842988232e-03 
130.000000 2.1666387836509963e-03 
130.200000 2.1666387829596145e-03 
130.400000 2.1666387822288444e-03 
130.600000 2.1666387814625828e-03 
130.800000 2.1666387806644921e-03 
131.000000 2.1666387798380637e-03 
131.200000 2.1666387789865656e-03 
131.400000 2.1666387781130924e-03 
131.600000 2.1666387772205434e-03 
131.800000 2.1666387763116393e-03 
132.000000 2.1666387753889503e-03 
132.200000 2.1666387744548746e-03 
132.400000 2.1666387735117068e-03 
132.600000 2.1666387725615232e-03 
132.800000 2.1666387716063056e-03 
133.000000 2.1666387706479164e-03 
133.200000 2.1666387696880497e-03 
133.400000 2.1666387687283442e-03 
133.600000 2.1666387677702703e-03 
133.800000 2.1666387668152405e-03 
134.000000 2.1666387658644927e-03 
134.200000 2.1666387649192575e-03 
134.400000 2.1666387639806086e-03 
134.600000 2.1666387630495769e-03 
134.800000 2.1666387621270739e-03 
135.000000 2.1666387612139515e-03 
135.200000 2.1666387603110041e-03 
135.400000 2.1666387594189234e-03 
135.600000 2.1666387585383500e-03 
135.800000 2.1666387576698568e-03 
136.000000 2.1666387568139967e-03 
136.200000 2.1666387559711904e-03 
136.400000 2.1666387551418707e-03 
136.600000 2.1666387543264110e-03 
136.800000 2.1666387535251093e-03 
137.000000 2.1666387527382383e-03 
137.200000 2.1666387519660361e-03 
137.400000 2.1666387512086897e-03 
137.600000 2.1666387504663681e-03 
137.800000 2.1666387497391863e-03 
138.000000 2.1666387490272203e-03 
138.200000 2.1666387483305618e-03 
138.400000 2.1666387476492158e-03 
138.600000 2.1666387469832064e-03 
138.800000 2.1666387463325117e-03 
139.000000 2.1666387456970972e-03 
139.200000 2.1666387450769101e-03 
139.400000 2.1666387444718720e-03 
139.600000 2.1666387438818747e-03 
139.800000 2.1666387433068239e-03 
140.000000 2.1666387427465707e-03 
140.200000 2.1666387422010248e-03 
140.400000 2.1666387416699848e-03 
140.600000 2.1666387411533195e-03 
140.800000 2.1666387406508538e-03 
141.000000 2.1666387401623939e-03 
141.200000 2.1666387396877497e-03 
141.400000 2.1666387392267452e-03 
141.600000 2.1666387387791813e-03 
141.800000 2.1666387383448278e-03 
142.000000 2.1666387379234908e-03 
142.200000 2.1666387375149426e-03 
142.400000 2.1666387371189811e-03 
142.600000 2.1666387367353752e-03 
142.800000 2.1666387363639189e-03 
143.000000 2.1666387360043558e-03 
143.200000 2.1666387356564856e-03 
143.400000 2.1666387353200963e-03 
143.600000 2.1666387349949389e-03 
143.800000 2.1666387346807973e-03 
144.000000 2.1666387343774497e-03 
144.200000 2.1666387340846843e-03 
144.400000 2.1666387338022631e-03 
144.600000 2.1666387335299861e-03 
144.800000 2.1666387332676309e-03 
145.000000 2.1666387330149970e-03 
145.200000 2.1666387327718829e-03 
145.400000 2.1666387325380856e-03 
145.600000 2.1666387323134094e-03 
145.800000 2.1666387320976393e-03 
146.000000 2.1666387318906052e-03 
146.200000 2.1666387316920947e-03 
146.400000 2.1666387315019135e-03 
146.600000 2.1666387313198864e-03 
146.800000 2.1666387311458143e-03 
147.000000 2.1666387309795232e-03 
147.200000 2.1666387308208563e-03 
147.400000 2.1666387306697580e-03 
147.600000 2.1666387305261047e-03 
147.800000 2.1666387303897606e-03 
148.000000 2.1666387302605858e-03 
148.200000 2.1666387301383931e-03 
148.400000 2.1666387300230058e-03 
148.600000 2.1666387299142751e-03 
148.800000 2.1666387298119542e-03 
149.000000 2.1666387297158813e-03 
149.200000 2.1666387296258353e-03 
149.400000 2.1666387295416192e-03 
149.600000 2.1666387294630232e-03 
149.800000 2.1666387293898348e-03 
