0.000000 9.1678728617377008e-03 
0.200000 9.1679482122555903e-03 
0.400000 9.1683274553294065e-03 
0.600000 9.1692946528173017e-03 
0.800000 9.1711000995169795e-03 
1.000000 9.1739639060051063e-03 
1.200000 9.1780791707163929e-03 
1.400000 9.1836147750855249e-03 
1.600000 9.1907178625204172e-03 
1.800000 9.1995253043827899e-03 
2.000000 9.2101714520842048e-03 
2.200000 9.2227817261813158e-03 
2.400000 9.2374742148524334e-03 
2.600000 9.2543610256090834e-03 
2.800000 9.2735505715153647e-03 
3.000000 9.2951471449147591e-03 
3.200000 9.3192510420147257e-03 
3.400000 9.3459645032511491e-03 
3.600000 9.3753907647516031e-03 
3.800000 9.4076255118372004e-03 
4.000000 9.4427629881822968e-03 
4.200000 9.4808975851427280e-03 
4.400000 9.5221252553997753e-03 
4.600000 9.5665444335797448e-03 
4.800000 9.6142570274748446e-03 
5.000000 9.6653691839476939e-03 
5.200000 9.7199918673476268e-03 
5.400000 9.7782414034245629e-03 
5.600000 9.8402399446604200e-03 
5.800000 9.9061159951307192e-03 
6.000000 9.9760048280611649e-03 
6.200000 1.0050048337241680e-02 
6.400000 1.0128395987978552e-02 
6.600000 1.0211204793060832e-02 
6.800000 1.0298639975824392e-02 
7.000000 1.0390875605277346e-02 
7.200000 1.0488095272426810e-02 
7.400000 1.0590492800839147e-02 
7.600000 1.0698272906812209e-02 
7.800000 1.0811651920253866e-02 
8.000000 1.0930858542800901e-02 
8.200000 1.1056134612101571e-02 
8.400000 1.1187735903467376e-02 
8.600000 1.1325932973794797e-02 
8.800000 1.1471012071634557e-02 
9.000000 1.1623276087737921e-02 
9.200000 1.1783045479602860e-02 
9.400000 1.1950659461657204e-02 
9.600000 1.2126477134407862e-02 
9.800000 1.2310878729382550e-02 
10.000000 1.2504266924442679e-02 
10.200000 1.2707068241498084e-02 
10.400000 1.2919734547129570e-02 
10.600000 1.3142744638096738e-02 
10.800000 1.3376605927696624e-02 
11.000000 1.3621856229979841e-02 
11.200000 1.3879065638672609e-02 
11.400000 1.4148838509614283e-02 
11.600000 1.4431815549640951e-02 
11.800000 1.4728676018829514e-02 
12.000000 1.5040140042889616e-02 
12.200000 1.5366971025723885e-02 
12.400000 1.5709978206904843e-02 
12.600000 1.6070019311751435e-02 
12.800000 1.6448003321869995e-02 
13.000000 1.6844893354909136e-02 
13.200000 1.7261709647859842e-02 
13.400000 1.7699532636181074e-02 
13.600000 1.8159506116103313e-02 
13.800000 1.8642840478506079e-02 
14.000000 1.9150815996056104e-02 
14.200000 1.9684786140980466e-02 
14.400000 2.0246180907709608e-02 
14.600000 2.0836510109228101e-02 
14.800000 2.1457366608478474e-02 
15.000000 2.2110429438672814e-02 
15.200000 2.2797466763384244e-02 
15.400000 2.3520338614523077e-02 
15.600000 2.4280999333865554e-02 
15.800000 2.5081499640172155e-02 
16.000000 2.5923988228156145e-02 
16.200000 2.6810712794166369e-02 
16.400000 2.7744020370664733e-02 
16.600000 2.8726356838556198e-02 
16.800000 2.9760265472188081e-02 
17.000000 3.0848384357858905e-02 
17.200000 3.1993442513437192e-02 
17.400000 3.3198254523781938e-02 
17.600000 3.4465713495105403e-02 
17.800000 3.5798782121867496e-02 
18.000000 3.7200481653993422e-02 
18.200000 3.8673878548881824e-02 
18.400000 4.0222068593782419e-02 
18.600000 4.1848158293572940e-02 
18.800000 4.3555243332811237e-02 
19.000000 4.5346383944769954e-02 
19.200000 4.7224577052796958e-02 
19.400000 4.9192725093234899e-02 
19.600000 5.1253601484238472e-02 
19.800000 5.3409812772510029e-02 
20.000000 5.5663757570318786e-02 
20.200000 5.8017582488034271e-02 
20.400000 6.0473135372435469e-02 
20.600000 6.3031916275962580e-02 
20.800000 6.5695026705800436e-02 
21.000000 6.8463117830707923e-02 
21.200000 7.1336338453594952e-02 
21.400000 7.4314283685323029e-02 
21.600000 7.7395945373441674e-02 
21.800000 8.0579665443253068e-02 
22.000000 8.3863093390547733e-02 
22.200000 8.7243149218978411e-02 
22.400000 9.0715993133249392e-02 
22.600000 9.4277003276093202e-02 
22.800000 9.7920762726983676e-02 
23.000000 1.0164105685996649e-01 
23.200000 1.0543088198527009e-01 
23.400000 1.0928246597537555e-01 
23.600000 1.1318730130473029e-01 
23.800000 1.1713619062046207e-01 
24.000000 1.2111930461914944e-01 
24.200000 1.2512625164520236e-01 
24.400000 1.2914615806481589e-01 
24.600000 1.3316775812264886e-01 
24.800000 1.3717949167340374e-01 
25.000000 1.4116960791378566e-01 
25.200000 1.4512627303603731e-01 
25.400000 1.4903767959365491e-01 
25.600000 1.5289215531992612e-01 
25.800000 1.5667826917304573e-01 
26.000000 1.6038493249535299e-01 
26.200000 1.6400149336167369e-01 
26.400000 1.6751782244191621e-01 
26.600000 1.7092438900195342e-01 
26.800000 1.7421232599844347e-01 
27.000000 1.7737348357108779e-01 
27.200000 1.8040047058349079e-01 
27.400000 1.8328668419667846e-01 
27.600000 1.8602632776476222e-01 
27.800000 1.8861441761041181e-01 
28.000000 1.9104677946190315e-01 
28.200000 1.9332003550959867e-01 
28.400000 1.9543158316677631e-01 
28.600000 1.9737956669897003e-01 
28.800000 1.9916284292081585e-01 
29.000000 2.0078094215443126e-01 
29.200000 2.0223402560445869e-01 
29.400000 2.0352284023829065e-01 
29.600000 2.0464867217208582e-01 
29.800000 2.0561329946027596e-01 
30.000000 2.0641894507410069e-01 
30.200000 2.0706823073849134e-01 
30.400000 2.0756413218081798e-01 
30.600000 2.0790993623321277e-01 
30.800000 2.0810920012527878e-01 
31.000000 2.0816571320797428e-01 
31.200000 2.0808346126374300e-01 
31.400000 2.0786659348323228e-01 
31.600000 2.0751939212537868e-01 
31.800000 2.0704624482504047e-01 
32.000000 2.0645161947016150e-01 
32.200000 2.0574004153785838e-01 
32.400000 2.0491607375486048e-01 
32.600000 2.0398429793147602e-01 
32.800000 2.0294929880849261e-01 
33.000000 2.0181564975228702e-01 
33.200000 2.0058790013375580e-01 
33.400000 1.9927056423069081e-01 
33.600000 1.9786811149997849e-01 
33.800000 1.9638495807482834e-01 
34.000000 1.9482545935239165e-01 
34.200000 1.9319390354818261e-01 
34.400000 1.9149450610506674e-01 
34.600000 1.8973140485597711e-01 
34.800000 1.8790865585061076e-01 
35.000000 1.8603022976691611e-01 
35.200000 1.8410000883812996e-01 
35.400000 1.8212178423520906e-01 
35.600000 1.8009925385287398e-01 
35.800000 1.7803602045490316e-01 
36.000000 1.7593559014094751e-01 
36.200000 1.7380137110292301e-01 
36.400000 1.7163667264405308e-01 
36.600000 1.6944470443790025e-01 
36.800000 1.6722857600835278e-01 
37.000000 1.6499129641451138e-01 
37.200000 1.6273577412687465e-01 
37.400000 1.6046481708322430e-01 
37.600000 1.5818113291410421e-01 
37.800000 1.5588732932905577e-01 
38.000000 1.5358591465559893e-01 
38.200000 1.5127929852363861e-01 
38.400000 1.4896979268836882e-01 
38.600000 1.4665961198505661e-01 
38.800000 1.4435087540920258e-01 
39.000000 1.4204560731563082e-01 
39.200000 1.3974573873006213e-01 
39.400000 1.3745310876661768e-01 
39.600000 1.3516946614466566e-01 
39.800000 1.3289647079827294e-01 
40.000000 1.3063569557147192e-01 
40.200000 1.2838862799245196e-01 
40.400000 1.2615667211972501e-01 
40.600000 1.2394115045330056e-01 
40.800000 1.2174330590388943e-01 
41.000000 1.1956430381319649e-01 
41.200000 1.1740523401842727e-01 
41.400000 1.1526711295423511e-01 
41.600000 1.1315088578545804e-01 
41.800000 1.1105742856418266e-01 
42.000000 1.0898755040481937e-01 
42.200000 1.0694199567113467e-01 
42.400000 1.0492144616939147e-01 
42.600000 1.0292652334201814e-01 
42.800000 1.0095779045650319e-01 
43.000000 9.9015754784488277e-02 
43.200000 9.7100869766336223e-02 
43.400000 9.5213537156754333e-02 
43.600000 9.3354109147357256e-02 
43.800000 9.1522890462365669e-02 
44.000000 8.9720140423949407e-02 
44.200000 8.7946074984026124e-02 
44.400000 8.6200868719632701e-02 
44.600000 8.4484656789280202e-02 
44.800000 8.2797536847996997e-02 
45.000000 8.1139570919037327e-02 
45.200000 7.9510787220508569e-02 
45.400000 7.7911181945427052e-02 
45.600000 7.6340720993954808e-02 
45.800000 7.4799341656813970e-02 
46.000000 7.3286954249087682e-02 
46.200000 7.1803443693829738e-02 
46.400000 7.0348671055101647e-02 
46.600000 6.8922475020236629e-02 
46.800000 6.7524673331296553e-02 
47.000000 6.6155064165854774e-02 
47.200000 6.4813427467365833e-02 
47.400000 6.3499526225527334e-02 
47.600000 6.2213107707153797e-02 
47.800000 6.0953904638189157e-02 
48.000000 5.9721636337580208e-02 
48.200000 5.8516009803822940e-02 
48.400000 5.7336720755068467e-02 
48.600000 5.6183454623736355e-02 
48.800000 5.5055887506643642e-02 
49.000000 5.3953687071712671e-02 
49.200000 5.2876513422346672e-02 
49.400000 5.1824019920608866e-02 
49.600000 5.0795853970356922e-02 
49.800000 4.9791657761513348e-02 
50.000000 4.8811068976657830e-02 
50.200000 4.7853721461137769e-02 
50.400000 4.6919245857902928e-02 
50.600000 4.6007270208259940e-02 
50.800000 4.5117420519742289e-02 
51.000000 4.4249321302282596e-02 
51.200000 4.3402596073860357e-02 
51.400000 4.2576867836781891e-02 
51.600000 4.1771759525737980e-02 
51.800000 4.0986894428754979e-02 
52.000000 4.0221896582144312e-02 
52.200000 3.9476391140522968e-02 
52.400000 3.8750004722957553e-02 
52.600000 3.8042365736258368e-02 
52.800000 3.7353104676421223e-02 
53.000000 3.6681854409188662e-02 
53.200000 3.6028250430673273e-02 
53.400000 3.5391931108958274e-02 
53.600000 3.4772537907561372e-02 
53.800000 3.4169715591617973e-02 
54.000000 3.3583112417611943e-02 
54.200000 3.3012380307456006e-02 
54.400000 3.2457175007689562e-02 
54.600000 3.1917156234538030e-02 
54.800000 3.1391987805551289e-02 
55.000000 3.0881337758505604e-02 
55.200000 3.0384878458232800e-02 
55.400000 2.9902286692010411e-02 
55.600000 2.9433243754123775e-02 
55.800000 2.8977435520182324e-02 
56.000000 2.8534552511751573e-02 
56.200000 2.8104289951837197e-02 
56.400000 2.7686347811733396e-02 
56.600000 2.7280430849729091e-02 
56.800000 2.6886248642137470e-02 
57.000000 2.6503515607102585e-02 
57.200000 2.6131951021606883e-02 
57.400000 2.5771279032091570e-02 
57.600000 2.5421228659078633e-02 
57.800000 2.5081533796167552e-02 
58.000000 2.4751933203761220e-02 
58.200000 2.4432170497858216e-02 
58.400000 2.4121994134234333e-02 
58.600000 2.3821157388320253e-02 
58.800000 2.3529418331065144e-02 
59.000000 2.3246539801065610e-02 
59.200000 2.2972289373223015e-02 
59.400000 2.2706439324178682e-02 
59.600000 2.2448766594768549e-02 
59.800000 2.2199052749718822e-02 
60.000000 2.1957083934802044e-02 
60.200000 2.1722650831654405e-02 
60.400000 2.1495548610448539e-02 
60.600000 2.1275576880606367e-02 
60.800000 2.1062539639723099e-02 
61.000000 2.0856245220871195e-02 
61.200000 2.0656506238435648e-02 
61.400000 2.0463139532631826e-02 
61.600000 2.0275966112844618e-02 
61.800000 2.0094811099920812e-02 
62.000000 1.9919503667539154e-02 
62.200000 1.9749876982777550e-02 
62.400000 1.9585768145989262e-02 
62.600000 1.9427018130090797e-02 
62.800000 1.9273471719364201e-02 
63.000000 1.9124977447865486e-02 
63.200000 1.8981387537527938e-02 
63.400000 1.8842557836043328e-02 
63.600000 1.8708347754600591e-02 
63.800000 1.8578620205553308e-02 
64.000000 1.8453241540087408e-02 
64.200000 1.8332081485952421e-02 
64.400000 1.8215013085318050e-02 
64.600000 1.8101912632813449e-02 
64.800000 1.7992659613801289e-02 
65.000000 1.7887136642938162e-02 
65.200000 1.7785229403067111e-02 
65.400000 1.7686826584485643e-02 
65.600000 1.7591819824631084e-02 
65.800000 1.7500103648219138e-02 
66.000000 1.7411575407872110e-02 
66.200000 1.7326135225268300e-02 
66.400000 1.7243685932843339e-02 
66.600000 1.7164133016070802e-02 
66.800000 1.7087384556347108e-02 
67.000000 1.7013351174504671e-02 
67.200000 1.6941945974974837e-02 
67.400000 1.6873084490618979e-02 
67.600000 1.6806684628247123e-02 
67.800000 1.6742666614838319e-02 
68.000000 1.6680952944478130e-02 
68.200000 1.6621468326026359e-02 
68.400000 1.6564139631525067e-02 
68.600000 1.6508895845357939e-02 
68.800000 1.6455668014169731e-02 
69.000000 1.6404389197551914e-02 
69.200000 1.6354994419502875e-02 
69.400000 1.6307420620664714e-02 
69.600000 1.6261606611344650e-02 
69.800000 1.6217493025320218e-02 
70.000000 1.6175022274433116e-02 
70.200000 1.6134138503971301e-02 
70.400000 1.6094787548840694e-02 
70.600000 1.6056916890525689e-02 
70.800000 1.6020475614836594e-02 
71.000000 1.5985414370443721e-02 
71.200000 1.5951685328194097e-02 
71.400000 1.5919242141208215e-02 
71.600000 1.5888039905752986e-02 
71.800000 1.5858035122887110e-02 
72.000000 1.5829185660872214e-02 
72.200000 1.5801450718347789e-02 
72.400000 1.5774790788259899e-02 
72.600000 1.5749167622540878e-02 
72.800000 1.5724544197532317e-02 
73.000000 1.5700884680143693e-02 
73.200000 1.5678154394740122e-02 
73.400000 1.5656319790751803e-02 
73.600000 1.5635348410996095e-02 
73.800000 1.5615208860705570e-02 
74.000000 1.5595870777252803e-02 
74.200000 1.5577304800562844e-02 
74.400000 1.5559482544205475e-02 
74.600000 1.5542376567157972e-02 
74.800000 1.5525960346228655e-02 
75.000000 1.5510208249132337e-02 
75.200000 1.5495095508208318e-02 
75.400000 1.5480598194770828e-02 
75.600000 1.5466693194082819e-02 
75.800000 1.5453358180943077e-02 
76.000000 1.5440571595876440e-02 
76.200000 1.5428312621918332e-02 
76.400000 1.5416561161981968e-02 
76.600000 1.5405297816799975e-02 
76.800000 1.5394503863429323e-02 
77.000000 1.5384161234309980e-02 
77.200000 1.5374252496867137e-02 
77.400000 1.5364760833647118e-02 
77.600000 1.5355670022976607e-02 
77.800000 1.5346964420136411e-02 
78.000000 1.5338628939037615e-02 
78.200000 1.5330649034392591e-02 
78.400000 1.5323010684369764e-02 
78.600000 1.5315700373722563e-02 
78.800000 1.5308705077382505e-02 
79.000000 1.5302012244507734e-02 
79.200000 1.5295609782976409e-02 
79.400000 1.5289486044316097e-02 
79.600000 1.5283629809059195e-02 
79.800000 1.5278030272515722e-02 
80.000000 1.5272677030953799e-02 
80.200000 1.5267560068178731e-02 
80.400000 1.5262669742501719e-02 
80.600000 1.5257996774089490e-02 
80.800000 1.5253532232685520e-02 
81.000000 1.5249267525694773e-02 
81.200000 1.5245194386622899e-02 
81.400000 1.5241304863861316e-02 
81.600000 1.5237591309810890e-02 
81.800000 1.5234046370333990e-02 
82.000000 1.5230662974528976e-02 
82.200000 1.5227434324817688e-02 
82.400000 1.5224353887338693e-02 
82.600000 1.5221415382638132e-02 
82.800000 1.5218612776651286e-02 
83.000000 1.5215940271966259e-02 
83.200000 1.5213392299363863e-02 
83.400000 1.5210963509624968e-02 
83.600000 1.5208648765599610e-02 
83.800000 1.5206443134529743e-02 
84.000000 1.5204341880619645e-02 
84.200000 1.5202340457846695e-02 
84.400000 1.5200434503006538e-02 
84.600000 1.5198619828985521e-02 
84.800000 1.5196892418254782e-02 
85.000000 1.5195248416578881e-02 
85.200000 1.5193684126934247e-02 
85.400000 1.5192196003630254e-02 
85.600000 1.5190780646627666e-02 
85.800000 1.5189434796049025e-02 
86.000000 1.5188155326874654e-02 
86.200000 1.5186939243819851e-02 
86.400000 1.5185783676387196e-02 
86.600000 1.5184685874088740e-02 
86.800000 1.5183643201834084e-02 
87.000000 1.5182653135477644e-02 
87.200000 1.5181713257522057e-02 
87.400000 1.5180821252971521e-02 
87.600000 1.5179974905331895e-02 
87.800000 1.5179172092751459e-02 
88.000000 1.5178410784299302e-02 
88.200000 1.5177689036376632e-02 
88.400000 1.5177004989256450e-02 
88.600000 1.5176356863748059e-02 
88.800000 1.5175742957982285e-02 
89.000000 1.5175161644313184e-02 
89.200000 1.5174611366333352e-02 
89.400000 1.5174090635998335e-02 
89.600000 1.5173598030856890e-02 
89.800000 1.5173132191383496e-02 
90.000000 1.5172691818410885e-02 
90.200000 1.5172275670656724e-02 
90.400000 1.5171882562344372e-02 
90.600000 1.5171511360912346e-02 
90.800000 1.5171160984810413e-02 
91.000000 1.5170830401379546e-02 
91.200000 1.5170518624812191e-02 
91.400000 1.5170224714190918e-02 
91.600000 1.5169947771602117e-02 
91.800000 1.5169686940322512e-02 
92.000000 1.5169441403075835e-02 
92.200000 1.5169210380357420e-02 
92.400000 1.5168993128823763e-02 
92.600000 1.5168788939745834e-02 
92.800000 1.5168597137522333e-02 
93.000000 1.5168417078252670e-02 
93.200000 1.5168248148365560e-02 
93.400000 1.5168089763302976e-02 
93.600000 1.5167941366256099e-02 
93.800000 1.5167802426952304e-02 
94.000000 1.5167672440490956e-02 
94.200000 1.5167550926226188e-02 
94.400000 1.5167437426694902e-02 
94.600000 1.5167331506588702e-02 
94.800000 1.5167232751767682e-02 
95.000000 1.5167140768314720e-02 
95.200000 1.5167055181628596e-02 
95.400000 1.5166975635555207e-02 
95.600000 1.5166901791553828e-02 
95.800000 1.5166833327898999e-02 
96.000000 1.5166769938915371e-02 
96.200000 1.5166711334244900e-02 
96.400000 1.5166657238144598e-02 
96.600000 1.5166607388814216e-02 
96.800000 1.5166561537752447e-02 
97.000000 1.5166519449140650e-02 
97.200000 1.5166480899252493e-02 
97.400000 1.5166445675889461e-02 
97.600000 1.5166413577840538e-02 
97.800000 1.5166384414364763e-02 
98.000000 1.5166358004697339e-02 
98.200000 1.5166334177575624e-02 
98.400000 1.5166312770787735e-02 
98.600000 1.5166293630739298e-02 
98.800000 1.5166276612040333e-02 
99.000000 1.5166261577109838e-02 
99.200000 1.5166248395798330e-02 
99.400000 1.5166236945026652e-02 
99.600000 1.5166227108441581e-02 
99.800000 1.5166218776086307e-02 
100.000000 1.5166211844086027e-02 
100.200000 1.5166206214347614e-02 
100.400000 1.5166201794273210e-02 
100.600000 1.5166198496486242e-02 
100.800000 1.5166196238570654e-02 
101.000000 1.5166194942821580e-02 
101.200000 1.5166194536007793e-02 
101.400000 1.5166194949144871e-02 
101.600000 1.5166196117279086e-02 
101.800000 1.5166197979281256e-02 
102.000000 1.5166200477650318e-02 
102.200000 1.5166203558325922e-02 
102.400000 1.5166207170509982e-02 
102.600000 1.5166211266496714e-02 
102.800000 1.5166215801510504e-02 
103.000000 1.5166220733551864e-02 
103.200000 1.5166226023250169e-02 
103.400000 1.5166231633724157e-02 
103.600000 1.5166237530448707e-02 
103.800000 1.5166243681128160e-02 
104.000000 1.5166250055575542e-02 
104.200000 1.5166256625598274e-02 
104.400000 1.5166263364888908e-02 
104.600000 1.5166270248921424e-02 
104.800000 1.5166277254852891e-02 
105.000000 1.5166284361429362e-02 
105.200000 1.5166291548897282e-02 
105.400000 1.5166298798918522e-02 
105.600000 1.5166306094490250e-02 
105.800000 1.5166313419868595e-02 
106.000000 1.5166320760496257e-02 
106.200000 1.5166328102933512e-02 
106.400000 1.5166335434793371e-02 
106.600000 1.5166342744679300e-02 
106.800000 1.5166350022126889e-02 
107.000000 1.5166357257547499e-02 
107.200000 1.5166364442176434e-02 
107.400000 1.5166371568022160e-02 
107.600000 1.5166378627819280e-02 
107.800000 1.5166385614983461e-02 
108.000000 1.5166392523569104e-02 
108.200000 1.5166399348228912e-02 
108.400000 1.5166406084175880e-02 
108.600000 1.5166412727147340e-02 
108.800000 1.5166419273370629e-02 
109.000000 1.5166425719531097e-02 
109.200000 1.5166432062741653e-02 
109.400000 1.5166438300513707e-02 
109.600000 1.5166444430730206e-02 
109.800000 1.5166450451619915e-02 
110.000000 1.5166456361733133e-02 
110.200000 1.5166462159918770e-02 
110.400000 1.5166467845302957e-02 
110.600000 1.5166473417268452e-02 
110.800000 1.5166478875435744e-02 
111.000000 1.5166484219644699e-02 
111.200000 1.5166489449937729e-02 
111.400000 1.5166494566543875e-02 
111.600000 1.5166499569863420e-02 
111.800000 1.5166504460454101e-02 
112.000000 1.5166509239017590e-02 
112.200000 1.5166513906386908e-02 
112.400000 1.5166518463514992e-02 
112.600000 1.5166522911463318e-02 
112.800000 1.5166527251391868e-02 
113.000000 1.5166531484549196e-02 
113.200000 1.5166535612263698e-02 
113.400000 1.5166539635934756e-02 
113.600000 1.5166543557024974e-02 
113.800000 1.5166547377052921e-02 
114.000000 1.5166551097585815e-02 
114.200000 1.5166554720233502e-02 
114.400000 1.5166558246642101e-02 
114.600000 1.5166561678488564e-02 
114.800000 1.5166565017475410e-02 
115.000000 1.5166568265325843e-02 
115.200000 1.5166571423779309e-02 
115.400000 1.5166574494587432e-02 
115.600000 1.5166577479509799e-02 
115.800000 1.5166580380310695e-02 
116.000000 1.5166583198755768e-02 
116.200000 1.5166585936608882e-02 
116.400000 1.5166588595629396e-02 
116.600000 1.5166591177569589e-02 
116.800000 1.5166593684172180e-02 
117.000000 1.5166596117168359e-02 
117.200000 1.5166598478275766e-02 
117.400000 1.5166600769196589e-02 
117.600000 1.5166602991616153e-02 
117.800000 1.5166605147201195e-02 
118.000000 1.5166607237598691e-02 
118.200000 1.5166609264434789e-02 
118.400000 1.5166611229313577e-02 
118.600000 1.5166613133816070e-02 
118.800000 1.5166614979499763e-02 
119.000000 1.5166616767897463e-02 
119.200000 1.5166618500516984e-02 
119.400000 1.5166620178840524e-02 
119.600000 1.5166621804324047e-02 
119.800000 1.5166623378397286e-02 
120.000000 1.5166624902463054e-02 
120.200000 1.5166626377897308e-02 
120.400000 1.5166627806048881e-02 
120.600000 1.5166629188239376e-02 
120.800000 1.5166630525763001e-02 
121.000000 1.5166631819886721e-02 
121.200000 1.5166633071850443e-02 
121.400000 1.5166634282866529e-02 
121.600000 1.5166635454120661e-02 
121.800000 1.5166636586771526e-02 
122.000000 1.5166637681951008e-02 
122.200000 1.5166638740764633e-02 
122.400000 1.5166639764291667e-02 
122.600000 1.5166640753585495e-02 
122.800000 1.5166641709673689e-02 
123.000000 1.5166642633558590e-02 
123.200000 1.5166643526217478e-02 
123.400000 1.5166644388602993e-02 
123.600000 1.5166645221643363e-02 
123.800000 1.5166646026242963e-02 
124.000000 1.5166646803282587e-02 
124.200000 1.5166647553619799e-02 
124.400000 1.5166648278089405e-02 
124.600000 1.5166648977503918e-02 
124.800000 1.5166649652653673e-02 
125.000000 1.5166650304307737e-02 
125.200000 1.5166650933213852e-02 
125.400000 1.5166651540099017e-02 
125.600000 1.5166652125670107e-02 
125.800000 1.5166652690613937e-02 
126.000000 1.5166653235598009e-02 
126.200000 1.5166653761270767e-02 
126.400000 1.5166654268261874e-02 
126.600000 1.5166654757183042e-02 
126.800000 1.5166655228628022e-02 
127.000000 1.5166655683173248e-02 
127.200000 1.5166656121378167e-02 
127.400000 1.5166656543785677e-02 
127.600000 1.5166656950922558e-02 
127.800000 1.5166657343299708e-02 
128.000000 1.5166657721412633e-02 
128.200000 1.5166658085741981e-02 
128.400000 1.5166658436753707e-02 
128.600000 1.5166658774899464e-02 
128.800000 1.5166659100616998e-02 
129.000000 1.5166659414330754e-02 
129.200000 1.5166659716451767e-02 
129.400000 1.5166660007378303e-02 
129.600000 1.5166660287496286e-02 
129.800000 1.5166660557179471e-02 
130.000000 1.5166660816789614e-02 
130.200000 1.5166661066677209e-02 
130.400000 1.5166661307181540e-02 
130.600000 1.5166661538630924e-02 
130.800000 1.5166661761343285e-02 
131.000000 1.5166661975626293e-02 
131.200000 1.5166662181777445e-02 
131.400000 1.5166662380084820e-02 
131.600000 1.5166662570826968e-02 
131.800000 1.5166662754273318e-02 
132.000000 1.5166662930684556e-02 
132.200000 1.5166663100312627e-02 
132.400000 1.5166663263401202e-02 
132.600000 1.5166663420185888e-02 
132.800000 1.5166663570894376e-02 
133.000000 1.5166663715746740e-02 
133.200000 1.5166663854955804e-02 
133.400000 1.5166663988726962e-02 
133.600000 1.5166664117258971e-02 
133.800000 1.5166664240743614e-02 
134.000000 1.5166664359366222e-02 
134.200000 1.5166664473305964e-02 
134.400000 1.5166664582735603e-02 
134.600000 1.5166664687822122e-02 
134.800000 1.5166664788726794e-02 
135.000000 1.5166664885605174e-02 
135.200000 1.5166664978607613e-02 
135.400000 1.5166665067879039e-02 
135.600000 1.5166665153559479e-02 
135.800000 1.5166665235783951e-02 
136.000000 1.5166665314682823e-02 
136.200000 1.5166665390381846e-02 
136.400000 1.5166665463002351e-02 
136.600000 1.5166665532661347e-02 
136.800000 1.5166665599471633e-02 
137.000000 1.5166665663542151e-02 
137.200000 1.5166665724977785e-02 
137.400000 1.5166665783879771e-02 
137.600000 1.5166665840345645e-02 
137.800000 1.5166665894469463e-02 
138.000000 1.5166665946341877e-02 
138.200000 1.5166665996050216e-02 
138.400000 1.5166666043678754e-02 
138.600000 1.5166666089308547e-02 
138.800000 1.5166666133017679e-02 
139.000000 1.5166666174881480e-02 
139.200000 1.5166666214972566e-02 
139.400000 1.5166666253360642e-02 
139.600000 1.5166666290112972e-02 
139.800000 1.5166666325294353e-02 
140.000000 1.5166666358967077e-02 
140.200000 1.5166666391191169e-02 
140.400000 1.5166666422024336e-02 
140.600000 1.5166666451522256e-02 
140.800000 1.5166666479738281e-02 
141.000000 1.5166666506724007e-02 
141.200000 1.5166666532528843e-02 
141.400000 1.5166666557200359e-02 
141.600000 1.5166666580784397e-02 
141.800000 1.5166666603325002e-02 
142.000000 1.5166666624864385e-02 
142.200000 1.5166666645443309e-02 
142.400000 1.5166666665100758e-02 
142.600000 1.5166666683874354e-02 
142.800000 1.5166666701800136e-02 
143.000000 1.5166666718912819e-02 
143.200000 1.5166666735245566e-02 
143.400000 1.5166666750830445e-02 
143.600000 1.5166666765698104e-02 
143.800000 1.5166666779877987e-02 
144.000000 1.5166666793398351e-02 
144.200000 1.5166666806286384e-02 
144.400000 1.5166666818567974e-02 
144.600000 1.5166666830267943e-02 
144.800000 1.5166666841410026e-02 
145.000000 1.5166666852016961e-02 
145.200000 1.5166666862110609e-02 
145.400000 1.5166666871711837e-02 
145.600000 1.5166666880840729e-02 
145.800000 1.5166666889516473e-02 
146.000000 1.5166666897757527e-02 
146.200000 1.5166666905581631e-02 
146.400000 1.5166666913005869e-02 
146.600000 1.5166666920046517e-02 
146.800000 1.5166666926719296e-02 
147.000000 1.5166666933038950e-02 
147.200000 1.5166666939017548e-02 
147.400000 1.5166666944666420e-02 
147.600000 1.5166666949997031e-02 
147.800000 1.5166666955021148e-02 
148.000000 1.5166666959750184e-02 
148.200000 1.5166666964195715e-02 
148.400000 1.5166666968369172e-02 
148.600000 1.5166666972281839e-02 
148.800000 1.5166666975944871e-02 
149.000000 1.5166666979369135e-02 
149.200000 1.5166666982565366e-02 
149.400000 1.5166666985544015e-02 
149.600000 1.5166666988315373e-02 
149.800000 1.5166666990889295e-02 
