0.000000 8.7997954337682115e-03 
0.200000 8.7999613171739453e-03 
0.400000 8.8005855560917556e-03 
0.600000 8.8019370890337276e-03 
0.800000 8.8042502832679503e-03 
1.000000 8.8077292859458176e-03 
1.200000 8.8125510355387526e-03 
1.400000 8.8188685783412955e-03 
1.600000 8.8268154085207346e-03 
1.800000 8.8365259286117062e-03 
2.000000 8.8481263002554416e-03 
2.200000 8.8617339466269904e-03 
2.400000 8.8774585722989716e-03 
2.600000 8.8954051022845960e-03 
2.800000 8.9156741652805325e-03 
3.000000 8.9383625903850863e-03 
3.200000 8.9635639617000017e-03 
3.400000 8.9913802501492036e-03 
3.600000 9.0219044007062901e-03 
3.800000 9.0552255648274158e-03 
4.000000 9.0914317962136615e-03 
4.200000 9.1306125370305708e-03 
4.400000 9.1728588565297836e-03 
4.600000 9.2182654285277339e-03 
4.800000 9.2669301729453191e-03 
5.000000 9.3189559171362527e-03 
5.200000 9.3744504766594527e-03 
5.400000 9.4335270480270551e-03 
5.600000 9.4963052644998439e-03 
5.800000 9.5629092119082285e-03 
6.000000 9.6334674105636973e-03 
6.200000 9.7081167249677778e-03 
6.400000 9.7870022523573810e-03 
6.600000 9.8702773107037806e-03 
6.800000 9.9581040180198588e-03 
7.000000 1.0050654089016503e-02 
7.200000 1.0148109307275978e-02 
7.400000 1.0250661854777491e-02 
7.600000 1.0358515271716542e-02 
7.800000 1.0471885137088924e-02 
8.000000 1.0590999801957147e-02 
8.200000 1.0716100993055333e-02 
8.400000 1.0847444691234337e-02 
8.600000 1.0985301948857421e-02 
8.800000 1.1129959709334787e-02 
9.000000 1.1281721709664915e-02 
9.200000 1.1440909717009565e-02 
9.400000 1.1607864359644537e-02 
9.600000 1.1782946427790408e-02 
9.800000 1.1966538151513386e-02 
10.000000 1.2159044522046379e-02 
10.200000 1.2360894715122394e-02 
10.400000 1.2572543638883093e-02 
10.600000 1.2794473549912500e-02 
10.800000 1.3027195777262338e-02 
11.000000 1.3271252549612277e-02 
11.200000 1.3527218910473173e-02 
11.400000 1.3795704751421292e-02 
11.600000 1.4077356961309474e-02 
11.800000 1.4372861682186946e-02 
12.000000 1.4682946696794753e-02 
12.200000 1.5008383932086807e-02 
12.400000 1.5349992086288676e-02 
12.600000 1.5708639379623204e-02 
12.800000 1.6085246424148301e-02 
13.000000 1.6480789207925239e-02 
13.200000 1.6896302195236142e-02 
13.400000 1.7332881524444441e-02 
13.600000 1.7791688298909640e-02 
13.800000 1.8273951957735256e-02 
14.000000 1.8780973704637518e-02 
14.200000 1.9314129975737757e-02 
14.400000 1.9874875920750532e-02 
14.600000 2.0464748862853654e-02 
14.800000 2.1085371699337975e-02 
15.000000 2.1738456198092011e-02 
15.200000 2.2425806134073172e-02 
15.400000 2.3149320203210293e-02 
15.600000 2.3910994640749965e-02 
15.800000 2.4712925457412771e-02 
16.000000 2.5557310198946172e-02 
16.200000 2.6446449119909912e-02 
16.400000 2.7382745647361349e-02 
16.600000 2.8368705998322145e-02 
16.800000 2.9406937799002185e-02 
17.000000 3.0500147538591031e-02 
17.200000 3.1651136677258745e-02 
17.400000 3.2862796212778031e-02 
17.600000 3.4138099499012711e-02 
17.800000 3.5480093098925213e-02 
18.000000 3.6891885446991068e-02 
18.200000 3.8376633093485331e-02 
18.400000 3.9937524304541963e-02 
18.600000 4.1577759799534812e-02 
18.800000 4.3300530423560510e-02 
19.000000 4.5108991577000046e-02 
19.200000 4.7006234258761673e-02 
19.400000 4.8995252626027157e-02 
19.600000 5.1078908032014758e-02 
19.800000 5.3259889574622736e-02 
20.000000 5.5540671274370804e-02 
20.200000 5.7923466098770873e-02 
20.400000 6.0410177161351074e-02 
20.600000 6.3002346546263341e-02 
20.800000 6.5701102340496961e-02 
21.000000 6.8507104592461648e-02 
21.200000 7.1420491054075275e-02 
21.400000 7.4440823697973363e-02 
21.600000 7.7567037126409860e-02 
21.800000 8.0797390097337288e-02 
22.000000 8.4129421478516916e-02 
22.200000 8.7559911995160389e-02 
22.400000 9.1084853153317963e-02 
22.600000 9.4699424693095557e-02 
22.800000 9.8397981847582611e-02 
23.000000 1.0217405355099862e-01 
23.200000 1.0602035255153477e-01 
23.400000 1.0992879814203380e-01 
23.600000 1.1389055192922599e-01 
23.800000 1.1789606672773423e-01 
24.000000 1.2193514829966676e-01 
24.200000 1.2599702927860496e-01 
24.400000 1.3007045423481323e-01 
24.600000 1.3414377447470777e-01 
24.800000 1.3820505084032175e-01 
25.000000 1.4224216250098137e-01 
25.200000 1.4624291952456889e-01 
25.400000 1.5019517689080339e-01 
25.600000 1.5408694757069963e-01 
25.800000 1.5790651234643452e-01 
26.000000 1.6164252418069150e-01 
26.200000 1.6528410515582009e-01 
26.400000 1.6882093427834000e-01 
26.600000 1.7224332476787693e-01 
26.800000 1.7554228980426154e-01 
27.000000 1.7870959607433035e-01 
27.200000 1.8173780482398150e-01 
27.400000 1.8462030046579689e-01 
27.600000 1.8735130710540060e-01 
27.800000 1.8992589362097215e-01 
28.000000 1.9233996815342197e-01 
28.200000 1.9459026303657243e-01 
28.400000 1.9667431131667062e-01 
28.600000 1.9859041608101807e-01 
28.800000 2.0033761384035728e-01 
29.000000 2.0191563319448266e-01 
29.200000 2.0332484996173955e-01 
29.400000 2.0456623987748307e-01 
29.600000 2.0564132987102110e-01 
29.800000 2.0655214882160405e-01 
30.000000 2.0730117857757324e-01 
30.200000 2.0789130590406646e-01 
30.400000 2.0832577590794432e-01 
30.600000 2.0860814737737682e-01 
30.800000 2.0874225037022553e-01 
31.000000 2.0873214629178077e-01 
31.200000 2.0858209061945068e-01 
31.400000 2.0829649836010652e-01 
31.600000 2.0787991226470864e-01 
31.800000 2.0733697377422822e-01 
32.000000 2.0667239662985734e-01 
32.200000 2.0589094304827418e-01 
32.400000 2.0499740233832128e-01 
32.600000 2.0399657181785033e-01 
32.800000 2.0289323987784008e-01 
33.000000 2.0169217103424927e-01 
33.200000 2.0039809280568899e-01 
33.400000 1.9901568425605495e-01 
33.600000 1.9754956604524379e-01 
33.800000 1.9600429183722171e-01 
34.000000 1.9438434092260085e-01 
34.200000 1.9269411192202257e-01 
34.400000 1.9093791744660293e-01 
34.600000 1.8911997960212426e-01 
34.800000 1.8724442623428308e-01 
35.000000 1.8531528782279974e-01 
35.200000 1.8333649494245657e-01 
35.400000 1.8131187621888056e-01 
35.600000 1.7924515671606853e-01 
35.800000 1.7713995670118718e-01 
36.000000 1.7499979073989641e-01 
36.200000 1.7282806708247897e-01 
36.400000 1.7062808730724818e-01 
36.600000 1.6840304619312571e-01 
36.800000 1.6615603179799415e-01 
37.000000 1.6389002572337624e-01 
37.200000 1.6160790354934443e-01 
37.400000 1.5931243542626417e-01 
37.600000 1.5700628681218631e-01 
37.800000 1.5469201934639226e-01 
38.000000 1.5237209185094142e-01 
38.200000 1.5004886145300531e-01 
38.400000 1.4772458482145406e-01 
38.600000 1.4540141951161020e-01 
38.800000 1.4308142541234736e-01 
39.000000 1.4076656628978745e-01 
39.200000 1.3845871142191848e-01 
39.400000 1.3615963731833713e-01 
39.600000 1.3387102951926041e-01 
39.800000 1.3159448446778674e-01 
40.000000 1.2933151144930621e-01 
40.200000 1.2708353459180338e-01 
40.400000 1.2485189492072941e-01 
40.600000 1.2263785246206198e-01 
40.800000 1.2044258838714661e-01 
41.000000 1.1826720719292505e-01 
41.200000 1.1611273891122319e-01 
41.400000 1.1398014134086394e-01 
41.600000 1.1187030229649983e-01 
41.800000 1.0978404186823314e-01 
42.000000 1.0772211468628573e-01 
42.200000 1.0568521218520596e-01 
42.400000 1.0367396486235121e-01 
42.600000 1.0168894452564438e-01 
42.800000 9.9730666525900777e-02 
43.000000 9.7799591969287961e-02 
43.200000 9.5896129905819014e-02 
43.400000 9.4020639490047589e-02 
43.600000 9.2173432110479278e-02 
43.800000 9.0354773484484049e-02 
44.000000 8.8564885715830002e-02 
44.200000 8.6803949312230108e-02 
44.400000 8.5072105160610811e-02 
44.600000 8.3369456458063346e-02 
44.800000 8.1696070596738293e-02 
45.000000 8.0051981001187003e-02 
45.200000 7.8437188916907999e-02 
45.400000 7.6851665149092349e-02 
45.600000 7.5295351750785139e-02 
45.800000 7.3768163659890043e-02 
46.000000 7.2269990284640359e-02 
46.200000 7.0800697037342736e-02 
46.400000 6.9360126816369772e-02 
46.600000 6.7948101436538066e-02 
46.800000 6.6564423008143539e-02 
47.000000 6.5208875265068453e-02 
47.200000 6.3881224842482362e-02 
47.400000 6.2581222504780529e-02 
47.600000 6.1308604324484789e-02 
47.800000 6.0063092812926856e-02 
48.000000 5.8844398003611922e-02 
48.200000 5.7652218489218157e-02 
48.400000 5.6486242413247616e-02 
48.600000 5.5346148417396969e-02 
48.800000 5.4231606545751550e-02 
49.000000 5.3142279106939590e-02 
49.200000 5.2077821495412083e-02 
49.400000 5.1037882973029441e-02 
49.600000 5.0022107412154279e-02 
49.800000 4.9030134001454277e-02 
50.000000 4.8061597915620938e-02 
50.200000 4.7116130950215142e-02 
50.400000 4.6193362122837298e-02 
50.600000 4.5292918241817998e-02 
50.800000 4.4414424443604980e-02 
51.000000 4.3557504700017492e-02 
51.200000 4.2721782296508651e-02 
51.400000 4.1906880282569538e-02 
51.600000 4.1112421895376478e-02 
51.800000 4.0338030957766828e-02 
52.000000 3.9583332251599157e-02 
52.200000 3.8847951867530074e-02 
52.400000 3.8131517532212285e-02 
52.600000 3.7433658913892241e-02 
52.800000 3.6754007907356764e-02 
53.000000 3.6092198899146256e-02 
53.200000 3.5447869013933660e-02 
53.400000 3.4820658342925755e-02 
53.600000 3.4210210155126979e-02 
53.800000 3.3616171092268263e-02 
54.000000 3.3038191348185482e-02 
54.200000 3.2475924833390471e-02 
54.400000 3.1929029325563969e-02 
54.600000 3.1397166606662336e-02 
54.800000 3.0880002587312307e-02 
55.000000 3.0377207419131934e-02 
55.200000 2.9888455595600962e-02 
55.400000 2.9413426042071054e-02 
55.600000 2.8951802195488287e-02 
55.800000 2.8503272074371418e-02 
56.000000 2.8067528339572410e-02 
56.200000 2.7644268346317530e-02 
56.400000 2.7233194188013055e-02 
56.600000 2.6834012732272098e-02 
56.800000 2.6446435649603618e-02 
57.000000 2.6070179435185224e-02 
57.200000 2.5704965424118920e-02 
57.400000 2.5350519800557022e-02 
57.600000 2.5006573601062395e-02 
57.800000 2.4672862712555147e-02 
58.000000 2.4349127865179253e-02 
58.200000 2.4035114620407146e-02 
58.400000 2.3730573354688936e-02 
58.600000 2.3435259238933442e-02 
58.800000 2.3148932214098663e-02 
59.000000 2.2871356963156196e-02 
59.200000 2.2602302879677637e-02 
59.400000 2.2341544033285209e-02 
59.600000 2.2088859132190490e-02 
59.800000 2.1844031483040368e-02 
60.000000 2.1606848948274561e-02 
60.200000 2.1377103901190117e-02 
60.400000 2.1154593178899801e-02 
60.600000 2.0939118033360078e-02 
60.800000 2.0730484080637785e-02 
61.000000 2.0528501248573024e-02 
61.200000 2.0332983722990538e-02 
61.400000 2.0143749892604024e-02 
61.600000 1.9960622292746553e-02 
61.800000 1.9783427548059219e-02 
62.000000 1.9611996314257696e-02 
62.200000 1.9446163219093947e-02 
62.400000 1.9285766802621545e-02 
62.600000 1.9130649456868567e-02 
62.800000 1.8980657365016099e-02 
63.000000 1.8835640440174387e-02 
63.200000 1.8695452263843806e-02 
63.400000 1.8559950024144300e-02 
63.600000 1.8428994453889399e-02 
63.800000 1.8302449768578425e-02 
64.000000 1.8180183604376447e-02 
64.200000 1.8062066956146740e-02 
64.400000 1.7947974115594904e-02 
64.600000 1.7837782609584362e-02 
64.800000 1.7731373138675222e-02 
65.000000 1.7628629515937057e-02 
65.200000 1.7529438606082411e-02 
65.400000 1.7433690264965711e-02 
65.600000 1.7341277279487737e-02 
65.800000 1.7252095307943149e-02 
66.000000 1.7166042820849121e-02 
66.200000 1.7083021042284645e-02 
66.400000 1.7002933891773497e-02 
66.600000 1.6925687926737983e-02 
66.800000 1.6851192285549203e-02 
67.000000 1.6779358631199101e-02 
67.200000 1.6710101095614178e-02 
67.400000 1.6643336224631343e-02 
67.600000 1.6578982923657230e-02 
67.800000 1.6516962404021170e-02 
68.000000 1.6457198130042965e-02 
68.200000 1.6399615766824537e-02 
68.400000 1.6344143128779465e-02 
68.600000 1.6290710128908963e-02 
68.800000 1.6239248728835542e-02 
69.000000 1.6189692889600042e-02 
69.200000 1.6141978523229978e-02 
69.400000 1.6096043445083717e-02 
69.600000 1.6051827326976235e-02 
69.800000 1.6009271651087526e-02 
70.000000 1.5968319664658642e-02 
70.200000 1.5928916335474688e-02 
70.400000 1.5891008308136934e-02 
70.600000 1.5854543861122665e-02 
70.800000 1.5819472864632405e-02 
71.000000 1.5785746739223273e-02 
71.200000 1.5753318415224392e-02 
71.400000 1.5722142292933717e-02 
71.600000 1.5692174203589950e-02 
71.800000 1.5663371371118243e-02 
72.000000 1.5635692374642841e-02 
72.200000 1.5609097111761306e-02 
72.400000 1.5583546762576865e-02 
72.600000 1.5559003754480242e-02 
72.800000 1.5535431727675698e-02 
73.000000 1.5512795501444554e-02 
73.200000 1.5491061041137996e-02 
73.400000 1.5470195425892326e-02 
73.600000 1.5450166817058896e-02 
73.800000 1.5430944427339719e-02 
74.000000 1.5412498490621160e-02 
74.200000 1.5394800232496779e-02 
74.400000 1.5377821841470589e-02 
74.600000 1.5361536440831177e-02 
74.800000 1.5345918061188362e-02 
75.000000 1.5330941613662412e-02 
75.200000 1.5316582863716085e-02 
75.400000 1.5302818405620955e-02 
75.600000 1.5289625637546938e-02 
75.800000 1.5276982737266355e-02 
76.000000 1.5264868638461757e-02 
76.200000 1.5253263007628222e-02 
76.400000 1.5242146221560235e-02 
76.600000 1.5231499345411610e-02 
76.800000 1.5221304111320800e-02 
77.000000 1.5211542897589964e-02 
77.200000 1.5202198708407366e-02 
77.400000 1.5193255154104501e-02 
77.600000 1.5184696431936855e-02 
77.800000 1.5176507307378420e-02 
78.000000 1.5168673095920439e-02 
78.200000 1.5161179645363308e-02 
78.400000 1.5154013318593696e-02 
78.600000 1.5147160976834944e-02 
78.800000 1.5140609963362132e-02 
79.000000 1.5134348087672131e-02 
79.200000 1.5128363610098384e-02 
79.400000 1.5122645226861549e-02 
79.600000 1.5117182055545719e-02 
79.800000 1.5111963620992363e-02 
80.000000 1.5106979841600233e-02 
80.200000 1.5102221016024778e-02 
80.400000 1.5097677810266132e-02 
80.600000 1.5093341245137365e-02 
80.800000 1.5089202684103947e-02 
81.000000 1.5085253821486322e-02 
81.200000 1.5081486671015698e-02 
81.400000 1.5077893554735934e-02 
81.600000 1.5074467092241740e-02 
81.800000 1.5071200190246678e-02 
82.000000 1.5068086032470647e-02 
82.200000 1.5065118069840889e-02 
82.400000 1.5062290010997128e-02 
82.600000 1.5059595813093898e-02 
82.800000 1.5057029672892158e-02 
83.000000 1.5054586018132627e-02 
83.200000 1.5052259499183530e-02 
83.400000 1.5050044980955675e-02 
83.600000 1.5047937535077363e-02 
83.800000 1.5045932432322539e-02 
84.000000 1.5044025135284900e-02 
84.200000 1.5042211291291947e-02 
84.400000 1.5040486725551539e-02 
84.600000 1.5038847434525047e-02 
84.800000 1.5037289579520476e-02 
85.000000 1.5035809480499826e-02 
85.200000 1.5034403610093991e-02 
85.400000 1.5033068587819731e-02 
85.600000 1.5031801174492635e-02 
85.800000 1.5030598266830394e-02 
86.000000 1.5029456892241243e-02 
86.200000 1.5028374203791578e-02 
86.400000 1.5027347475347411e-02 
86.600000 1.5026374096885170e-02 
86.800000 1.5025451569966099e-02 
87.000000 1.5024577503369423e-02 
87.200000 1.5023749608879694e-02 
87.400000 1.5022965697223436e-02 
87.600000 1.5022223674150190e-02 
87.800000 1.5021521536654221e-02 
88.000000 1.5020857369331855e-02 
88.200000 1.5020229340870087e-02 
88.400000 1.5019635700663066e-02 
88.600000 1.5019074775551528e-02 
88.800000 1.5018544966681927e-02 
89.000000 1.5018044746480788e-02 
89.200000 1.5017572655741045e-02 
89.400000 1.5017127300816495e-02 
89.600000 1.5016707350921022e-02 
89.800000 1.5016311535528588e-02 
90.000000 1.5015938641871231e-02 
90.200000 1.5015587512531813e-02 
90.400000 1.5015257043127627e-02 
90.600000 1.5014946180082931e-02 
90.800000 1.5014653918486011e-02 
91.000000 1.5014379300029447e-02 
91.200000 1.5014121411028971e-02 
91.400000 1.5013879380520154e-02 
91.600000 1.5013652378428411e-02 
91.800000 1.5013439613811064e-02 
92.000000 1.5013240333168107e-02 
92.200000 1.5013053818819953e-02 
92.400000 1.5012879387349033e-02 
92.600000 1.5012716388103796e-02 
92.800000 1.5012564201762186e-02 
93.000000 1.5012422238952562e-02 
93.200000 1.5012289938930608e-02 
93.400000 1.5012166768309536e-02 
93.600000 1.5012052219841837e-02 
93.800000 1.5011945811250368e-02 
94.000000 1.5011847084107997e-02 
94.200000 1.5011755602762763e-02 
94.400000 1.5011670953307375e-02 
94.600000 1.5011592742591950e-02 
94.800000 1.5011520597276992e-02 
95.000000 1.5011454162926863e-02 
95.200000 1.5011393103140333e-02 
95.400000 1.5011337098718588e-02 
95.600000 1.5011285846867822e-02 
95.800000 1.5011239060435963e-02 
96.000000 1.5011196467181879e-02 
96.200000 1.5011157809075734e-02 
96.400000 1.5011122841629650e-02 
96.600000 1.5011091333256947e-02 
96.800000 1.5011063064659231e-02 
97.000000 1.5011037828240420e-02 
97.200000 1.5011015427545805e-02 
97.400000 1.5010995676726169e-02 
97.600000 1.5010978400025099e-02 
97.800000 1.5010963431289345e-02 
98.000000 1.5010950613500622e-02 
98.200000 1.5010939798328198e-02 
98.400000 1.5010930845701879e-02 
98.600000 1.5010923623403701e-02 
98.800000 1.5010918006678036e-02 
99.000000 1.5010913877859919e-02 
99.200000 1.5010911126019643e-02 
99.400000 1.5010909646623714e-02 
99.600000 1.5010909341211413e-02 
99.800000 1.5010910117086393e-02 
100.000000 1.5010911887022145e-02 
100.200000 1.5010914568981267e-02 
100.400000 1.5010918085847938e-02 
100.600000 1.5010922365172869e-02 
100.800000 1.5010927338929942e-02 
101.000000 1.5010932943284587e-02 
101.200000 1.5010939118373243e-02 
101.400000 1.5010945808092688e-02 
101.600000 1.5010952959900410e-02 
101.800000 1.5010960524623453e-02 
102.000000 1.5010968456277267e-02 
102.200000 1.5010976711892990e-02 
102.400000 1.5010985251353130e-02 
102.600000 1.5010994037235178e-02 
102.800000 1.5011003034663344e-02 
103.000000 1.5011012211166762e-02 
103.200000 1.5011021536545535e-02 
103.400000 1.5011030982742765e-02 
103.600000 1.5011040523723507e-02 
103.800000 1.5011050135359512e-02 
104.000000 1.5011059795319574e-02 
104.200000 1.5011069482965786e-02 
104.400000 1.5011079179255017e-02 
104.600000 1.5011088866645166e-02 
104.800000 1.5011098529006476e-02 
105.000000 1.5011108151537110e-02 
105.200000 1.5011117720683729e-02 
105.400000 1.5011127224065340e-02 
105.600000 1.5011136650401876e-02 
105.800000 1.5011145989446008e-02 
106.000000 1.5011155231918991e-02 
106.200000 1.5011164369449641e-02 
106.400000 1.5011173394516616e-02 
106.600000 1.5011182300393822e-02 
106.800000 1.5011191081098772e-02 
107.000000 1.5011199731343914e-02 
107.200000 1.5011208246490240e-02 
107.400000 1.5011216622503890e-02 
107.600000 1.5011224855914744e-02 
107.800000 1.5011232943777654e-02 
108.000000 1.5011240883635684e-02 
108.200000 1.5011248673485399e-02 
108.400000 1.5011256311744318e-02 
108.600000 1.5011263797219832e-02 
108.800000 1.5011271129080539e-02 
109.000000 1.5011278306828493e-02 
109.200000 1.5011285330273726e-02 
109.400000 1.5011292199509889e-02 
109.600000 1.5011298914891436e-02 
109.800000 1.5011305477012162e-02 
110.000000 1.5011311886685190e-02 
110.200000 1.5011318144923885e-02 
110.400000 1.5011324252924212e-02 
110.600000 1.5011330212047933e-02 
110.800000 1.5011336023807062e-02 
111.000000 1.5011341689849323e-02 
111.200000 1.5011347211944307e-02 
111.400000 1.5011352591970664e-02 
111.600000 1.5011357831904068e-02 
111.800000 1.5011362933806248e-02 
112.000000 1.5011367899814339e-02 
112.200000 1.5011372732130922e-02 
112.400000 1.5011377433015506e-02 
112.600000 1.5011382004775507e-02 
112.800000 1.5011386449758723e-02 
113.000000 1.5011390770345868e-02 
113.200000 1.5011394968943851e-02 
113.400000 1.5011399047979504e-02 
113.600000 1.5011403009893599e-02 
113.800000 1.5011406857135813e-02 
114.000000 1.5011410592159420e-02 
114.200000 1.5011414217416901e-02 
114.400000 1.5011417735355746e-02 
114.600000 1.5011421148414524e-02 
114.800000 1.5011424459019400e-02 
115.000000 1.5011427669580812e-02 
115.200000 1.5011430782490686e-02 
115.400000 1.5011433800119734e-02 
115.600000 1.5011436724814781e-02 
115.800000 1.5011439558896996e-02 
116.000000 1.5011442304659560e-02 
116.200000 1.5011444964366041e-02 
116.400000 1.5011447540248964e-02 
116.600000 1.5011450034508109e-02 
116.800000 1.5011452449309560e-02 
117.000000 1.5011454786784548e-02 
117.200000 1.5011457049028525e-02 
117.400000 1.5011459238100364e-02 
117.600000 1.5011461356021754e-02 
117.800000 1.5011463404776652e-02 
118.000000 1.5011465386310811e-02 
118.200000 1.5011467302531502e-02 
118.400000 1.5011469155307142e-02 
118.600000 1.5011470946467440e-02 
118.800000 1.5011472677803108e-02 
119.000000 1.5011474351065689e-02 
119.200000 1.5011475967968159e-02 
119.400000 1.5011477530184475e-02 
119.600000 1.5011479039350153e-02 
119.800000 1.5011480497062473e-02 
120.000000 1.5011481904880483e-02 
120.200000 1.5011483264325744e-02 
120.400000 1.5011484576882304e-02 
120.600000 1.5011485843997419e-02 
120.800000 1.5011487067081773e-02 
121.000000 1.5011488247510134e-02 
121.200000 1.5011489386621725e-02 
121.400000 1.5011490485720660e-02 
121.600000 1.5011491546076680e-02 
121.800000 1.5011492568925552e-02 
122.000000 1.5011493555469725e-02 
122.200000 1.5011494506878819e-02 
122.400000 1.5011495424290280e-02 
122.600000 1.5011496308809958e-02 
122.800000 1.5011497161512746e-02 
123.000000 1.5011497983443161e-02 
123.200000 1.5011498775615867e-02 
123.400000 1.5011499539016409e-02 
123.600000 1.5011500274601932e-02 
123.800000 1.5011500983301512e-02 
124.000000 1.5011501666016959e-02 
124.200000 1.5011502323623513e-02 
124.400000 1.5011502956970100e-02 
124.600000 1.5011503566880512e-02 
124.800000 1.5011504154153433e-02 
125.000000 1.5011504719563367e-02 
125.200000 1.5011505263861150e-02 
125.400000 1.5011505787774564e-02 
125.600000 1.5011506292008845e-02 
125.800000 1.5011506777247358e-02 
126.000000 1.5011507244152053e-02 
126.200000 1.5011507693364056e-02 
126.400000 1.5011508125504341e-02 
126.600000 1.5011508541174003e-02 
126.800000 1.5011508940955114e-02 
127.000000 1.5011509325410953e-02 
127.200000 1.5011509695086666e-02 
127.400000 1.5011510050509739e-02 
127.600000 1.5011510392190583e-02 
127.800000 1.5011510720622843e-02 
128.000000 1.5011511036283993e-02 
128.200000 1.5011511339635710e-02 
128.400000 1.5011511631124434e-02 
128.600000 1.5011511911181762e-02 
128.800000 1.5011512180224850e-02 
129.000000 1.5011512438656924e-02 
129.200000 1.5011512686867547e-02 
129.400000 1.5011512925233226e-02 
129.600000 1.5011513154117560e-02 
129.800000 1.5011513373871957e-02 
130.000000 1.5011513584835682e-02 
130.200000 1.5011513787336332e-02 
130.400000 1.5011513981690336e-02 
130.600000 1.5011514168203087e-02 
130.800000 1.5011514347169488e-02 
131.000000 1.5011514518874124e-02 
131.200000 1.5011514683591604e-02 
131.400000 1.5011514841587003e-02 
131.600000 1.5011514993116006e-02 
131.800000 1.5011515138425318e-02 
132.000000 1.5011515277752885e-02 
132.200000 1.5011515411328247e-02 
132.400000 1.5011515539372793e-02 
132.600000 1.5011515662099821e-02 
132.800000 1.5011515779715254e-02 
133.000000 1.5011515892417341e-02 
133.200000 1.5011516000397400e-02 
133.400000 1.5011516103839748e-02 
133.600000 1.5011516202921923e-02 
133.800000 1.5011516297815148e-02 
134.000000 1.5011516388684257e-02 
134.200000 1.5011516475688127e-02 
134.400000 1.5011516558979828e-02 
134.600000 1.5011516638706760e-02 
134.800000 1.5011516715010810e-02 
135.000000 1.5011516788028648e-02 
135.200000 1.5011516857891920e-02 
135.400000 1.5011516924727335e-02 
135.600000 1.5011516988656772e-02 
135.800000 1.5011517049797692e-02 
136.000000 1.5011517108263055e-02 
136.200000 1.5011517164161488e-02 
136.400000 1.5011517217597701e-02 
136.600000 1.5011517268672265e-02 
136.800000 1.5011517317482001e-02 
137.000000 1.5011517364120045e-02 
137.200000 1.5011517408675868e-02 
137.400000 1.5011517451235671e-02 
137.600000 1.5011517491882150e-02 
137.800000 1.5011517530695061e-02 
138.000000 1.5011517567750749e-02 
138.200000 1.5011517603122826e-02 
138.400000 1.5011517636882020e-02 
138.600000 1.5011517669096268e-02 
138.800000 1.5011517699830721e-02 
139.000000 1.5011517729148171e-02 
139.200000 1.5011517757108826e-02 
139.400000 1.5011517783770589e-02 
139.600000 1.5011517809188876e-02 
139.800000 1.5011517833417155e-02 
140.000000 1.5011517856506583e-02 
140.200000 1.5011517878506285e-02 
140.400000 1.5011517899463476e-02 
140.600000 1.5011517919423458e-02 
140.800000 1.5011517938429659e-02 
141.000000 1.5011517956523826e-02 
141.200000 1.5011517973745898e-02 
141.400000 1.5011517990134178e-02 
141.600000 1.5011518005725573e-02 
141.800000 1.5011518020555269e-02 
142.000000 1.5011518034657013e-02 
142.200000 1.5011518048063284e-02 
142.400000 1.5011518060805095e-02 
142.600000 1.5011518072912117e-02 
142.800000 1.5011518084412931e-02 
143.000000 1.5011518095334745e-02 
143.200000 1.5011518105703728e-02 
143.400000 1.5011518115544882e-02 
143.600000 1.5011518124882108e-02 
143.800000 1.5011518133738360e-02 
144.000000 1.5011518142135638e-02 
144.200000 1.5011518150094782e-02 
144.400000 1.5011518157635857e-02 
144.600000 1.5011518164777781e-02 
144.800000 1.5011518171538783e-02 
145.000000 1.5011518177936379e-02 
145.200000 1.5011518183987011e-02 
145.400000 1.5011518189706684e-02 
145.600000 1.5011518195110391e-02 
145.800000 1.5011518200212905e-02 
146.000000 1.5011518205027909e-02 
146.200000 1.5011518209568737e-02 
146.400000 1.5011518213848128e-02 
146.600000 1.5011518217878252e-02 
146.800000 1.5011518221670813e-02 
147.000000 1.5011518225236024e-02 
147.200000 1.5011518228582087e-02 
147.400000 1.5011518231717778e-02 
147.600000 1.5011518234651744e-02 
147.800000 1.5011518237392621e-02 
148.000000 1.5011518239949109e-02 
148.200000 1.5011518242329592e-02 
148.400000 1.5011518244542540e-02 
148.600000 1.5011518246596104e-02 
148.800000 1.5011518248498359e-02 
149.000000 1.5011518250257065e-02 
149.200000 1.5011518251879826e-02 
149.400000 1.5011518253373980e-02 
149.600000 1.5011518254746597e-02 
149.800000 1.5011518256004571e-02 
