0.000000 9.1677290175613893e-03 
0.200000 9.1678551268739149e-03 
0.400000 9.1683767200867513e-03 
0.600000 9.1695711379960430e-03 
0.800000 9.1716785295026578e-03 
1.000000 9.1749099358930681e-03 
1.200000 9.1794503313396055e-03 
1.400000 9.1854613088204820e-03 
1.600000 9.1930834536098800e-03 
1.800000 9.2024539087029057e-03 
2.000000 9.2137042873040205e-03 
2.200000 9.2269574230239414e-03 
2.400000 9.2423292670868722e-03 
2.600000 9.2599301742081388e-03 
2.800000 9.2798660515070481e-03 
3.000000 9.3022393933452300e-03 
3.200000 9.3271499307333618e-03 
3.400000 9.3547032953157083e-03 
3.600000 9.3850006704049461e-03 
3.800000 9.4181366777639514e-03 
4.000000 9.4542054571182133e-03 
4.200000 9.4933016932186257e-03 
4.400000 9.5355218796234469e-03 
4.600000 9.5809654308631753e-03 
4.800000 9.6297355184917829e-03 
5.000000 9.6819398082056297e-03 
5.200000 9.7376909035300357e-03 
5.400000 9.7971068895097140e-03 
5.600000 9.8603118342531423e-03 
5.800000 9.9274361751463744e-03 
6.000000 9.9986170942206031e-03 
6.200000 1.0073998972903930e-02 
6.400000 1.0153733651933490e-02 
6.600000 1.0237980835942958e-02 
6.800000 1.0326908361064761e-02 
7.000000 1.0420693258890066e-02 
7.200000 1.0519522262811894e-02 
7.400000 1.0623592539302430e-02 
7.600000 1.0733112388141191e-02 
7.800000 1.0848301965035018e-02 
8.000000 1.0969394043321857e-02 
8.200000 1.1096634769499297e-02 
8.400000 1.1230284481477231e-02 
8.600000 1.1370618577761031e-02 
8.800000 1.1517928421586828e-02 
9.000000 1.1672522307180471e-02 
9.200000 1.1834726494632885e-02 
9.400000 1.2004886342232245e-02 
9.600000 1.2183367501092149e-02 
9.800000 1.2370557118831468e-02 
10.000000 1.2566865242606782e-02 
10.200000 1.2772726220906212e-02 
10.400000 1.2988600234734913e-02 
10.600000 1.3214974919443888e-02 
10.800000 1.3452367079633126e-02 
11.000000 1.3701324503164587e-02 
11.200000 1.3962427869171276e-02 
11.400000 1.4236292764258118e-02 
11.600000 1.4523571807809917e-02 
11.800000 1.4824956885750390e-02 
12.000000 1.5141181498518156e-02 
12.200000 1.5473023224306813e-02 
12.400000 1.5821306299631466e-02 
12.600000 1.6186904312132992e-02 
12.800000 1.6570742995621085e-02 
13.000000 1.6973803152909507e-02 
13.200000 1.7397123665931508e-02 
13.400000 1.7841804602813753e-02 
13.600000 1.8309010405215875e-02 
13.800000 1.8799973140610604e-02 
14.000000 1.9315995801498533e-02 
14.200000 1.9858455627197579e-02 
14.400000 2.0428807421762233e-02 
14.600000 2.1028586834071373e-02 
14.800000 2.1659413559522913e-02 
15.000000 2.2322994416681605e-02 
15.200000 2.3021126243866607e-02 
15.400000 2.3755698550987050e-02 
15.600000 2.4528695851632577e-02 
15.800000 2.5342199592843045e-02 
16.000000 2.6198389585640990e-02 
16.200000 2.7099544825091484e-02 
16.400000 2.8048043580077568e-02 
16.600000 2.9046362616546167e-02 
16.800000 3.0097075404599050e-02 
17.000000 3.1202849146085770e-02 
17.200000 3.2366440446219655e-02 
17.400000 3.3590689440075747e-02 
17.600000 3.4878512173858581e-02 
17.800000 3.6232891032458213e-02 
18.000000 3.7656862999182555e-02 
18.200000 3.9153505532220856e-02 
18.400000 4.0725919845902805e-02 
18.600000 4.2377211394643031e-02 
18.800000 4.4110467376124972e-02 
19.000000 4.5928731094583383e-02 
19.200000 4.7834973062861295e-02 
19.400000 4.9832058768268163e-02 
19.600000 5.1922713086701565e-02 
19.800000 5.4109481401000449e-02 
20.000000 5.6394687563900876e-02 
20.200000 5.8780388942755238e-02 
20.400000 6.1268328891417374e-02 
20.600000 6.3859887112822020e-02 
20.800000 6.6556028501419701e-02 
21.000000 6.9357251184432298e-02 
21.200000 7.2263534610816943e-02 
21.400000 7.5274288661830321e-02 
21.600000 7.8388304871522499e-02 
21.800000 8.1603710943147695e-02 
22.000000 8.4917929820989543e-02 
22.200000 8.8327644620424098e-02 
22.400000 9.1828770724806566e-02 
22.600000 9.5416436320240938e-02 
22.800000 9.9084972553669257e-02 
23.000000 1.0282791436274236e-01 
23.200000 1.0663801283681687e-01 
23.400000 1.1050725972890409e-01 
23.600000 1.1442692445324769e-01 
23.800000 1.1838760358054357e-01 
24.000000 1.2237928249359066e-01 
24.200000 1.2639140850425074e-01 
24.400000 1.3041297437383925e-01 
24.600000 1.3443261084047464e-01 
24.800000 1.3843868645551893e-01 
25.000000 1.4241941278278811e-01 
25.200000 1.4636295283222570e-01 
25.400000 1.5025753049399326e-01 
25.600000 1.5409153871520048e-01 
25.800000 1.5785364422052051e-01 
26.000000 1.6153288671594260e-01 
26.200000 1.6511877072349648e-01 
26.400000 1.6860134846193511e-01 
26.600000 1.7197129249934662e-01 
26.800000 1.7521995724222206e-01 
27.000000 1.7833942867495736e-01 
27.200000 1.8132256210830036e-01 
27.400000 1.8416300802069452e-01 
27.600000 1.8685522637105584e-01 
27.800000 1.8939449001639644e-01 
28.000000 1.9177687807692292e-01 
28.200000 1.9399926025184250e-01 
28.400000 1.9605927320083802e-01 
28.600000 1.9795529017097205e-01 
28.800000 1.9968638507044062e-01 
29.000000 2.0125229217431698e-01 
29.200000 2.0265336259903038e-01 
29.400000 2.0389051860835200e-01 
29.600000 2.0496520672029175e-01 
29.800000 2.0587935047795727e-01 
30.000000 2.0663530363337571e-01 
30.200000 2.0723580437681846e-01 
30.400000 2.0768393112924000e-01 
30.600000 2.0798306030554020e-01 
30.800000 2.0813682635411876e-01 
31.000000 2.0814908428525786e-01 
31.200000 2.0802387481862042e-01 
31.400000 2.0776539220891360e-01 
31.600000 2.0737795474872422e-01 
31.800000 2.0686597789830524e-01 
32.000000 2.0623394995299529e-01 
32.200000 2.0548641012922694e-01 
32.400000 2.0462792892863199e-01 
32.600000 2.0366309062568252e-01 
32.800000 2.0259647771643108e-01 
33.000000 2.0143265716327322e-01 
33.200000 2.0017616827227258e-01 
33.400000 1.9883151204454841e-01 
33.600000 1.9740314185070346e-01 
33.800000 1.9589545528658542e-01 
34.000000 1.9431278707917568e-01 
34.200000 1.9265940292257858e-01 
34.400000 1.9093949413549902e-01 
34.600000 1.8915717304290769e-01 
34.800000 1.8731646899555462e-01 
35.000000 1.8542132495136640e-01 
35.200000 1.8347559455242776e-01 
35.400000 1.8148303964014614e-01 
35.600000 1.7944732815924677e-01 
35.800000 1.7737203240841631e-01 
36.000000 1.7526062760179581e-01 
36.200000 1.7311649071102958e-01 
36.400000 1.7094289956238093e-01 
36.600000 1.6874303216746397e-01 
36.800000 1.6651996626955237e-01 
37.000000 1.6427667909026017e-01 
37.200000 1.6201604726365798e-01 
37.400000 1.5974084694674187e-01 
37.600000 1.5745375409659951e-01 
37.800000 1.5515734490570485e-01 
38.000000 1.5285409638759520e-01 
38.200000 1.5054638710573931e-01 
38.400000 1.4823649803879280e-01 
38.600000 1.4592661357566070e-01 
38.800000 1.4361882263390180e-01 
39.000000 1.4131511989502671e-01 
39.200000 1.3901740715021413e-01 
39.400000 1.3672749474988821e-01 
39.600000 1.3444710315051286e-01 
39.800000 1.3217786455186481e-01 
40.000000 1.2992132461793951e-01 
40.200000 1.2767894427459250e-01 
40.400000 1.2545210157696174e-01 
40.600000 1.2324209363967953e-01 
40.800000 1.2105013862292675e-01 
41.000000 1.1887737776737979e-01 
41.200000 1.1672487747123304e-01 
41.400000 1.1459363140253227e-01 
41.600000 1.1248456264024431e-01 
41.800000 1.1039852583762869e-01 
42.000000 1.0833630940169056e-01 
42.200000 1.0629863768270861e-01 
42.400000 1.0428617316808585e-01 
42.600000 1.0229951867501867e-01 
42.800000 1.0033921953677367e-01 
43.000000 9.8405765777639584e-02 
43.200000 9.6499594271921799e-02 
43.400000 9.4621090882662018e-02 
43.600000 9.2770592576059588e-02 
43.800000 9.0948389507897992e-02 
44.000000 8.9154727078569945e-02 
44.200000 8.7389807953617657e-02 
44.400000 8.5653794046999229e-02 
44.600000 8.3946808464581912e-02 
44.800000 8.2268937405653636e-02 
45.000000 8.0620232020524055e-02 
45.200000 7.9000710222545262e-02 
45.400000 7.7410358453141176e-02 
45.600000 7.5849133398679824e-02 
45.800000 7.4316963658248122e-02 
46.000000 7.2813751361611431e-02 
46.200000 7.1339373736843875e-02 
46.400000 6.9893684627298905e-02 
46.600000 6.8476515957788073e-02 
46.800000 6.7087679149972421e-02 
47.000000 6.5726966487150859e-02 
47.200000 6.4394152428753140e-02 
47.400000 6.3088994874976143e-02 
47.600000 6.1811236382118176e-02 
47.800000 6.0560605329276242e-02 
48.000000 5.9336817037149173e-02 
48.200000 5.8139574839788578e-02 
48.400000 5.6968571110203682e-02 
48.600000 5.5823488240786374e-02 
48.800000 5.4703999579584411e-02 
49.000000 5.3609770323495454e-02 
49.200000 5.2540458369483720e-02 
49.400000 5.1495715124963121e-02 
49.600000 5.0475186278510456e-02 
49.800000 4.9478512532083359e-02 
50.000000 4.8505330295943692e-02 
50.200000 4.7555272347477834e-02 
50.400000 4.6627968455122078e-02 
50.600000 4.5723045968583891e-02 
50.800000 4.4840130376559685e-02 
51.000000 4.3978845833124031e-02 
51.200000 4.3138815653964373e-02 
51.400000 4.2319662783611878e-02 
51.600000 4.1521010234805568e-02 
51.800000 4.0742481501101900e-02 
52.000000 3.9983700943823690e-02 
52.200000 3.9244294154418588e-02 
52.400000 3.8523888293266743e-02 
52.600000 3.7822112405956697e-02 
52.800000 3.7138597718021089e-02 
53.000000 3.6472977909092728e-02 
53.200000 3.5824889367414445e-02 
53.400000 3.5193971425611155e-02 
53.600000 3.4579866578597851e-02 
53.800000 3.3982220684472250e-02 
54.000000 3.3400683149214322e-02 
54.200000 3.2834907095976230e-02 
54.400000 3.2284549519734175e-02 
54.600000 3.1749271428027762e-02 
54.800000 3.1228737968498642e-02 
55.000000 3.0722618543906347e-02 
55.200000 3.0230586915274683e-02 
55.400000 2.9752321293793946e-02 
55.600000 2.9287504422083034e-02 
55.800000 2.8835823645385693e-02 
56.000000 2.8396970973254325e-02 
56.200000 2.7970643132250984e-02 
56.400000 2.7556541610171036e-02 
56.600000 2.7154372692273138e-02 
56.800000 2.6763847489980230e-02 
57.000000 2.6384681962491809e-02 
57.200000 2.6016596931731077e-02 
57.400000 2.5659318091029136e-02 
57.600000 2.5312576007930698e-02 
57.800000 2.4976106121488865e-02 
58.000000 2.4649648734396949e-02 
58.200000 2.4332949000291242e-02 
58.400000 2.4025756906541563e-02 
58.600000 2.3727827252829813e-02 
58.800000 2.3438919625807207e-02 
59.000000 2.3158798370097992e-02 
59.200000 2.2887232555914881e-02 
59.400000 2.2623995943528381e-02 
59.600000 2.2368866944826874e-02 
59.800000 2.2121628582189731e-02 
60.000000 2.1882068444883267e-02 
60.200000 2.1649978643182910e-02 
60.400000 2.1425155760408047e-02 
60.600000 2.1207400803053864e-02 
60.800000 2.0996519149187379e-02 
61.000000 2.0792320495272708e-02 
61.200000 2.0594618801576547e-02 
61.400000 2.0403232236300643e-02 
61.600000 2.0217983118577993e-02 
61.800000 2.0038697860462081e-02 
62.000000 1.9865206908033652e-02 
62.200000 1.9697344681739230e-02 
62.400000 1.9534949516071525e-02 
62.600000 1.9377863598696615e-02 
62.800000 1.9225932909122646e-02 
63.000000 1.9079007157005182e-02 
63.200000 1.8936939720172883e-02 
63.400000 1.8799587582457956e-02 
63.600000 1.8666811271405855e-02 
63.800000 1.8538474795938030e-02 
64.000000 1.8414445584033937e-02 
64.200000 1.8294594420497707e-02 
64.400000 1.8178795384868832e-02 
64.600000 1.8066925789530869e-02 
64.800000 1.7958866118072906e-02 
65.000000 1.7854499963952043e-02 
65.200000 1.7753713969501286e-02 
65.400000 1.7656397765327354e-02 
65.600000 1.7562443910136644e-02 
65.800000 1.7471747831026806e-02 
66.000000 1.7384207764277786e-02 
66.200000 1.7299724696674061e-02 
66.400000 1.7218202307387902e-02 
66.600000 1.7139546910450151e-02 
66.800000 1.7063667397831897e-02 
67.000000 1.6990475183163416e-02 
67.200000 1.6919884146106866e-02 
67.400000 1.6851810577404820e-02 
67.600000 1.6786173124620173e-02 
67.800000 1.6722892738583468e-02 
68.000000 1.6661892620560764e-02 
68.200000 1.6603098170155837e-02 
68.400000 1.6546436933956014e-02 
68.600000 1.6491838554932029e-02 
68.800000 1.6439234722600404e-02 
69.000000 1.6388559123954333e-02 
69.200000 1.6339747395169864e-02 
69.400000 1.6292737074092137e-02 
69.600000 1.6247467553504990e-02 
69.800000 1.6203880035186285e-02 
70.000000 1.6161917484752122e-02 
70.200000 1.6121524587289871e-02 
70.400000 1.6082647703779426e-02 
70.600000 1.6045234828304805e-02 
70.800000 1.6009235546050889e-02 
71.000000 1.5974600992086148e-02 
71.200000 1.5941283810927374e-02 
71.400000 1.5909238116883283e-02 
71.600000 1.5878419455172817e-02 
71.800000 1.5848784763814093e-02 
72.000000 1.5820292336278827e-02 
72.200000 1.5792901784905777e-02 
72.400000 1.5766574005070162e-02 
72.600000 1.5741271140098548e-02 
72.800000 1.5716956546926363e-02 
73.000000 1.5693594762488619e-02 
73.200000 1.5671151470836947e-02 
73.400000 1.5649593470976515e-02 
73.600000 1.5628888645412599e-02 
73.800000 1.5609005929400345e-02 
74.000000 1.5589915280888548e-02 
74.200000 1.5571587651149025e-02 
74.400000 1.5553994956082047e-02 
74.600000 1.5537110048189551e-02 
74.800000 1.5520906689206604e-02 
75.000000 1.5505359523381550e-02 
75.200000 1.5490444051395266e-02 
75.400000 1.5476136604910642e-02 
75.600000 1.5462414321741513e-02 
75.800000 1.5449255121632217e-02 
76.000000 1.5436637682636953e-02 
76.200000 1.5424541418090404e-02 
76.400000 1.5412946454157861e-02 
76.600000 1.5401833607956491e-02 
76.800000 1.5391184366236961e-02 
77.000000 1.5380980864615154e-02 
77.200000 1.5371205867344745e-02 
77.400000 1.5361842747620135e-02 
77.600000 1.5352875468399656e-02 
77.800000 1.5344288563739400e-02 
78.000000 1.5336067120627687e-02 
78.200000 1.5328196761310160e-02 
78.400000 1.5320663626095474e-02 
78.600000 1.5313454356633182e-02 
78.800000 1.5306556079651324e-02 
79.000000 1.5299956391147458e-02 
79.200000 1.5293643341020933e-02 
79.400000 1.5287605418138351e-02 
79.600000 1.5281831535822148e-02 
79.800000 1.5276311017753686e-02 
80.000000 1.5271033584280735e-02 
80.200000 1.5265989339120977e-02 
80.400000 1.5261168756452618e-02 
80.600000 1.5256562668382254e-02 
80.800000 1.5252162252782600e-02 
81.000000 1.5247959021489989e-02 
81.200000 1.5243944808854245e-02 
81.400000 1.5240111760632009e-02 
81.600000 1.5236452323214952e-02 
81.800000 1.5232959233185272e-02 
82.000000 1.5229625507189809e-02 
82.200000 1.5226444432125379e-02 
82.400000 1.5223409555626777e-02 
82.600000 1.5220514676851156e-02 
82.800000 1.5217753837549067e-02 
83.000000 1.5215121313416761e-02 
83.200000 1.5212611605721326e-02 
83.400000 1.5210219433192023e-02 
83.600000 1.5207939724169962e-02 
83.800000 1.5205767609010478e-02 
84.000000 1.5203698412729984e-02 
84.200000 1.5201727647891915e-02 
84.400000 1.5199851007724479e-02 
84.600000 1.5198064359463932e-02 
84.800000 1.5196363737917015e-02 
85.000000 1.5194745339237233e-02 
85.200000 1.5193205514907568e-02 
85.400000 1.5191740765924833e-02 
85.600000 1.5190347737179512e-02 
85.800000 1.5189023212025456e-02 
86.000000 1.5187764107033980e-02 
86.200000 1.5186567466926816e-02 
86.400000 1.5185430459682877e-02 
86.600000 1.5184350371813624e-02 
86.800000 1.5183324603801786e-02 
87.000000 1.5182350665698828e-02 
87.200000 1.5181426172876163e-02 
87.400000 1.5180548841925481e-02 
87.600000 1.5179716486703914e-02 
87.800000 1.5178927014518768e-02 
88.000000 1.5178178422448424e-02 
88.200000 1.5177468793794774e-02 
88.400000 1.5176796294662846e-02 
88.600000 1.5176159170663795e-02 
88.800000 1.5175555743737593e-02 
89.000000 1.5174984409091121e-02 
89.200000 1.5174443632248055e-02 
89.400000 1.5173931946207629e-02 
89.600000 1.5173447948707262e-02 
89.800000 1.5172990299587274e-02 
90.000000 1.5172557718253580e-02 
90.200000 1.5172148981234198e-02 
90.400000 1.5171762919828712e-02 
90.600000 1.5171398417845424e-02 
90.800000 1.5171054409424355e-02 
91.000000 1.5170729876942547e-02 
91.200000 1.5170423848999999e-02 
91.400000 1.5170135398481801e-02 
91.600000 1.5169863640695466e-02 
91.800000 1.5169607731579977e-02 
92.000000 1.5169366865984021e-02 
92.200000 1.5169140276011390e-02 
92.400000 1.5168927229431030e-02 
92.600000 1.5168727028149661e-02 
92.800000 1.5168539006743984e-02 
93.000000 1.5168362531051541e-02 
93.200000 1.5168196996817164e-02 
93.400000 1.5168041828393311e-02 
93.600000 1.5167896477492655e-02 
93.800000 1.5167760421990639e-02 
94.000000 1.5167633164776106e-02 
94.200000 1.5167514232648931e-02 
94.400000 1.5167403175261794e-02 
94.600000 1.5167299564105782e-02 
94.800000 1.5167202991536835e-02 
95.000000 1.5167113069842803e-02 
95.200000 1.5167029430348766e-02 
95.400000 1.5166951722559007e-02 
95.600000 1.5166879613335394e-02 
95.800000 1.5166812786109323e-02 
96.000000 1.5166750940127203e-02 
96.200000 1.5166693789727254e-02 
96.400000 1.5166641063646964e-02 
96.600000 1.5166592504359986e-02 
96.800000 1.5166547867441057e-02 
97.000000 1.5166506920957853e-02 
97.200000 1.5166469444889464e-02 
97.400000 1.5166435230569000e-02 
97.600000 1.5166404080151208e-02 
97.800000 1.5166375806102177e-02 
98.000000 1.5166350230711880e-02 
98.200000 1.5166327185627637e-02 
98.400000 1.5166306511408278e-02 
98.600000 1.5166288057097584e-02 
98.800000 1.5166271679816620e-02 
99.000000 1.5166257244374249e-02 
99.200000 1.5166244622894882e-02 
99.400000 1.5166233694462551e-02 
99.600000 1.5166224344781399e-02 
99.800000 1.5166216465850917e-02 
100.000000 1.5166209955656273e-02 
100.200000 1.5166204717872179e-02 
100.400000 1.5166200661580535e-02 
100.600000 1.5166197701000960e-02 
100.800000 1.5166195755233283e-02 
101.000000 1.5166194748012143e-02 
101.200000 1.5166194607473074e-02 
101.400000 1.5166195265928833e-02 
101.600000 1.5166196659656786e-02 
101.800000 1.5166198728695554e-02 
102.000000 1.5166201416651646e-02 
102.200000 1.5166204670515014e-02 
102.400000 1.5166208440483143e-02 
102.600000 1.5166212679793760e-02 
102.800000 1.5166217344565266e-02 
103.000000 1.5166222393644657e-02 
103.200000 1.5166227788463223e-02 
103.400000 1.5166233492898570e-02 
103.600000 1.5166239473143691e-02 
103.800000 1.5166245697582299e-02 
104.000000 1.5166252136670120e-02 
104.200000 1.5166258762821907e-02 
104.400000 1.5166265550304332e-02 
104.600000 1.5166272475133854e-02 
104.800000 1.5166279514979656e-02 
105.000000 1.5166286649071485e-02 
105.200000 1.5166293858112126e-02 
105.400000 1.5166301124194075e-02 
105.600000 1.5166308430720454e-02 
105.800000 1.5166315762330048e-02 
106.000000 1.5166323104826102e-02 
106.200000 1.5166330445108600e-02 
106.400000 1.5166337771109945e-02 
106.600000 1.5166345071734538e-02 
106.800000 1.5166352336800500e-02 
107.000000 1.5166359556985405e-02 
107.200000 1.5166366723773986e-02 
107.400000 1.5166373829409233e-02 
107.600000 1.5166380866845783e-02 
107.800000 1.5166387829705596e-02 
108.000000 1.5166394712236330e-02 
108.200000 1.5166401509271841e-02 
108.400000 1.5166408216194617e-02 
108.600000 1.5166414828900342e-02 
108.800000 1.5166421343764558e-02 
109.000000 1.5166427757610894e-02 
109.200000 1.5166434067681154e-02 
109.400000 1.5166440271607094e-02 
109.600000 1.5166446367383584e-02 
109.800000 1.5166452353343450e-02 
110.000000 1.5166458228133820e-02 
110.200000 1.5166463990693473e-02 
110.400000 1.5166469640231665e-02 
110.600000 1.5166475176208324e-02 
110.800000 1.5166480598315107e-02 
111.000000 1.5166485906457687e-02 
111.200000 1.5166491100739036e-02 
111.400000 1.5166496181443912e-02 
111.600000 1.5166501149023782e-02 
111.800000 1.5166506004083209e-02 
112.000000 1.5166510747366659e-02 
112.200000 1.5166515379746304e-02 
112.400000 1.5166519902210405e-02 
112.600000 1.5166524315852676e-02 
112.800000 1.5166528621862034e-02 
113.000000 1.5166532821513253e-02 
113.200000 1.5166536916157944e-02 
113.400000 1.5166540907216275e-02 
113.600000 1.5166544796169388e-02 
113.800000 1.5166548584551680e-02 
114.000000 1.5166552273944683e-02 
114.200000 1.5166555865970162e-02 
114.400000 1.5166559362284698e-02 
114.600000 1.5166562764573689e-02 
114.800000 1.5166566074546681e-02 
115.000000 1.5166569293932600e-02 
115.200000 1.5166572424474979e-02 
115.400000 1.5166575467928297e-02 
115.600000 1.5166578426054112e-02 
115.800000 1.5166581300617396e-02 
116.000000 1.5166584093383534e-02 
116.200000 1.5166586806115151e-02 
116.400000 1.5166589440569714e-02 
116.600000 1.5166591998496614e-02 
116.800000 1.5166594481635171e-02 
117.000000 1.5166596891712488e-02 
117.200000 1.5166599230441410e-02 
117.400000 1.5166601499518989e-02 
117.600000 1.5166603700624760e-02 
117.800000 1.5166605835419386e-02 
118.000000 1.5166607905543351e-02 
118.200000 1.5166609912615855e-02 
118.400000 1.5166611858233829e-02 
118.600000 1.5166613743970894e-02 
118.800000 1.5166615571376803e-02 
119.000000 1.5166617341976442e-02 
119.200000 1.5166619057269619e-02 
119.400000 1.5166620718730334e-02 
119.600000 1.5166622327806162e-02 
119.800000 1.5166623885918403e-02 
120.000000 1.5166625394461373e-02 
120.200000 1.5166626854802476e-02 
120.400000 1.5166628268281961e-02 
120.600000 1.5166629636212582e-02 
120.800000 1.5166630959880138e-02 
121.000000 1.5166632240542851e-02 
121.200000 1.5166633479432014e-02 
121.400000 1.5166634677751496e-02 
121.600000 1.5166635836678424e-02 
121.800000 1.5166636957362922e-02 
122.000000 1.5166638040928517e-02 
122.200000 1.5166639088472506e-02 
122.400000 1.5166640101065840e-02 
122.600000 1.5166641079753686e-02 
122.800000 1.5166642025555666e-02 
123.000000 1.5166642939466077e-02 
123.200000 1.5166643822454400e-02 
123.400000 1.5166644675465539e-02 
123.600000 1.5166645499420095e-02 
123.800000 1.5166646295215008e-02 
124.000000 1.5166647063723537e-02 
124.200000 1.5166647805796130e-02 
124.400000 1.5166648522260424e-02 
124.600000 1.5166649213921883e-02 
124.800000 1.5166649881564149e-02 
125.000000 1.5166650525949361e-02 
125.200000 1.5166651147818729e-02 
125.400000 1.5166651747892914e-02 
125.600000 1.5166652326872272e-02 
125.800000 1.5166652885437563e-02 
126.000000 1.5166653424250063e-02 
126.200000 1.5166653943952339e-02 
126.400000 1.5166654445168352e-02 
126.600000 1.5166654928504074e-02 
126.800000 1.5166655394547705e-02 
127.000000 1.5166655843870242e-02 
127.200000 1.5166656277025894e-02 
127.400000 1.5166656694552456e-02 
127.600000 1.5166657096971530e-02 
127.800000 1.5166657484789174e-02 
128.000000 1.5166657858496222e-02 
128.200000 1.5166658218568520e-02 
128.400000 1.5166658565467481e-02 
128.600000 1.5166658899640296e-02 
128.800000 1.5166659221520580e-02 
129.000000 1.5166659531528369e-02 
129.200000 1.5166659830070695e-02 
129.400000 1.5166660117541916e-02 
129.600000 1.5166660394323940e-02 
129.800000 1.5166660660786780e-02 
130.000000 1.5166660917288587e-02 
130.200000 1.5166661164176346e-02 
130.400000 1.5166661401785724e-02 
130.600000 1.5166661630441780e-02 
130.800000 1.5166661850459180e-02 
131.000000 1.5166662062142228e-02 
131.200000 1.5166662265785552e-02 
131.400000 1.5166662461674151e-02 
131.600000 1.5166662650083653e-02 
131.800000 1.5166662831280667e-02 
132.000000 1.5166663005523067e-02 
132.200000 1.5166663173060277e-02 
132.400000 1.5166663334133215e-02 
132.600000 1.5166663488975024e-02 
132.800000 1.5166663637811151e-02 
133.000000 1.5166663780859058e-02 
133.200000 1.5166663918329378e-02 
133.400000 1.5166664050425344e-02 
133.600000 1.5166664177343440e-02 
133.800000 1.5166664299273460e-02 
134.000000 1.5166664416398761e-02 
134.200000 1.5166664528896357e-02 
134.400000 1.5166664636937322e-02 
134.600000 1.5166664740686682e-02 
134.800000 1.5166664840303908e-02 
135.000000 1.5166664935942889e-02 
135.200000 1.5166665027752340e-02 
135.400000 1.5166665115875574e-02 
135.600000 1.5166665200450950e-02 
135.800000 1.5166665281612049e-02 
136.000000 1.5166665359487790e-02 
136.200000 1.5166665434202474e-02 
136.400000 1.5166665505876056e-02 
136.600000 1.5166665574624131e-02 
136.800000 1.5166665640558439e-02 
137.000000 1.5166665703786436e-02 
137.200000 1.5166665764411979e-02 
137.400000 1.5166665822535031e-02 
137.600000 1.5166665878252092e-02 
137.800000 1.5166665931656036e-02 
138.000000 1.5166665982836549e-02 
138.200000 1.5166666031879892e-02 
138.400000 1.5166666078869398e-02 
138.600000 1.5166666123885059e-02 
138.800000 1.5166666167004230e-02 
139.000000 1.5166666208301321e-02 
139.200000 1.5166666247847878e-02 
139.400000 1.5166666285713006e-02 
139.600000 1.5166666321963109e-02 
139.800000 1.5166666356662223e-02 
140.000000 1.5166666389871826e-02 
140.200000 1.5166666421651254e-02 
140.400000 1.5166666452057644e-02 
140.600000 1.5166666481145803e-02 
140.800000 1.5166666508968555e-02 
141.000000 1.5166666535576823e-02 
141.200000 1.5166666561019383e-02 
141.400000 1.5166666585343316e-02 
141.600000 1.5166666608593889e-02 
141.800000 1.5166666630814485e-02 
142.000000 1.5166666652046940e-02 
142.200000 1.5166666672331386e-02 
142.400000 1.5166666691706406e-02 
142.600000 1.5166666710209175e-02 
142.800000 1.5166666727875117e-02 
143.000000 1.5166666744738622e-02 
143.200000 1.5166666760832465e-02 
143.400000 1.5166666776188211e-02 
143.600000 1.5166666790836163e-02 
143.800000 1.5166666804805416e-02 
144.000000 1.5166666818123882e-02 
144.200000 1.5166666830818243e-02 
144.400000 1.5166666842914159e-02 
144.600000 1.5166666854436040e-02 
144.800000 1.5166666865407326e-02 
145.000000 1.5166666875850476e-02 
145.200000 1.5166666885786993e-02 
145.400000 1.5166666895237517e-02 
145.600000 1.5166666904221856e-02 
145.800000 1.5166666912758985e-02 
146.000000 1.5166666920867095e-02 
146.200000 1.5166666928563667e-02 
146.400000 1.5166666935865547e-02 
146.600000 1.5166666942788919e-02 
146.800000 1.5166666949349344e-02 
147.000000 1.5166666955560775e-02 
147.200000 1.5166666961434681e-02 
147.400000 1.5166666966982451e-02 
147.600000 1.5166666972215612e-02 
147.800000 1.5166666977145844e-02 
148.000000 1.5166666981784692e-02 
148.200000 1.5166666986143607e-02 
148.400000 1.5166666990234019e-02 
148.600000 1.5166666994067149e-02 
148.800000 1.5166666997654036e-02 
149.000000 1.5166667001005578e-02 
149.200000 1.5166667004132387e-02 
149.400000 1.5166667007044894e-02 
149.600000 1.5166667009753209e-02 
149.800000 1.5166667012267203e-02 
