0.000000 9.1680114669537866e-03 
0.200000 9.1681094763227024e-03 
0.400000 9.1685499900715853e-03 
0.600000 9.1696124821302773e-03 
0.800000 9.1715431506381312e-03 
1.000000 9.1745584432683571e-03 
1.200000 9.1788481721831183e-03 
1.400000 9.1845782719736906e-03 
1.600000 9.1918932300564579e-03 
1.800000 9.2009303010826150e-03 
2.000000 9.2118225779733720e-03 
2.200000 9.2246944471277587e-03 
2.400000 9.2396631433021466e-03 
2.600000 9.2568400712932705e-03 
2.800000 9.2763319874641318e-03 
3.000000 9.2982430062614266e-03 
3.200000 9.3226740243727568e-03 
3.400000 9.3497283657434042e-03 
3.600000 9.3795079605904393e-03 
3.800000 9.4121081605640557e-03 
4.000000 9.4476231582396077e-03 
4.200000 9.4861474693154774e-03 
4.400000 9.5277771888135250e-03 
4.600000 9.5726112430396231e-03 
4.800000 9.6207520892131193e-03 
5.000000 9.6723064328023880e-03 
5.200000 9.7273858998206137e-03 
5.400000 9.7861075415123077e-03 
5.600000 9.8485942893133255e-03 
5.800000 9.9149753660537909e-03 
6.000000 9.9853867667881509e-03 
6.200000 1.0059971720159705e-02 
6.400000 1.0138880448572798e-02 
6.600000 1.0222271035761362e-02 
6.800000 1.0310309805626949e-02 
7.000000 1.0403172009950374e-02 
7.200000 1.0501042511314866e-02 
7.400000 1.0604116474313498e-02 
7.600000 1.0712600080139164e-02 
7.800000 1.0826711213171256e-02 
8.000000 1.0946680210019037e-02 
8.200000 1.1072750648511157e-02 
8.400000 1.1205180150255416e-02 
8.600000 1.1344241229467211e-02 
8.800000 1.1490222205545669e-02 
9.000000 1.1643428162978045e-02 
9.200000 1.1804181919658211e-02 
9.400000 1.1972825139934294e-02 
9.600000 1.2149719567138282e-02 
9.800000 1.2335248234663204e-02 
10.000000 1.2529816793972906e-02 
10.200000 1.2733854927539518e-02 
10.400000 1.2947817860928900e-02 
10.600000 1.3172187960458798e-02 
10.800000 1.3407476431188189e-02 
11.000000 1.3654225113933861e-02 
11.200000 1.3913008376795438e-02 
11.400000 1.4184435111299650e-02 
11.600000 1.4469150835289673e-02 
11.800000 1.4767839909388202e-02 
12.000000 1.5081227864530866e-02 
12.200000 1.5410083828350791e-02 
12.400000 1.5755223098876784e-02 
12.600000 1.6117509808102965e-02 
12.800000 1.6497859707342768e-02 
13.000000 1.6897243060026608e-02 
13.200000 1.7316687638203546e-02 
13.400000 1.7757281813055931e-02 
13.600000 1.8220177727064614e-02 
13.800000 1.8706594535714060e-02 
14.000000 1.9217821699952228e-02 
14.200000 1.9755222306176178e-02 
14.400000 2.0320236387400780e-02 
14.600000 2.0914384213190387e-02 
14.800000 2.1539269510073455e-02 
15.000000 2.2196582565824251e-02 
15.200000 2.2888103162221896e-02 
15.400000 2.3615703280474097e-02 
15.600000 2.4381349499487233e-02 
15.800000 2.5187105008486733e-02 
16.000000 2.6035131138727290e-02 
16.200000 2.6927688307577521e-02 
16.400000 2.7867136255610169e-02 
16.600000 2.8855933443383493e-02 
16.800000 2.9896635461382479e-02 
17.000000 3.0991892292311904e-02 
17.200000 3.2144444251340928e-02 
17.400000 3.3357116417514272e-02 
17.600000 3.4632811358241158e-02 
17.800000 3.5974499939741403e-02 
18.000000 3.7385210009963012e-02 
18.200000 3.8868012738075969e-02 
18.400000 4.0426006398612491e-02 
18.600000 4.2062297394831825e-02 
18.800000 4.3779978333644005e-02 
19.000000 4.5582102988179288e-02 
19.200000 4.7471658018425990e-02 
19.400000 4.9451531365476087e-02 
19.600000 5.1524477291672775e-02 
19.800000 5.3693078108289043e-02 
20.000000 5.5959702714311180e-02 
20.200000 5.8326462164358231e-02 
20.400000 6.0795162590032321e-02 
20.600000 6.3367255915420695e-02 
20.800000 6.6043788931933745e-02 
21.000000 6.8825351426921172e-02 
21.200000 7.1712024190760268e-02 
21.400000 7.4703327853685719e-02 
21.600000 7.7798173620211145e-02 
21.800000 8.0994817070421610e-02 
22.000000 8.4290816276114011e-02 
22.200000 8.7682995529134888e-02 
22.400000 9.1167415992632950e-02 
22.600000 9.4739354556929931e-02 
22.800000 9.8393292105435168e-02 
23.000000 1.0212291226882328e-01 
23.200000 1.0592111156629570e-01 
23.400000 1.0978002160241007e-01 
23.600000 1.1369104371086898e-01 
23.800000 1.1764489612024222e-01 
24.000000 1.2163167337137031e-01 
24.200000 1.2564091735550137e-01 
24.400000 1.2966169898157348e-01 
24.600000 1.3368270913731869e-01 
24.800000 1.3769235729923268e-01 
25.000000 1.4167887588694386e-01 
25.200000 1.4563042826216291e-01 
25.400000 1.4953521815177542e-01 
25.600000 1.5338159823529987e-01 
25.800000 1.5715817568059479e-01 
26.000000 1.6085391253537151e-01 
26.200000 1.6445821907827271e-01 
26.400000 1.6796103849045921e-01 
26.600000 1.7135292151267822e-01 
26.800000 1.7462509008741497e-01 
27.000000 1.7776948933441641e-01 
27.200000 1.8077882755448529e-01 
27.400000 1.8364660428646007e-01 
27.600000 1.8636712674342706e-01 
27.800000 1.8893551521711763e-01 
28.000000 1.9134769825752967e-01 
28.200000 1.9360039860464473e-01 
28.400000 1.9569111096994418e-01 
28.600000 1.9761807283876393e-01 
28.800000 1.9938022949397322e-01 
29.000000 2.0097719445181605e-01 
29.200000 2.0240920645796043e-01 
29.400000 2.0367708412207619e-01 
29.600000 2.0478217917912678e-01 
29.800000 2.0572632926111403e-01 
30.000000 2.0651181095006979e-01 
30.200000 2.0714129376671084e-01 
30.400000 2.0761779563365207e-01 
30.600000 2.0794464024104461e-01 
30.800000 2.0812541663861556e-01 
31.000000 2.0816394128334126e-01 
31.200000 2.0806422268762426e-01 
31.400000 2.0783042873956353e-01 
31.600000 2.0746685670475012e-01 
31.800000 2.0697790586780282e-01 
32.000000 2.0636805273093578e-01 
32.200000 2.0564182865540442e-01 
32.400000 2.0480379980878785e-01 
32.600000 2.0385854926567160e-01 
32.800000 2.0281066110031482e-01 
33.000000 2.0166470630639269e-01 
33.200000 2.0042523037975182e-01 
33.400000 1.9909674240451147e-01 
33.600000 1.9768370548994010e-01 
33.800000 1.9619052841453108e-01 
34.000000 1.9462155834402228e-01 
34.200000 1.9298107450121035e-01 
34.400000 1.9127328267678542e-01 
34.600000 1.8950231048180113e-01 
34.800000 1.8767220325339523e-01 
35.000000 1.8578692053591495e-01 
35.200000 1.8385033306936915e-01 
35.400000 1.8186622022622465e-01 
35.600000 1.7983826784572257e-01 
35.800000 1.7777006642226048e-01 
36.000000 1.7566510961090470e-01 
36.200000 1.7352679301877330e-01 
36.400000 1.7135841325593235e-01 
36.600000 1.6916316722367747e-01 
36.800000 1.6694415162153928e-01 
37.000000 1.6470436265734428e-01 
37.200000 1.6244669594698732e-01 
37.400000 1.6017394659251741e-01 
37.600000 1.5788880942865888e-01 
37.800000 1.5559387942900030e-01 
38.000000 1.5329165226397617e-01 
38.200000 1.5098452500336151e-01 
38.400000 1.4867479695642360e-01 
38.600000 1.4636467064310163e-01 
38.800000 1.4405625288975138e-01 
39.000000 1.4175155604299972e-01 
39.200000 1.3945249929524309e-01 
39.400000 1.3716091011525056e-01 
39.600000 1.3487852577725037e-01 
39.800000 1.3260699498176071e-01 
40.000000 1.3034787956136354e-01 
40.200000 1.2810265626451095e-01 
40.400000 1.2587271861042471e-01 
40.600000 1.2365937880811009e-01 
40.800000 1.2146386973250287e-01 
41.000000 1.1928734695083108e-01 
41.200000 1.1713089079231422e-01 
41.400000 1.1499550845444068e-01 
41.600000 1.1288213613920774e-01 
41.800000 1.1079164121285776e-01 
42.000000 1.0872482438284566e-01 
42.200000 1.0668242188600138e-01 
42.400000 1.0466510768206580e-01 
42.600000 1.0267349564706785e-01 
42.800000 1.0070814176126029e-01 
43.000000 9.8769546286635979e-02 
43.200000 9.6858155929334958e-02 
43.400000 9.4974365982563008e-02 
43.600000 9.3118522445940807e-02 
43.800000 9.1290924117530731e-02 
44.000000 8.9491824655075464e-02 
44.200000 8.7721434603309001e-02 
44.400000 8.5979923384492188e-02 
44.600000 8.4267421249618182e-02 
44.800000 8.2584021188035428e-02 
45.000000 8.0929780793491224e-02 
45.200000 7.9304724084894362e-02 
45.400000 7.7708843280326942e-02 
45.600000 7.6142100523097833e-02 
45.800000 7.4604429558860416e-02 
46.000000 7.3095737363027158e-02 
46.200000 7.1615905717937911e-02 
46.400000 7.0164792739413978e-02 
46.600000 6.8742234352527409e-02 
46.800000 6.7348045716575322e-02 
47.000000 6.5982022599393911e-02 
47.200000 6.4643942701318180e-02 
47.400000 6.3333566929178756e-02 
47.600000 6.2050640620898968e-02 
47.800000 6.0794894721303269e-02 
48.000000 5.9566046909896760e-02 
48.200000 5.8363802681421294e-02 
48.400000 5.7187856380087478e-02 
48.600000 5.6037892188444342e-02 
48.800000 5.4913585071893888e-02 
49.000000 5.3814601679923052e-02 
49.200000 5.2740601205146273e-02 
49.400000 5.1691236201297175e-02 
49.600000 5.0666153361327036e-02 
49.800000 4.9664994256788518e-02 
50.000000 4.8687396039692507e-02 
50.200000 4.7732992108041224e-02 
50.400000 4.6801412736234942e-02 
50.600000 4.5892285671552457e-02 
50.800000 4.5005236697901414e-02 
51.000000 4.4139890168017573e-02 
51.200000 4.3295869505292302e-02 
51.400000 4.2472797676378772e-02 
51.600000 4.1670297635716766e-02 
51.800000 4.0887992743097998e-02 
52.000000 4.0125507155365232e-02 
52.200000 3.9382466193319123e-02 
52.400000 3.8658496684881423e-02 
52.600000 3.7953227285538391e-02 
52.800000 3.7266288777055304e-02 
53.000000 3.6597314345435297e-02 
53.200000 3.5945939839057084e-02 
53.400000 3.5311804007905984e-02 
53.600000 3.4694548724777285e-02 
53.800000 3.4093819189310100e-02 
54.000000 3.3509264115670026e-02 
54.200000 3.2940535904681573e-02 
54.400000 3.2387290801175764e-02 
54.600000 3.1849189037293210e-02 
54.800000 3.1325894962452257e-02 
55.000000 3.0817077160670617e-02 
55.200000 3.0322408555894752e-02 
55.400000 2.9841566505970474e-02 
55.600000 2.9374232885860715e-02 
55.800000 2.8920094160691488e-02 
56.000000 2.8478841449183456e-02 
56.200000 2.8050170578001521e-02 
56.400000 2.7633782127534104e-02 
56.600000 2.7229381469590176e-02 
56.800000 2.6836678797479800e-02 
57.000000 2.6455389148925736e-02 
57.200000 2.6085232422231260e-02 
57.400000 2.5725933386110369e-02 
57.600000 2.5377221683569540e-02 
57.800000 2.5038831830209250e-02 
58.000000 2.4710503207299235e-02 
58.200000 2.4391980049963454e-02 
58.400000 2.4083011430792410e-02 
58.600000 2.3783351239190838e-02 
58.800000 2.3492758156748332e-02 
59.000000 2.3210995628907521e-02 
59.200000 2.2937831833196181e-02 
59.400000 2.2673039644266830e-02 
59.600000 2.2416396595984846e-02 
59.800000 2.2167684840787648e-02 
60.000000 2.1926691106529336e-02 
60.200000 2.1693206651012334e-02 
60.400000 2.1467027214399258e-02 
60.600000 2.1247952969686085e-02 
60.800000 2.1035788471410199e-02 
61.000000 2.0830342602756381e-02 
61.200000 2.0631428521215828e-02 
61.400000 2.0438863602944148e-02 
61.600000 2.0252469385960158e-02 
61.800000 2.0072071512310660e-02 
62.000000 1.9897499669333261e-02 
62.200000 1.9728587530127031e-02 
62.400000 1.9565172693347760e-02 
62.600000 1.9407096622427636e-02 
62.800000 1.9254204584321706e-02 
63.000000 1.9106345587871495e-02 
63.200000 1.8963372321875668e-02 
63.400000 1.8825141092947931e-02 
63.600000 1.8691511763241866e-02 
63.800000 1.8562347688114499e-02 
64.000000 1.8437515653798333e-02 
64.200000 1.8316885815144457e-02 
64.400000 1.8200331633499617e-02 
64.600000 1.8087729814771497e-02 
64.800000 1.7978960247736778e-02 
65.000000 1.7873905942641016e-02 
65.200000 1.7772452970136351e-02 
65.400000 1.7674490400600613e-02 
65.600000 1.7579910243878109e-02 
65.800000 1.7488607389478310e-02 
66.000000 1.7400479547269122e-02 
66.200000 1.7315427188694631e-02 
66.400000 1.7233353488549069e-02 
66.600000 1.7154164267332496e-02 
66.800000 1.7077767934214977e-02 
67.000000 1.7004075430631396e-02 
67.200000 1.6933000174528215e-02 
67.400000 1.6864458005281559e-02 
67.600000 1.6798367129304607e-02 
67.800000 1.6734648066358226e-02 
68.000000 1.6673223596581473e-02 
68.200000 1.6614018708252760e-02 
68.400000 1.6556960546293527e-02 
68.600000 1.6501978361523870e-02 
68.800000 1.6449003460679897e-02 
69.000000 1.6397969157197136e-02 
69.200000 1.6348810722769929e-02 
69.400000 1.6301465339689250e-02 
69.600000 1.6255872053962159e-02 
69.800000 1.6211971729218778e-02 
70.000000 1.6169707001406616e-02 
70.200000 1.6129022234273625e-02 
70.400000 1.6089863475639912e-02 
70.600000 1.6052178414459467e-02 
70.800000 1.6015916338668654e-02 
71.000000 1.5981028093819207e-02 
71.200000 1.5947466042495428e-02 
71.400000 1.5915184024510715e-02 
71.600000 1.5884137317878886e-02 
71.800000 1.5854282600557407e-02 
72.000000 1.5825577912957411e-02 
72.200000 1.5797982621214037e-02 
72.400000 1.5771457381212196e-02 
72.600000 1.5745964103361730e-02 
72.800000 1.5721465918114380e-02 
73.000000 1.5697927142216201e-02 
73.200000 1.5675313245687470e-02 
73.400000 1.5653590819524481e-02 
73.600000 1.5632727544111880e-02 
73.800000 1.5612692158339976e-02 
74.000000 1.5593454429418053e-02 
74.200000 1.5574985123374676e-02 
74.400000 1.5557255976235458e-02 
74.600000 1.5540239665871281e-02 
74.800000 1.5523909784505196e-02 
75.000000 1.5508240811871195e-02 
75.200000 1.5493208089012752e-02 
75.400000 1.5478787792714247e-02 
75.600000 1.5464956910553308e-02 
75.800000 1.5451693216565546e-02 
76.000000 1.5438975247511486e-02 
76.200000 1.5426782279735634e-02 
76.400000 1.5415094306608503e-02 
76.600000 1.5403892016540081e-02 
76.800000 1.5393156771556334e-02 
77.000000 1.5382870586428095e-02 
77.200000 1.5373016108341662e-02 
77.400000 1.5363576597102449e-02 
77.600000 1.5354535905860668e-02 
77.800000 1.5345878462349445e-02 
78.000000 1.5337589250625032e-02 
78.200000 1.5329653793300391e-02 
78.400000 1.5322058134260784e-02 
78.600000 1.5314788821852750e-02 
78.800000 1.5307832892535980e-02 
79.000000 1.5301177854989296e-02 
79.200000 1.5294811674660069e-02 
79.400000 1.5288722758748997e-02 
79.600000 1.5282899941619018e-02 
79.800000 1.5277332470621000e-02 
80.000000 1.5272009992325612e-02 
80.200000 1.5266922539152525e-02 
80.400000 1.5262060516388700e-02 
80.600000 1.5257414689585835e-02 
80.800000 1.5252976172328448e-02 
81.000000 1.5248736414364545e-02 
81.200000 1.5244687190089324e-02 
81.400000 1.5240820587374538e-02 
81.600000 1.5237128996733818e-02 
81.800000 1.5233605100817026e-02 
82.000000 1.5230241864225169e-02 
82.200000 1.5227032523637019e-02 
82.400000 1.5223970578241078e-02 
82.600000 1.5221049780464407e-02 
82.800000 1.5218264126989770e-02 
83.000000 1.5215607850055959e-02 
83.200000 1.5213075409031782e-02 
83.400000 1.5210661482257479e-02 
83.600000 1.5208360959146341e-02 
83.800000 1.5206168932540022e-02 
84.000000 1.5204080691309527e-02 
84.200000 1.5202091713196770e-02 
84.400000 1.5200197657888850e-02 
84.600000 1.5198394360319287e-02 
84.800000 1.5196677824189845e-02 
85.000000 1.5195044215706536e-02 
85.200000 1.5193489857524001e-02 
85.400000 1.5192011222892345e-02 
85.600000 1.5190604930000393e-02 
85.800000 1.5189267736510061e-02 
86.000000 1.5187996534275994e-02 
86.200000 1.5186788344245319e-02 
86.400000 1.5185640311531794e-02 
86.600000 1.5184549700660089e-02 
86.800000 1.5183513890973659e-02 
87.000000 1.5182530372203027e-02 
87.200000 1.5181596740188076e-02 
87.400000 1.5180710692750747e-02 
87.600000 1.5179870025713083e-02 
87.800000 1.5179072629056215e-02 
88.000000 1.5178316483215557e-02 
88.200000 1.5177599655509216e-02 
88.400000 1.5176920296693342e-02 
88.600000 1.5176276637642750e-02 
88.800000 1.5175666986151030e-02 
89.000000 1.5175089723846938e-02 
89.200000 1.5174543303224151e-02 
89.400000 1.5174026244779001e-02 
89.600000 1.5173537134254339e-02 
89.800000 1.5173074619984940e-02 
90.000000 1.5172637410342036e-02 
90.200000 1.5172224271272584e-02 
90.400000 1.5171834023931210e-02 
90.600000 1.5171465542401142e-02 
90.800000 1.5171117751501028e-02 
91.000000 1.5170789624675416e-02 
91.200000 1.5170480181965294e-02 
91.400000 1.5170188488056216e-02 
91.600000 1.5169913650401519e-02 
91.800000 1.5169654817418355e-02 
92.000000 1.5169411176752670e-02 
92.200000 1.5169181953612405e-02 
92.400000 1.5168966409165367e-02 
92.600000 1.5168763839000517e-02 
92.800000 1.5168573571648697e-02 
93.000000 1.5168394967162845e-02 
93.200000 1.5168227415753905e-02 
93.400000 1.5168070336481744e-02 
93.600000 1.5167923175997210e-02 
93.800000 1.5167785407335960e-02 
94.000000 1.5167656528760037e-02 
94.200000 1.5167536062646718e-02 
94.400000 1.5167423554422181e-02 
94.600000 1.5167318571538817e-02 
94.800000 1.5167220702494325e-02 
95.000000 1.5167129555891097e-02 
95.200000 1.5167044759534292e-02 
95.400000 1.5166965959567439e-02 
95.600000 1.5166892819643531e-02 
95.800000 1.5166825020131135e-02 
96.000000 1.5166762257353606e-02 
96.200000 1.5166704242859819e-02 
96.400000 1.5166650702726181e-02 
96.600000 1.5166601376888071e-02 
96.800000 1.5166556018499340e-02 
97.000000 1.5166514393319582e-02 
97.200000 1.5166476279127161e-02 
97.400000 1.5166441465157807e-02 
97.600000 1.5166409751567267e-02 
97.800000 1.5166380948917016e-02 
98.000000 1.5166354877682699e-02 
98.200000 1.5166331367783593e-02 
98.400000 1.5166310258132915e-02 
98.600000 1.5166291396207707e-02 
98.800000 1.5166274637637697e-02 
99.000000 1.5166259845812581e-02 
99.200000 1.5166246891506144e-02 
99.400000 1.5166235652517953e-02 
99.600000 1.5166226013330198e-02 
99.800000 1.5166217864780602e-02 
100.000000 1.5166211103749666e-02 
100.200000 1.5166205632862315e-02 
100.400000 1.5166201360202809e-02 
100.600000 1.5166198199042854e-02 
100.800000 1.5166196067582014e-02 
101.000000 1.5166194888700062e-02 
101.200000 1.5166194589720792e-02 
101.400000 1.5166195102186612e-02 
101.600000 1.5166196361643789e-02 
101.800000 1.5166198307437451e-02 
102.000000 1.5166200882516205e-02 
102.200000 1.5166204033246327e-02 
102.400000 1.5166207709234023e-02 
102.600000 1.5166211863156623e-02 
102.800000 1.5166216450601719e-02 
103.000000 1.5166221429913439e-02 
103.200000 1.5166226762046873e-02 
103.400000 1.5166232410428932e-02 
103.600000 1.5166238340826168e-02 
103.800000 1.5166244521218657e-02 
104.000000 1.5166250921680514e-02 
104.200000 1.5166257514265721e-02 
104.400000 1.5166264272899991e-02 
104.600000 1.5166271173277677e-02 
104.800000 1.5166278192763607e-02 
105.000000 1.5166285310300393e-02 
105.200000 1.5166292506319656e-02 
105.400000 1.5166299762658170e-02 
105.600000 1.5166307062477912e-02 
105.800000 1.5166314390190363e-02 
106.000000 1.5166321731384593e-02 
106.200000 1.5166329072758802e-02 
106.400000 1.5166336402055712e-02 
106.600000 1.5166343708000914e-02 
106.800000 1.5166350980244563e-02 
107.000000 1.5166358209306325e-02 
107.200000 1.5166365386522555e-02 
107.400000 1.5166372503997019e-02 
107.600000 1.5166379554553536e-02 
107.800000 1.5166386531691578e-02 
108.000000 1.5166393429543975e-02 
108.200000 1.5166400242836791e-02 
108.400000 1.5166406966851948e-02 
108.600000 1.5166413597391041e-02 
108.800000 1.5166420130741430e-02 
109.000000 1.5166426563644673e-02 
109.200000 1.5166432893265852e-02 
109.400000 1.5166439117165300e-02 
109.600000 1.5166445233271259e-02 
109.800000 1.5166451239854748e-02 
110.000000 1.5166457135505393e-02 
110.200000 1.5166462919108418e-02 
110.400000 1.5166468589823710e-02 
110.600000 1.5166474147065323e-02 
110.800000 1.5166479590482526e-02 
111.000000 1.5166484919941919e-02 
111.200000 1.5166490135510458e-02 
111.400000 1.5166495237439662e-02 
111.600000 1.5166500226150684e-02 
111.800000 1.5166505102220094e-02 
112.000000 1.5166509866366964e-02 
112.200000 1.5166514519440080e-02 
112.400000 1.5166519062406738e-02 
112.600000 1.5166523496341462e-02 
112.800000 1.5166527822415812e-02 
113.000000 1.5166532041889069e-02 
113.200000 1.5166536156098894e-02 
113.400000 1.5166540166453210e-02 
113.600000 1.5166544074421971e-02 
113.800000 1.5166547881530110e-02 
114.000000 1.5166551589350725e-02 
114.200000 1.5166555199498307e-02 
114.400000 1.5166558713623267e-02 
114.600000 1.5166562133405880e-02 
114.800000 1.5166565460551576e-02 
115.000000 1.5166568696785725e-02 
115.200000 1.5166571843849464e-02 
115.400000 1.5166574903495485e-02 
115.600000 1.5166577877484117e-02 
115.800000 1.5166580767579940e-02 
116.000000 1.5166583575548426e-02 
116.200000 1.5166586303152893e-02 
116.400000 1.5166588952151828e-02 
116.600000 1.5166591524296346e-02 
116.800000 1.5166594021327787e-02 
117.000000 1.5166596444975632e-02 
117.200000 1.5166598796955408e-02 
117.400000 1.5166601078967411e-02 
117.600000 1.5166603292694338e-02 
117.800000 1.5166605439800550e-02 
118.000000 1.5166607521930347e-02 
118.200000 1.5166609540707036e-02 
118.400000 1.5166611497731670e-02 
118.600000 1.5166613394582362e-02 
118.800000 1.5166615232813338e-02 
119.000000 1.5166617013954152e-02 
119.200000 1.5166618739509426e-02 
119.400000 1.5166620410957878e-02 
119.600000 1.5166622029752138e-02 
119.800000 1.5166623597318397e-02 
120.000000 1.5166625115056087e-02 
120.200000 1.5166626584337598e-02 
120.400000 1.5166628006508228e-02 
120.600000 1.5166629382886052e-02 
120.800000 1.5166630714761663e-02 
121.000000 1.5166632003398815e-02 
121.200000 1.5166633250033389e-02 
121.400000 1.5166634455874684e-02 
121.600000 1.5166635622104671e-02 
121.800000 1.5166636749878644e-02 
122.000000 1.5166637840324978e-02 
122.200000 1.5166638894545909e-02 
122.400000 1.5166639913617278e-02 
122.600000 1.5166640898589148e-02 
122.800000 1.5166641850485805e-02 
123.000000 1.5166642770306306e-02 
123.200000 1.5166643659024757e-02 
123.400000 1.5166644517590607e-02 
123.600000 1.5166645346929006e-02 
123.800000 1.5166646147941330e-02 
124.000000 1.5166646921505170e-02 
124.200000 1.5166647668475291e-02 
124.400000 1.5166648389683606e-02 
124.600000 1.5166649085939628e-02 
124.800000 1.5166649758031088e-02 
125.000000 1.5166650406724110e-02 
125.200000 1.5166651032763786e-02 
125.400000 1.5166651636874617e-02 
125.600000 1.5166652219760777e-02 
125.800000 1.5166652782106479e-02 
126.000000 1.5166653324576927e-02 
126.200000 1.5166653847817940e-02 
126.400000 1.5166654352457022e-02 
126.600000 1.5166654839103429e-02 
126.800000 1.5166655308348763e-02 
127.000000 1.5166655760767103e-02 
127.200000 1.5166656196915887e-02 
127.400000 1.5166656617335787e-02 
127.600000 1.5166657022551600e-02 
127.800000 1.5166657413072198e-02 
128.000000 1.5166657789391179e-02 
128.200000 1.5166658151987224e-02 
128.400000 1.5166658501324443e-02 
128.600000 1.5166658837852693e-02 
128.800000 1.5166659162008048e-02 
129.000000 1.5166659474213097e-02 
129.200000 1.5166659774877286e-02 
129.400000 1.5166660064397245e-02 
129.600000 1.5166660343157314e-02 
129.800000 1.5166660611529610e-02 
130.000000 1.5166660869874588e-02 
130.200000 1.5166661118541157e-02 
130.400000 1.5166661357867236e-02 
130.600000 1.5166661588179817e-02 
130.800000 1.5166661809795416e-02 
131.000000 1.5166662023020342e-02 
131.200000 1.5166662228150938e-02 
131.400000 1.5166662425474046e-02 
131.600000 1.5166662615267059e-02 
131.800000 1.5166662797798174e-02 
132.000000 1.5166662973326989e-02 
132.200000 1.5166663142104325e-02 
132.400000 1.5166663304372887e-02 
132.600000 1.5166663460367187e-02 
132.800000 1.5166663610313885e-02 
133.000000 1.5166663754432303e-02 
133.200000 1.5166663892934066e-02 
133.400000 1.5166664026023848e-02 
133.600000 1.5166664153899412e-02 
133.800000 1.5166664276751779e-02 
134.000000 1.5166664394765434e-02 
134.200000 1.5166664508118705e-02 
134.400000 1.5166664616983577e-02 
134.600000 1.5166664721526411e-02 
134.800000 1.5166664821907511e-02 
135.000000 1.5166664918282021e-02 
135.200000 1.5166665010799356e-02 
135.400000 1.5166665099604003e-02 
135.600000 1.5166665184835164e-02 
135.800000 1.5166665266627362e-02 
136.000000 1.5166665345110363e-02 
136.200000 1.5166665420409304e-02 
136.400000 1.5166665492644867e-02 
136.600000 1.5166665561933678e-02 
136.800000 1.5166665628387969e-02 
137.000000 1.5166665692116083e-02 
137.200000 1.5166665753222517e-02 
137.400000 1.5166665811807983e-02 
137.600000 1.5166665867969548e-02 
137.800000 1.5166665921800927e-02 
138.000000 1.5166665973392255e-02 
138.200000 1.5166666022830467e-02 
138.400000 1.5166666070199347e-02 
138.600000 1.5166666115579656e-02 
138.800000 1.5166666159049200e-02 
139.000000 1.5166666200682893e-02 
139.200000 1.5166666240552755e-02 
139.400000 1.5166666278728530e-02 
139.600000 1.5166666315276913e-02 
139.800000 1.5166666350262452e-02 
140.000000 1.5166666383747140e-02 
140.200000 1.5166666415790777e-02 
140.400000 1.5166666446450613e-02 
140.600000 1.5166666475782183e-02 
140.800000 1.5166666503838610e-02 
141.000000 1.5166666530671098e-02 
141.200000 1.5166666556328888e-02 
141.400000 1.5166666580859410e-02 
141.600000 1.5166666604308056e-02 
141.800000 1.5166666626718832e-02 
142.000000 1.5166666648133684e-02 
142.200000 1.5166666668593105e-02 
142.400000 1.5166666688135955e-02 
142.600000 1.5166666706799713e-02 
142.800000 1.5166666724620090e-02 
143.000000 1.5166666741631698e-02 
143.200000 1.5166666757867538e-02 
143.400000 1.5166666773359471e-02 
143.600000 1.5166666788138003e-02 
143.800000 1.5166666802232467e-02 
144.000000 1.5166666815670957e-02 
144.200000 1.5166666828480450e-02 
144.400000 1.5166666840686712e-02 
144.600000 1.5166666852314497e-02 
144.800000 1.5166666863387314e-02 
145.000000 1.5166666873927866e-02 
145.200000 1.5166666883957772e-02 
145.400000 1.5166666893497894e-02 
145.600000 1.5166666902568160e-02 
145.800000 1.5166666911187699e-02 
146.000000 1.5166666919374825e-02 
146.200000 1.5166666927147231e-02 
146.400000 1.5166666934521853e-02 
146.600000 1.5166666941514938e-02 
146.800000 1.5166666948142175e-02 
147.000000 1.5166666954417879e-02 
147.200000 1.5166666960353977e-02 
147.400000 1.5166666965961804e-02 
147.600000 1.5166666971252856e-02 
147.800000 1.5166666976238819e-02 
148.000000 1.5166666980931253e-02 
148.200000 1.5166666985341594e-02 
148.400000 1.5166666989481329e-02 
148.600000 1.5166666993361708e-02 
148.800000 1.5166666996993788e-02 
149.000000 1.5166667000388550e-02 
149.200000 1.5166667003556606e-02 
149.400000 1.5166667006508414e-02 
149.600000 1.5166667009254127e-02 
149.800000 1.5166667011803688e-02 
