0.000000 1.4117101339345361e-01 
0.200000 1.4113951621636234e-01 
0.400000 1.4111398797273533e-01 
0.600000 1.4109390884288908e-01 
0.800000 1.4107874806062903e-01 
1.000000 1.4106794807480993e-01 
1.200000 1.4106089668903687e-01 
1.400000 1.4105677178869325e-01 
1.600000 1.4105495035205540e-01 
1.800000 1.4105405602996457e-01 
2.000000 1.4105267852893277e-01 
2.200000 1.4104803890441564e-01 
2.400000 1.4104021306014891e-01 
2.600000 1.4102961918222279e-01 
2.800000 1.4101689979934617e-01 
3.000000 1.4100282819033738e-01 
3.200000 1.4098819088964198e-01 
3.400000 1.4097359877709392e-01 
3.600000 1.4095441351247873e-01 
3.800000 1.4093548782608301e-01 
4.000000 1.4091725847220926e-01 
4.200000 1.4089978802848657e-01 
4.400000 1.4088290074228371e-01 
4.600000 1.4086619552517310e-01 
4.800000 1.4084917007604791e-01 
5.000000 1.4083130463940108e-01 
5.200000 1.4081205013262521e-01 
5.400000 1.4079101742267341e-01 
5.600000 1.4076800063605954e-01 
5.800000 1.4074291158397434e-01 
6.000000 1.4071574373603446e-01 
6.200000 1.4068654419437709e-01 
6.400000 1.4065538769164576e-01 
6.600000 1.4062234754583114e-01 
6.800000 1.4058749206039578e-01 
7.000000 1.4055082304087507e-01 
7.200000 1.4051227903232733e-01 
7.400000 1.4047176337220268e-01 
7.600000 1.4042915724608329e-01 
7.800000 1.4038433159348407e-01 
8.000000 1.4033715538623204e-01 
8.200000 1.4028750266077916e-01 
8.400000 1.4023525630288081e-01 
8.600000 1.4018031151297072e-01 
8.800000 1.4012257415929941e-01 
9.000000 1.4006195539054866e-01 
9.200000 1.3999836636638985e-01 
9.400000 1.3993171371317914e-01 
9.600000 1.3986189620203549e-01 
9.800000 1.3978880083762391e-01 
10.000000 1.3971229844123501e-01 
10.200000 1.3963224955022424e-01 
10.400000 1.3954850655230555e-01 
10.600000 1.3946091620142864e-01 
10.800000 1.3936931531916918e-01 
11.000000 1.3927353033830903e-01 
11.200000 1.3917337792809137e-01 
11.400000 1.3906866498920400e-01 
11.600000 1.3895918802978102e-01 
11.800000 1.3884473235811279e-01 
12.000000 1.3872507098299747e-01 
12.200000 1.3859996321494161e-01 
12.400000 1.3846915306768526e-01 
12.600000 1.3833236755168332e-01 
12.800000 1.3818931499569376e-01 
13.000000 1.3803968344124795e-01 
13.200000 1.3788313910923811e-01 
13.400000 1.3771932482304139e-01 
13.600000 1.3754785836399508e-01 
13.800000 1.3736833088843459e-01 
14.000000 1.3718030524969749e-01 
14.200000 1.3698331421760912e-01 
14.400000 1.3677685854794841e-01 
14.600000 1.3656040487811394e-01 
14.800000 1.3633338347419000e-01 
15.000000 1.3609518582981850e-01 
15.200000 1.3584516211038178e-01 
15.400000 1.3558261845267794e-01 
15.600000 1.3530681411662204e-01 
15.800000 1.3501695848670259e-01 
16.000000 1.3471220791864758e-01 
16.200000 1.3439166242203038e-01 
16.400000 1.3405436216434963e-01 
16.600000 1.3369928377917206e-01 
16.800000 1.3332533647571709e-01 
17.000000 1.3293135794300504e-01 
17.200000 1.3251611005698627e-01 
17.400000 1.3207827440753483e-01 
17.600000 1.3161644767940528e-01 
17.800000 1.3112913693471218e-01 
18.000000 1.3061475486115803e-01 
18.200000 1.3007161507230824e-01 
18.400000 1.2949792756367562e-01 
18.600000 1.2889179444868504e-01 
18.800000 1.2825120612273322e-01 
19.000000 1.2757403802521239e-01 
19.200000 1.2685804819106716e-01 
19.400000 1.2610087580398921e-01 
19.600000 1.2530004098203029e-01 
19.800000 1.2445294604119073e-01 
20.000000 1.2355687849154595e-01 
20.200000 1.2260901602639229e-01 
20.400000 1.2160643376034852e-01 
20.600000 1.2054611396330683e-01 
20.800000 1.1942495851963808e-01 
21.000000 1.1823980431860293e-01 
21.200000 1.1698744175270759e-01 
21.400000 1.1566463646692293e-01 
21.600000 1.1426815446526950e-01 
21.800000 1.1279479064244058e-01 
22.000000 1.1124140076712774e-01 
22.200000 1.0960493689941742e-01 
22.400000 1.0788248617551188e-01 
22.600000 1.0607131283547211e-01 
22.800000 1.0416890330015371e-01 
23.000000 1.0217301401858048e-01 
23.200000 1.0008172170315011e-01 
23.400000 9.7893475446343081e-02 
23.600000 9.5607150069424551e-02 
23.800000 9.3222099895307164e-02 
24.000000 9.0738211970458726e-02 
24.200000 8.8155957595169476e-02 
24.400000 8.5476440869253656e-02 
24.600000 8.2701442835256045e-02 
24.800000 7.9833459717131960e-02 
25.000000 7.6875733722047590e-02 
25.200000 7.3832274905939244e-02 
25.400000 7.0707872707015840e-02 
25.600000 6.7508095927148792e-02 
25.800000 6.4239280186929704e-02 
26.000000 6.0908502188864344e-02 
26.200000 5.7523540483509272e-02 
26.400000 5.4092822830101972e-02 
26.600000 5.0625360659296126e-02 
26.800000 4.7130671561222526e-02 
27.000000 4.3618691117982999e-02 
27.200000 4.0099675756835040e-02 
27.400000 3.6584098600753179e-02 
27.600000 3.3082540523291071e-02 
27.800000 2.9605578763262419e-02 
28.000000 2.6163675515676776e-02 
28.200000 2.2767068887387554e-02 
28.400000 1.9425668492371706e-02 
28.600000 1.6148957770731664e-02 
28.800000 1.2945904859526181e-02 
29.000000 9.8248835372939380e-03 
29.200000 6.7936054243059596e-03 
29.400000 3.8590642640440320e-03 
29.600000 1.0274927544841050e-03 
29.800000 -1.6956679454490642e-03 
30.000000 -4.3057862264174185e-03 
30.200000 -6.7990460315253687e-03 
30.400000 -9.1724415692984174e-03 
30.600000 -1.1423761653386433e-02 
30.800000 -1.3551564739355815e-02 
31.000000 -1.5555145838498707e-02 
31.200000 -1.7434496556033352e-02 
31.400000 -1.9190259529365594e-02 
31.600000 -2.0823678534935386e-02 
31.800000 -2.2336545493863769e-02 
32.000000 -2.3731145541288634e-02 
32.200000 -2.5010201237417373e-02 
32.400000 -2.6176816893954791e-02 
32.600000 -2.7234423873510938e-02 
32.800000 -2.8186727596075323e-02 
33.000000 -2.9037656860851246e-02 
33.200000 -2.9791315967346632e-02 
33.400000 -3.0451940000800537e-02 
33.600000 -3.1023853536109147e-02 
33.800000 -3.1511432914171356e-02 
34.000000 -3.1919072156135542e-02 
34.200000 -3.2251152504838121e-02 
34.400000 -3.2512015519810533e-02 
34.600000 -3.2705939600755074e-02 
34.800000 -3.2837119775264711e-02 
35.000000 -3.2909650557175429e-02 
35.200000 -3.2927511662157793e-02 
35.400000 -3.2894556355460569e-02 
35.600000 -3.2814502201687468e-02 
35.800000 -3.2690923986927967e-02 
36.000000 -3.2527248588799629e-02 
36.200000 -3.2326751578502289e-02 
36.400000 -3.2092555349817364e-02 
36.600000 -3.1827628583045109e-02 
36.800000 -3.1534786865475506e-02 
37.000000 -3.1216694304438408e-02 
37.200000 -3.0875865983153061e-02 
37.400000 -3.0514671123640480e-02 
37.600000 -3.0135336834353155e-02 
37.800000 -2.9739952332808961e-02 
38.000000 -2.9330473545356117e-02 
38.200000 -2.8908727997043360e-02 
38.400000 -2.8476419914878093e-02 
38.600000 -2.8035135476776274e-02 
38.800000 -2.7586348147075779e-02 
39.000000 -2.7131424047119101e-02 
39.200000 -2.6671627316644020e-02 
39.400000 -2.6208125427635454e-02 
39.600000 -2.5741994418592373e-02 
39.800000 -2.5274224021963720e-02 
40.000000 -2.4805722662365581e-02 
40.200000 -2.4337322307426634e-02 
40.400000 -2.3869783156662161e-02 
40.600000 -2.3403798157541900e-02 
40.800000 -2.2939997340324148e-02 
41.000000 -2.2478951966337424e-02 
41.200000 -2.2021178486420601e-02 
41.400000 -2.1567142308232035e-02 
41.600000 -2.1117261372983920e-02 
41.800000 -2.0671909543423961e-02 
42.000000 -2.0231419806248485e-02 
42.200000 -1.9796087293074915e-02 
42.400000 -1.9366172125008019e-02 
42.600000 -1.8941902086250240e-02 
42.800000 -1.8523475133020328e-02 
43.000000 -1.8111061744150725e-02 
43.200000 -1.7704807120120347e-02 
43.400000 -1.7304833237390960e-02 
43.600000 -1.6911240764920177e-02 
43.800000 -1.6524110849868712e-02 
44.000000 -1.6143506779304428e-02 
44.200000 -1.5769475524700427e-02 
44.400000 -1.5402049175802512e-02 
44.600000 -1.5041246270314002e-02 
44.800000 -1.4687073025698716e-02 
45.000000 -1.4339524478945070e-02 
45.200000 -1.3998585540249214e-02 
45.400000 -1.3664231966025897e-02 
45.600000 -1.3336431256556425e-02 
45.800000 -1.3015143483345010e-02 
46.000000 -1.2700322050947815e-02 
46.200000 -1.2391914397710480e-02 
46.400000 -1.2089862639875909e-02 
46.600000 -1.1794104162942604e-02 
46.800000 -1.1504572164208887e-02 
47.000000 -1.1221196149977519e-02 
47.200000 -1.0943902390870230e-02 
47.400000 -1.0672614338404468e-02 
47.600000 -1.0407253005698419e-02 
47.800000 -1.0147737315205685e-02 
48.000000 -9.8939844159232071e-03 
48.200000 -9.6459099724963970e-03 
48.400000 -9.4034284285628433e-03 
48.600000 -9.1664532462575332e-03 
48.800000 -8.9348971239283648e-03 
49.000000 -8.7086721937224831e-03 
49.200000 -8.4876902008754751e-03 
49.400000 -8.2718626660201189e-03 
49.600000 -8.0611010321109677e-03 
49.800000 -7.8553167972117699e-03 
50.000000 -7.6544216342258331e-03 
50.200000 -7.4583274989382387e-03 
50.400000 -7.2669467271524180e-03 
50.600000 -7.0801921219431907e-03 
50.800000 -6.8979770319911315e-03 
51.000000 -6.7202154215773580e-03 
51.200000 -6.5468219332150135e-03 
51.400000 -6.3777119433492957e-03 
51.600000 -6.2128016119021856e-03 
51.800000 -6.0520079262056103e-03 
52.000000 -5.8952487396574521e-03 
52.200000 -5.7424428059129062e-03 
52.400000 -5.5935098085888035e-03 
52.600000 -5.4483703873235700e-03 
52.800000 -5.3069461602286566e-03 
53.000000 -5.1691597431198083e-03 
53.200000 -5.0349347660345323e-03 
53.400000 -4.9041958869109753e-03 
53.600000 -4.7768688030828815e-03 
53.800000 -4.6528802605117214e-03 
54.000000 -4.5321580611035889e-03 
54.200000 -4.4146310682630779e-03 
54.400000 -4.3002292108432622e-03 
54.600000 -4.1888834856432383e-03 
54.800000 -4.0805259585521003e-03 
55.000000 -3.9750897645970396e-03 
55.200000 -3.8725091067604994e-03 
55.400000 -3.7727192539816906e-03 
55.600000 -3.6756565381364098e-03 
55.800000 -3.5812583502612128e-03 
56.000000 -3.4894631360949113e-03 
56.200000 -3.4002103908467862e-03 
56.400000 -3.3134406534649496e-03 
56.600000 -3.2290955003000804e-03 
56.800000 -3.1471175382746519e-03 
57.000000 -3.0674503976193673e-03 
57.200000 -2.9900387242033089e-03 
57.400000 -2.9148281714432289e-03 
57.600000 -2.8417653919337177e-03 
57.800000 -2.7707980287302730e-03 
58.000000 -2.7018747063452947e-03 
58.200000 -2.6349450215260029e-03 
58.400000 -2.5699595337206615e-03 
58.600000 -2.5068697554650604e-03 
58.800000 -2.4456281424043991e-03 
59.000000 -2.3861880832830723e-03 
59.200000 -2.3285038896858901e-03 
59.400000 -2.2725307856886340e-03 
59.600000 -2.2182248973128399e-03 
59.800000 -2.1655432419465381e-03 
60.000000 -2.1144437175823622e-03 
60.200000 -2.0648850919635919e-03 
60.400000 -2.0168269917141962e-03 
60.600000 -1.9702298913009397e-03 
60.800000 -1.9250551019788509e-03 
61.000000 -1.8812647606659821e-03 
61.200000 -1.8388218187840172e-03 
61.400000 -1.7976900309710497e-03 
61.600000 -1.7578339439004165e-03 
61.800000 -1.7192188849325801e-03 
62.000000 -1.6818109508277140e-03 
62.200000 -1.6455769964161954e-03 
62.400000 -1.6104846232075226e-03 
62.600000 -1.5765021681448388e-03 
62.800000 -1.5435986921404771e-03 
63.000000 -1.5117439688278472e-03 
63.200000 -1.4809084731906424e-03 
63.400000 -1.4510633702669584e-03 
63.600000 -1.4221805038510671e-03 
63.800000 -1.3942323852750155e-03 
64.000000 -1.3671921821455241e-03 
64.200000 -1.3410337071877027e-03 
64.400000 -1.3157314070783369e-03 
64.600000 -1.2912603513864293e-03 
64.800000 -1.2675962214923064e-03 
65.000000 -1.2447152996827235e-03 
65.200000 -1.2225944581191056e-03 
65.400000 -1.2012111480801113e-03 
65.600000 -1.1805433891172862e-03 
65.800000 -1.1605697583748978e-03 
66.000000 -1.1412693799473864e-03 
66.200000 -1.1226219143219626e-03 
66.400000 -1.1046075479143325e-03 
66.600000 -1.0872069826958278e-03 
66.800000 -1.0704014258977948e-03 
67.000000 -1.0541725798215787e-03 
67.200000 -1.0385026317608556e-03 
67.400000 -1.0233742439700461e-03 
67.600000 -1.0087705438258446e-03 
67.800000 -9.9467511398710490e-04 
68.000000 -9.8107198277661706e-04 
68.200000 -9.6794561457452799e-04 
68.400000 -9.5528090038168867e-04 
68.600000 -9.4306314851004547e-04 
68.800000 -9.3127807531673268e-04 
69.000000 -9.1991179613444551e-04 
69.200000 -9.0895081629921437e-04 
69.400000 -8.9838202228639807e-04 
69.600000 -8.8819267297194499e-04 
69.800000 -8.7837039101005404e-04 
70.000000 -8.6890315439890065e-04 
70.200000 -8.5977928807666471e-04 
70.400000 -8.5098745571859230e-04 
70.600000 -8.4251665163477540e-04 
70.800000 -8.3435619277907880e-04 
71.000000 -8.2649571093987295e-04 
71.200000 -8.1892514500394448e-04 
71.400000 -8.1163473336758052e-04 
71.600000 -8.0461500651344414e-04 
71.800000 -7.9785677965174551e-04 
72.000000 -7.9135114556023317e-04 
72.200000 -7.8508946749964587e-04 
72.400000 -7.7906337227489492e-04 
72.600000 -7.7326474344578677e-04 
72.800000 -7.6768571463623619e-04 
73.000000 -7.6231866299082685e-04 
73.200000 -7.5715620274822981e-04 
73.400000 -7.5219117896260096e-04 
73.600000 -7.4741666127513262e-04 
73.800000 -7.4282593795151064e-04 
74.000000 -7.3841250990863000e-04 
74.200000 -7.3417008490817004e-04 
74.400000 -7.3009257188930837e-04 
74.600000 -7.2617407545488150e-04 
74.800000 -7.2240889035379841e-04 
75.000000 -7.1879149622088023e-04 
75.200000 -7.1531655235453073e-04 
75.400000 -7.1197889260642827e-04 
75.600000 -7.0877352047685194e-04 
75.800000 -7.0569560416332278e-04 
76.000000 -7.0274047187744021e-04 
76.200000 -6.9990360719874439e-04 
76.400000 -6.9718064451207429e-04 
76.600000 -6.9456736460690727e-04 
76.800000 -6.9205969038303033e-04 
77.000000 -6.8965368255768933e-04 
77.200000 -6.8734553565312495e-04 
77.400000 -6.8513157392282448e-04 
77.600000 -6.8300824744552818e-04 
77.800000 -6.8097212834330317e-04 
78.000000 -6.7901990701763060e-04 
78.200000 -6.7714838855847254e-04 
78.400000 -6.7535448921952207e-04 
78.600000 -6.7363523293396954e-04 
78.800000 -6.7198774799594185e-04 
79.000000 -6.7040926380676491e-04 
79.200000 -6.6889710767541882e-04 
79.400000 -6.6744870173243709e-04 
79.600000 -6.6606155992523369e-04 
79.800000 -6.6473328506293228e-04 
80.000000 -6.6346156603278722e-04 
80.200000 -6.6224417494614718e-04 
80.400000 -6.6107896451515769e-04 
80.600000 -6.5996386537102436e-04 
80.800000 -6.5889688356170900e-04 
81.000000 -6.5787609806161607e-04 
81.200000 -6.5689965837675141e-04 
81.400000 -6.5596578218737878e-04 
81.600000 -6.5507275309419077e-04 
81.800000 -6.5421891841432184e-04 
82.000000 -6.5340268703231730e-04 
82.200000 -6.5262252734232806e-04 
82.400000 -6.5187696520453697e-04 
82.600000 -6.5116458200448896e-04 
82.800000 -6.5048401277092299e-04 
83.000000 -6.4983394429674740e-04 
83.200000 -6.4921311339346394e-04 
83.400000 -6.4862030511939756e-04 
83.600000 -6.4805435115624505e-04 
83.800000 -6.4751412810630515e-04 
84.000000 -6.4699855600344747e-04 
84.200000 -6.4650659669335253e-04 
84.400000 -6.4603725242954463e-04 
84.600000 -6.4558956442185150e-04 
84.800000 -6.4516261139092174e-04 
85.000000 -6.4475550830016964e-04 
85.200000 -6.4436740500540407e-04 
85.400000 -6.4399748504507387e-04 
85.600000 -6.4364496434928670e-04 
85.800000 -6.4330909009532866e-04 
86.000000 -6.4298913960546961e-04 
86.200000 -6.4268441917575414e-04 
86.400000 -6.4239426306136882e-04 
86.600000 -6.4211803238069243e-04 
86.800000 -6.4185511420789682e-04 
87.000000 -6.4160492051806850e-04 
87.200000 -6.4136688729914126e-04 
87.400000 -6.4114047366880395e-04 
87.600000 -6.4092516097118829e-04 
87.800000 -6.4072045192248295e-04 
88.000000 -6.4052586983820436e-04 
88.200000 -6.4034095784026857e-04 
88.400000 -6.4016527808443552e-04 
88.600000 -6.3999841103042077e-04 
88.800000 -6.3983995473784749e-04 
89.000000 -6.3968952420041109e-04 
89.200000 -6.3954675067006556e-04 
89.400000 -6.3941128104165468e-04 
89.600000 -6.3928277720640136e-04 
89.800000 -6.3916091551147886e-04 
90.000000 -6.3904538615388445e-04 
90.200000 -6.3893589264839290e-04 
90.400000 -6.3883215130205312e-04 
90.600000 -6.3873389067826969e-04 
90.800000 -6.3864085114726660e-04 
91.000000 -6.3855278437514179e-04 
91.200000 -6.3846945290862989e-04 
91.400000 -6.3839062968702731e-04 
91.600000 -6.3831609766871328e-04 
91.800000 -6.3824564937468159e-04 
92.000000 -6.3817908655571659e-04 
92.200000 -6.3811621977655913e-04 
92.400000 -6.3805686803003470e-04 
92.600000 -6.3800085846368870e-04 
92.800000 -6.3794802597486738e-04 
93.000000 -6.3789821291993648e-04 
93.200000 -6.3785126877789061e-04 
93.400000 -6.3780704988165154e-04 
93.600000 -6.3776541912135415e-04 
93.800000 -6.3772624567230707e-04 
94.000000 -6.3768940470456531e-04 
94.200000 -6.3765477714402413e-04 
94.400000 -6.3762224944935442e-04 
94.600000 -6.3759171335324438e-04 
94.800000 -6.3756306561696396e-04 
95.000000 -6.3753620786023008e-04 
95.200000 -6.3751104629970051e-04 
95.400000 -6.3748749161205570e-04 
95.600000 -6.3746545866356225e-04 
95.800000 -6.3744486641667542e-04 
96.000000 -6.3742563766708976e-04 
96.200000 -6.3740769891099808e-04 
96.400000 -6.3739098021653451e-04 
96.600000 -6.3737541499288286e-04 
96.800000 -6.3736093990077181e-04 
97.000000 -6.3734749467721924e-04 
97.200000 -6.3733502201957642e-04 
97.400000 -6.3732346742795959e-04 
97.600000 -6.3731277910515638e-04 
97.800000 -6.3730290781768839e-04 
98.000000 -6.3729380676894737e-04 
98.200000 -6.3728543153418471e-04 
98.400000 -6.3727773988243863e-04 
98.600000 -6.3727069176133105e-04 
98.800000 -6.3726424909456292e-04 
99.000000 -6.3725837579971939e-04 
99.200000 -6.3725303759928215e-04 
99.400000 -6.3724820199832777e-04 
99.600000 -6.3724383818998531e-04 
99.800000 -6.3723991696462701e-04 
100.000000 -6.3723641062632397e-04 
100.200000 -6.3723329294959608e-04 
100.400000 -6.3723053907754901e-04 
100.600000 -6.3722812549400765e-04 
100.800000 -6.3722602993747379e-04 
101.000000 -6.3722423130999073e-04 
101.200000 -6.3722270970126282e-04 
101.400000 -6.3722144623832438e-04 
101.600000 -6.3722042311838145e-04 
101.800000 -6.3721962349412575e-04 
102.000000 -6.3721903146010672e-04 
102.200000 -6.3721863200107143e-04 
102.400000 -6.3721841093820897e-04 
102.600000 -6.3721835489376211e-04 
102.800000 -6.3721845126628318e-04 
103.000000 -6.3721868816105781e-04 
103.200000 -6.3721905437151560e-04 
103.400000 -6.3721953935479136e-04 
103.600000 -6.3722013317735887e-04 
103.800000 -6.3722082649243783e-04 
104.000000 -6.3722161052847531e-04 
104.200000 -6.3722247702945045e-04 
104.400000 -6.3722341822342043e-04 
104.600000 -6.3722442686060810e-04 
104.800000 -6.3722549610706336e-04 
105.000000 -6.3722661955533527e-04 
105.200000 -6.3722779121564571e-04 
105.400000 -6.3722900547806549e-04 
105.600000 -6.3723025709915004e-04 
105.800000 -6.3723154117166503e-04 
106.000000 -6.3723285311274164e-04 
106.200000 -6.3723418867001752e-04 
106.400000 -6.3723554384424036e-04 
106.600000 -6.3723691494091406e-04 
106.800000 -6.3723829850013264e-04 
107.000000 -6.3723969133939323e-04 
107.200000 -6.3724109047110650e-04 
107.400000 -6.3724249316086251e-04 
107.600000 -6.3724389684945842e-04 
107.800000 -6.3724529920303891e-04 
108.000000 -6.3724669804014061e-04 
108.200000 -6.3724809137361699e-04 
108.400000 -6.3724947736697873e-04 
108.600000 -6.3725085434672424e-04 
108.800000 -6.3725222077443827e-04 
109.000000 -6.3725357524363480e-04 
109.200000 -6.3725491648876365e-04 
109.400000 -6.3725624335590758e-04 
109.600000 -6.3725755479930590e-04 
109.800000 -6.3725884988534431e-04 
110.000000 -6.3726012778161922e-04 
110.200000 -6.3726138773369245e-04 
110.400000 -6.3726262908791326e-04 
110.600000 -6.3726385125371932e-04 
110.800000 -6.3726505375027998e-04 
111.000000 -6.3726623613254846e-04 
111.200000 -6.3726739802374976e-04 
111.400000 -6.3726853913585735e-04 
111.600000 -6.3726965920706674e-04 
111.800000 -6.3727075804414363e-04 
112.000000 -6.3727183551085670e-04 
112.200000 -6.3727289148996641e-04 
112.400000 -6.3727392595213511e-04 
112.600000 -6.3727493884944975e-04 
112.800000 -6.3727593021589007e-04 
113.000000 -6.3727690009938304e-04 
113.200000 -6.3727784856073416e-04 
113.400000 -6.3727877575206482e-04 
113.600000 -6.3727968177882538e-04 
113.800000 -6.3728056680074918e-04 
114.000000 -6.3728143100300755e-04 
114.200000 -6.3728227458451081e-04 
114.400000 -6.3728309777494330e-04 
114.600000 -6.3728390080226155e-04 
114.800000 -6.3728468391530124e-04 
115.000000 -6.3728544736743609e-04 
115.200000 -6.3728619145403398e-04 
115.400000 -6.3728691643489405e-04 
115.600000 -6.3728762261827665e-04 
115.800000 -6.3728831029338795e-04 
116.000000 -6.3728897977666926e-04 
116.200000 -6.3728963137810180e-04 
116.400000 -6.3729026541352318e-04 
116.600000 -6.3729088221095576e-04 
116.800000 -6.3729148208710451e-04 
117.000000 -6.3729206538008787e-04 
117.200000 -6.3729263241046191e-04 
117.400000 -6.3729318350450037e-04 
117.600000 -6.3729371899703263e-04 
117.800000 -6.3729423921223688e-04 
118.000000 -6.3729474449635004e-04 
118.200000 -6.3729523516314890e-04 
118.400000 -6.3729571153636061e-04 
118.600000 -6.3729617394983618e-04 
118.800000 -6.3729662272472148e-04 
119.000000 -6.3729705817491128e-04 
119.200000 -6.3729748061892855e-04 
119.400000 -6.3729789036788553e-04 
119.600000 -6.3729828773492064e-04 
119.800000 -6.3729867303177756e-04 
120.000000 -6.3729904653794800e-04 
120.200000 -6.3729940857155248e-04 
120.400000 -6.3729975941833467e-04 
120.600000 -6.3730009936904808e-04 
120.800000 -6.3730042871117110e-04 
121.000000 -6.3730074771237849e-04 
121.200000 -6.3730105665681797e-04 
121.400000 -6.3730135582779068e-04 
121.600000 -6.3730164545308665e-04 
121.800000 -6.3730192583117545e-04 
122.000000 -6.3730219719487086e-04 
122.200000 -6.3730245980369443e-04 
122.400000 -6.3730271390078502e-04 
122.600000 -6.3730295971439754e-04 
122.800000 -6.3730319749817632e-04 
123.000000 -6.3730342746971119e-04 
123.200000 -6.3730364985949139e-04 
123.400000 -6.3730386489608409e-04 
123.600000 -6.3730407277086398e-04 
123.800000 -6.3730427372205023e-04 
124.000000 -6.3730446793130308e-04 
124.200000 -6.3730465560835059e-04 
124.400000 -6.3730483694675322e-04 
124.600000 -6.3730501213429130e-04 
124.800000 -6.3730518136818903e-04 
125.000000 -6.3730534482622087e-04 
125.200000 -6.3730550267751540e-04 
125.400000 -6.3730565510381615e-04 
125.600000 -6.3730580226727118e-04 
125.800000 -6.3730594432614279e-04 
126.000000 -6.3730608145782380e-04 
126.200000 -6.3730621380347907e-04 
126.400000 -6.3730634151108745e-04 
126.600000 -6.3730646473714875e-04 
126.800000 -6.3730658362216863e-04 
127.000000 -6.3730669830411313e-04 
127.200000 -6.3730680891965069e-04 
127.400000 -6.3730691559753944e-04 
127.600000 -6.3730701846868854e-04 
127.800000 -6.3730711765330739e-04 
128.000000 -6.3730721327522749e-04 
128.200000 -6.3730730544805936e-04 
128.400000 -6.3730739428653760e-04 
128.600000 -6.3730747990342618e-04 
128.800000 -6.3730756240380770e-04 
129.000000 -6.3730764190036981e-04 
129.200000 -6.3730771847995277e-04 
129.400000 -6.3730779225766587e-04 
129.600000 -6.3730786331079453e-04 
129.800000 -6.3730793173220890e-04 
130.000000 -6.3730799763130758e-04 
130.200000 -6.3730806107386434e-04 
130.400000 -6.3730812214540106e-04 
130.600000 -6.3730818094514391e-04 
130.800000 -6.3730823753663235e-04 
131.000000 -6.3730829200183553e-04 
131.200000 -6.3730834440711009e-04 
131.400000 -6.3730839483697177e-04 
131.600000 -6.3730844335334325e-04 
131.800000 -6.3730849002063827e-04 
132.000000 -6.3730853490309020e-04 
132.200000 -6.3730857807790114e-04 
132.400000 -6.3730861959223478e-04 
132.600000 -6.3730865951554944e-04 
132.800000 -6.3730869789176831e-04 
133.000000 -6.3730873478010791e-04 
133.200000 -6.3730877023969457e-04 
133.400000 -6.3730880432236181e-04 
133.600000 -6.3730883706761277e-04 
133.800000 -6.3730886853567703e-04 
134.000000 -6.3730889877015862e-04 
134.200000 -6.3730892780909654e-04 
134.400000 -6.3730895571393470e-04 
134.600000 -6.3730898250636409e-04 
134.800000 -6.3730900823198711e-04 
135.000000 -6.3730903293321428e-04 
135.200000 -6.3730905665265736e-04 
135.400000 -6.3730907942628756e-04 
135.600000 -6.3730910127477586e-04 
135.800000 -6.3730912225841430e-04 
136.000000 -6.3730914238491199e-04 
136.200000 -6.3730916169529167e-04 
136.400000 -6.3730918023604394e-04 
136.600000 -6.3730919800846636e-04 
136.800000 -6.3730921505932708e-04 
137.000000 -6.3730923141740864e-04 
137.200000 -6.3730924709735903e-04 
137.400000 -6.3730926212936939e-04 
137.600000 -6.3730927654154917e-04 
137.800000 -6.3730929036541484e-04 
138.000000 -6.3730930360634402e-04 
138.200000 -6.3730931629339682e-04 
138.400000 -6.3730932846593064e-04 
138.600000 -6.3730934011211465e-04 
138.800000 -6.3730935127771088e-04 
139.000000 -6.3730936197413379e-04 
139.200000 -6.3730937220753126e-04 
139.400000 -6.3730938201514431e-04 
139.600000 -6.3730939140089343e-04 
139.800000 -6.3730940039155581e-04 
140.000000 -6.3730940900010025e-04 
140.200000 -6.3730941723159906e-04 
140.400000 -6.3730942511568828e-04 
140.600000 -6.3730943265449813e-04 
140.800000 -6.3730943987086452e-04 
141.000000 -6.3730944676964468e-04 
141.200000 -6.3730945336112205e-04 
141.400000 -6.3730945968323849e-04 
141.600000 -6.3730946570881436e-04 
141.800000 -6.3730947147480621e-04 
142.000000 -6.3730947698390633e-04 
142.200000 -6.3730948224804268e-04 
142.400000 -6.3730948727934444e-04 
142.600000 -6.3730949208289089e-04 
142.800000 -6.3730949667323983e-04 
143.000000 -6.3730950106272860e-04 
143.200000 -6.3730950525218988e-04 
143.400000 -6.3730950923342883e-04 
143.600000 -6.3730951304800942e-04 
143.800000 -6.3730951668371227e-04 
144.000000 -6.3730952014869752e-04 
144.200000 -6.3730952345489311e-04 
144.400000 -6.3730952660094597e-04 
144.600000 -6.3730952960743686e-04 
144.800000 -6.3730953246642769e-04 
145.000000 -6.3730953518888883e-04 
145.200000 -6.3730953777089983e-04 
145.400000 -6.3730954023419328e-04 
145.600000 -6.3730954257524425e-04 
145.800000 -6.3730954479639806e-04 
146.000000 -6.3730954691609831e-04 
146.200000 -6.3730954893596176e-04 
146.400000 -6.3730955086624408e-04 
146.600000 -6.3730955269546835e-04 
146.800000 -6.3730955443674214e-04 
147.000000 -6.3730955607286394e-04 
147.200000 -6.3730955759255803e-04 
147.400000 -6.3730955900915404e-04 
147.600000 -6.3730956033281744e-04 
147.800000 -6.3730956155766405e-04 
148.000000 -6.3730956271623729e-04 
148.200000 -6.3730956388897975e-04 
148.400000 -6.3730956514347625e-04 
148.600000 -6.3730956632013225e-04 
148.800000 -6.3730956729322885e-04 
149.000000 -6.3730956812091399e-04 
149.200000 -6.3730956885400813e-04 
149.400000 -6.3730956947431749e-04 
149.600000 -6.3730957003352989e-04 
149.800000 -6.3730957050498610e-04 
