0.000000 1.4118023307707983e-01 
0.200000 1.4114599730017485e-01 
0.400000 1.4111809434371492e-01 
0.600000 1.4109599587599198e-01 
0.800000 1.4107897602893815e-01 
1.000000 1.4106670950110134e-01 
1.200000 1.4105860147096516e-01 
1.400000 1.4105398977242134e-01 
1.600000 1.4105212646942289e-01 
1.800000 1.4105163747488580e-01 
2.000000 1.4105112519499874e-01 
2.200000 1.4104759756340346e-01 
2.400000 1.4104097473752886e-01 
2.600000 1.4103155098034981e-01 
2.800000 1.4101985308955001e-01 
3.000000 1.4100659630600976e-01 
3.200000 1.4099254454509036e-01 
3.400000 1.4097832812349631e-01 
3.600000 1.4095913283143824e-01 
3.800000 1.4093998752276971e-01 
4.000000 1.4092147207526629e-01 
4.200000 1.4090373999579342e-01 
4.400000 1.4088668254109438e-01 
4.600000 1.4086994448401147e-01 
4.800000 1.4085305985356456e-01 
5.000000 1.4083549802443152e-01 
5.200000 1.4081670905687516e-01 
5.400000 1.4079624512251288e-01 
5.600000 1.4077384369876800e-01 
5.800000 1.4074938696413564e-01 
6.000000 1.4072284669934076e-01 
6.200000 1.4069425764047772e-01 
6.400000 1.4066368913683480e-01 
6.600000 1.4063121602016282e-01 
6.800000 1.4059691091219650e-01 
7.000000 1.4056079619622475e-01 
7.200000 1.4052282737006294e-01 
7.400000 1.4048291525080114e-01 
7.600000 1.4044094627496861e-01 
7.800000 1.4039679286395723e-01 
8.000000 1.4035032308271722e-01 
8.200000 1.4030140834370830e-01 
8.400000 1.4024992835900418e-01 
8.600000 1.4019577485039625e-01 
8.800000 1.4013885130343540e-01 
9.000000 1.4007906821195371e-01 
9.200000 1.4001633744387743e-01 
9.400000 1.3995056751226920e-01 
9.600000 1.3988165992901169e-01 
9.800000 1.3980950489137944e-01 
10.000000 1.3973397614078098e-01 
10.200000 1.3965493735780310e-01 
10.400000 1.3957224410051361e-01 
10.600000 1.3948574625119969e-01 
10.800000 1.3939528350200292e-01 
11.000000 1.3930068498096970e-01 
11.200000 1.3920177000980272e-01 
11.400000 1.3909834824647416e-01 
11.600000 1.3899021925778166e-01 
11.800000 1.3887717169590308e-01 
12.000000 1.3875898223972016e-01 
12.200000 1.3863541427664283e-01 
12.400000 1.3850621634710958e-01 
12.600000 1.3837112044873778e-01 
12.800000 1.3822984034362107e-01 
13.000000 1.3808206994345507e-01 
13.200000 1.3792748176391789e-01 
13.400000 1.3776572537537168e-01 
13.600000 1.3759642577993547e-01 
13.800000 1.3741918182094048e-01 
14.000000 1.3723356453730284e-01 
14.200000 1.3703911540878067e-01 
14.400000 1.3683534446777113e-01 
14.600000 1.3662172824148933e-01 
14.800000 1.3639770753790459e-01 
15.000000 1.3616268508456431e-01 
15.200000 1.3591602301669015e-01 
15.400000 1.3565704021821345e-01 
15.600000 1.3538500951691634e-01 
15.800000 1.3509915473160194e-01 
16.000000 1.3479864756509197e-01 
16.200000 1.3448260433649262e-01 
16.400000 1.3415008253912764e-01 
16.600000 1.3380007720526377e-01 
16.800000 1.3343151707315215e-01 
17.000000 1.3304326054915550e-01 
17.200000 1.3263409147018901e-01 
17.400000 1.3220271467940858e-01 
17.600000 1.3174775144500028e-01 
17.800000 1.3126773476557185e-01 
18.000000 1.3076110462148693e-01 
18.200000 1.3022620325110235e-01 
18.400000 1.2966127055100607e-01 
18.600000 1.2906443971923698e-01 
18.800000 1.2843373328225904e-01 
19.000000 1.2776705966906421e-01 
19.200000 1.2706221051793576e-01 
19.400000 1.2631685892252587e-01 
19.600000 1.2552855884293246e-01 
19.800000 1.2469474592346796e-01 
20.000000 1.2381273996984277e-01 
20.200000 1.2287974934530632e-01 
20.400000 1.2189287754349831e-01 
20.600000 1.2084913218838245e-01 
20.800000 1.1974543669636739e-01 
21.000000 1.1857864481386660e-01 
21.200000 1.1734555821578163e-01 
21.400000 1.1604294731797626e-01 
21.600000 1.1466757542082218e-01 
21.800000 1.1321622626300065e-01 
22.000000 1.1168573502396018e-01 
22.200000 1.1007302277076958e-01 
22.400000 1.0837513429725210e-01 
22.600000 1.0658927924829653e-01 
22.800000 1.0471287635716919e-01 
23.000000 1.0274360054273357e-01 
23.200000 1.0067943251573253e-01 
23.400000 9.8518710424617684e-02 
23.600000 9.6260182933924798e-02 
23.800000 9.3903062973553331e-02 
24.000000 9.1447081231190275e-02 
24.200000 8.8892538293411150e-02 
24.400000 8.6240354183171442e-02 
24.600000 8.3492113907472687e-02 
24.800000 8.0650107531827220e-02 
25.000000 7.7717363251246785e-02 
25.200000 7.4697671942025812e-02 
25.400000 7.1595601761328176e-02 
25.600000 6.8416501517221007e-02 
25.800000 6.5166491758216427e-02 
26.000000 6.1852442823323250e-02 
26.200000 5.8481939440718445e-02 
26.400000 5.5063231851433470e-02 
26.600000 5.1605173846815511e-02 
26.800000 4.8117148526597875e-02 
27.000000 4.4608982987777490e-02 
27.200000 4.1090853524587967e-02 
27.400000 3.7573183238054253e-02 
27.600000 3.4066534205076104e-02 
27.800000 3.0581496529470842e-02 
28.000000 2.7128576683623340e-02 
28.200000 2.3718087546457212e-02 
28.400000 2.0360042453317129e-02 
28.600000 1.7064055403521405e-02 
28.800000 1.3839249332179726e-02 
29.000000 1.0694174059251771e-02 
29.200000 7.6367351966952768e-03 
29.400000 4.6741349410059918e-03 
29.600000 1.8128253199972688e-03 
29.800000 -9.4152588574303309e-04 
30.000000 -3.5840566521364581e-03 
30.200000 -6.1107200508763171e-03 
30.400000 -8.5182820721716457e-03 
30.600000 -1.0804308796064754e-02 
30.800000 -1.2967143943742321e-02 
31.000000 -1.5005877962456893e-02 
31.200000 -1.6920309876476969e-02 
31.400000 -1.8710903175765847e-02 
31.600000 -2.0378737016462312e-02 
31.800000 -2.1925453977185594e-02 
32.000000 -2.3353205557335222e-02 
32.200000 -2.4664596521851490e-02 
32.400000 -2.5862629097388123e-02 
32.600000 -2.6950647911232695e-02 
32.800000 -2.7932286442640897e-02 
33.000000 -2.8811415630508375e-02 
33.200000 -2.9592095156119935e-02 
33.400000 -3.0278527799021626e-02 
33.600000 -3.0875017150533091e-02 
33.800000 -3.1385928866149548e-02 
34.000000 -3.1815655545902599e-02 
34.200000 -3.2168585252444148e-02 
34.400000 -3.2449073609487011e-02 
34.600000 -3.2661419369097167e-02 
34.800000 -3.2809843293327479e-02 
35.000000 -3.2898470163989280e-02 
35.200000 -3.2931313711808574e-02 
35.400000 -3.2912264242533129e-02 
35.600000 -3.2845078730412092e-02 
35.800000 -3.2733373148940648e-02 
36.000000 -3.2580616812466157e-02 
36.200000 -3.2390128509898308e-02 
36.400000 -3.2165074222347600e-02 
36.600000 -3.1908466228666055e-02 
36.800000 -3.1623163416710343e-02 
37.000000 -3.1311872632057369e-02 
37.200000 -3.0977150910591833e-02 
37.400000 -3.0621408455127730e-02 
37.600000 -3.0246912230113554e-02 
37.800000 -2.9855790061118159e-02 
38.000000 -2.9450035137959241e-02 
38.200000 -2.9031510831553253e-02 
38.400000 -2.8601955744825214e-02 
38.600000 -2.8162988927523225e-02 
38.800000 -2.7716115193549384e-02 
39.000000 -2.7262730487118247e-02 
39.200000 -2.6804127251556453e-02 
39.400000 -2.6341499760726084e-02 
39.600000 -2.5875949379423446e-02 
39.800000 -2.5408489724054850e-02 
40.000000 -2.4940051699947008e-02 
40.200000 -2.4471488396017260e-02 
40.400000 -2.4003579821165966e-02 
40.600000 -2.3537037470628686e-02 
40.800000 -2.3072508713107620e-02 
41.000000 -2.2610580992596607e-02 
41.200000 -2.2151785841055038e-02 
41.400000 -2.1696602700098211e-02 
41.600000 -2.1245462551758354e-02 
41.800000 -2.0798751359798751e-02 
42.000000 -2.0356813324469425e-02 
42.200000 -1.9919953954499914e-02 
42.400000 -1.9488442961185848e-02 
42.600000 -1.9062516979841071e-02 
42.800000 -1.8642382124847201e-02 
43.000000 -1.8228216384410523e-02 
43.200000 -1.7820171861886391e-02 
43.400000 -1.7418376870376784e-02 
43.600000 -1.7022937887615941e-02 
43.800000 -1.6633941377989014e-02 
44.000000 -1.6251455488700550e-02 
44.200000 -1.5875531626710571e-02 
44.400000 -1.5506205923303318e-02 
44.600000 -1.5143500592592063e-02 
44.800000 -1.4787425190377040e-02 
45.000000 -1.4437977779392264e-02 
45.200000 -1.4095146006715242e-02 
45.400000 -1.3758908099066519e-02 
45.600000 -1.3429233781246580e-02 
45.800000 -1.3106085122859740e-02 
46.000000 -1.2789417318173985e-02 
46.200000 -1.2479179403715929e-02 
46.400000 -1.2175314917917207e-02 
46.600000 -1.1877762507027739e-02 
46.800000 -1.1586456481012336e-02 
47.000000 -1.1301327323252092e-02 
47.200000 -1.1022302157363634e-02 
47.400000 -1.0749305174380969e-02 
47.600000 -1.0482258023294944e-02 
47.800000 -1.0221080167864854e-02 
48.000000 -9.9656892121288976e-03 
48.200000 -9.7160011972908245e-03 
48.400000 -9.4719308720090656e-03 
48.600000 -9.2333919385365892e-03 
48.800000 -9.0002972762888156e-03 
49.000000 -8.7725591450270035e-03 
49.200000 -8.5500893690738378e-03 
49.400000 -8.3327995043095404e-03 
49.600000 -8.1206009892708653e-03 
49.800000 -7.9134052817986800e-03 
50.000000 -7.7111239823333400e-03 
50.200000 -7.5136689451633654e-03 
50.400000 -7.3209523784833475e-03 
50.600000 -7.1328869343986467e-03 
50.800000 -6.9493857896372746e-03 
51.000000 -6.7703627178697101e-03 
51.200000 -6.5957321542661762e-03 
51.400000 -6.4254092531657314e-03 
51.600000 -6.2593099392266316e-03 
51.800000 -6.0973509529248793e-03 
52.000000 -5.9394498906315124e-03 
52.200000 -5.7855252399931223e-03 
52.400000 -5.6354964108906030e-03 
52.600000 -5.4892837624678920e-03 
52.800000 -5.3468086265393705e-03 
53.000000 -5.2079933277549423e-03 
53.200000 -5.0727612007485934e-03 
53.400000 -4.9410366047170085e-03 
53.600000 -4.8127449353841806e-03 
53.800000 -4.6878126349045035e-03 
54.000000 -4.5661671997096337e-03 
54.200000 -4.4477371864867221e-03 
54.400000 -4.3324522165929524e-03 
54.600000 -4.2202429789497398e-03 
54.800000 -4.1110412315314565e-03 
55.000000 -4.0047798017039810e-03 
55.200000 -3.9013925854011616e-03 
55.400000 -3.8008145453069103e-03 
55.600000 -3.7029817081419142e-03 
55.800000 -3.6078311610918679e-03 
56.000000 -3.5153010474737317e-03 
56.200000 -3.4253305617870516e-03 
56.400000 -3.3378599440692241e-03 
56.600000 -3.2528304737129005e-03 
56.800000 -3.1701844627942677e-03 
57.000000 -3.0898652489077943e-03 
57.200000 -3.0118171876361427e-03 
57.400000 -2.9359856444918786e-03 
57.600000 -2.8623169867029175e-03 
57.800000 -2.7907585745432090e-03 
58.000000 -2.7212587524197834e-03 
58.200000 -2.6537668396875713e-03 
58.400000 -2.5882331212315479e-03 
58.600000 -2.5246088378171466e-03 
58.800000 -2.4628461762663117e-03 
59.000000 -2.4028982594255094e-03 
59.200000 -2.3447191359812908e-03 
59.400000 -2.2882637700990804e-03 
59.600000 -2.2334880309893973e-03 
59.800000 -2.1803486822915275e-03 
60.000000 -2.1288033713606769e-03 
60.200000 -2.0788106184488758e-03 
60.400000 -2.0303298058687858e-03 
60.600000 -1.9833211669148115e-03 
60.800000 -1.9377457749019389e-03 
61.000000 -1.8935655320099914e-03 
61.200000 -1.8507431581246681e-03 
61.400000 -1.8092421796402081e-03 
61.600000 -1.7690269181696167e-03 
61.800000 -1.7300624793146341e-03 
62.000000 -1.6923147412958722e-03 
62.200000 -1.6557503436799292e-03 
62.400000 -1.6203366759900001e-03 
62.600000 -1.5860418663974918e-03 
62.800000 -1.5528347703696599e-03 
63.000000 -1.5206849592919736e-03 
63.200000 -1.4895627091716518e-03 
63.400000 -1.4594389893212989e-03 
63.600000 -1.4302854510526986e-03 
63.800000 -1.4020744164226356e-03 
64.000000 -1.3747788669990491e-03 
64.200000 -1.3483724326436020e-03 
64.400000 -1.3228293803895577e-03 
64.600000 -1.2981246033358720e-03 
64.800000 -1.2742336095401263e-03 
65.000000 -1.2511325110799859e-03 
65.200000 -1.2287980130870069e-03 
65.400000 -1.2072074028779481e-03 
65.600000 -1.1863385391324491e-03 
65.800000 -1.1661698411863999e-03 
66.000000 -1.1466802783392724e-03 
66.200000 -1.1278493593251671e-03 
66.400000 -1.1096571217561954e-03 
66.600000 -1.0920841218123728e-03 
66.800000 -1.0751114238129189e-03 
67.000000 -1.0587205901001484e-03 
67.200000 -1.0428936708294506e-03 
67.400000 -1.0276131940177013e-03 
67.600000 -1.0128621555682213e-03 
67.800000 -9.9862400949624064e-04 
68.000000 -9.8488265820640547e-04 
68.200000 -9.7162244288467176e-04 
68.400000 -9.5882813403282141e-04 
68.600000 -9.4648492210247515e-04 
68.800000 -9.3457840823558264e-04 
69.000000 -9.2309459511446396e-04 
69.200000 -9.1201987797098066e-04 
69.400000 -9.0134103570448099e-04 
69.600000 -8.9104522208231091e-04 
69.800000 -8.8111995709733854e-04 
70.000000 -8.7155311849803491e-04 
70.200000 -8.6233293334200822e-04 
70.400000 -8.5344796974159282e-04 
70.600000 -8.4488712877011513e-04 
70.800000 -8.3663963636908950e-04 
71.000000 -8.2869503556892016e-04 
71.200000 -8.2104317865120541e-04 
71.400000 -8.1367421959525205e-04 
71.600000 -8.0657860653816915e-04 
71.800000 -7.9974707444521731e-04 
72.000000 -7.9317063786330660e-04 
72.200000 -7.8684058384263095e-04 
72.400000 -7.8074846492250799e-04 
72.600000 -7.7488609234969280e-04 
72.800000 -7.6924552928580442e-04 
73.000000 -7.6381908429888623e-04 
73.200000 -7.5859930485296795e-04 
73.400000 -7.5357897100031962e-04 
73.600000 -7.4875108914964489e-04 
73.800000 -7.4410888601114666e-04 
74.000000 -7.3964580264245655e-04 
74.200000 -7.3535548857346644e-04 
74.400000 -7.3123179614045797e-04 
74.600000 -7.2726877486141428e-04 
74.800000 -7.2346066599376230e-04 
75.000000 -7.1980189713817533e-04 
75.200000 -7.1628707705975736e-04 
75.400000 -7.1291099050563300e-04 
75.600000 -7.0966859324637227e-04 
75.800000 -7.0655500716900604e-04 
76.000000 -7.0356551549356078e-04 
76.200000 -7.0069555809539052e-04 
76.400000 -6.9794072696842402e-04 
76.600000 -6.9529676173990529e-04 
76.800000 -6.9275954534413209e-04 
77.000000 -6.9032509977705325e-04 
77.200000 -6.8798958196009813e-04 
77.400000 -6.8574927967367943e-04 
77.600000 -6.8360060765413483e-04 
77.800000 -6.8154010371251905e-04 
78.000000 -6.7956442504669284e-04 
78.200000 -6.7767034450310487e-04 
78.400000 -6.7585474712050786e-04 
78.600000 -6.7411462658122784e-04 
78.800000 -6.7244708188475555e-04 
79.000000 -6.7084931403486175e-04 
79.200000 -6.6931862285028038e-04 
79.400000 -6.6785240384230338e-04 
79.600000 -6.6644814516320788e-04 
79.800000 -6.6510342470358502e-04 
80.000000 -6.6381590717900368e-04 
80.200000 -6.6258334134322583e-04 
80.400000 -6.6140355728727673e-04 
80.600000 -6.6027446377324439e-04 
80.800000 -6.5919404569640683e-04 
81.000000 -6.5816036158356656e-04 
81.200000 -6.5717154113475312e-04 
81.400000 -6.5622578293036277e-04 
81.600000 -6.5532135205408071e-04 
81.800000 -6.5445657797599810e-04 
82.000000 -6.5362985230784515e-04 
82.200000 -6.5283962675980606e-04 
82.400000 -6.5208441106136966e-04 
82.600000 -6.5136277106445789e-04 
82.800000 -6.5067332674957623e-04 
83.000000 -6.5001475038832524e-04 
83.200000 -6.4938576478944243e-04 
83.400000 -6.4878514148510730e-04 
83.600000 -6.4821169909594356e-04 
83.800000 -6.4766430162020022e-04 
84.000000 -6.4714185693990484e-04 
84.200000 -6.4664331518789198e-04 
84.400000 -6.4616766730551944e-04 
84.600000 -6.4571394356777861e-04 
84.800000 -6.4528121220695095e-04 
85.000000 -6.4486857804572917e-04 
85.200000 -6.4447518115990504e-04 
85.400000 -6.4410019565120519e-04 
85.600000 -6.4374282837881963e-04 
85.800000 -6.4340231779267537e-04 
86.000000 -6.4307793276476011e-04 
86.200000 -6.4276897149209700e-04 
86.400000 -6.4247476037970763e-04 
86.600000 -6.4219465306139534e-04 
86.800000 -6.4192802932101778e-04 
87.000000 -6.4167429418562905e-04 
87.200000 -6.4143287691826451e-04 
87.400000 -6.4120323017164554e-04 
87.600000 -6.4098482906190662e-04 
87.800000 -6.4077717034137505e-04 
88.000000 -6.4057977156339180e-04 
88.200000 -6.4039217031457152e-04 
88.400000 -6.4021392340462419e-04 
88.600000 -6.4004460620747244e-04 
88.800000 -6.3988381184058862e-04 
89.000000 -6.3973115057650715e-04 
89.200000 -6.3958624911941708e-04 
89.400000 -6.3944874999202761e-04 
89.600000 -6.3931831089846652e-04 
89.800000 -6.3919460413979640e-04 
90.000000 -6.3907731605712670e-04 
90.200000 -6.3896614643695754e-04 
90.400000 -6.3886080799926276e-04 
90.600000 -6.3876102590119249e-04 
90.800000 -6.3866653721446343e-04 
91.000000 -6.3857709044776167e-04 
91.200000 -6.3849244510306297e-04 
91.400000 -6.3841237123300060e-04 
91.600000 -6.3833664898428621e-04 
91.800000 -6.3826506822420997e-04 
92.000000 -6.3819742811584146e-04 
92.200000 -6.3813353676487466e-04 
92.400000 -6.3807321081826157e-04 
92.600000 -6.3801627514375320e-04 
92.800000 -6.3796256247939526e-04 
93.000000 -6.3791191308382872e-04 
93.200000 -6.3786417446323046e-04 
93.400000 -6.3781920105338702e-04 
93.600000 -6.3777685390645905e-04 
93.800000 -6.3773700042383391e-04 
94.000000 -6.3769951411930120e-04 
94.200000 -6.3766427433304546e-04 
94.400000 -6.3763116595599162e-04 
94.600000 -6.3760007925328654e-04 
94.800000 -6.3757090959361967e-04 
95.000000 -6.3754355723949496e-04 
95.200000 -6.3751792712574140e-04 
95.400000 -6.3749392868236998e-04 
95.600000 -6.3747147562285417e-04 
95.800000 -6.3745048575662711e-04 
96.000000 -6.3743088081019694e-04 
96.200000 -6.3741258625948233e-04 
96.400000 -6.3739553116393816e-04 
96.600000 -6.3737964800886227e-04 
96.800000 -6.3736487256665225e-04 
97.000000 -6.3735114369224688e-04 
97.200000 -6.3733840326907210e-04 
97.400000 -6.3732659602111497e-04 
97.600000 -6.3731566939558698e-04 
97.800000 -6.3730557344449101e-04 
98.000000 -6.3729626069591178e-04 
98.200000 -6.3728768605954972e-04 
98.400000 -6.3727980671347134e-04 
98.600000 -6.3727258196824565e-04 
98.800000 -6.3726597322640716e-04 
99.000000 -6.3725994383447004e-04 
99.200000 -6.3725445902190758e-04 
99.400000 -6.3724948579798463e-04 
99.600000 -6.3724499287640124e-04 
99.800000 -6.3724095062260566e-04 
100.000000 -6.3723733090405993e-04 
100.200000 -6.3723410708964312e-04 
100.400000 -6.3723125394915536e-04 
100.600000 -6.3722874759055553e-04 
100.800000 -6.3722656539875328e-04 
101.000000 -6.3722468596601883e-04 
101.200000 -6.3722308902935260e-04 
101.400000 -6.3722175545202764e-04 
101.600000 -6.3722066712298964e-04 
101.800000 -6.3721980693149521e-04 
102.000000 -6.3721915871788742e-04 
102.200000 -6.3721870720696155e-04 
102.400000 -6.3721843800090133e-04 
102.600000 -6.3721833749072476e-04 
102.800000 -6.3721839285991316e-04 
103.000000 -6.3721859201661124e-04 
103.200000 -6.3721892357141569e-04 
103.400000 -6.3721937679719898e-04 
103.600000 -6.3721994158891931e-04 
103.800000 -6.3722060843838385e-04 
104.000000 -6.3722136841759536e-04 
104.200000 -6.3722221311417887e-04 
104.400000 -6.3722313464065206e-04 
104.600000 -6.3722412558992608e-04 
104.800000 -6.3722517901215053e-04 
105.000000 -6.3722628839047585e-04 
105.200000 -6.3722744761123690e-04 
105.400000 -6.3722865098023856e-04 
105.600000 -6.3722989312444550e-04 
105.800000 -6.3723116906626298e-04 
106.000000 -6.3723247411780204e-04 
106.200000 -6.3723380394453688e-04 
106.400000 -6.3723515447488416e-04 
106.600000 -6.3723652192263641e-04 
106.800000 -6.3723790278159137e-04 
107.000000 -6.3723929377071387e-04 
107.200000 -6.3724069187397897e-04 
107.400000 -6.3724209426040818e-04 
107.600000 -6.3724349834434063e-04 
107.800000 -6.3724490171608583e-04 
108.000000 -6.3724630215863942e-04 
108.200000 -6.3724769762733835e-04 
108.400000 -6.3724908624869514e-04 
108.600000 -6.3725046629299620e-04 
108.800000 -6.3725183620461784e-04 
109.000000 -6.3725319453213775e-04 
109.200000 -6.3725453997091897e-04 
109.400000 -6.3725587133028200e-04 
109.600000 -6.3725718754390620e-04 
109.800000 -6.3725848764942250e-04 
110.000000 -6.3725977076546647e-04 
110.200000 -6.3726103614154123e-04 
110.400000 -6.3726228308030874e-04 
110.600000 -6.3726351099101242e-04 
110.800000 -6.3726471934145990e-04 
111.000000 -6.3726590768966446e-04 
111.200000 -6.3726707564217000e-04 
111.400000 -6.3726822288590057e-04 
111.600000 -6.3726934914183631e-04 
111.800000 -6.3727045421480694e-04 
112.000000 -6.3727153793928515e-04 
112.200000 -6.3727260020262494e-04 
112.400000 -6.3727364094241096e-04 
112.600000 -6.3727466011677392e-04 
112.800000 -6.3727565773920303e-04 
113.000000 -6.3727663386070610e-04 
113.200000 -6.3727758853353300e-04 
113.400000 -6.3727852188119605e-04 
113.600000 -6.3727943401870740e-04 
113.800000 -6.3728032510664695e-04 
114.000000 -6.3728119531562127e-04 
114.200000 -6.3728204485158368e-04 
114.400000 -6.3728287391090488e-04 
114.600000 -6.3728368274344055e-04 
114.800000 -6.3728447157639784e-04 
115.000000 -6.3728524068082382e-04 
115.200000 -6.3728599031850908e-04 
115.400000 -6.3728672077888182e-04 
115.600000 -6.3728743234900409e-04 
115.800000 -6.3728812532656137e-04 
116.000000 -6.3728880001193838e-04 
116.200000 -6.3728945673281051e-04 
116.400000 -6.3729009579560625e-04 
116.600000 -6.3729071750971700e-04 
116.800000 -6.3729132221464202e-04 
117.000000 -6.3729191023700199e-04 
117.200000 -6.3729248190609600e-04 
117.400000 -6.3729303753457672e-04 
117.600000 -6.3729357747783349e-04 
117.800000 -6.3729410205153741e-04 
118.000000 -6.3729461158024830e-04 
118.200000 -6.3729510641044596e-04 
118.400000 -6.3729558684015586e-04 
118.600000 -6.3729605322527388e-04 
118.800000 -6.3729650587308201e-04 
119.000000 -6.3729694511448221e-04 
119.200000 -6.3729737124242763e-04 
119.400000 -6.3729778459783309e-04 
119.600000 -6.3729818547718364e-04 
119.800000 -6.3729857419513036e-04 
120.000000 -6.3729895103869366e-04 
120.200000 -6.3729931632212217e-04 
120.400000 -6.3729967034110296e-04 
120.600000 -6.3730001338242748e-04 
120.800000 -6.3730034571868321e-04 
121.000000 -6.3730066765148308e-04 
121.200000 -6.3730097944960512e-04 
121.400000 -6.3730128137220315e-04 
121.600000 -6.3730157369458473e-04 
121.800000 -6.3730185668384870e-04 
122.000000 -6.3730213059930846e-04 
122.200000 -6.3730239567154345e-04 
122.400000 -6.3730265217248200e-04 
122.600000 -6.3730290032602832e-04 
122.800000 -6.3730314037876296e-04 
123.000000 -6.3730337255334807e-04 
123.200000 -6.3730359709372741e-04 
123.400000 -6.3730381418582172e-04 
123.600000 -6.3730402408176262e-04 
123.800000 -6.3730422697578365e-04 
124.000000 -6.3730442308430890e-04 
124.200000 -6.3730461259763060e-04 
124.400000 -6.3730479572438048e-04 
124.600000 -6.3730497264524733e-04 
124.800000 -6.3730514355795492e-04 
125.000000 -6.3730530863173596e-04 
125.200000 -6.3730546806469585e-04 
125.400000 -6.3730562201474300e-04 
125.600000 -6.3730577064578103e-04 
125.800000 -6.3730591414497967e-04 
126.000000 -6.3730605265907569e-04 
126.200000 -6.3730618634676162e-04 
126.400000 -6.3730631535610649e-04 
126.600000 -6.3730643984303420e-04 
126.800000 -6.3730655994635038e-04 
127.000000 -6.3730667580904482e-04 
127.200000 -6.3730678755722497e-04 
127.400000 -6.3730689534141627e-04 
127.600000 -6.3730699927336265e-04 
127.800000 -6.3730709948706110e-04 
128.000000 -6.3730719610460840e-04 
128.200000 -6.3730728924358410e-04 
128.400000 -6.3730737901676604e-04 
128.600000 -6.3730746553953416e-04 
128.800000 -6.3730754891509755e-04 
129.000000 -6.3730762924921192e-04 
129.200000 -6.3730770664153363e-04 
129.400000 -6.3730778119359954e-04 
129.600000 -6.3730785300752241e-04 
129.800000 -6.3730792217425031e-04 
130.000000 -6.3730798876909106e-04 
130.200000 -6.3730805289578113e-04 
130.400000 -6.3730811463447168e-04 
130.600000 -6.3730817407291890e-04 
130.800000 -6.3730823127257363e-04 
131.000000 -6.3730828632286435e-04 
131.200000 -6.3730833930997904e-04 
131.400000 -6.3730839029282199e-04 
131.600000 -6.3730843933511305e-04 
131.800000 -6.3730848651682298e-04 
132.000000 -6.3730853190096387e-04 
132.200000 -6.3730857555029108e-04 
132.400000 -6.3730861752206436e-04 
132.600000 -6.3730865788812208e-04 
132.800000 -6.3730869668923718e-04 
133.000000 -6.3730873398980259e-04 
133.200000 -6.3730876984823687e-04 
133.400000 -6.3730880431162734e-04 
133.600000 -6.3730883742721400e-04 
133.800000 -6.3730886924492913e-04 
134.000000 -6.3730889982512029e-04 
134.200000 -6.3730892919785370e-04 
134.400000 -6.3730895741585109e-04 
134.600000 -6.3730898450779783e-04 
134.800000 -6.3730901053458966e-04 
135.000000 -6.3730903552276091e-04 
135.200000 -6.3730905951686623e-04 
135.400000 -6.3730908254195501e-04 
135.600000 -6.3730910465956830e-04 
135.800000 -6.3730912587429273e-04 
136.000000 -6.3730914623554014e-04 
136.200000 -6.3730916577298125e-04 
136.400000 -6.3730918452690327e-04 
136.600000 -6.3730920251032358e-04 
136.800000 -6.3730921975768684e-04 
137.000000 -6.3730923630352099e-04 
137.200000 -6.3730925216767820e-04 
137.400000 -6.3730926738234800e-04 
137.600000 -6.3730928196688297e-04 
137.800000 -6.3730929594722069e-04 
138.000000 -6.3730930935065877e-04 
138.200000 -6.3730932219693837e-04 
138.400000 -6.3730933450361488e-04 
138.600000 -6.3730934629466912e-04 
138.800000 -6.3730935759454682e-04 
139.000000 -6.3730936842048419e-04 
139.200000 -6.3730937877849031e-04 
139.400000 -6.3730938870937281e-04 
139.600000 -6.3730939820910715e-04 
139.800000 -6.3730940730613583e-04 
140.000000 -6.3730941601884694e-04 
140.200000 -6.3730942435468591e-04 
140.400000 -6.3730943232726683e-04 
140.600000 -6.3730943996270079e-04 
140.800000 -6.3730944726302780e-04 
141.000000 -6.3730945424778779e-04 
141.200000 -6.3730946092984547e-04 
141.400000 -6.3730946731914428e-04 
141.600000 -6.3730947342749422e-04 
141.800000 -6.3730947926289583e-04 
142.000000 -6.3730948484236327e-04 
142.200000 -6.3730949017692246e-04 
142.400000 -6.3730949527215225e-04 
142.600000 -6.3730950014243004e-04 
142.800000 -6.3730950478196186e-04 
143.000000 -6.3730950922819690e-04 
143.200000 -6.3730951345875725e-04 
143.400000 -6.3730951750267523e-04 
143.600000 -6.3730952136729913e-04 
143.800000 -6.3730952504820887e-04 
144.000000 -6.3730952855893530e-04 
144.200000 -6.3730953191052514e-04 
144.400000 -6.3730953509985588e-04 
144.600000 -6.3730953815033936e-04 
144.800000 -6.3730954104316423e-04 
145.000000 -6.3730954380131211e-04 
145.200000 -6.3730954641487425e-04 
145.400000 -6.3730954891526997e-04 
145.600000 -6.3730955128235567e-04 
145.800000 -6.3730955354576041e-04 
146.000000 -6.3730955569335501e-04 
146.200000 -6.3730955773708131e-04 
146.400000 -6.3730955969478614e-04 
146.600000 -6.3730956154944840e-04 
146.800000 -6.3730956331238542e-04 
147.000000 -6.3730956497017044e-04 
147.200000 -6.3730956652747334e-04 
147.400000 -6.3730956797632826e-04 
147.600000 -6.3730956932007976e-04 
147.800000 -6.3730957057319543e-04 
148.000000 -6.3730957174598646e-04 
148.200000 -6.3730957293767210e-04 
148.400000 -6.3730957420065487e-04 
148.600000 -6.3730957539732264e-04 
148.800000 -6.3730957637377766e-04 
149.000000 -6.3730957722417381e-04 
149.200000 -6.3730957795812837e-04 
149.400000 -6.3730957860014259e-04 
149.600000 -6.3730957917412095e-04 
149.800000 -6.3730957965942719e-04 
