0.000000 1.4118938963870886e-01 
0.200000 1.4115229270968932e-01 
0.400000 1.4112193297510922e-01 
0.600000 1.4109778004519935e-01 
0.800000 1.4107931341483748e-01 
1.000000 1.4106599102553852e-01 
1.200000 1.4105723418307403e-01 
1.400000 1.4105240102005079e-01 
1.600000 1.4105063852390409e-01 
1.800000 1.4105071453949958e-01 
2.000000 1.4105123723777790e-01 
2.200000 1.4104894217340835e-01 
2.400000 1.4104357272290446e-01 
2.600000 1.4103529951068960e-01 
2.800000 1.4102459883086860e-01 
3.000000 1.4101213733303808e-01 
3.200000 1.4099866251186111e-01 
3.400000 1.4098479965006483e-01 
3.600000 1.4096559110971407e-01 
3.800000 1.4094615803284893e-01 
4.000000 1.4092725437019982e-01 
4.200000 1.4090918169645794e-01 
4.400000 1.4089185276539529e-01 
4.600000 1.4087498598741199e-01 
4.800000 1.4085813908515388e-01 
5.000000 1.4084077486256652e-01 
5.200000 1.4082236008303761e-01 
5.400000 1.4080239444068887e-01 
5.600000 1.4078056268211347e-01 
5.800000 1.4075671183226424e-01 
6.000000 1.4073078979523890e-01 
6.200000 1.4070281397541751e-01 
6.400000 1.4067284334236274e-01 
6.600000 1.4064095322038761e-01 
6.800000 1.4060721389843600e-01 
7.000000 1.4057166864569581e-01 
7.200000 1.4053428993420081e-01 
7.400000 1.4049499820540245e-01 
7.600000 1.4045368569071126e-01 
7.800000 1.4041022727767360e-01 
8.000000 1.4036449172352894e-01 
8.200000 1.4031634913425650e-01 
8.400000 1.4026567670672641e-01 
8.600000 1.4021236214747479e-01 
8.800000 1.4015630528597145e-01 
9.000000 1.4009741459920499e-01 
9.200000 1.4003560156891270e-01 
9.400000 1.3997077567040261e-01 
9.600000 1.3990284051290991e-01 
9.800000 1.3983168902466647e-01 
10.000000 1.3975719770696771e-01 
10.200000 1.3967923351628542e-01 
10.400000 1.3959765556264991e-01 
10.600000 1.3951231744843939e-01 
10.800000 1.3942306222539658e-01 
11.000000 1.3932972206532568e-01 
11.200000 1.3923211913764022e-01 
11.400000 1.3913006595302624e-01 
11.600000 1.3902336510259183e-01 
11.800000 1.3891180849732943e-01 
12.000000 1.3879517643668438e-01 
12.200000 1.3867323638372897e-01 
12.400000 1.3854574146865895e-01 
12.600000 1.3841242883143168e-01 
12.800000 1.3827301791761437e-01 
13.000000 1.3812720882816021e-01 
13.200000 1.3797468074645935e-01 
13.400000 1.3781509039692508e-01 
13.600000 1.3764807043441429e-01 
13.800000 1.3747322782354066e-01 
14.000000 1.3729014223095093e-01 
14.200000 1.3709836430276023e-01 
14.400000 1.3689741382415554e-01 
14.600000 1.3668677771828108e-01 
14.800000 1.3646590788180024e-01 
15.000000 1.3623421886963816e-01 
15.200000 1.3599108542796967e-01 
15.400000 1.3573583987760629e-01 
15.600000 1.3546776935377458e-01 
15.800000 1.3518611289711546e-01 
16.000000 1.3489005839177137e-01 
16.200000 1.3457873934758979e-01 
16.400000 1.3425123151021179e-01 
16.600000 1.3390654928469170e-01 
16.800000 1.3354364196323720e-01 
17.000000 1.3316138974914404e-01 
17.200000 1.3275859957846659e-01 
17.400000 1.3233400074896851e-01 
17.600000 1.3188624038263996e-01 
17.800000 1.3141387876033483e-01 
18.000000 1.3091538458081098e-01 
18.200000 1.3038913021882304e-01 
18.400000 1.2983338707568881e-01 
18.600000 1.2924632113424939e-01 
18.800000 1.2862598885248322e-01 
19.000000 1.2797033355282028e-01 
19.200000 1.2727718248651976e-01 
19.400000 1.2654424477188786e-01 
19.600000 1.2576911042823857e-01 
19.800000 1.2494925074204266e-01 
20.000000 1.2408202021540715e-01 
20.200000 1.2316466035482154e-01 
20.400000 1.2219430555921329e-01 
20.600000 1.2116799136118406e-01 
20.800000 1.2008266526157163e-01 
21.000000 1.1893520037760053e-01 
21.200000 1.1772241209947854e-01 
21.400000 1.1644107791869773e-01 
21.600000 1.1508796055615433e-01 
21.800000 1.1365983448102412e-01 
22.000000 1.1215351587135636e-01 
22.200000 1.1056589602535583e-01 
22.400000 1.0889397818607849e-01 
22.600000 1.0713491769056671e-01 
22.800000 1.0528606529173024e-01 
23.000000 1.0334501342620772e-01 
23.200000 1.0130964510876783e-01 
23.400000 9.9178185021751242e-02 
23.600000 9.6949252236145145e-02 
23.800000 9.4621913850254646e-02 
24.000000 9.2195738669339611e-02 
24.200000 8.9670849881448467e-02 
24.400000 8.7047975522925425e-02 
24.600000 8.4328495384402791e-02 
24.800000 8.1514482898599638e-02 
25.000000 7.8608740487689399e-02 
25.200000 7.5614826843106275e-02 
25.400000 7.2537074672355151e-02 
25.600000 6.9380597580743331e-02 
25.800000 6.6151284961556311e-02 
26.000000 6.2855784041168650e-02 
26.200000 5.9501468557490722e-02 
26.400000 5.6096393927437260e-02 
26.600000 5.2649239166374873e-02 
26.800000 4.9169236240801051e-02 
27.000000 4.5666087945456679e-02 
27.200000 4.2149875778091817e-02 
27.400000 3.8630959620875371e-02 
27.600000 3.5119871310373640e-02 
27.800000 3.1627204375355933e-02 
28.000000 2.8163502334595525e-02 
28.200000 2.4739147970594511e-02 
28.400000 2.1364255931023535e-02 
28.600000 1.8048570862764457e-02 
28.800000 1.4801373063895951e-02 
29.000000 1.1631393360058806e-02 
29.200000 8.5467385893835957e-03 
29.400000 5.5548287312237044e-03 
29.600000 2.6623463553250293e-03 
29.800000 -1.2480128480518715e-04 
30.000000 -2.8015075246003995e-03 
30.200000 -5.3634792414604116e-03 
30.400000 -7.8072380695483057e-03 
30.600000 -1.0130110682190718e-02 
30.800000 -1.2330209128016523e-02 
31.000000 -1.4406402342165725e-02 
31.200000 -1.6358280045694062e-02 
31.400000 -1.8186110297067404e-02 
31.600000 -1.9890791972738464e-02 
31.800000 -2.1473803433127769e-02 
32.000000 -2.2937148580330469e-02 
32.200000 -2.4283301438868699e-02 
32.400000 -2.5515150296095079e-02 
32.600000 -2.6635942329069739e-02 
32.800000 -2.7649229524785990e-02 
33.000000 -2.8558816575907198e-02 
33.200000 -2.9368711308089601e-02 
33.400000 -3.0083078072736913e-02 
33.600000 -3.0706194423102962e-02 
33.800000 -3.1242411284831295e-02 
34.000000 -3.1696116736687485e-02 
34.200000 -3.2071703433724563e-02 
34.400000 -3.2373539634475090e-02 
34.600000 -3.2605943735785514e-02 
34.800000 -3.2773162172433534e-02 
35.000000 -3.2879350503895677e-02 
35.200000 -3.2928557485434218e-02 
35.400000 -3.2924711904242732e-02 
35.600000 -3.2871611952659197e-02 
35.800000 -3.2772916907875094e-02 
36.000000 -3.2632140890232475e-02 
36.200000 -3.2452648478660806e-02 
36.400000 -3.2237651971669279e-02 
36.600000 -3.1990210094013483e-02 
36.800000 -3.1713227962673840e-02 
37.000000 -3.1409458139466384e-02 
37.200000 -3.1081502612511414e-02 
37.400000 -3.0731815562412279e-02 
37.600000 -3.0362706783193305e-02 
37.800000 -2.9976345640900792e-02 
38.000000 -2.9574765465188557e-02 
38.200000 -2.9159868280587642e-02 
38.400000 -2.8733429794906007e-02 
38.600000 -2.8297104571739007e-02 
38.800000 -2.7852431323140914e-02 
39.000000 -2.7400838266563254e-02 
39.200000 -2.6943648497597672e-02 
39.400000 -2.6482085336850425e-02 
39.600000 -2.6017277615271783e-02 
39.800000 -2.5550264867898909e-02 
40.000000 -2.5082002410917514e-02 
40.200000 -2.4613366281399318e-02 
40.400000 -2.4145158023173685e-02 
40.600000 -2.3678109305743877e-02 
40.800000 -2.3212886366518304e-02 
41.000000 -2.2750094269272270e-02 
41.200000 -2.2290280974384014e-02 
41.400000 -2.1833941218388497e-02 
41.600000 -2.1381520202433002e-02 
41.800000 -2.0933417090680861e-02 
42.000000 -2.0489988321130526e-02 
42.200000 -2.0051550732430812e-02 
42.400000 -1.9618384511208675e-02 
42.600000 -1.9190735965128713e-02 
42.800000 -1.8768820127591068e-02 
43.000000 -1.8352823200222634e-02 
43.200000 -1.7942904839904683e-02 
43.400000 -1.7539200296923296e-02 
43.600000 -1.7141822411391339e-02 
43.800000 -1.6750863474638056e-02 
44.000000 -1.6366396962674223e-02 
44.200000 -1.5988479148438428e-02 
44.400000 -1.5617150599576080e-02 
44.600000 -1.5252437568336830e-02 
44.800000 -1.4894353279828243e-02 
45.000000 -1.4542899124867531e-02 
45.200000 -1.4198065763353696e-02 
45.400000 -1.3859834143711530e-02 
45.600000 -1.3528176443972389e-02 
45.800000 -1.3203056939637331e-02 
46.000000 -1.2884432803162787e-02 
46.200000 -1.2572254839886526e-02 
46.400000 -1.2266468164668753e-02 
46.600000 -1.1967012823595746e-02 
46.800000 -1.1673824364559882e-02 
47.000000 -1.1386834360475329e-02 
47.200000 -1.1105970888684980e-02 
47.400000 -1.0831158969757948e-02 
47.600000 -1.0562320968735828e-02 
47.800000 -1.0299376961830198e-02 
48.000000 -1.0042245071067490e-02 
48.200000 -9.7908417695235783e-03 
48.400000 -9.5450821594429691e-03 
48.600000 -9.3048802253611895e-03 
48.800000 -9.0701490642868532e-03 
49.000000 -8.8408010948123339e-03 
49.200000 -8.6167482468801904e-03 
49.400000 -8.3979021337768356e-03 
49.600000 -8.1841742078825885e-03 
49.800000 -7.9754759014586118e-03 
50.000000 -7.7717187539038945e-03 
50.200000 -7.5728145264693236e-03 
50.400000 -7.3786753055389287e-03 
50.600000 -7.1892135956046210e-03 
50.800000 -7.0043424026491607e-03 
51.000000 -6.8239753088767119e-03 
51.200000 -6.6480265395576221e-03 
51.400000 -6.4764110226808169e-03 
51.600000 -6.3090444419669212e-03 
51.800000 -6.1458432840473531e-03 
52.000000 -5.9867248800655470e-03 
52.200000 -5.8316074424213798e-03 
52.400000 -5.6804100970346688e-03 
52.600000 -5.5330529115095450e-03 
52.800000 -5.3894569195381825e-03 
53.000000 -5.2495441420272043e-03 
53.200000 -5.1132376051706285e-03 
53.400000 -4.9804613556582861e-03 
53.600000 -4.8511404734978975e-03 
53.800000 -4.7252010824306717e-03 
54.000000 -4.6025703584354344e-03 
54.200000 -4.4831765362023102e-03 
54.400000 -4.3669489140164969e-03 
54.600000 -4.2538178570799140e-03 
54.800000 -4.1437147993956397e-03 
55.000000 -4.0365722444601349e-03 
55.200000 -3.9323237647730797e-03 
55.400000 -3.8309040002600381e-03 
55.600000 -3.7322486558759305e-03 
55.800000 -3.6362944982286372e-03 
56.000000 -3.5429793515048547e-03 
56.200000 -3.4522420926820646e-03 
56.400000 -3.3640226460669165e-03 
56.600000 -3.2782619772820931e-03 
56.800000 -3.1949020867604178e-03 
57.000000 -3.1138860026808240e-03 
57.200000 -3.0351577735354823e-03 
57.400000 -2.9586624602822159e-03 
57.600000 -2.8843461281344157e-03 
57.800000 -2.8121558380033163e-03 
58.000000 -2.7420396376981598e-03 
58.200000 -2.6739465527823858e-03 
58.400000 -2.6078265772836728e-03 
58.600000 -2.5436306640214401e-03 
58.800000 -2.4813107149135871e-03 
59.000000 -2.4208195709539415e-03 
59.200000 -2.3621110020833613e-03 
59.400000 -2.3051396969072796e-03 
59.600000 -2.2498612522389577e-03 
59.800000 -2.1962321625724479e-03 
60.000000 -2.1442098093751305e-03 
60.200000 -2.0937524503072541e-03 
60.400000 -2.0448192083692418e-03 
60.600000 -1.9973700609363099e-03 
60.800000 -1.9513658287264452e-03 
61.000000 -1.9067681646972034e-03 
61.200000 -1.8635395429194707e-03 
61.400000 -1.8216432473569522e-03 
61.600000 -1.7810433606149506e-03 
61.800000 -1.7417047526941953e-03 
62.000000 -1.7035930696501916e-03 
62.200000 -1.6666747223074568e-03 
62.400000 -1.6309168748981223e-03 
62.600000 -1.5962874337196592e-03 
62.800000 -1.5627550357655423e-03 
63.000000 -1.5302890374409156e-03 
63.200000 -1.4988595031496799e-03 
63.400000 -1.4684371940280327e-03 
63.600000 -1.4389935566377493e-03 
63.800000 -1.4105007116548968e-03 
64.000000 -1.3829314426792444e-03 
64.200000 -1.3562591849901745e-03 
64.400000 -1.3304580143777694e-03 
64.600000 -1.3055026360533281e-03 
64.800000 -1.2813683735401621e-03 
65.000000 -1.2580311576778566e-03 
65.200000 -1.2354675156651396e-03 
65.400000 -1.2136545601365567e-03 
65.600000 -1.1925699783986721e-03 
65.800000 -1.1721920215876300e-03 
66.000000 -1.1524994940548261e-03 
66.200000 -1.1334717427447655e-03 
66.400000 -1.1150886466809312e-03 
66.600000 -1.0973306065119801e-03 
66.800000 -1.0801785342004835e-03 
67.000000 -1.0636138427611297e-03 
67.200000 -1.0476184361113208e-03 
67.400000 -1.0321746989872399e-03 
67.600000 -1.0172654870662587e-03 
67.800000 -1.0028741170381439e-03 
68.000000 -9.8898435689693392e-04 
68.200000 -9.7558041634958348e-04 
68.400000 -9.6264693723149830e-04 
68.600000 -9.5016898415879736e-04 
68.800000 -9.3813203520877464e-04 
69.000000 -9.2652197275249620e-04 
69.200000 -9.1532507442312200e-04 
69.400000 -9.0452800418446694e-04 
69.600000 -8.9411780350334008e-04 
69.800000 -8.8408188269992194e-04 
70.000000 -8.7440801235157822e-04 
70.200000 -8.6508431491644222e-04 
70.400000 -8.5609925636433160e-04 
70.600000 -8.4744163805539063e-04 
70.800000 -8.3910058867846249e-04 
71.000000 -8.3106555632161266e-04 
71.200000 -8.2332630067287471e-04 
71.400000 -8.1587288540854036e-04 
71.600000 -8.0869567060408432e-04 
71.800000 -8.0178530537385051e-04 
72.000000 -7.9513272059544143e-04 
72.200000 -7.8872912174795390e-04 
72.400000 -7.8256598195011046e-04 
72.600000 -7.7663503499528219e-04 
72.800000 -7.7092826870439612e-04 
73.000000 -7.6543791820278539e-04 
73.200000 -7.6015645948617622e-04 
73.400000 -7.5507660301333407e-04 
73.600000 -7.5019128750944408e-04 
73.800000 -7.4549367376962328e-04 
74.000000 -7.4097713874834298e-04 
74.200000 -7.3663526962404469e-04 
74.400000 -7.3246185807408076e-04 
74.600000 -7.2845089467450663e-04 
74.800000 -7.2459656332699712e-04 
75.000000 -7.2089323592106069e-04 
75.200000 -7.1733546705982781e-04 
75.400000 -7.1391798887281144e-04 
75.600000 -7.1063570601347797e-04 
75.800000 -7.0748369071178818e-04 
76.000000 -7.0445717795597496e-04 
76.200000 -7.0155156079710485e-04 
76.400000 -6.9876238576124794e-04 
76.600000 -6.9608534836838876e-04 
76.800000 -6.9351628871867216e-04 
77.000000 -6.9105118725591025e-04 
77.200000 -6.8868616058339466e-04 
77.400000 -6.8641745737987175e-04 
77.600000 -6.8424145445469819e-04 
77.800000 -6.8215465284920257e-04 
78.000000 -6.8015367408808675e-04 
78.200000 -6.7823525647032340e-04 
78.400000 -6.7639625153778637e-04 
78.600000 -6.7463362052012921e-04 
78.800000 -6.7294443093859208e-04 
79.000000 -6.7132585335238221e-04 
79.200000 -6.6977515805530241e-04 
79.400000 -6.6828971198822779e-04 
79.600000 -6.6686697564805747e-04 
79.800000 -6.6550450011218509e-04 
80.000000 -6.6419992418987467e-04 
80.200000 -6.6295097151832655e-04 
80.400000 -6.6175544792428792e-04 
80.600000 -6.6061123868442484e-04 
80.800000 -6.5951630595783434e-04 
81.000000 -6.5846868629028388e-04 
81.200000 -6.5746648814198755e-04 
81.400000 -6.5650788951272798e-04 
81.600000 -6.5559113566401872e-04 
81.800000 -6.5471453682928310e-04 
82.000000 -6.5387646608831146e-04 
82.200000 -6.5307535720515730e-04 
82.400000 -6.5230970261351273e-04 
82.600000 -6.5157805138376518e-04 
82.800000 -6.5087900737159643e-04 
83.000000 -6.5021122723554065e-04 
83.200000 -6.4957341870060942e-04 
83.400000 -6.4896433876603793e-04 
83.600000 -6.4838279200073179e-04 
83.800000 -6.4782762888106887e-04 
84.000000 -6.4729774418089553e-04 
84.200000 -6.4679207542647776e-04 
84.400000 -6.4630960140142635e-04 
84.600000 -6.4584934063299099e-04 
84.800000 -6.4541035002424474e-04 
85.000000 -6.4499172350171441e-04 
85.200000 -6.4459259061964980e-04 
85.400000 -6.4421211533364359e-04 
85.600000 -6.4384949473181297e-04 
85.800000 -6.4350395784189968e-04 
86.000000 -6.4317476446867222e-04 
86.200000 -6.4286120405157576e-04 
86.400000 -6.4256259459023052e-04 
86.600000 -6.4227828159601347e-04 
86.800000 -6.4200763706429714e-04 
87.000000 -6.4175005849105571e-04 
87.200000 -6.4150496791257061e-04 
87.400000 -6.4127181100682995e-04 
87.600000 -6.4105005619002897e-04 
87.800000 -6.4083919376613924e-04 
88.000000 -6.4063873509085517e-04 
88.200000 -6.4044821177282329e-04 
88.400000 -6.4026717489430035e-04 
88.600000 -6.4009519429075040e-04 
88.800000 -6.3993185779653156e-04 
89.000000 -6.3977677057530657e-04 
89.200000 -6.3962955441901337e-04 
89.400000 -6.3948984713581292e-04 
89.600000 -6.3935730191156531e-04 
89.800000 -6.3923158671070485e-04 
90.000000 -6.3911238365708944e-04 
90.200000 -6.3899938855548066e-04 
90.400000 -6.3889231026108967e-04 
90.600000 -6.3879087023519660e-04 
90.800000 -6.3869480198814471e-04 
91.000000 -6.3860385062181058e-04 
91.200000 -6.3851777236224871e-04 
91.400000 -6.3843633411248685e-04 
91.600000 -6.3835931302318877e-04 
91.800000 -6.3828649605705834e-04 
92.000000 -6.3821767960497988e-04 
92.200000 -6.3815266911601554e-04 
92.400000 -6.3809127868411780e-04 
92.600000 -6.3803333074141655e-04 
92.800000 -6.3797865566180001e-04 
93.000000 -6.3792709146832244e-04 
93.200000 -6.3787848352829524e-04 
93.400000 -6.3783268418633049e-04 
93.600000 -6.3778955251716368e-04 
93.800000 -6.3774895405842302e-04 
94.000000 -6.3771076050164049e-04 
94.200000 -6.3767484942139907e-04 
94.400000 -6.3764110408472130e-04 
94.600000 -6.3760941313665415e-04 
94.800000 -6.3757967043914787e-04 
95.000000 -6.3755177478218988e-04 
95.200000 -6.3752562971339938e-04 
95.400000 -6.3750114333364222e-04 
95.600000 -6.3747822807436877e-04 
95.800000 -6.3745680051831288e-04 
96.000000 -6.3743678123497766e-04 
96.200000 -6.3741809456661913e-04 
96.400000 -6.3740066852754906e-04 
96.600000 -6.3738443457286159e-04 
96.800000 -6.3736932747828628e-04 
97.000000 -6.3735528520224294e-04 
97.200000 -6.3734224872577516e-04 
97.400000 -6.3733016191655500e-04 
97.600000 -6.3731897141417609e-04 
97.800000 -6.3730862648857939e-04 
98.000000 -6.3729907894718996e-04 
98.200000 -6.3729028297147827e-04 
98.400000 -6.3728219507312028e-04 
98.600000 -6.3727477391967158e-04 
98.800000 -6.3726798029644510e-04 
99.000000 -6.3726177696828146e-04 
99.200000 -6.3725612860818931e-04 
99.400000 -6.3725100169305382e-04 
99.600000 -6.3724636442526877e-04 
99.800000 -6.3724218667358251e-04 
100.000000 -6.3723843986836226e-04 
100.200000 -6.3723509692009683e-04 
100.400000 -6.3723213220432534e-04 
100.600000 -6.3722952140175815e-04 
100.800000 -6.3722724152234095e-04 
101.000000 -6.3722527080802005e-04 
101.200000 -6.3722358866053624e-04 
101.400000 -6.3722217558655897e-04 
101.600000 -6.3722101318073460e-04 
101.800000 -6.3722008404288460e-04 
102.000000 -6.3721937170913706e-04 
102.200000 -6.3721886065076783e-04 
102.400000 -6.3721853620715696e-04 
102.600000 -6.3721838454799951e-04 
102.800000 -6.3721839259859442e-04 
103.000000 -6.3721854806516459e-04 
103.200000 -6.3721883934931417e-04 
103.400000 -6.3721925551220304e-04 
103.600000 -6.3721978627016146e-04 
103.800000 -6.3722042194258588e-04 
104.000000 -6.3722115341789676e-04 
104.200000 -6.3722197214367143e-04 
104.400000 -6.3722287006198058e-04 
104.600000 -6.3722383963302903e-04 
104.800000 -6.3722487376924319e-04 
105.000000 -6.3722596582219820e-04 
105.200000 -6.3722710955865791e-04 
105.400000 -6.3722829914628770e-04 
105.600000 -6.3722952912696751e-04 
105.800000 -6.3723079441426606e-04 
106.000000 -6.3723209022944344e-04 
106.200000 -6.3723341211271295e-04 
106.400000 -6.3723475592819545e-04 
106.600000 -6.3723611781183603e-04 
106.800000 -6.3723749416761538e-04 
107.000000 -6.3723888163393083e-04 
107.200000 -6.3724027713841364e-04 
107.400000 -6.3724167778238944e-04 
107.600000 -6.3724308090908066e-04 
107.800000 -6.3724448405369505e-04 
108.000000 -6.3724588494307871e-04 
108.200000 -6.3724728147573212e-04 
108.400000 -6.3724867173797078e-04 
108.600000 -6.3725005395721956e-04 
108.800000 -6.3725142650613437e-04 
109.000000 -6.3725278792412660e-04 
109.200000 -6.3725413685031262e-04 
109.400000 -6.3725547206422428e-04 
109.600000 -6.3725679245561773e-04 
109.800000 -6.3725809703737979e-04 
110.000000 -6.3725938490270112e-04 
110.200000 -6.3726065527032472e-04 
110.400000 -6.3726190740728134e-04 
110.600000 -6.3726314071394646e-04 
110.800000 -6.3726435461973485e-04 
111.000000 -6.3726554867062080e-04 
111.200000 -6.3726672244541344e-04 
111.400000 -6.3726787561276671e-04 
111.600000 -6.3726900788947660e-04 
111.800000 -6.3727011904564368e-04 
112.000000 -6.3727120890590128e-04 
112.200000 -6.3727227735542458e-04 
112.400000 -6.3727332430157935e-04 
112.600000 -6.3727434969680641e-04 
112.800000 -6.3727535356002812e-04 
113.000000 -6.3727633590215937e-04 
113.200000 -6.3727729679412953e-04 
113.400000 -6.3727823632261926e-04 
113.600000 -6.3727915461526952e-04 
113.800000 -6.3728005182497882e-04 
114.000000 -6.3728092810055870e-04 
114.200000 -6.3728178364524934e-04 
114.400000 -6.3728261866802249e-04 
114.600000 -6.3728343339619631e-04 
114.800000 -6.3728422804977536e-04 
115.000000 -6.3728500290603785e-04 
115.200000 -6.3728575822296490e-04 
115.400000 -6.3728649428830553e-04 
115.600000 -6.3728721137639582e-04 
115.800000 -6.3728790978603150e-04 
116.000000 -6.3728858982280839e-04 
116.200000 -6.3728925179967061e-04 
116.400000 -6.3728989602110375e-04 
116.600000 -6.3729052281975840e-04 
116.800000 -6.3729113251165953e-04 
117.000000 -6.3729172542419110e-04 
117.200000 -6.3729230188142028e-04 
117.400000 -6.3729286221678172e-04 
117.600000 -6.3729340675768714e-04 
117.800000 -6.3729393584092964e-04 
118.000000 -6.3729444979269273e-04 
118.200000 -6.3729494892766220e-04 
118.400000 -6.3729543360094287e-04 
118.600000 -6.3729590411218395e-04 
118.800000 -6.3729636079513929e-04 
119.000000 -6.3729680397069111e-04 
119.200000 -6.3729723396260124e-04 
119.400000 -6.3729765108047620e-04 
119.600000 -6.3729805562687258e-04 
119.800000 -6.3729844792594775e-04 
120.000000 -6.3729882827038425e-04 
120.200000 -6.3729919696045578e-04 
120.400000 -6.3729955429703278e-04 
120.600000 -6.3729990056984182e-04 
120.800000 -6.3730023606964337e-04 
121.000000 -6.3730056106561794e-04 
121.200000 -6.3730087584825540e-04 
121.400000 -6.3730118069089958e-04 
121.600000 -6.3730147585129571e-04 
121.800000 -6.3730176159752794e-04 
122.000000 -6.3730203818831294e-04 
122.200000 -6.3730230587102227e-04 
122.400000 -6.3730256490460158e-04 
122.600000 -6.3730281552637491e-04 
122.800000 -6.3730305797485287e-04 
123.000000 -6.3730329248303658e-04 
123.200000 -6.3730351927004936e-04 
123.400000 -6.3730373856680372e-04 
123.600000 -6.3730395060593303e-04 
123.800000 -6.3730415556551706e-04 
124.000000 -6.3730435368582888e-04 
124.200000 -6.3730454515459334e-04 
124.400000 -6.3730473016893052e-04 
124.600000 -6.3730490892483643e-04 
124.800000 -6.3730508161432414e-04 
125.000000 -6.3730524842422337e-04 
125.200000 -6.3730540953062936e-04 
125.400000 -6.3730556510920022e-04 
125.600000 -6.3730571532001623e-04 
125.800000 -6.3730586034338454e-04 
126.000000 -6.3730600034386797e-04 
126.200000 -6.3730613545404102e-04 
126.400000 -6.3730626585629252e-04 
126.600000 -6.3730639168098346e-04 
126.800000 -6.3730651308688269e-04 
127.000000 -6.3730663021056150e-04 
127.200000 -6.3730674318349806e-04 
127.400000 -6.3730685215357408e-04 
127.600000 -6.3730695722839792e-04 
127.800000 -6.3730705855110509e-04 
128.000000 -6.3730715624278622e-04 
128.200000 -6.3730725040708758e-04 
128.400000 -6.3730734119248067e-04 
128.600000 -6.3730742867779133e-04 
128.800000 -6.3730751299306831e-04 
129.000000 -6.3730759423100136e-04 
129.200000 -6.3730767249874087e-04 
129.400000 -6.3730774790465156e-04 
129.600000 -6.3730782053313118e-04 
129.800000 -6.3730789048226100e-04 
130.000000 -6.3730795784884553e-04 
130.200000 -6.3730802271686621e-04 
130.400000 -6.3730808517033222e-04 
130.600000 -6.3730814528568241e-04 
130.800000 -6.3730820315670983e-04 
131.000000 -6.3730825885709858e-04 
131.200000 -6.3730831245980418e-04 
131.400000 -6.3730836403878832e-04 
131.600000 -6.3730841365820107e-04 
131.800000 -6.3730846140201691e-04 
132.000000 -6.3730850732196531e-04 
132.200000 -6.3730855149931459e-04 
132.400000 -6.3730859396470690e-04 
132.600000 -6.3730863481407940e-04 
132.800000 -6.3730867408743480e-04 
133.000000 -6.3730871183793197e-04 
133.200000 -6.3730874812825689e-04 
133.400000 -6.3730878300824467e-04 
133.600000 -6.3730881653367016e-04 
133.800000 -6.3730884874806798e-04 
134.000000 -6.3730887969581929e-04 
134.200000 -6.3730890942746005e-04 
134.400000 -6.3730893799530258e-04 
134.600000 -6.3730896542808779e-04 
134.800000 -6.3730899176799721e-04 
135.000000 -6.3730901707112486e-04 
135.200000 -6.3730904136245076e-04 
135.400000 -6.3730906468983245e-04 
135.600000 -6.3730908707547440e-04 
135.800000 -6.3730910856401451e-04 
136.000000 -6.3730912917998872e-04 
136.200000 -6.3730914897139335e-04 
136.400000 -6.3730916795809445e-04 
136.600000 -6.3730918617017213e-04 
136.800000 -6.3730920364481886e-04 
137.000000 -6.3730922040186599e-04 
137.200000 -6.3730923647805499e-04 
137.400000 -6.3730925188849180e-04 
137.600000 -6.3730926666228510e-04 
137.800000 -6.3730928082707944e-04 
138.000000 -6.3730929439641260e-04 
138.200000 -6.3730930742263159e-04 
138.400000 -6.3730931988742467e-04 
138.600000 -6.3730933183300115e-04 
138.800000 -6.3730934329039174e-04 
139.000000 -6.3730935425655721e-04 
139.200000 -6.3730936475938499e-04 
139.400000 -6.3730937481754069e-04 
139.600000 -6.3730938444981483e-04 
139.800000 -6.3730939366723333e-04 
140.000000 -6.3730940249025897e-04 
140.200000 -6.3730941094467669e-04 
140.400000 -6.3730941903464289e-04 
140.600000 -6.3730942676932384e-04 
140.800000 -6.3730943417791147e-04 
141.000000 -6.3730944126354216e-04 
141.200000 -6.3730944803751938e-04 
141.400000 -6.3730945450562321e-04 
141.600000 -6.3730946070009176e-04 
141.800000 -6.3730946662550469e-04 
142.000000 -6.3730947228347185e-04 
142.200000 -6.3730947768476237e-04 
142.400000 -6.3730948286110090e-04 
142.600000 -6.3730948780031660e-04 
142.800000 -6.3730949251791097e-04 
143.000000 -6.3730949701711059e-04 
143.200000 -6.3730950131288960e-04 
143.400000 -6.3730950541217996e-04 
143.600000 -6.3730950933083008e-04 
143.800000 -6.3730951306886774e-04 
144.000000 -6.3730951663846375e-04 
144.200000 -6.3730952003211022e-04 
144.400000 -6.3730952328500123e-04 
144.600000 -6.3730952637064409e-04 
144.800000 -6.3730952930349249e-04 
145.000000 -6.3730953211278002e-04 
145.200000 -6.3730953477246499e-04 
145.400000 -6.3730953731271772e-04 
145.600000 -6.3730953971199295e-04 
145.800000 -6.3730954200384021e-04 
146.000000 -6.3730954419682212e-04 
146.200000 -6.3730954627224529e-04 
146.400000 -6.3730954825781672e-04 
146.600000 -6.3730955014341950e-04 
146.800000 -6.3730955193636724e-04 
147.000000 -6.3730955363174024e-04 
147.200000 -6.3730955521659749e-04 
147.400000 -6.3730955669711459e-04 
147.600000 -6.3730955807698303e-04 
147.800000 -6.3730955936033146e-04 
148.000000 -6.3730956056209931e-04 
148.200000 -6.3730956175776787e-04 
148.400000 -6.3730956304841602e-04 
148.600000 -6.3730956425052387e-04 
148.800000 -6.3730956524707394e-04 
149.000000 -6.3730956609703987e-04 
149.200000 -6.3730956685734141e-04 
149.400000 -6.3730956751855555e-04 
149.600000 -6.3730956810059691e-04 
149.800000 -6.3730956861089011e-04 
