0.000000 1.4119820542468542e-01 
0.200000 1.4115950206543448e-01 
0.400000 1.4112778503004952e-01 
0.600000 1.4110251973856447e-01 
0.800000 1.4108318754197824e-01 
1.000000 1.4106925347603405e-01 
1.200000 1.4106015081358014e-01 
1.400000 1.4105525386819251e-01 
1.600000 1.4105372640392544e-01 
1.800000 1.4105433993097094e-01 
2.000000 1.4105570976256621e-01 
2.200000 1.4105438613338739e-01 
2.400000 1.4104999145056352e-01 
2.600000 1.4104260455570927e-01 
2.800000 1.4103263730657478e-01 
3.000000 1.4102071699932661e-01 
3.200000 1.4100757288111088e-01 
3.400000 1.4099382867820676e-01 
3.600000 1.4097442578225272e-01 
3.800000 1.4095459563379875e-01 
4.000000 1.4093521504542195e-01 
4.200000 1.4091667054163393e-01 
4.400000 1.4089893338366366e-01 
4.600000 1.4088176231452787e-01 
4.800000 1.4086473675525546e-01 
5.000000 1.4084732516884468e-01 
5.200000 1.4082899818175043e-01 
5.400000 1.4080921587745121e-01 
5.600000 1.4078762308456483e-01 
5.800000 1.4076404224863359e-01 
6.000000 1.4073840234511548e-01 
6.200000 1.4071070833047328e-01 
6.400000 1.4068101297369540e-01 
6.600000 1.4064939103954555e-01 
6.800000 1.4061591307438059e-01 
7.000000 1.4058063720674496e-01 
7.200000 1.4054354987562012e-01 
7.400000 1.4050457684905859e-01 
7.600000 1.4046361509155159e-01 
7.800000 1.4042054143602012e-01 
8.000000 1.4037522464548746e-01 
8.200000 1.4032753328602621e-01 
8.400000 1.4027734215597598e-01 
8.600000 1.4022453574821447e-01 
8.800000 1.4016901118032776e-01 
9.000000 1.4011067544555766e-01 
9.200000 1.4004943950169124e-01 
9.400000 1.3998521319971613e-01 
9.600000 1.3991790136395921e-01 
9.800000 1.3984739862335294e-01 
10.000000 1.3977358313502386e-01 
10.200000 1.3969632388818176e-01 
10.400000 1.3961548219617159e-01 
10.600000 1.3953091398838313e-01 
10.800000 1.3944246440451080e-01 
11.000000 1.3934996746698591e-01 
11.200000 1.3925324711104681e-01 
11.400000 1.3915211761570156e-01 
11.600000 1.3904638347382370e-01 
11.800000 1.3893583868189252e-01 
12.000000 1.3882026585229157e-01 
12.200000 1.3869943506221138e-01 
12.400000 1.3857310241928866e-01 
12.600000 1.3844100841815776e-01 
12.800000 1.3830287622416892e-01 
13.000000 1.3815841000851492e-01 
13.200000 1.3800729335962747e-01 
13.400000 1.3784918775200172e-01 
13.600000 1.3768373094331166e-01 
13.800000 1.3751053533439273e-01 
14.000000 1.3732918638215363e-01 
14.200000 1.3713924089693119e-01 
14.400000 1.3694022522965577e-01 
14.600000 1.3673163330564297e-01 
14.800000 1.3651292449358687e-01 
15.000000 1.3628352132091825e-01 
15.200000 1.3604280703504734e-01 
15.400000 1.3579012301668569e-01 
15.600000 1.3552476604905361e-01 
15.800000 1.3524598543842414e-01 
16.000000 1.3495297998184053e-01 
16.200000 1.3464489477949770e-01 
16.400000 1.3432081788289907e-01 
16.600000 1.3397977675527195e-01 
16.800000 1.3362073453946410e-01 
17.000000 1.3324258612220841e-01 
17.200000 1.3284415399626148e-01 
17.400000 1.3242418392658994e-01 
17.600000 1.3198134044217458e-01 
17.800000 1.3151420219141685e-01 
18.000000 1.3102125721082114e-01 
18.200000 1.3050089817488186e-01 
18.400000 1.2995141771781860e-01 
18.600000 1.2937100393484235e-01 
18.800000 1.2875773619276631e-01 
19.000000 1.2810958140214701e-01 
19.200000 1.2742439092566715e-01 
19.400000 1.2669989831814521e-01 
19.600000 1.2593371811474996e-01 
19.800000 1.2512334590196816e-01 
20.000000 1.2426615991848733e-01 
20.200000 1.2335942444313874e-01 
20.400000 1.2240029522914997e-01 
20.600000 1.2138582724026425e-01 
20.800000 1.2031298493240117e-01 
21.000000 1.1917865530559768e-01 
21.200000 1.1797966392687254e-01 
21.400000 1.1671279409410529e-01 
21.600000 1.1537480927664678e-01 
21.800000 1.1396247893124678e-01 
22.000000 1.1247260775275381e-01 
22.200000 1.1090206837734373e-01 
22.400000 1.0924783751100797e-01 
22.600000 1.0750703540555329e-01 
22.800000 1.0567696854425934e-01 
23.000000 1.0375517532726208e-01 
23.200000 1.0173947445768428e-01 
23.400000 9.9628015621886057e-02 
23.600000 9.7419331929077480e-02 
23.800000 9.5112393428717801e-02 
24.000000 9.2706660863241197e-02 
24.200000 9.0202138645899765e-02 
24.400000 8.7599425889538063e-02 
24.600000 8.4899764164315994e-02 
24.800000 8.2105080544859099e-02 
25.000000 7.9218024433413414e-02 
25.200000 7.6241996627611219e-02 
25.400000 7.3181169148902603e-02 
25.600000 7.0040494466173664e-02 
25.800000 6.6825702939802278e-02 
26.000000 6.3543287571296680e-02 
26.200000 6.0200475464020187e-02 
26.400000 5.6805185769999933e-02 
26.600000 5.3365974300091601e-02 
26.800000 4.9891965392483861e-02 
27.000000 4.6392772047786135e-02 
27.200000 4.2878405728356994e-02 
27.400000 3.9359177566129833e-02 
27.600000 3.5845593010500387e-02 
27.800000 3.2348242161408969e-02 
28.000000 2.8877688163770010e-02 
28.200000 2.5444356081718356e-02 
28.400000 2.2058424624585626e-02 
28.600000 1.8729722966352114e-02 
28.800000 1.5467634694531829e-02 
29.000000 1.2281010656625679e-02 
29.200000 9.1780921576977148e-03 
29.400000 6.1664456175660742e-03 
29.600000 3.2529094383780821e-03 
29.800000 4.4355347800761891e-04 
30.000000 -2.2563488142187671e-03 
30.200000 -4.8423358538212113e-03 
30.400000 -7.3107614991440029e-03 
30.600000 -9.6587875141657120e-03 
30.800000 -1.1884365868791824e-02 
31.000000 -1.3986211973702534e-02 
31.200000 -1.5963770047451753e-02 
31.400000 -1.7817171872441251e-02 
31.600000 -1.9547190216968491e-02 
31.800000 -2.1155188186668394e-02 
32.000000 -2.2643065723934264e-02 
32.200000 -2.4013204404252808e-02 
32.400000 -2.5268411586785167e-02 
32.600000 -2.6411864869740564e-02 
32.800000 -2.7447057682871145e-02 
33.000000 -2.8377746725024577e-02 
33.200000 -2.9207901828854688e-02 
33.400000 -2.9941658711305941e-02 
33.600000 -3.0583274950940265e-02 
33.800000 -3.1137089424516318e-02 
34.000000 -3.1607485337200480e-02 
34.200000 -3.1998856894814409e-02 
34.400000 -3.2315579593348409e-02 
34.600000 -3.2561984040168523e-02 
34.800000 -3.2742333172868898e-02 
35.000000 -3.2860802704253289e-02 
35.200000 -3.2921464595222938e-02 
35.400000 -3.2928273338903247e-02 
35.600000 -3.2885054829295712e-02 
35.800000 -3.2795497584053313e-02 
36.000000 -3.2663146092297701e-02 
36.200000 -3.2491396064747824e-02 
36.400000 -3.2283491371968842e-02 
36.600000 -3.2042522468665902e-02 
36.800000 -3.1771426114429513e-02 
37.000000 -3.1472986215663190e-02 
37.200000 -3.1149835627701128e-02 
37.400000 -3.0804458770255505e-02 
37.600000 -3.0439194923261526e-02 
37.800000 -3.0056242083559670e-02 
38.000000 -2.9657661275137526e-02 
38.200000 -2.9245381217468391e-02 
38.400000 -2.8821203267070550e-02 
38.600000 -2.8386806557595290e-02 
38.800000 -2.7943753272476057e-02 
39.000000 -2.7493493992777118e-02 
39.200000 -2.7037373070321946e-02 
39.400000 -2.6576633982943465e-02 
39.600000 -2.6112424635090947e-02 
39.800000 -2.5645802572686449e-02 
40.000000 -2.5177740086018585e-02 
40.200000 -2.4709129179267930e-02 
40.400000 -2.4240786389253810e-02 
40.600000 -2.3773457439677959e-02 
40.800000 -2.3307821720395527e-02 
41.000000 -2.2844496584251528e-02 
41.200000 -2.2384041456356529e-02 
41.400000 -2.1926961753032936e-02 
41.600000 -2.1473712609667239e-02 
41.800000 -2.1024702418092900e-02 
42.000000 -2.0580296175899682e-02 
42.200000 -2.0140818650748793e-02 
42.400000 -1.9706557364404076e-02 
42.600000 -1.9277765401238267e-02 
42.800000 -1.8854664047106284e-02 
43.000000 -1.8437445264868735e-02 
43.200000 -1.8026274012832633e-02 
43.400000 -1.7621290413117441e-02 
43.600000 -1.7222611776735175e-02 
43.800000 -1.6830334492253241e-02 
44.000000 -1.6444535785119285e-02 
44.200000 -1.6065275354361030e-02 
44.400000 -1.5692596893442823e-02 
44.600000 -1.5326529501906605e-02 
44.800000 -1.4967088994109728e-02 
45.000000 -1.4614279111244771e-02 
45.200000 -1.4268092642757552e-02 
45.400000 -1.3928512462633880e-02 
45.600000 -1.3595512486250683e-02 
45.800000 -1.3269058552928148e-02 
46.000000 -1.2949109239166978e-02 
46.200000 -1.2635616607318961e-02 
46.400000 -1.2328526894128861e-02 
46.600000 -1.2027781143437583e-02 
46.800000 -1.1733315787056137e-02 
47.000000 -1.1445063177428633e-02 
47.200000 -1.1162952075863930e-02 
47.400000 -1.0886908099404929e-02 
47.600000 -1.0616854129654740e-02 
47.800000 -1.0352710686357319e-02 
48.000000 -1.0094396268452988e-02 
48.200000 -9.8418276652230130e-03 
48.400000 -9.5949202397981881e-03 
48.600000 -9.3535881873060556e-03 
48.800000 -9.1177447696390301e-03 
49.000000 -8.8873025287516394e-03 
49.200000 -8.6621734803156714e-03 
49.400000 -8.4422692892438533e-03 
49.600000 -8.2275014286800896e-03 
49.800000 -8.0177813238139495e-03 
50.000000 -7.8130204818075977e-03 
50.200000 -7.6131306089666784e-03 
50.400000 -7.4180237164183926e-03 
50.600000 -7.2276122150097266e-03 
50.800000 -7.0418090006877376e-03 
51.000000 -6.8605275309429059e-03 
51.200000 -6.6836818931897413e-03 
51.400000 -6.5111868658783989e-03 
51.600000 -6.3429579728163654e-03 
51.800000 -6.1789115315248055e-03 
52.000000 -6.0189646959379062e-03 
52.200000 -5.8630354941061197e-03 
52.400000 -5.7110428613711545e-03 
52.600000 -5.5629066693126672e-03 
52.800000 -5.4185477509219315e-03 
53.000000 -5.2778879223897290e-03 
53.200000 -5.1408500017396108e-03 
53.400000 -5.0073578246497275e-03 
53.600000 -4.8773362577424623e-03 
53.800000 -4.7507112094319487e-03 
54.000000 -4.6274096388611435e-03 
54.200000 -4.5073595627484614e-03 
54.400000 -4.3904900605767072e-03 
54.600000 -4.2767312782590050e-03 
54.800000 -4.1660144302732294e-03 
55.000000 -4.0582718006043489e-03 
55.200000 -3.9534367424589739e-03 
55.400000 -3.8514436769570976e-03 
55.600000 -3.7522280908463684e-03 
55.800000 -3.6557265333278799e-03 
56.000000 -3.5618766121544160e-03 
56.200000 -3.4706169889085342e-03 
56.400000 -3.3818873737569977e-03 
56.600000 -3.2956285194924162e-03 
56.800000 -3.2117822151263020e-03 
57.000000 -3.1302912789408638e-03 
57.200000 -3.0510995511318639e-03 
57.400000 -2.9741518860428168e-03 
57.600000 -2.8993941440016990e-03 
57.800000 -2.8267731828729575e-03 
58.000000 -2.7562368492646538e-03 
58.200000 -2.6877339694610508e-03 
58.400000 -2.6212143401622978e-03 
58.600000 -2.5566287188977105e-03 
58.800000 -2.4939288143153993e-03 
59.000000 -2.4330672762102323e-03 
59.200000 -2.3739976854691147e-03 
59.400000 -2.3166745437763758e-03 
59.600000 -2.2610532631584801e-03 
59.800000 -2.2070901555567290e-03 
60.000000 -2.1547424220648009e-03 
60.200000 -2.1039681422304335e-03 
60.400000 -2.0547262631309127e-03 
60.600000 -2.0069765885567664e-03 
60.800000 -1.9606797678510118e-03 
61.000000 -1.9157972849318944e-03 
61.200000 -1.8722914470796770e-03 
61.400000 -1.8301253737956075e-03 
61.600000 -1.7892629855415926e-03 
61.800000 -1.7496689924479669e-03 
62.000000 -1.7113088830851553e-03 
62.200000 -1.6741489130498166e-03 
62.400000 -1.6381560937073353e-03 
62.600000 -1.6032981807860558e-03 
62.800000 -1.5695436630703136e-03 
63.000000 -1.5368617510259780e-03 
63.200000 -1.5052223654818259e-03 
63.400000 -1.4745961262879331e-03 
63.600000 -1.4449543410145482e-03 
63.800000 -1.4162689936826345e-03 
64.000000 -1.3885127334920394e-03 
64.200000 -1.3616588636354010e-03 
64.400000 -1.3356813300773041e-03 
64.600000 -1.3105547104783205e-03 
64.800000 -1.2862542030598820e-03 
65.000000 -1.2627556156060218e-03 
65.200000 -1.2400353544906734e-03 
65.400000 -1.2180704137325291e-03 
65.600000 -1.1968383642209507e-03 
65.800000 -1.1763173428972970e-03 
66.000000 -1.1564860420388082e-03 
66.200000 -1.1373236987017310e-03 
66.400000 -1.1188100841437801e-03 
66.600000 -1.1009254933878818e-03 
66.800000 -1.0836507348439689e-03 
67.000000 -1.0669671200609840e-03 
67.200000 -1.0508564535591583e-03 
67.400000 -1.0353010227377377e-03 
67.600000 -1.0202835878912048e-03 
67.800000 -1.0057873723950950e-03 
68.000000 -9.9179605286522921e-04 
68.200000 -9.7829374960241300e-04 
68.400000 -9.6526501694667310e-04 
68.600000 -9.5269483392255994e-04 
68.800000 -9.4056859491979672e-04 
69.000000 -9.2887210047608304e-04 
69.200000 -9.1759154820827277e-04 
69.400000 -9.0671352388270454e-04 
69.600000 -8.9622499255983396e-04 
69.800000 -8.8611328989988969e-04 
70.000000 -8.7636611355006167e-04 
70.200000 -8.6697151476287232e-04 
70.400000 -8.5791788996881363e-04 
70.600000 -8.4919397266020741e-04 
70.800000 -8.4078882526255477e-04 
71.000000 -8.3269183122235829e-04 
71.200000 -8.2489268715991299e-04 
71.400000 -8.1738139521675413e-04 
71.600000 -8.1014825549829278e-04 
71.800000 -8.0318385859470820e-04 
72.000000 -7.9647907838877735e-04 
72.200000 -7.9002506475827489e-04 
72.400000 -7.8381323665159541e-04 
72.600000 -7.7783527511356837e-04 
72.800000 -7.7208311654505118e-04 
73.000000 -7.6654894599401113e-04 
73.200000 -7.6122519073821421e-04 
73.400000 -7.5610451377301768e-04 
73.600000 -7.5117980760178171e-04 
73.800000 -7.4644418809297064e-04 
74.000000 -7.4189098842106227e-04 
74.200000 -7.3751375324392077e-04 
74.400000 -7.3330623283617696e-04 
74.600000 -7.2926237747674566e-04 
74.800000 -7.2537633198053314e-04 
75.000000 -7.2164243016791668e-04 
75.200000 -7.1805518963692638e-04 
75.400000 -7.1460930660190158e-04 
75.600000 -7.1129965078300245e-04 
75.800000 -7.0812126047654911e-04 
76.000000 -7.0506933773369779e-04 
76.200000 -7.0213924360190000e-04 
76.400000 -6.9932649354106924e-04 
76.600000 -6.9662675289567516e-04 
76.800000 -6.9403583249192519e-04 
77.000000 -6.9154968436822145e-04 
77.200000 -6.8916439755298958e-04 
77.400000 -6.8687619398351968e-04 
77.600000 -6.8468142452595554e-04 
77.800000 -6.8257656506391651e-04 
78.000000 -6.8055821272990091e-04 
78.200000 -6.7862308219251294e-04 
78.400000 -6.7676800203476939e-04 
78.600000 -6.7498991126764551e-04 
78.800000 -6.7328585591367590e-04 
79.000000 -6.7165298564728082e-04 
79.200000 -6.7008855057521660e-04 
79.400000 -6.6858989805550217e-04 
79.600000 -6.6715446964672048e-04 
79.800000 -6.6577979807411203e-04 
80.000000 -6.6446350437408125e-04 
80.200000 -6.6320329501830949e-04 
80.400000 -6.6199695916645956e-04 
80.600000 -6.6084236601574031e-04 
80.800000 -6.5973746213805751e-04 
81.000000 -6.5868026902987653e-04 
81.200000 -6.5766888056260908e-04 
81.400000 -6.5670146066403035e-04 
81.600000 -6.5577624096969933e-04 
81.800000 -6.5489151854782046e-04 
82.000000 -6.5404565374416190e-04 
82.200000 -6.5323706803065845e-04 
82.400000 -6.5246424194669028e-04 
82.600000 -6.5172571309962679e-04 
82.800000 -6.5102007423867986e-04 
83.000000 -6.5034597133389882e-04 
83.200000 -6.4970210175200466e-04 
83.400000 -6.4908721251354801e-04 
83.600000 -6.4850009854072743e-04 
83.800000 -6.4793960102085130e-04 
84.000000 -6.4740460574685965e-04 
84.200000 -6.4689404157714653e-04 
84.400000 -6.4640687893143672e-04 
84.600000 -6.4594212829428843e-04 
84.800000 -6.4549883879932296e-04 
85.000000 -6.4507609685453965e-04 
85.200000 -6.4467302479519900e-04 
85.400000 -6.4428877961216630e-04 
85.600000 -6.4392255167834006e-04 
85.800000 -6.4357356354285272e-04 
86.000000 -6.4324106877871462e-04 
86.200000 -6.4292435082304034e-04 
86.400000 -6.4262272187257802e-04 
86.600000 -6.4233552188698584e-04 
86.800000 -6.4206211747974695e-04 
87.000000 -6.4180190097153089e-04 
87.200000 -6.4155428943066944e-04 
87.400000 -6.4131872375144949e-04 
87.600000 -6.4109466775076618e-04 
87.800000 -6.4088160727032717e-04 
88.000000 -6.4067904940755954e-04 
88.200000 -6.4048652167950082e-04 
88.400000 -6.4030357121029613e-04 
88.600000 -6.4012976403464428e-04 
88.800000 -6.3996468434929232e-04 
89.000000 -6.3980793379289636e-04 
89.200000 -6.3965913079915698e-04 
89.400000 -6.3951790992600871e-04 
89.600000 -6.3938392125659216e-04 
89.800000 -6.3925682972201803e-04 
90.000000 -6.3913631462624715e-04 
90.200000 -6.3902206896521152e-04 
90.400000 -6.3891379896319905e-04 
90.600000 -6.3881122352713038e-04 
90.800000 -6.3871407371937639e-04 
91.000000 -6.3862209231288491e-04 
91.200000 -6.3853503325772554e-04 
91.400000 -6.3845266130734685e-04 
91.600000 -6.3837475152806605e-04 
91.800000 -6.3830108889646048e-04 
92.000000 -6.3823146789812601e-04 
92.200000 -6.3816569214841107e-04 
92.400000 -6.3810357399129991e-04 
92.600000 -6.3804493415429986e-04 
92.800000 -6.3798960141245309e-04 
93.000000 -6.3793741225903061e-04 
93.200000 -6.3788821054380773e-04 
93.400000 -6.3784184720852566e-04 
93.600000 -6.3779817998221855e-04 
93.800000 -6.3775707307639484e-04 
94.000000 -6.3771839694205801e-04 
94.200000 -6.3768202795574241e-04 
94.400000 -6.3764784824048293e-04 
94.600000 -6.3761574536079502e-04 
94.800000 -6.3758561210465470e-04 
95.000000 -6.3755734627343047e-04 
95.200000 -6.3753085046674290e-04 
95.400000 -6.3750603183735516e-04 
95.600000 -6.3748280195646823e-04 
95.800000 -6.3746107656847961e-04 
96.000000 -6.3744077542839117e-04 
96.200000 -6.3742182212745552e-04 
96.400000 -6.3740414392155637e-04 
96.600000 -6.3738767158147414e-04 
96.800000 -6.3737233922258468e-04 
97.000000 -6.3735808413591111e-04 
97.200000 -6.3734484670407293e-04 
97.400000 -6.3733257021450496e-04 
97.600000 -6.3732120074293935e-04 
97.800000 -6.3731068703054561e-04 
98.000000 -6.3730098036635097e-04 
98.200000 -6.3729203446549060e-04 
98.400000 -6.3728380534876228e-04 
98.600000 -6.3727625128062043e-04 
98.800000 -6.3726933259023594e-04 
99.000000 -6.3726301165549504e-04 
99.200000 -6.3725725276035650e-04 
99.400000 -6.3725202201298653e-04 
99.600000 -6.3724728728594554e-04 
99.800000 -6.3724301810071105e-04 
100.000000 -6.3723918558104831e-04 
100.200000 -6.3723576232294771e-04 
100.400000 -6.3723272240369389e-04 
100.600000 -6.3723004127914928e-04 
100.800000 -6.3722769565646015e-04 
101.000000 -6.3722566354311450e-04 
101.200000 -6.3722392409713141e-04 
101.400000 -6.3722245762579816e-04 
101.600000 -6.3722124547534870e-04 
101.800000 -6.3722027006972437e-04 
102.000000 -6.3721951473731664e-04 
102.200000 -6.3721896378120951e-04 
102.400000 -6.3721860235090716e-04 
102.600000 -6.3721841645232591e-04 
102.800000 -6.3721839287237542e-04 
103.000000 -6.3721851913992739e-04 
103.200000 -6.3721878352795275e-04 
103.400000 -6.3721917496974839e-04 
103.600000 -6.3721968304806392e-04 
103.800000 -6.3722029795455770e-04 
104.000000 -6.3722101047784113e-04 
104.200000 -6.3722181194096617e-04 
104.400000 -6.3722269419216188e-04 
104.600000 -6.3722364958444105e-04 
104.800000 -6.3722467094592949e-04 
105.000000 -6.3722575153114108e-04 
105.200000 -6.3722688503847075e-04 
105.400000 -6.3722806554796646e-04 
105.600000 -6.3722928752565910e-04 
105.800000 -6.3723054581314026e-04 
106.000000 -6.3723183556504276e-04 
106.200000 -6.3723315227005167e-04 
106.400000 -6.3723449172858188e-04 
106.600000 -6.3723585000154820e-04 
106.800000 -6.3723722345718908e-04 
107.000000 -6.3723860869408649e-04 
107.200000 -6.3724000255951235e-04 
107.400000 -6.3724140213858305e-04 
107.600000 -6.3724280472367972e-04 
107.800000 -6.3724420780180563e-04 
108.000000 -6.3724560907572891e-04 
108.200000 -6.3724700640755555e-04 
108.400000 -6.3724839783853987e-04 
108.600000 -6.3724978156959322e-04 
108.800000 -6.3725115596768855e-04 
109.000000 -6.3725251949788009e-04 
109.200000 -6.3725387081562529e-04 
109.400000 -6.3725520864736651e-04 
109.600000 -6.3725653188632936e-04 
109.800000 -6.3725783950616122e-04 
110.000000 -6.3725913058459288e-04 
110.200000 -6.3726040430717862e-04 
110.400000 -6.3726165995294654e-04 
110.600000 -6.3726289687872362e-04 
110.800000 -6.3726411452724036e-04 
111.000000 -6.3726531239453182e-04 
111.200000 -6.3726649007201513e-04 
111.400000 -6.3726764720926227e-04 
111.600000 -6.3726878351105798e-04 
111.800000 -6.3726989873551937e-04 
112.000000 -6.3727099270692589e-04 
112.200000 -6.3727206527918606e-04 
112.400000 -6.3727311637030298e-04 
112.600000 -6.3727414592579940e-04 
112.800000 -6.3727515393390693e-04 
113.000000 -6.3727614042625308e-04 
113.200000 -6.3727710545413013e-04 
113.400000 -6.3727804910470448e-04 
113.600000 -6.3727897149611773e-04 
113.800000 -6.3727987276898657e-04 
114.000000 -6.3728075308853993e-04 
114.200000 -6.3728161263006122e-04 
114.400000 -6.3728245163011121e-04 
114.600000 -6.3728327026313369e-04 
114.800000 -6.3728406880283334e-04 
115.000000 -6.3728484748348108e-04 
115.200000 -6.3728560657978078e-04 
115.400000 -6.3728634636305709e-04 
115.600000 -6.3728706711888017e-04 
115.800000 -6.3728776914605267e-04 
116.000000 -6.3728845273933188e-04 
116.200000 -6.3728911820697814e-04 
116.400000 -6.3728976587016511e-04 
116.600000 -6.3729039604564636e-04 
116.800000 -6.3729100905347835e-04 
117.000000 -6.3729160522175976e-04 
117.200000 -6.3729218487615369e-04 
117.400000 -6.3729274834002647e-04 
117.600000 -6.3729329595688805e-04 
117.800000 -6.3729382803890539e-04 
118.000000 -6.3729434493042803e-04 
118.200000 -6.3729484695356636e-04 
118.400000 -6.3729533444806252e-04 
118.600000 -6.3729580772273198e-04 
118.800000 -6.3729626710370968e-04 
119.000000 -6.3729671292774015e-04 
119.200000 -6.3729714549223826e-04 
119.400000 -6.3729756513171421e-04 
119.600000 -6.3729797213648437e-04 
119.800000 -6.3729836683247554e-04 
120.000000 -6.3729874952448556e-04 
120.200000 -6.3729912050600190e-04 
120.400000 -6.3729948007595905e-04 
120.600000 -6.3729982853103634e-04 
120.800000 -6.3730016615728968e-04 
121.000000 -6.3730049322245630e-04 
121.200000 -6.3730081002139755e-04 
121.400000 -6.3730111684016238e-04 
121.600000 -6.3730141390773432e-04 
121.800000 -6.3730170152908466e-04 
122.000000 -6.3730197994558285e-04 
122.200000 -6.3730224940463515e-04 
122.400000 -6.3730251016198836e-04 
122.600000 -6.3730276245691636e-04 
122.800000 -6.3730300653854627e-04 
123.000000 -6.3730324264005961e-04 
123.200000 -6.3730347097587514e-04 
123.400000 -6.3730369178716106e-04 
123.600000 -6.3730390527926700e-04 
123.800000 -6.3730411167618045e-04 
124.000000 -6.3730431117794278e-04 
124.200000 -6.3730450398920280e-04 
124.400000 -6.3730469031254150e-04 
124.600000 -6.3730487034807659e-04 
124.800000 -6.3730504427894630e-04 
125.000000 -6.3730521228047565e-04 
125.200000 -6.3730537455475994e-04 
125.400000 -6.3730553126425948e-04 
125.600000 -6.3730568258502790e-04 
125.800000 -6.3730582867571606e-04 
126.000000 -6.3730596970324599e-04 
126.200000 -6.3730610583144498e-04 
126.400000 -6.3730623721025559e-04 
126.600000 -6.3730636399032120e-04 
126.800000 -6.3730648631799697e-04 
127.000000 -6.3730660433492653e-04 
127.200000 -6.3730671817990858e-04 
127.400000 -6.3730682798365801e-04 
127.600000 -6.3730693388307919e-04 
127.800000 -6.3730703599689659e-04 
128.000000 -6.3730713445821902e-04 
128.200000 -6.3730722937398870e-04 
128.400000 -6.3730732087842468e-04 
128.600000 -6.3730740906601385e-04 
128.800000 -6.3730749405587622e-04 
129.000000 -6.3730757595733406e-04 
129.200000 -6.3730765487730184e-04 
129.400000 -6.3730773089442500e-04 
129.600000 -6.3730780412795535e-04 
129.800000 -6.3730787465543504e-04 
130.000000 -6.3730794258376466e-04 
130.200000 -6.3730800799481624e-04 
130.400000 -6.3730807097343856e-04 
130.600000 -6.3730813161234218e-04 
130.800000 -6.3730818997749517e-04 
131.000000 -6.3730824616208687e-04 
131.200000 -6.3730830022838691e-04 
131.400000 -6.3730835225595667e-04 
131.600000 -6.3730840231995822e-04 
131.800000 -6.3730845047857421e-04 
132.000000 -6.3730849680751489e-04 
132.200000 -6.3730854136656578e-04 
132.400000 -6.3730858422983427e-04 
132.600000 -6.3730862544631589e-04 
132.800000 -6.3730866507238221e-04 
133.000000 -6.3730870317203758e-04 
133.200000 -6.3730873980305525e-04 
133.400000 -6.3730877500448035e-04 
133.600000 -6.3730880884420998e-04 
133.800000 -6.3730884135777821e-04 
134.000000 -6.3730887260109864e-04 
134.200000 -6.3730890261435441e-04 
134.400000 -6.3730893145545059e-04 
134.600000 -6.3730895915663222e-04 
134.800000 -6.3730898575788120e-04 
135.000000 -6.3730901130548689e-04 
135.200000 -6.3730903583150700e-04 
135.400000 -6.3730905938309129e-04 
135.600000 -6.3730908199398362e-04 
135.800000 -6.3730910369418775e-04 
136.000000 -6.3730912452137495e-04 
136.200000 -6.3730914451424342e-04 
136.400000 -6.3730916369852952e-04 
136.600000 -6.3730918209672915e-04 
136.800000 -6.3730919975002465e-04 
137.000000 -6.3730921667773388e-04 
137.200000 -6.3730923292169145e-04 
137.400000 -6.3730924848835052e-04 
137.600000 -6.3730926342520089e-04 
137.800000 -6.3730927773465729e-04 
138.000000 -6.3730929145879023e-04 
138.200000 -6.3730930461340651e-04 
138.400000 -6.3730931721924650e-04 
138.600000 -6.3730932929766115e-04 
138.800000 -6.3730934086775326e-04 
139.000000 -6.3730935195850658e-04 
139.200000 -6.3730936258166865e-04 
139.400000 -6.3730937274666943e-04 
139.600000 -6.3730938248637847e-04 
139.800000 -6.3730939181779606e-04 
140.000000 -6.3730940074111647e-04 
140.200000 -6.3730940928366508e-04 
140.400000 -6.3730941746335812e-04 
140.600000 -6.3730942529476031e-04 
140.800000 -6.3730943278490770e-04 
141.000000 -6.3730943994163430e-04 
141.200000 -6.3730944679362550e-04 
141.400000 -6.3730945335517541e-04 
141.600000 -6.3730945961175400e-04 
141.800000 -6.3730946560242724e-04 
142.000000 -6.3730947133577159e-04 
142.200000 -6.3730947680810945e-04 
142.400000 -6.3730948203326310e-04 
142.600000 -6.3730948703080020e-04 
142.800000 -6.3730949180761803e-04 
143.000000 -6.3730949636274514e-04 
143.200000 -6.3730950071581166e-04 
143.400000 -6.3730950487245891e-04 
143.600000 -6.3730950883424120e-04 
143.800000 -6.3730951262285646e-04 
144.000000 -6.3730951622513465e-04 
144.200000 -6.3730951967957278e-04 
144.400000 -6.3730952295391191e-04 
144.600000 -6.3730952607960606e-04 
144.800000 -6.3730952906528027e-04 
145.000000 -6.3730953190275358e-04 
145.200000 -6.3730953459880529e-04 
145.400000 -6.3730953716858302e-04 
145.600000 -6.3730953960645931e-04 
145.800000 -6.3730954194087669e-04 
146.000000 -6.3730954414316365e-04 
146.200000 -6.3730954625172004e-04 
146.400000 -6.3730954826245884e-04 
146.600000 -6.3730955017746171e-04 
146.800000 -6.3730955199457068e-04 
147.000000 -6.3730955371422288e-04 
147.200000 -6.3730955532492056e-04 
147.400000 -6.3730955684103419e-04 
147.600000 -6.3730955823305263e-04 
147.800000 -6.3730955953730101e-04 
148.000000 -6.3730956076187700e-04 
148.200000 -6.3730956196986904e-04 
148.400000 -6.3730956326774058e-04 
148.600000 -6.3730956448977000e-04 
148.800000 -6.3730956549186424e-04 
149.000000 -6.3730956635817820e-04 
149.200000 -6.3730956712373249e-04 
149.400000 -6.3730956779121245e-04 
149.600000 -6.3730956838861652e-04 
149.800000 -6.3730956891157320e-04 
