0.000000 1.4117669754620332e-01 
0.200000 1.4114390172876246e-01 
0.400000 1.4111723962408829e-01 
0.600000 1.4109619092058745e-01 
0.800000 1.4108023389074842e-01 
1.000000 1.4106881838259466e-01 
1.200000 1.4106134221072586e-01 
1.400000 1.4105713211931448e-01 
1.600000 1.4105542564852214e-01 
1.800000 1.4105485257761841e-01 
2.000000 1.4105400515825239e-01 
2.200000 1.4104998207012964e-01 
2.400000 1.4104277806720067e-01 
2.600000 1.4103268051208606e-01 
2.800000 1.4102037257312494e-01 
3.000000 1.4100660368991313e-01 
3.200000 1.4099215679033439e-01 
3.400000 1.4097766717829285e-01 
3.600000 1.4095842325110752e-01 
3.800000 1.4093935741458274e-01 
4.000000 1.4092097562016215e-01 
4.200000 1.4090341392760719e-01 
4.400000 1.4088648830371264e-01 
4.600000 1.4086980343989275e-01 
4.800000 1.4085287800395430e-01 
5.000000 1.4083517806885015e-01 
5.200000 1.4081615311857576e-01 
5.400000 1.4079538807050118e-01 
5.600000 1.4077265368882286e-01 
5.800000 1.4074784946190366e-01 
6.000000 1.4072096018423497e-01 
6.200000 1.4069203365242744e-01 
6.400000 1.4066114321313850e-01 
6.600000 1.4062836406670776e-01 
6.800000 1.4059376557605818e-01 
7.000000 1.4055735904219724e-01 
7.200000 1.4051908899861265e-01 
7.400000 1.4047886104210550e-01 
7.600000 1.4043655797736931e-01 
7.800000 1.4039205051126658e-01 
8.000000 1.4034520684929241e-01 
8.200000 1.4029589996595837e-01 
8.400000 1.4024401178393364e-01 
8.600000 1.4018943649315141e-01 
8.800000 1.4013207950140372e-01 
9.000000 1.4007185214788764e-01 
9.200000 1.4000866625607411e-01 
9.400000 1.3994242936397228e-01 
9.600000 1.3987304141262258e-01 
9.800000 1.3980039069518868e-01 
10.000000 1.3972434914613818e-01 
10.200000 1.3964477852816914e-01 
10.400000 1.3956153256558479e-01 
10.600000 1.3947445943663195e-01 
10.800000 1.3938339733194050e-01 
11.000000 1.3928817405641558e-01 
11.200000 1.3918860766106900e-01 
11.400000 1.3908450646698045e-01 
11.600000 1.3897566851137100e-01 
11.800000 1.3886188073418415e-01 
12.000000 1.3874291790084925e-01 
12.200000 1.3861854123434969e-01 
12.400000 1.3848849683895303e-01 
12.600000 1.3835251401029292e-01 
12.800000 1.3821030359231190e-01 
13.000000 1.3806155635357686e-01 
13.200000 1.3790594144466128e-01 
13.400000 1.3774310484115637e-01 
13.600000 1.3757266770963528e-01 
13.800000 1.3739422481066010e-01 
14.000000 1.3720734283291780e-01 
14.200000 1.3701155861925884e-01 
14.400000 1.3680637725931488e-01 
14.600000 1.3659127000165516e-01 
14.800000 1.3636567202186634e-01 
15.000000 1.3612898003575946e-01 
15.200000 1.3588054976627006e-01 
15.400000 1.3561969326324441e-01 
15.600000 1.3534567607588932e-01 
15.800000 1.3505771427853064e-01 
16.000000 1.3475497133541503e-01 
16.200000 1.3443655480931360e-01 
16.400000 1.3410151288785299e-01 
16.600000 1.3374883071733801e-01 
16.800000 1.3337742653674778e-01 
17.000000 1.3298614760646832e-01 
17.200000 1.3257376593923642e-01 
17.400000 1.3213897384757556e-01 
17.600000 1.3168037934049093e-01 
17.800000 1.3119650141324191e-01 
18.000000 1.3068576529429810e-01 
18.200000 1.3014649773205145e-01 
18.400000 1.2957692241961583e-01 
18.600000 1.2897515568456663e-01 
18.800000 1.2833920258499487e-01 
19.000000 1.2766695357869773e-01 
19.200000 1.2695618195525715e-01 
19.400000 1.2620454224005628e-01 
19.600000 1.2540956980058460e-01 
19.800000 1.2456868189650006e-01 
20.000000 1.2367918042861215e-01 
20.200000 1.2273825664867788e-01 
20.400000 1.2174299808341249e-01 
20.600000 1.2069039792371883e-01 
20.800000 1.1957736711048050e-01 
21.000000 1.1840074932699063e-01 
21.200000 1.1715733907875980e-01 
21.400000 1.1584390300747627e-01 
21.600000 1.1445720455255459e-01 
21.800000 1.1299403203342973e-01 
22.000000 1.1145123018348979e-01 
22.200000 1.0982573512458949e-01 
22.400000 1.0811461272269729e-01 
22.600000 1.0631510020863111e-01 
22.800000 1.0442465088019681e-01 
23.000000 1.0244098161931947e-01 
23.200000 1.0036212285671775e-01 
23.400000 9.8186470495198797e-02 
23.600000 9.5912839161874208e-02 
23.800000 9.3540516002960317e-02 
24.000000 9.1069314067817597e-02 
24.200000 8.8499624162455715e-02 
24.400000 8.5832463897524303e-02 
24.600000 8.3069522526672879e-02 
24.800000 8.0213200080449409e-02 
25.000000 7.7266639262899561e-02 
25.200000 7.4233748602057892e-02 
25.400000 7.1119215439600758e-02 
25.600000 6.7928507511187064e-02 
25.800000 6.4667862106146279e-02 
26.000000 6.1344262096152513e-02 
26.200000 5.7965398477262786e-02 
26.400000 5.4539619462716904e-02 
26.600000 5.1075866578750295e-02 
26.800000 4.7583598632957469e-02 
27.000000 4.4072704824508979e-02 
27.200000 4.0553408629160903e-02 
27.400000 3.7036164400991667e-02 
27.600000 3.3531548873399597e-02 
27.800000 3.0050149901597045e-02 
28.000000 2.6602454861760272e-02 
28.200000 2.3198741105626031e-02 
28.400000 1.9848970766518703e-02 
28.600000 1.6562692031521831e-02 
28.800000 1.3348948746126577e-02 
29.000000 1.0216199916825208e-02 
29.200000 7.1722503405912130e-03 
29.400000 4.2241932345538080e-03 
29.600000 1.3783653812639018e-03 
29.800000 -1.3596850411373707e-03 
30.000000 -3.9852180961928996e-03 
30.200000 -6.4943096345325690e-03 
30.400000 -8.8838474362894493e-03 
30.600000 -1.1151516844189135e-02 
30.800000 -1.3295776940855597e-02 
31.000000 -1.5315828439048107e-02 
31.200000 -1.7211574526544093e-02 
31.400000 -1.8983575940603070e-02 
31.600000 -2.0633001544101082e-02 
31.800000 -2.2161575641094444e-02 
32.000000 -2.3571523207244205e-02 
32.200000 -2.4865514126397037e-02 
32.400000 -2.6046607421900680e-02 
32.600000 -2.7118196356541557e-02 
32.800000 -2.8083955152026441e-02 
33.000000 -2.8947787953054305e-02 
33.200000 -2.9713780536154810e-02 
33.400000 -3.0386155143662497e-02 
33.600000 -3.0969228711111962e-02 
33.800000 -3.1467374654329583e-02 
34.000000 -3.1884988292608107e-02 
34.200000 -3.2226455906490981e-02 
34.400000 -3.2496127363710769e-02 
34.600000 -3.2698292194516920e-02 
34.800000 -3.2837158956100398e-02 
35.000000 -3.2916837695817325e-02 
35.200000 -3.2941325301938607e-02 
35.400000 -3.2914493517478105e-02 
35.600000 -3.2840079387316812e-02 
35.800000 -3.2721677908531088e-02 
36.000000 -3.2562736658272362e-02 
36.200000 -3.2366552182057085e-02 
36.400000 -3.2136267935619522e-02 
36.600000 -3.1874873586605013e-02 
36.800000 -3.1585205495609836e-02 
37.000000 -3.1269948210802534e-02 
37.200000 -3.0931636824282793e-02 
37.400000 -3.0572660052736622e-02 
37.600000 -3.0195263918171678e-02 
37.800000 -2.9801555917354727e-02 
38.000000 -2.9393509580621757e-02 
38.200000 -2.8972969331601039e-02 
38.400000 -2.8541655569792546e-02 
38.600000 -2.8101169907101431e-02 
38.800000 -2.7653000498221503e-02 
39.000000 -2.7198527412336471e-02 
39.200000 -2.6739028000870857e-02 
39.400000 -2.6275682222363483e-02 
39.600000 -2.5809577891479862e-02 
39.800000 -2.5341715824414413e-02 
40.000000 -2.4873014857542564e-02 
40.200000 -2.4404316720828934e-02 
40.400000 -2.3936390750803282e-02 
40.600000 -2.3469938431831650e-02 
40.800000 -2.3005597757012997e-02 
41.000000 -2.2543947402946185e-02 
41.200000 -2.2085510714837164e-02 
41.400000 -2.1630759500449459e-02 
41.600000 -2.1180117633181894e-02 
41.800000 -2.0733964465995181e-02 
42.000000 -2.0292638059185242e-02 
42.200000 -1.9856438226035333e-02 
42.400000 -1.9425629401211453e-02 
42.600000 -1.9000443337481299e-02 
42.800000 -1.8581081636710239e-02 
43.000000 -1.8167718121674503e-02 
43.200000 -1.7760501055325451e-02 
43.400000 -1.7359555214329858e-02 
43.600000 -1.6964983823966551e-02 
43.800000 -1.6576870361064644e-02 
44.000000 -1.6195280232134901e-02 
44.200000 -1.5820262333289759e-02 
44.400000 -1.5451850498638897e-02 
44.600000 -1.5090064843657353e-02 
44.800000 -1.4734913009777972e-02 
45.000000 -1.4386391316127650e-02 
45.200000 -1.4044485824425884e-02 
45.400000 -1.3709173322384555e-02 
45.600000 -1.3380422231133393e-02 
45.800000 -1.3058193441525756e-02 
46.000000 -1.2742441084328121e-02 
46.200000 -1.2433113238733973e-02 
46.400000 -1.2130152583528814e-02 
46.600000 -1.1833496995089759e-02 
46.800000 -1.1543080095905572e-02 
47.000000 -1.1258831757427423e-02 
47.200000 -1.0980678560430085e-02 
47.400000 -1.0708544216272431e-02 
47.600000 -1.0442349951947538e-02 
47.800000 -1.0182014861706751e-02 
48.000000 -9.9274562278874046e-03 
48.200000 -9.6785898134061354e-03 
48.400000 -9.4353301281239754e-03 
48.600000 -9.1975906711515287e-03 
48.800000 -8.9652841512071757e-03 
49.000000 -8.7383226866171448e-03 
49.200000 -8.5166179868101932e-03 
49.400000 -8.3000815167165454e-03 
49.600000 -8.0886246456333966e-03 
49.800000 -7.8821587817396177e-03 
50.000000 -7.6805954936054466e-03 
50.200000 -7.4838466196812392e-03 
50.400000 -7.2918243669197746e-03 
50.600000 -7.1044413994138522e-03 
50.800000 -6.9216109178631413e-03 
51.000000 -6.7432467308698729e-03 
51.200000 -6.5692633185265303e-03 
51.400000 -6.3995758891399468e-03 
51.600000 -6.2341004297265523e-03 
51.800000 -6.0727537506899132e-03 
52.000000 -5.9154535253626156e-03 
52.200000 -5.7621183247647534e-03 
52.400000 -5.6126676480565268e-03 
52.600000 -5.4670219490971783e-03 
52.800000 -5.3251026594401535e-03 
53.000000 -5.1868322080726864e-03 
53.200000 -5.0521340382249091e-03 
53.400000 -4.9209326215628457e-03 
53.600000 -4.7931534698916201e-03 
53.800000 -4.6687231447398309e-03 
54.000000 -4.5475692648896948e-03 
54.200000 -4.4296205121643617e-03 
54.400000 -4.3148066355317843e-03 
54.600000 -4.2030584537583598e-03 
54.800000 -4.0943078567003688e-03 
55.000000 -3.9884878054198963e-03 
55.200000 -3.8855323311310225e-03 
55.400000 -3.7853765331932049e-03 
55.600000 -3.6879565762070465e-03 
55.800000 -3.5932096862489604e-03 
56.000000 -3.5010741463822603e-03 
56.200000 -3.4114892915001610e-03 
56.400000 -3.3243955025380328e-03 
56.600000 -3.2397342001835167e-03 
56.800000 -3.1574478379514243e-03 
57.000000 -3.0774798949984722e-03 
57.200000 -2.9997748683017050e-03 
57.400000 -2.9242782646676652e-03 
57.600000 -2.8509365922344820e-03 
57.800000 -2.7796973517647400e-03 
58.000000 -2.7105090275923865e-03 
58.200000 -2.6433210783520511e-03 
58.400000 -2.5780839274651968e-03 
58.600000 -2.5147489534001616e-03 
58.800000 -2.4532684797341775e-03 
59.000000 -2.3935957650767642e-03 
59.200000 -2.3356849928028167e-03 
59.400000 -2.2794912606129702e-03 
59.600000 -2.2249705700691652e-03 
59.800000 -2.1720798158378629e-03 
60.000000 -2.1207767750379553e-03 
60.200000 -2.0710200963010572e-03 
60.400000 -2.0227692888628579e-03 
60.600000 -1.9759847115473905e-03 
60.800000 -1.9306275616667451e-03 
61.000000 -1.8866598638678928e-03 
61.200000 -1.8440444589988142e-03 
61.400000 -1.8027449927713740e-03 
61.600000 -1.7627259045613908e-03 
61.800000 -1.7239524160891501e-03 
62.000000 -1.6863905200703161e-03 
62.200000 -1.6500069689044106e-03 
62.400000 -1.6147692632958871e-03 
62.600000 -1.5806456409183101e-03 
62.800000 -1.5476050650424372e-03 
63.000000 -1.5156172132159834e-03 
63.200000 -1.4846524658964078e-03 
63.400000 -1.4546818951597235e-03 
63.600000 -1.4256772534039924e-03 
63.800000 -1.3976109620826432e-03 
64.000000 -1.3704561004644067e-03 
64.200000 -1.3441863944931715e-03 
64.400000 -1.3187762055479751e-03 
64.600000 -1.2942005194350251e-03 
64.800000 -1.2704349353012678e-03 
65.000000 -1.2474556546238011e-03 
65.200000 -1.2252394703219024e-03 
65.400000 -1.2037637558714107e-03 
65.600000 -1.1830064545041846e-03 
65.800000 -1.1629460685194659e-03 
66.000000 -1.1435616485890032e-03 
66.200000 -1.1248327832361904e-03 
66.400000 -1.1067395883523970e-03 
66.600000 -1.0892626967890992e-03 
66.800000 -1.0723832480697137e-03 
67.000000 -1.0560828781874046e-03 
67.200000 -1.0403437095032123e-03 
67.400000 -1.0251483407047596e-03 
67.600000 -1.0104798369663381e-03 
67.800000 -9.9632172008382730e-04 
68.000000 -9.8265795884829726e-04 
68.200000 -9.6947295941130635e-04 
68.400000 -9.5675155585662336e-04 
68.600000 -9.4447900082769015e-04 
68.800000 -9.3264095632460131e-04 
69.000000 -9.2122348454942715e-04 
69.200000 -9.1021303894017747e-04 
69.400000 -8.9959645528032983e-04 
69.600000 -8.8936094297381585e-04 
69.800000 -8.7949407638989591e-04 
70.000000 -8.6998378637251350e-04 
70.200000 -8.6081835189123074e-04 
70.400000 -8.5198639175645963e-04 
70.600000 -8.4347685653198001e-04 
70.800000 -8.3527902052964870e-04 
71.000000 -8.2738247394981840e-04 
71.200000 -8.1977711517090823e-04 
71.400000 -8.1245314311122196e-04 
71.600000 -8.0540104978657490e-04 
71.800000 -7.9861161295471245e-04 
72.000000 -7.9207588892461073e-04 
72.200000 -7.8578520543874653e-04 
72.400000 -7.7973115474537502e-04 
72.600000 -7.7390558677992161e-04 
72.800000 -7.6830060243842507e-04 
73.000000 -7.6290854704832989e-04 
73.200000 -7.5772200388010691e-04 
73.400000 -7.5273378788290324e-04 
73.600000 -7.4793693946187401e-04 
73.800000 -7.4332471843500253e-04 
74.000000 -7.3889059808774499e-04 
74.200000 -7.3462825933198056e-04 
74.400000 -7.3053158503678939e-04 
74.600000 -7.2659465446014981e-04 
74.800000 -7.2281173776317376e-04 
75.000000 -7.1917729070959668e-04 
75.200000 -7.1568594940875363e-04 
75.400000 -7.1233252525274710e-04 
75.600000 -7.0911199990110474e-04 
75.800000 -7.0601952040497823e-04 
76.000000 -7.0305039442671718e-04 
76.200000 -7.0020008564690428e-04 
76.400000 -6.9746420914609808e-04 
76.600000 -6.9483852701963250e-04 
76.800000 -6.9231894400156174e-04 
77.000000 -6.8990150327520594e-04 
77.200000 -6.8758238232464325e-04 
77.400000 -6.8535788892341853e-04 
77.600000 -6.8322445717485664e-04 
77.800000 -6.8117864373629100e-04 
78.000000 -6.7921712404735157e-04 
78.200000 -6.7733668871357983e-04 
78.400000 -6.7553423994702599e-04 
78.600000 -6.7380678812743039e-04 
78.800000 -6.7215144843138508e-04 
79.000000 -6.7056543755567022e-04 
79.200000 -6.6904607053532711e-04 
79.400000 -6.6759075761853304e-04 
79.600000 -6.6619700129280646e-04 
79.800000 -6.6486239327415153e-04 
80.000000 -6.6358461171352190e-04 
80.200000 -6.6236141837230228e-04 
80.400000 -6.6119065596254023e-04 
80.600000 -6.6007024544322696e-04 
80.800000 -6.5899818354084316e-04 
81.000000 -6.5797254021640605e-04 
81.200000 -6.5699145626612471e-04 
81.400000 -6.5605314099455303e-04 
81.600000 -6.5515586987826419e-04 
81.800000 -6.5429798243096804e-04 
82.000000 -6.5347787999565227e-04 
82.200000 -6.5269402366703588e-04 
82.400000 -6.5194493232671041e-04 
82.600000 -6.5122918058728441e-04 
82.800000 -6.5054539695407615e-04 
83.000000 -6.4989226193285649e-04 
83.200000 -6.4926850628243410e-04 
83.400000 -6.4867290924346815e-04 
83.600000 -6.4810429685308729e-04 
83.800000 -6.4756154031411078e-04 
84.000000 -6.4704355444903522e-04 
84.200000 -6.4654929609075235e-04 
84.400000 -6.4607776266531469e-04 
84.600000 -6.4562799070597143e-04 
84.800000 -6.4519905449446358e-04 
85.000000 -6.4479006467605543e-04 
85.200000 -6.4440016697842745e-04 
85.400000 -6.4402854093271317e-04 
85.600000 -6.4367439867187015e-04 
85.800000 -6.4333698368757714e-04 
86.000000 -6.4301556975435159e-04 
86.200000 -6.4270945978359834e-04 
86.400000 -6.4241798475358353e-04 
86.600000 -6.4214050265627709e-04 
86.800000 -6.4187639753800207e-04 
87.000000 -6.4162507848682798e-04 
87.200000 -6.4138597873591996e-04 
87.400000 -6.4115855471309074e-04 
87.600000 -6.4094228519865487e-04 
87.800000 -6.4073667048143712e-04 
88.000000 -6.4054123150917436e-04 
88.200000 -6.4035550914660899e-04 
88.400000 -6.4017906338022235e-04 
88.600000 -6.4001147258525154e-04 
88.800000 -6.3985233284846038e-04 
89.000000 -6.3970125725516108e-04 
89.200000 -6.3955787521909752e-04 
89.400000 -6.3942183188635954e-04 
89.600000 -6.3929278748180163e-04 
89.800000 -6.3917041676554015e-04 
90.000000 -6.3905440835727856e-04 
90.200000 -6.3894446431985580e-04 
90.400000 -6.3884029955714461e-04 
90.600000 -6.3874164128063099e-04 
90.800000 -6.3864822857730152e-04 
91.000000 -6.3855981188329358e-04 
91.200000 -6.3847615256092116e-04 
91.400000 -6.3839702243571189e-04 
91.600000 -6.3832220338484735e-04 
91.800000 -6.3825148690725697e-04 
92.000000 -6.3818467377887295e-04 
92.200000 -6.3812157360541855e-04 
92.400000 -6.3806200450788886e-04 
92.600000 -6.3800579276957620e-04 
92.800000 -6.3795277248043097e-04 
93.000000 -6.3790278520389071e-04 
93.200000 -6.3785567969409929e-04 
93.400000 -6.3781131158784088e-04 
93.600000 -6.3776954309968659e-04 
93.800000 -6.3773024273407891e-04 
94.000000 -6.3769328507886497e-04 
94.200000 -6.3765855047285408e-04 
94.400000 -6.3762592482921598e-04 
94.600000 -6.3759529932973236e-04 
94.800000 -6.3756657025256652e-04 
95.000000 -6.3753963872843766e-04 
95.200000 -6.3751441054239744e-04 
95.400000 -6.3749079592344965e-04 
95.600000 -6.3746870934099781e-04 
95.800000 -6.3744806934678405e-04 
96.000000 -6.3742879838471489e-04 
96.200000 -6.3741082260077714e-04 
96.400000 -6.3739407172037910e-04 
96.600000 -6.3737847883778981e-04 
96.800000 -6.3736398031619124e-04 
97.000000 -6.3735051561689127e-04 
97.200000 -6.3733802716935128e-04 
97.400000 -6.3732646020880218e-04 
97.600000 -6.3731576270431578e-04 
97.800000 -6.3730588518705333e-04 
98.000000 -6.3729678065226752e-04 
98.200000 -6.3728840446394819e-04 
98.400000 -6.3728071421741139e-04 
98.600000 -6.3727366964440313e-04 
98.800000 -6.3726723252831990e-04 
99.000000 -6.3726136661012428e-04 
99.200000 -6.3725603746445786e-04 
99.400000 -6.3725121245029187e-04 
99.600000 -6.3724686063437730e-04 
99.800000 -6.3724295266099490e-04 
100.000000 -6.3723946072097304e-04 
100.200000 -6.3723635848655230e-04 
100.400000 -6.3723362098921932e-04 
100.600000 -6.3723122461208093e-04 
100.800000 -6.3722914699644584e-04 
101.000000 -6.3722736696063265e-04 
101.200000 -6.3722586450476459e-04 
101.400000 -6.3722462070155139e-04 
101.600000 -6.3722361765142926e-04 
101.800000 -6.3722283845672051e-04 
102.000000 -6.3722226714856001e-04 
102.200000 -6.3722188863781642e-04 
102.400000 -6.3722168871253870e-04 
102.600000 -6.3722165393496205e-04 
102.800000 -6.3722177164818317e-04 
103.000000 -6.3722202992880228e-04 
103.200000 -6.3722241752965647e-04 
103.400000 -6.3722292386250018e-04 
103.600000 -6.3722353895622613e-04 
103.800000 -6.3722425345420081e-04 
104.000000 -6.3722505854370975e-04 
104.200000 -6.3722594591480303e-04 
104.400000 -6.3722690783969693e-04 
104.600000 -6.3722793697063712e-04 
104.800000 -6.3722902649292895e-04 
105.000000 -6.3723016998764453e-04 
105.200000 -6.3723136143208070e-04 
105.400000 -6.3723259520159087e-04 
105.600000 -6.3723386605272353e-04 
105.800000 -6.3723516905465905e-04 
106.000000 -6.3723649962591639e-04 
106.200000 -6.3723785348809847e-04 
106.400000 -6.3723922664792737e-04 
106.600000 -6.3724061540253174e-04 
106.800000 -6.3724201629549587e-04 
107.000000 -6.3724342611806706e-04 
107.200000 -6.3724484189270347e-04 
107.400000 -6.3724626087505176e-04 
107.600000 -6.3724768053032704e-04 
107.800000 -6.3724909847911321e-04 
108.000000 -6.3725051257670223e-04 
108.200000 -6.3725192081856563e-04 
108.400000 -6.3725332137092722e-04 
108.600000 -6.3725471257011085e-04 
108.800000 -6.3725609286607865e-04 
109.000000 -6.3725746087009427e-04 
109.200000 -6.3725881530789230e-04 
109.400000 -6.3726015501808231e-04 
109.600000 -6.3726147898517799e-04 
109.800000 -6.3726278626590610e-04 
110.000000 -6.3726407602726631e-04 
110.200000 -6.3726534751860214e-04 
110.400000 -6.3726660009626873e-04 
110.600000 -6.3726783318872327e-04 
110.800000 -6.3726904629358982e-04 
111.000000 -6.3727023897309359e-04 
111.200000 -6.3727141087651512e-04 
111.400000 -6.3727256170633545e-04 
111.600000 -6.3727369121185234e-04 
111.800000 -6.3727479920478586e-04 
112.000000 -6.3727588554962633e-04 
112.200000 -6.3727695013436614e-04 
112.400000 -6.3727799292752352e-04 
112.600000 -6.3727901390497194e-04 
112.800000 -6.3728001310228016e-04 
113.000000 -6.3728099056449550e-04 
113.200000 -6.3728194636725188e-04 
113.400000 -6.3728288066056127e-04 
113.600000 -6.3728379355145609e-04 
113.800000 -6.3728468521573323e-04 
114.000000 -6.3728555584811886e-04 
114.200000 -6.3728640564584410e-04 
114.400000 -6.3728723484178518e-04 
114.600000 -6.3728804366302433e-04 
114.800000 -6.3728883237400280e-04 
115.000000 -6.3728960124240230e-04 
115.200000 -6.3729035053743804e-04 
115.400000 -6.3729108055845390e-04 
115.600000 -6.3729179160281618e-04 
115.800000 -6.3729248396843935e-04 
116.000000 -6.3729315796787200e-04 
116.200000 -6.3729381392199635e-04 
116.400000 -6.3729445216154090e-04 
116.600000 -6.3729507300597232e-04 
116.800000 -6.3729567677753979e-04 
117.000000 -6.3729626381076043e-04 
117.200000 -6.3729683444789520e-04 
117.400000 -6.3729738902196936e-04 
117.600000 -6.3729792785085365e-04 
117.800000 -6.3729845128881329e-04 
118.000000 -6.3729895965201205e-04 
118.200000 -6.3729945328946935e-04 
118.400000 -6.3729993251960410e-04 
118.600000 -6.3730039767211782e-04 
118.800000 -6.3730084908238116e-04 
119.000000 -6.3730128706256106e-04 
119.200000 -6.3730171192863394e-04 
119.400000 -6.3730212400212732e-04 
119.600000 -6.3730252360171685e-04 
119.800000 -6.3730291102820358e-04 
120.000000 -6.3730328659054869e-04 
120.200000 -6.3730365059303656e-04 
120.400000 -6.3730400332570603e-04 
120.600000 -6.3730434507347500e-04 
120.800000 -6.3730467613787312e-04 
121.000000 -6.3730499679568592e-04 
121.200000 -6.3730530732553081e-04 
121.400000 -6.3730560799397928e-04 
121.600000 -6.3730589907007307e-04 
121.800000 -6.3730618082228491e-04 
122.000000 -6.3730645349955456e-04 
122.200000 -6.3730671737221439e-04 
122.400000 -6.3730697266078246e-04 
122.600000 -6.3730721962179659e-04 
122.800000 -6.3730745849566173e-04 
123.000000 -6.3730768952251216e-04 
123.200000 -6.3730791290139005e-04 
123.400000 -6.3730812887492772e-04 
123.600000 -6.3730833764761435e-04 
123.800000 -6.3730853944738569e-04 
124.000000 -6.3730873446701808e-04 
124.200000 -6.3730892291708613e-04 
124.400000 -6.3730910498198401e-04 
124.600000 -6.3730928088059913e-04 
124.800000 -6.3730945077374729e-04 
125.000000 -6.3730961485101295e-04 
125.200000 -6.3730977329563149e-04 
125.400000 -6.3730992627613475e-04 
125.600000 -6.3731007397488382e-04 
125.800000 -6.3731021654255676e-04 
126.000000 -6.3731035414196086e-04 
126.200000 -6.3731048693112247e-04 
126.400000 -6.3731061506824838e-04 
126.600000 -6.3731073869374016e-04 
126.800000 -6.3731085795326603e-04 
127.000000 -6.3731097298572875e-04 
127.200000 -6.3731108393446506e-04 
127.400000 -6.3731119091919169e-04 
127.600000 -6.3731129408384213e-04 
127.800000 -6.3731139353669086e-04 
128.000000 -6.3731148940870258e-04 
128.200000 -6.3731158182270264e-04 
128.400000 -6.3731167088704188e-04 
128.600000 -6.3731175671092460e-04 
128.800000 -6.3731183940170244e-04 
129.000000 -6.3731191908077134e-04 
129.200000 -6.3731199582507669e-04 
129.400000 -6.3731206974882576e-04 
129.600000 -6.3731214094521482e-04 
129.800000 -6.3731220949991146e-04 
130.000000 -6.3731227551325209e-04 
130.200000 -6.3731233905937185e-04 
130.400000 -6.3731240023706670e-04 
130.600000 -6.3731245911477497e-04 
130.800000 -6.3731251579302733e-04 
131.000000 -6.3731257032325489e-04 
131.200000 -6.3731262279374812e-04 
131.400000 -6.3731267328410307e-04 
131.600000 -6.3731272184541776e-04 
131.800000 -6.3731276855672619e-04 
132.000000 -6.3731281347927105e-04 
132.200000 -6.3731285668011672e-04 
132.400000 -6.3731289821767484e-04 
132.600000 -6.3731293815155049e-04 
132.800000 -6.3731297654204960e-04 
133.000000 -6.3731301344297636e-04 
133.200000 -6.3731304891697510e-04 
133.400000 -6.3731308299216222e-04 
133.600000 -6.3731311573551885e-04 
133.800000 -6.3731314720149451e-04 
134.000000 -6.3731317742311833e-04 
134.200000 -6.3731320645676881e-04 
134.400000 -6.3731323433379589e-04 
134.600000 -6.3731326111035602e-04 
134.800000 -6.3731328682173349e-04 
135.000000 -6.3731331150611997e-04 
135.200000 -6.3731333519766176e-04 
135.400000 -6.3731335793783261e-04 
135.600000 -6.3731337976186131e-04 
135.800000 -6.3731340070875137e-04 
136.000000 -6.3731342080847186e-04 
136.200000 -6.3731344009416990e-04 
136.400000 -6.3731345857925142e-04 
136.600000 -6.3731347633184249e-04 
136.800000 -6.3731349334811283e-04 
137.000000 -6.3731350965474942e-04 
137.200000 -6.3731352530342622e-04 
137.400000 -6.3731354029809145e-04 
137.600000 -6.3731355466826317e-04 
137.800000 -6.3731356844341780e-04 
138.000000 -6.3731358165376728e-04 
138.200000 -6.3731359430580642e-04 
138.400000 -6.3731360642299562e-04 
138.600000 -6.3731361803872483e-04 
138.800000 -6.3731362916055745e-04 
139.000000 -6.3731363981415351e-04 
139.200000 -6.3731365001112178e-04 
139.400000 -6.3731365978060561e-04 
139.600000 -6.3731366912524179e-04 
139.800000 -6.3731367807812189e-04 
140.000000 -6.3731368663671323e-04 
140.200000 -6.3731369483444045e-04 
140.400000 -6.3731370267042231e-04 
140.600000 -6.3731371016895189e-04 
140.800000 -6.3731371735011727e-04 
141.000000 -6.3731372420518240e-04 
141.200000 -6.3731373076199305e-04 
141.400000 -6.3731373703639765e-04 
141.600000 -6.3731374303339222e-04 
141.800000 -6.3731374876374591e-04 
142.000000 -6.3731375423417558e-04 
142.200000 -6.3731375946588648e-04 
142.400000 -6.3731376446851673e-04 
142.600000 -6.3731376923018002e-04 
142.800000 -6.3731377379049742e-04 
143.000000 -6.3731377813599360e-04 
143.200000 -6.3731378228470970e-04 
143.400000 -6.3731378624657525e-04 
143.600000 -6.3731379002333194e-04 
143.800000 -6.3731379362481910e-04 
144.000000 -6.3731379706423452e-04 
144.200000 -6.3731380034142554e-04 
144.400000 -6.3731380346733479e-04 
144.600000 -6.3731380644185126e-04 
144.800000 -6.3731380926659170e-04 
145.000000 -6.3731381196108911e-04 
145.200000 -6.3731381451504615e-04 
145.400000 -6.3731381694698969e-04 
145.600000 -6.3731381926893788e-04 
145.800000 -6.3731382146933052e-04 
146.000000 -6.3731382357067046e-04 
146.200000 -6.3731382556495020e-04 
146.400000 -6.3731382746588794e-04 
146.600000 -6.3731382927632863e-04 
146.800000 -6.3731383099245587e-04 
147.000000 -6.3731383260827446e-04 
147.200000 -6.3731383411165521e-04 
147.400000 -6.3731383551540038e-04 
147.600000 -6.3731383682747583e-04 
147.800000 -6.3731383803500991e-04 
148.000000 -6.3731383918343154e-04 
148.200000 -6.3731384033299809e-04 
148.400000 -6.3731384156845428e-04 
148.600000 -6.3731384272939368e-04 
148.800000 -6.3731384367637922e-04 
149.000000 -6.3731384449827039e-04 
149.200000 -6.3731384521140827e-04 
149.400000 -6.3731384583402134e-04 
149.600000 -6.3731384637351340e-04 
149.800000 -6.3731384684116710e-04 
