0.000000 1.4118147244208434e-01 
0.200000 1.4114688735987702e-01 
0.400000 1.4111868044212061e-01 
0.600000 1.4109609736314199e-01 
0.800000 1.4107886573850825e-01 
1.000000 1.4106643952974440e-01 
1.200000 1.4105822692873116e-01 
1.400000 1.4105356960521409e-01 
1.600000 1.4105172414402822e-01 
1.800000 1.4105131804032178e-01 
2.000000 1.4105095522787725e-01 
2.200000 1.4104761644536390e-01 
2.400000 1.4104119679794491e-01 
2.600000 1.4103193749904608e-01 
2.800000 1.4102038061191113e-01 
3.000000 1.4100723574532281e-01 
3.200000 1.4099326530093348e-01 
3.400000 1.4097905538731426e-01 
3.600000 1.4095986720212916e-01 
3.800000 1.4094069768818751e-01 
4.000000 1.4092210373787473e-01 
4.200000 1.4090432810492548e-01 
4.400000 1.4088724503599481e-01 
4.600000 1.4087050343558305e-01 
4.800000 1.4085363843015286e-01 
5.000000 1.4083611960145870e-01 
5.200000 1.4081739231895618e-01 
5.400000 1.4079700022245967e-01 
5.600000 1.4077467933511056e-01 
5.800000 1.4075030442096093e-01 
6.000000 1.4072384451980224e-01 
6.200000 1.4069533180308047e-01 
6.400000 1.4066483757921855e-01 
6.600000 1.4063243827302696e-01 
6.800000 1.4059820482424379e-01 
7.000000 1.4056216359376950e-01 
7.200000 1.4052427109743115e-01 
7.400000 1.4048443967628399e-01 
7.600000 1.4044255613741918e-01 
7.800000 1.4039849252831804e-01 
8.000000 1.4035211639480083e-01 
8.200000 1.4030329885685833e-01 
8.400000 1.4025191959179517e-01 
8.600000 1.4019787003691797e-01 
8.800000 1.4014105346361383e-01 
9.000000 1.4008138035762630e-01 
9.200000 1.4001876270672509e-01 
9.400000 1.3995310932649552e-01 
9.600000 1.3988432205438373e-01 
9.800000 1.3981229140487528e-01 
10.000000 1.3973689147974711e-01 
10.200000 1.3965798626753312e-01 
10.400000 1.3957543162610420e-01 
10.600000 1.3948907785306475e-01 
10.800000 1.3939876499063020e-01 
11.000000 1.3930432253896174e-01 
11.200000 1.3920557022885960e-01 
11.400000 1.3910231814460849e-01 
11.600000 1.3899436627957595e-01 
11.800000 1.3888150374054808e-01 
12.000000 1.3876350769578383e-01 
12.200000 1.3864014205445996e-01 
12.400000 1.3851115593357632e-01 
12.600000 1.3837628196420904e-01 
12.800000 1.3823523459915521e-01 
13.000000 1.3808770850551411e-01 
13.200000 1.3793337701851949e-01 
13.400000 1.3777189058827199e-01 
13.600000 1.3760287516112946e-01 
13.800000 1.3742593058561237e-01 
14.000000 1.3724062897809908e-01 
14.200000 1.3704651296897941e-01 
14.400000 1.3684309381213189e-01 
14.600000 1.3662984933765832e-01 
14.800000 1.3640622174321626e-01 
15.000000 1.3617161523228904e-01 
15.200000 1.3592539351073274e-01 
15.400000 1.3566687713448566e-01 
15.600000 1.3539534070940906e-01 
15.800000 1.3511000994588562e-01 
16.000000 1.3481005855917350e-01 
16.200000 1.3449460500795485e-01 
16.400000 1.3416270905730199e-01 
16.600000 1.3381336815287326e-01 
16.800000 1.3344551359611501e-01 
17.000000 1.3305800651379929e-01 
17.200000 1.3264963362611515e-01 
17.400000 1.3221910282926164e-01 
17.600000 1.3176503861972289e-01 
17.800000 1.3128597740225334e-01 
18.000000 1.3078036274191296e-01 
18.200000 1.3024654063916452e-01 
18.400000 1.2968275492269676e-01 
18.600000 1.2908714288146905e-01 
18.800000 1.2845773127458926e-01 
19.000000 1.2779243288180897e-01 
19.200000 1.2708904377919916e-01 
19.400000 1.2634524154580762e-01 
19.600000 1.2555858462702041e-01 
19.800000 1.2472651309525118e-01 
20.000000 1.2384635106017072e-01 
20.200000 1.2291531098809272e-01 
20.400000 1.2193050018859819e-01 
20.600000 1.2088892971902898e-01 
20.800000 1.1978752594268949e-01 
21.000000 1.1862314495505399e-01 
21.200000 1.1739259006449987e-01 
21.400000 1.1609263248185109e-01 
21.600000 1.1472003533748742e-01 
21.800000 1.1327158110636082e-01 
22.000000 1.1174410248103883e-01 
22.200000 1.1013451669006158e-01 
22.400000 1.0843986321149002e-01 
22.600000 1.0665734477708755e-01 
22.800000 1.0478437149706676e-01 
23.000000 1.0281860785593577e-01 
23.200000 1.0075802223249808e-01 
23.400000 9.8600938479395106e-02 
23.600000 9.6346088960656884e-02 
23.800000 9.3992668291387416e-02 
24.000000 9.1540386858430356e-02 
24.200000 8.8989523033446760e-02 
24.400000 8.6340972831813967e-02 
24.600000 8.3596295635443019e-02 
24.800000 8.0757754498992806e-02 
25.000000 7.7828349509977190e-02 
25.200000 7.4811842685134189e-02 
25.400000 7.1712772965916383e-02 
25.600000 6.8536460028468804e-02 
25.800000 6.5288995847569531e-02 
26.000000 6.1977223243605550e-02 
26.200000 5.8608700986857221e-02 
26.400000 5.5191655420431140e-02 
26.600000 5.1734918975136712e-02 
26.800000 4.8247856367467312e-02 
27.000000 4.4740279676453332e-02 
27.200000 4.1222353866620209e-02 
27.400000 3.7704494644706710e-02 
27.600000 3.4197260792131701e-02 
27.800000 3.0711243290539536e-02 
28.000000 2.7256953647582405e-02 
28.200000 2.3844713830180719e-02 
28.400000 2.0484550125769330e-02 
28.600000 1.7186093084857967e-02 
28.800000 1.3958485461473713e-02 
29.000000 1.0810299776296550e-02 
29.200000 7.7494667960947838e-03 
29.400000 4.7832158702184602e-03 
29.600000 1.9180277062856854e-03 
29.800000 -8.4040018182907072e-04 
30.000000 -3.4871754474805616e-03 
30.200000 -6.0182206950902817e-03 
30.400000 -8.4302717191095944e-03 
30.600000 -1.0720865056074502e-02 
30.800000 -1.2888315875745793e-02 
31.000000 -1.4931687361089852e-02 
31.200000 -1.6850752807469394e-02 
31.400000 -1.8645951711680042e-02 
31.600000 -2.0318341125618811e-02 
31.800000 -2.1869543520195545e-02 
32.000000 -2.3301692348153824e-02 
32.200000 -2.4617376413855530e-02 
32.400000 -2.5819584058756728e-02 
32.600000 -2.6911648058527415e-02 
32.800000 -2.7897192005938876e-02 
33.000000 -2.8780078828281708e-02 
33.200000 -2.9564361962628127e-02 
33.400000 -3.0254239591348875e-02 
33.600000 -3.0854012226555816e-02 
33.800000 -3.1368043828292280e-02 
34.000000 -3.1800726548852132e-02 
34.200000 -3.2156449115686048e-02 
34.400000 -3.2439568797826279e-02 
34.600000 -3.2654386846124761e-02 
34.800000 -3.2805127254262212e-02 
35.000000 -3.2895918655230116e-02 
35.200000 -3.2930779145357802e-02 
35.400000 -3.2913603813675030e-02 
35.600000 -3.2848154747339708e-02 
35.800000 -3.2738053282830748e-02 
36.000000 -3.2586774276372465e-02 
36.200000 -3.2397642174430641e-02 
36.400000 -3.2173828675759131e-02 
36.600000 -3.1918351788377652e-02 
36.800000 -3.1634076098849606e-02 
37.000000 -3.1323714085064847e-02 
37.200000 -3.0989828318358281e-02 
37.400000 -3.0634834414620005e-02 
37.600000 -3.0261004608025277e-02 
37.800000 -2.9870471833501833e-02 
38.000000 -2.9465234216433711e-02 
38.200000 -2.9047159879260764e-02 
38.400000 -2.8617991984926261e-02 
38.600000 -2.8179353946735264e-02 
38.800000 -2.7732754742797516e-02 
39.000000 -2.7279594281274577e-02 
39.200000 -2.6821168769726900e-02 
39.400000 -2.6358676048652996e-02 
39.600000 -2.5893220855058130e-02 
39.800000 -2.5425819987196119e-02 
40.000000 -2.4957407346947513e-02 
40.200000 -2.4488838840065641e-02 
40.400000 -2.4020897118701368e-02 
40.600000 -2.3554296154283505e-02 
40.800000 -2.3089685631396017e-02 
41.000000 -2.2627655156703674e-02 
41.200000 -2.2168738278638023e-02 
41.400000 -2.1713416316234080e-02 
41.600000 -2.1262121997008609e-02 
41.800000 -2.0815242905302456e-02 
42.000000 -2.0373124743891968e-02 
42.200000 -1.9936074412749194e-02 
42.400000 -1.9504362909635919e-02 
42.600000 -1.9078228057962832e-02 
42.800000 -1.8657877067836781e-02 
43.000000 -1.8243488936733221e-02 
43.200000 -1.7835216696397038e-02 
43.400000 -1.7433189512800096e-02 
43.600000 -1.7037514646106755e-02 
43.800000 -1.6648279277508671e-02 
44.000000 -1.6265552209979217e-02 
44.200000 -1.5889385449516624e-02 
44.400000 -1.5519815673789017e-02 
44.600000 -1.5156865594489477e-02 
44.800000 -1.4800545219768396e-02 
45.000000 -1.4450853022885679e-02 
45.200000 -1.4107777022781043e-02 
45.400000 -1.3771295782337600e-02 
45.600000 -1.3441379329586944e-02 
45.800000 -1.3117990007008140e-02 
46.000000 -1.2801083253816459e-02 
46.200000 -1.2490608325776559e-02 
46.400000 -1.2186508956940928e-02 
46.600000 -1.1888723967476450e-02 
46.800000 -1.1597187821391963e-02 
47.000000 -1.1311831137866074e-02 
47.200000 -1.1032581159609062e-02 
47.400000 -1.0759362181474691e-02 
47.600000 -1.0492095942329638e-02 
47.800000 -1.0230701983021506e-02 
48.000000 -9.9750979730728606e-03 
48.200000 -9.7252000085111812e-03 
48.400000 -9.4809228832342385e-03 
48.600000 -9.2421803358768151e-03 
48.800000 -9.0088852742654657e-03 
49.000000 -8.7809499793372325e-03 
49.200000 -8.5582862899751810e-03 
49.400000 -8.3408057706554073e-03 
49.600000 -8.1284198631441373e-03 
49.800000 -7.9210400235850964e-03 
50.000000 -7.7185778463600974e-03 
50.200000 -7.5209451756823587e-03 
50.400000 -7.3280542061298359e-03 
50.600000 -7.1398175729375235e-03 
50.800000 -6.9561484331230605e-03 
51.000000 -6.7769605380145759e-03 
51.200000 -6.6021682981576846e-03 
51.400000 -6.4316868411992689e-03 
51.600000 -6.2654320632773430e-03 
51.800000 -6.1033206746891611e-03 
52.000000 -5.9452702402462698e-03 
52.200000 -5.7911992147113983e-03 
52.400000 -5.6410269740253260e-03 
52.600000 -5.4946738423658076e-03 
52.800000 -5.3520611157938935e-03 
53.000000 -5.2131110824336496e-03 
53.200000 -5.0777470398395419e-03 
53.400000 -4.9458933095301028e-03 
53.600000 -4.8174752491761258e-03 
53.800000 -4.6924192624948208e-03 
54.000000 -4.5706528072032016e-03 
54.200000 -4.4521044010614602e-03 
54.400000 -4.3367036263473741e-03 
54.600000 -4.2243811327675185e-03 
54.800000 -4.1150686390680757e-03 
55.000000 -4.0086989333232986e-03 
55.200000 -3.9052058722465477e-03 
55.400000 -3.8045243793490557e-03 
55.600000 -3.7065904422799445e-03 
55.800000 -3.6113411092539155e-03 
56.000000 -3.5187144848160545e-03 
56.200000 -3.4286497248432746e-03 
56.400000 -3.3410870309546342e-03 
56.600000 -3.2559676443533608e-03 
56.800000 -3.1732338391699255e-03 
57.000000 -3.0928289153195621e-03 
57.200000 -3.0146971909374154e-03 
57.400000 -2.9387839944358396e-03 
57.600000 -2.8650356562313767e-03 
57.800000 -2.7933995000719303e-03 
58.000000 -2.7238238341897175e-03 
58.200000 -2.6562579421065963e-03 
58.400000 -2.5906520732044414e-03 
58.600000 -2.5269574331211880e-03 
58.800000 -2.4651261739010444e-03 
59.000000 -2.4051113839707178e-03 
59.200000 -2.3468670779876188e-03 
59.400000 -2.2903481864913755e-03 
59.600000 -2.2355105454283791e-03 
59.800000 -2.1823108855521106e-03 
60.000000 -2.1307068217642777e-03 
60.200000 -2.0806568422533644e-03 
60.400000 -2.0321202976464892e-03 
60.600000 -1.9850573900003915e-03 
60.800000 -1.9394291617637616e-03 
61.000000 -1.8951974846819902e-03 
61.200000 -1.8523250486140869e-03 
61.400000 -1.8107753503277119e-03 
61.600000 -1.7705126822513961e-03 
61.800000 -1.7315021211756487e-03 
62.000000 -1.6937095169851785e-03 
62.200000 -1.6571014812675061e-03 
62.400000 -1.6216453760239113e-03 
62.600000 -1.5873093023033996e-03 
62.800000 -1.5540620888506024e-03 
63.000000 -1.5218732807839169e-03 
63.200000 -1.4907131282183017e-03 
63.400000 -1.4605525750167186e-03 
63.600000 -1.4313632474353827e-03 
63.800000 -1.4031174429023213e-03 
64.000000 -1.3757881187339421e-03 
64.200000 -1.3493488810005783e-03 
64.400000 -1.3237739733156575e-03 
64.600000 -1.2990382657638716e-03 
64.800000 -1.2751172438109429e-03 
65.000000 -1.2519869973350306e-03 
65.200000 -1.2296242096660262e-03 
65.400000 -1.2080061467000247e-03 
65.600000 -1.1871106461223691e-03 
65.800000 -1.1669161066413594e-03 
66.000000 -1.1474014773337829e-03 
66.200000 -1.1285462470799826e-03 
66.400000 -1.1103304340536121e-03 
66.600000 -1.0927345753342019e-03 
66.800000 -1.0757397165589364e-03 
67.000000 -1.0593274017159787e-03 
67.200000 -1.0434796630256690e-03 
67.400000 -1.0281790109036085e-03 
67.600000 -1.0134084240311647e-03 
67.800000 -9.9915133955418012e-04 
68.000000 -9.8539164336004098e-04 
68.200000 -9.7211366047779413e-04 
68.400000 -9.5930214560910332e-04 
68.600000 -9.4694227371802664e-04 
68.800000 -9.3501963082005812e-04 
69.000000 -9.2352020480972880e-04 
69.200000 -9.1243037646675934e-04 
69.400000 -9.0173691052811145e-04 
69.600000 -8.9142694695756169e-04 
69.800000 -8.8148799227364544e-04 
70.000000 -8.7190791102807752e-04 
70.200000 -8.6267491739021318e-04 
70.400000 -8.5377756692261303e-04 
70.600000 -8.4520474841735804e-04 
70.800000 -8.3694567585534257e-04 
71.000000 -8.2898988054701250e-04 
71.200000 -8.2132720341902138e-04 
71.400000 -8.1394778729915879e-04 
71.600000 -8.0684206949264980e-04 
71.800000 -8.0000077439645184e-04 
72.000000 -7.9341490626021194e-04 
72.200000 -7.8707574205903047e-04 
72.400000 -7.8097482458323875e-04 
72.600000 -7.7510395551597805e-04 
72.800000 -7.6945518874952518e-04 
73.000000 -7.6402082379222608e-04 
73.200000 -7.5879339931892581e-04 
73.400000 -7.5376568679729611e-04 
73.600000 -7.4893068430607890e-04 
73.800000 -7.4428161042013746e-04 
74.000000 -7.3981189829545879e-04 
74.200000 -7.3551518979646235e-04 
74.400000 -7.3138532976818604e-04 
74.600000 -7.2741636047209818e-04 
74.800000 -7.2360251609597526e-04 
75.000000 -7.1993821736298508e-04 
75.200000 -7.1641806636732475e-04 
75.400000 -7.1303684138945833e-04 
75.600000 -7.0978949186730617e-04 
75.800000 -7.0667113358569011e-04 
76.000000 -7.0367704380476515e-04 
76.200000 -7.0080265664087399e-04 
76.400000 -6.9804355846045385e-04 
76.600000 -6.9539548347623270e-04 
76.800000 -6.9285430932895797e-04 
77.000000 -6.9041605289323765e-04 
77.200000 -6.8807686610997121e-04 
77.400000 -6.8583303193847645e-04 
77.600000 -6.8368096044838650e-04 
77.800000 -6.8161718490906270e-04 
78.000000 -6.7963835810058021e-04 
78.200000 -6.7774124864194984e-04 
78.400000 -6.7592273740008785e-04 
78.600000 -6.7417981409686328e-04 
78.800000 -6.7250957380420723e-04 
79.000000 -6.7090921380270896e-04 
79.200000 -6.6937603024631864e-04 
79.400000 -6.6790741511366103e-04 
79.600000 -6.6650085317635638e-04 
79.800000 -6.6515391898656906e-04 
80.000000 -6.6386427407249399e-04 
80.200000 -6.6262966408919821e-04 
80.400000 -6.6144791611674053e-04 
80.600000 -6.6031693604748365e-04 
80.800000 -6.5923470594562300e-04 
81.000000 -6.5819928162934999e-04 
81.200000 -6.5720879017381467e-04 
81.400000 -6.5626142760109168e-04 
81.600000 -6.5535545659117789e-04 
81.800000 -6.5448920419717421e-04 
82.000000 -6.5366105974338368e-04 
82.200000 -6.5286947274326851e-04 
82.400000 -6.5211295078999171e-04 
82.600000 -6.5139005764076191e-04 
82.800000 -6.5069941129095032e-04 
83.000000 -6.5003968209047941e-04 
83.200000 -6.4940959097219836e-04 
83.400000 -6.4880790767768426e-04 
83.600000 -6.4823344907380398e-04 
83.800000 -6.4768507752458598e-04 
84.000000 -6.4716169925780470e-04 
84.200000 -6.4666226286226591e-04 
84.400000 -6.4618575775408221e-04 
84.600000 -6.4573121277754914e-04 
84.800000 -6.4529769476557447e-04 
85.000000 -6.4488430716513195e-04 
85.200000 -6.4449018877103109e-04 
85.400000 -6.4411451243306939e-04 
85.600000 -6.4375648379826761e-04 
85.800000 -6.4341534012815615e-04 
86.000000 -6.4309034919789176e-04 
86.200000 -6.4278080810550170e-04 
86.400000 -6.4248604222295891e-04 
86.600000 -6.4220540415453609e-04 
86.800000 -6.4193827275663140e-04 
87.000000 -6.4168405209877322e-04 
87.200000 -6.4144217055277231e-04 
87.400000 -6.4121207990634060e-04 
87.600000 -6.4099325444483962e-04 
87.800000 -6.4078519013183871e-04 
88.000000 -6.4058740373026252e-04 
88.200000 -6.4039943209417971e-04 
88.400000 -6.4022083133424140e-04 
88.600000 -6.4005117611552059e-04 
88.800000 -6.3989005891514072e-04 
89.000000 -6.3973708937331564e-04 
89.200000 -6.3959189356372487e-04 
89.400000 -6.3945411344755454e-04 
89.600000 -6.3932340615833333e-04 
89.800000 -6.3919944346055996e-04 
90.000000 -6.3908191116456015e-04 
90.200000 -6.3897050856124432e-04 
90.400000 -6.3886494790715148e-04 
90.600000 -6.3876495387997501e-04 
90.800000 -6.3867026310693992e-04 
91.000000 -6.3858062368359753e-04 
91.200000 -6.3849579470746237e-04 
91.400000 -6.3841554582218241e-04 
91.600000 -6.3833965681867055e-04 
91.800000 -6.3826791719266002e-04 
92.000000 -6.3820012577427837e-04 
92.200000 -6.3813609033003954e-04 
92.400000 -6.3807562717482086e-04 
92.600000 -6.3801856088734066e-04 
92.800000 -6.3796472391311476e-04 
93.000000 -6.3791395622508212e-04 
93.200000 -6.3786610505936481e-04 
93.400000 -6.3782102459138124e-04 
93.600000 -6.3777857563920154e-04 
93.800000 -6.3773862536588288e-04 
94.000000 -6.3770104704970187e-04 
94.200000 -6.3766571981017928e-04 
94.400000 -6.3763252834878742e-04 
94.600000 -6.3760136271122370e-04 
94.800000 -6.3757211807932701e-04 
95.000000 -6.3754469454611884e-04 
95.200000 -6.3751899685658697e-04 
95.400000 -6.3749493428550547e-04 
95.600000 -6.3747242037904411e-04 
95.800000 -6.3745137278756192e-04 
96.000000 -6.3743171310597785e-04 
96.200000 -6.3741336666546522e-04 
96.400000 -6.3739626238096952e-04 
96.600000 -6.3738033262941002e-04 
96.800000 -6.3736551302587957e-04 
97.000000 -6.3735174234363923e-04 
97.200000 -6.3733896233746784e-04 
97.400000 -6.3732711763257732e-04 
97.600000 -6.3731615556793242e-04 
97.800000 -6.3730602609215342e-04 
98.000000 -6.3729668165867642e-04 
98.200000 -6.3728807706605467e-04 
98.400000 -6.3728016941595744e-04 
98.600000 -6.3727291795063340e-04 
98.800000 -6.3726628397589580e-04 
99.000000 -6.3726023076295102e-04 
99.200000 -6.3725472348934858e-04 
99.400000 -6.3724972908610344e-04 
99.600000 -6.3724521620992652e-04 
99.800000 -6.3724115514320750e-04 
100.000000 -6.3723751770876358e-04 
100.200000 -6.3723427722893466e-04 
100.400000 -6.3723140841222964e-04 
100.600000 -6.3722888731710531e-04 
100.800000 -6.3722669126977521e-04 
101.000000 -6.3722479882654531e-04 
101.200000 -6.3722318968238018e-04 
101.400000 -6.3722184466689230e-04 
101.600000 -6.3722074560341319e-04 
101.800000 -6.3721987536009828e-04 
102.000000 -6.3721921773676055e-04 
102.200000 -6.3721875742992623e-04 
102.400000 -6.3721847999839015e-04 
102.600000 -6.3721837181600349e-04 
102.800000 -6.3721842002787549e-04 
103.000000 -6.3721861251474221e-04 
103.200000 -6.3721893785962519e-04 
103.400000 -6.3721938530901523e-04 
103.600000 -6.3721994474098820e-04 
103.800000 -6.3722060661650093e-04 
104.000000 -6.3722136198069573e-04 
104.200000 -6.3722220241662492e-04 
104.400000 -6.3722312000718401e-04 
104.600000 -6.3722410732861001e-04 
104.800000 -6.3722515740984725e-04 
105.000000 -6.3722626372255536e-04 
105.200000 -6.3722742014171718e-04 
105.400000 -6.3722862092607802e-04 
105.600000 -6.3722986073567328e-04 
105.800000 -6.3723113454470376e-04 
106.000000 -6.3723243767472432e-04 
106.200000 -6.3723376575852003e-04 
106.400000 -6.3723511471981686e-04 
106.600000 -6.3723648077657763e-04 
106.800000 -6.3723786038713537e-04 
107.000000 -6.3723925026881040e-04 
107.200000 -6.3724064740468961e-04 
107.400000 -6.3724204895180409e-04 
107.600000 -6.3724345232189783e-04 
107.800000 -6.3724485508300649e-04 
108.000000 -6.3724625501659915e-04 
108.200000 -6.3724765007460576e-04 
108.400000 -6.3724903837362318e-04 
108.600000 -6.3725041819005790e-04 
108.800000 -6.3725178792948395e-04 
109.000000 -6.3725314617261997e-04 
109.200000 -6.3725449157885777e-04 
109.400000 -6.3725582297340794e-04 
109.600000 -6.3725713928276806e-04 
109.800000 -6.3725843952523037e-04 
110.000000 -6.3725972283208004e-04 
110.200000 -6.3726098844078816e-04 
110.400000 -6.3726223566601403e-04 
110.600000 -6.3726346388293109e-04 
110.800000 -6.3726467257230884e-04 
111.000000 -6.3726586129570634e-04 
111.200000 -6.3726702964874565e-04 
111.400000 -6.3726817731689367e-04 
111.600000 -6.3726930402114440e-04 
111.800000 -6.3727040955701558e-04 
112.000000 -6.3727149376666126e-04 
112.200000 -6.3727255652952508e-04 
112.400000 -6.3727359778642523e-04 
112.600000 -6.3727461747583453e-04 
112.800000 -6.3727561564023982e-04 
113.000000 -6.3727659229198541e-04 
113.200000 -6.3727754752703619e-04 
113.400000 -6.3727848141945792e-04 
113.600000 -6.3727939411865886e-04 
113.800000 -6.3728028576705287e-04 
114.000000 -6.3728115654078377e-04 
114.200000 -6.3728200663952517e-04 
114.400000 -6.3728283626322130e-04 
114.600000 -6.3728364565210360e-04 
114.800000 -6.3728443505060850e-04 
115.000000 -6.3728520470586469e-04 
115.200000 -6.3728595489861289e-04 
115.400000 -6.3728668591178650e-04 
115.600000 -6.3728739802385720e-04 
115.800000 -6.3728809154266208e-04 
116.000000 -6.3728876676559520e-04 
116.200000 -6.3728942401295591e-04 
116.400000 -6.3729006359260210e-04 
116.600000 -6.3729068583104342e-04 
116.800000 -6.3729129104658777e-04 
117.000000 -6.3729187957749234e-04 
117.200000 -6.3729245173685389e-04 
117.400000 -6.3729300785905080e-04 
117.600000 -6.3729354827763568e-04 
117.800000 -6.3729407332482196e-04 
118.000000 -6.3729458332064531e-04 
118.200000 -6.3729507859468931e-04 
118.400000 -6.3729555947979188e-04 
118.600000 -6.3729602630695908e-04 
118.800000 -6.3729647938522149e-04 
119.000000 -6.3729691903928465e-04 
119.200000 -6.3729734559184875e-04 
119.400000 -6.3729775934216748e-04 
119.600000 -6.3729816062493144e-04 
119.800000 -6.3729854972761207e-04 
120.000000 -6.3729892695975343e-04 
120.200000 -6.3729929262026225e-04 
120.400000 -6.3729964700134922e-04 
120.600000 -6.3729999039036089e-04 
120.800000 -6.3730032307813406e-04 
121.000000 -6.3730064534787273e-04 
121.200000 -6.3730095746772353e-04 
121.400000 -6.3730125972012719e-04 
121.600000 -6.3730155236595143e-04 
121.800000 -6.3730183567105997e-04 
122.000000 -6.3730210988476726e-04 
122.200000 -6.3730237524747130e-04 
122.400000 -6.3730263202874116e-04 
122.600000 -6.3730288046678907e-04 
122.800000 -6.3730312078998791e-04 
123.000000 -6.3730335322403214e-04 
123.200000 -6.3730357801258103e-04 
123.400000 -6.3730379536845738e-04 
123.600000 -6.3730400551254007e-04 
123.800000 -6.3730420864190063e-04 
124.000000 -6.3730440498436375e-04 
124.200000 -6.3730459472367135e-04 
124.400000 -6.3730477806917679e-04 
124.600000 -6.3730495519731534e-04 
124.800000 -6.3730512631450520e-04 
125.000000 -6.3730529159801430e-04 
125.200000 -6.3730545121949006e-04 
125.400000 -6.3730560535821962e-04 
125.600000 -6.3730575419245622e-04 
125.800000 -6.3730589785629399e-04 
126.000000 -6.3730603653917861e-04 
126.200000 -6.3730617040368837e-04 
126.400000 -6.3730629957989976e-04 
126.600000 -6.3730642422340361e-04 
126.800000 -6.3730654447835544e-04 
127.000000 -6.3730666049917339e-04 
127.200000 -6.3730677239678957e-04 
127.400000 -6.3730688031593541e-04 
127.600000 -6.3730698438652783e-04 
127.800000 -6.3730708473387632e-04 
128.000000 -6.3730718148354015e-04 
128.200000 -6.3730727474871351e-04 
128.400000 -6.3730736464493593e-04 
128.600000 -6.3730745128144639e-04 
128.800000 -6.3730753477465180e-04 
129.000000 -6.3730761521942764e-04 
129.200000 -6.3730769271974630e-04 
129.400000 -6.3730776737527806e-04 
129.600000 -6.3730783928842016e-04 
129.800000 -6.3730790854694269e-04 
130.000000 -6.3730797524141902e-04 
130.200000 -6.3730803946275560e-04 
130.400000 -6.3730810128858478e-04 
130.600000 -6.3730816081137426e-04 
130.800000 -6.3730821809900029e-04 
131.000000 -6.3730827323739414e-04 
131.200000 -6.3730832629244061e-04 
131.400000 -6.3730837734898155e-04 
131.600000 -6.3730842646847474e-04 
131.800000 -6.3730847372201610e-04 
132.000000 -6.3730851917322140e-04 
132.200000 -6.3730856288454762e-04 
132.400000 -6.3730860492721558e-04 
132.600000 -6.3730864535035264e-04 
132.800000 -6.3730868420967812e-04 
133.000000 -6.3730872157359564e-04 
133.200000 -6.3730875748880395e-04 
133.400000 -6.3730879200499246e-04 
133.600000 -6.3730882517765153e-04 
133.800000 -6.3730885704934431e-04 
134.000000 -6.3730888767374316e-04 
134.200000 -6.3730891708979609e-04 
134.400000 -6.3730894535117544e-04 
134.600000 -6.3730897249382468e-04 
134.800000 -6.3730899856138945e-04 
135.000000 -6.3730902359750846e-04 
135.200000 -6.3730904763076995e-04 
135.400000 -6.3730907070145421e-04 
135.600000 -6.3730909284857862e-04 
135.800000 -6.3730911409869834e-04 
136.000000 -6.3730913449538268e-04 
136.200000 -6.3730915406694233e-04 
136.400000 -6.3730917284703786e-04 
136.600000 -6.3730919086050358e-04 
136.800000 -6.3730920814572545e-04 
137.000000 -6.3730922471937762e-04 
137.200000 -6.3730924061421168e-04 
137.400000 -6.3730925585464560e-04 
137.600000 -6.3730927046421609e-04 
137.800000 -6.3730928447710417e-04 
138.000000 -6.3730929789931889e-04 
138.200000 -6.3730931076880215e-04 
138.400000 -6.3730932310213789e-04 
138.600000 -6.3730933490987324e-04 
138.800000 -6.3730934623620894e-04 
139.000000 -6.3730935707102115e-04 
139.200000 -6.3730936745473588e-04 
139.400000 -6.3730937740846816e-04 
139.600000 -6.3730938692969225e-04 
139.800000 -6.3730939604630943e-04 
140.000000 -6.3730940476961623e-04 
140.200000 -6.3730941311660599e-04 
140.400000 -6.3730942111454164e-04 
140.600000 -6.3730942876205621e-04 
140.800000 -6.3730943607833573e-04 
141.000000 -6.3730944307693882e-04 
141.200000 -6.3730944977514331e-04 
141.400000 -6.3730945617312268e-04 
141.600000 -6.3730946229393487e-04 
141.800000 -6.3730946815006295e-04 
142.000000 -6.3730947374144448e-04 
142.200000 -6.3730947908367808e-04 
142.400000 -6.3730948418938560e-04 
142.600000 -6.3730948906774026e-04 
142.800000 -6.3730949372959450e-04 
143.000000 -6.3730949817050048e-04 
143.200000 -6.3730950241770029e-04 
143.400000 -6.3730950647306051e-04 
143.600000 -6.3730951033794114e-04 
143.800000 -6.3730951403024455e-04 
144.000000 -6.3730951754577964e-04 
144.200000 -6.3730952091501508e-04 
144.400000 -6.3730952411414354e-04 
144.600000 -6.3730952715693873e-04 
144.800000 -6.3730953007404972e-04 
145.000000 -6.3730953282902653e-04 
145.200000 -6.3730953545751423e-04 
145.400000 -6.3730953795902712e-04 
145.600000 -6.3730954033504317e-04 
145.800000 -6.3730954259346578e-04 
146.000000 -6.3730954475110096e-04 
146.200000 -6.3730954680697727e-04 
146.400000 -6.3730954876504986e-04 
146.600000 -6.3730955062344524e-04 
146.800000 -6.3730955238861658e-04 
147.000000 -6.3730955406295087e-04 
147.200000 -6.3730955561821373e-04 
147.400000 -6.3730955706802622e-04 
147.600000 -6.3730955841558024e-04 
147.800000 -6.3730955967602337e-04 
148.000000 -6.3730956086042317e-04 
148.200000 -6.3730956204705036e-04 
148.400000 -6.3730956332132271e-04 
148.600000 -6.3730956451457654e-04 
148.800000 -6.3730956549922640e-04 
149.000000 -6.3730956634561187e-04 
149.200000 -6.3730956708573511e-04 
149.400000 -6.3730956773719316e-04 
149.600000 -6.3730956829925745e-04 
149.800000 -6.3730956880192480e-04 
