0.000000 5.0755353344697071e-03 
0.200000 5.0755885284505271e-03 
0.400000 5.0758868070741522e-03 
0.600000 5.0766869604539997e-03 
0.800000 5.0782175928257784e-03 
1.000000 5.0806821828241365e-03 
1.200000 5.0842618028584417e-03 
1.400000 5.0891175478692896e-03 
1.600000 5.0953926935766282e-03 
1.800000 5.1032184648622057e-03 
2.000000 5.1127201839012296e-03 
2.200000 5.1240141040736539e-03 
2.400000 5.1372074831955231e-03 
2.600000 5.1524016914681692e-03 
2.800000 5.1696943808237647e-03 
3.000000 5.1891790025727054e-03 
3.200000 5.2109456573395324e-03 
3.400000 5.2350831206605811e-03 
3.600000 5.2616800544797535e-03 
3.800000 5.2908215956406794e-03 
4.000000 5.3225915973050993e-03 
4.200000 5.3570738868004755e-03 
4.400000 5.3943531422356627e-03 
4.600000 5.4345157154778783e-03 
4.800000 5.4776504070624564e-03 
5.000000 5.5238490922551045e-03 
5.200000 5.5732070554054625e-03 
5.400000 5.6258237387417885e-03 
5.600000 5.6818035759098259e-03 
5.800000 5.7412562423051101e-03 
6.000000 5.8042969012746474e-03 
6.200000 5.8710467890832792e-03 
6.400000 5.9416336260012708e-03 
6.600000 6.0161919997724625e-03 
6.800000 6.0948638727591530e-03 
7.000000 6.1777991851477672e-03 
7.200000 6.2651564505357242e-03 
7.400000 6.3571033639058050e-03 
7.600000 6.4538174574089438e-03 
7.800000 6.5554867703291730e-03 
8.000000 6.6623105102498123e-03 
8.200000 6.7744998145797203e-03 
8.400000 6.8922786075544919e-03 
8.600000 7.0158843698951631e-03 
8.800000 7.1455689544620612e-03 
9.000000 7.2815995357194234e-03 
9.200000 7.4242595814978255e-03 
9.400000 7.5738499025909114e-03 
9.600000 7.7306897718847703e-03 
9.800000 7.8951181277804542e-03 
10.000000 8.0674948496058402e-03 
10.200000 8.2482021167945008e-03 
10.400000 8.4376458734173286e-03 
10.600000 8.6362573917256880e-03 
10.800000 8.8444949433994224e-03 
11.000000 9.0628455742043264e-03 
11.200000 9.2918270107184980e-03 
11.400000 9.5319897119843615e-03 
11.600000 9.7839190119809443e-03 
11.800000 1.0048237435664277e-02 
12.000000 1.0325607161033916e-02 
12.200000 1.0616732645437122e-02 
12.400000 1.0922363423289200e-02 
12.600000 1.1243297085197657e-02 
12.800000 1.1580382450254804e-02 
13.000000 1.1934522938389333e-02 
13.200000 1.2306680153173368e-02 
13.400000 1.2697877685380814e-02 
13.600000 1.3109205145293706e-02 
13.800000 1.3541822430532322e-02 
14.000000 1.3996964240902767e-02 
14.200000 1.4475944846958126e-02 
14.400000 1.4980163110065918e-02 
14.600000 1.5511107763009910e-02 
14.800000 1.6070362954647754e-02 
15.000000 1.6659614054350323e-02 
15.200000 1.7280653712836668e-02 
15.400000 1.7935388171656828e-02 
15.600000 1.8625843809187009e-02 
15.800000 1.9354173904749354e-02 
16.000000 2.0122665596861034e-02 
16.200000 2.0933747004613132e-02 
16.400000 2.1789994472103474e-02 
16.600000 2.2694139886244937e-02 
16.800000 2.3649078008227364e-02 
17.000000 2.4657873745794302e-02 
17.200000 2.5723769278068617e-02 
17.400000 2.6850190931422283e-02 
17.600000 2.8040755687415559e-02 
17.800000 2.9299277183691432e-02 
18.000000 3.0629771049590249e-02 
18.200000 3.2036459396154779e-02 
18.400000 3.3523774257612542e-02 
18.600000 3.5096359757396819e-02 
18.800000 3.6759072747853110e-02 
19.000000 3.8516981648889288e-02 
19.200000 4.0375363187592057e-02 
19.400000 4.2339696719624113e-02 
19.600000 4.4415655794975119e-02 
19.800000 4.6609096616252010e-02 
20.000000 4.8926043028732422e-02 
20.200000 5.1372667680389741e-02 
20.400000 5.3955268997541182e-02 
20.600000 5.6680243639865124e-02 
20.800000 5.9554054129877847e-02 
21.000000 6.2583191397577856e-02 
21.200000 6.5774132043086894e-02 
21.400000 6.9133290199865208e-02 
21.600000 7.2666963979720972e-02 
21.800000 7.6381276598732631e-02 
22.000000 8.0282112420046486e-02 
22.200000 8.4375048304320105e-02 
22.400000 8.8665280829042487e-02 
22.600000 9.3157550120990029e-02 
22.800000 9.7856061236938630e-02 
23.000000 1.0276440422072737e-01 
23.200000 1.0788547415322713e-01 
23.400000 1.1322139268693397e-01 
23.600000 1.1877343271032953e-01 
23.800000 1.2454194790885760e-01 
24.000000 1.3052630906963128e-01 
24.200000 1.3672484900628287e-01 
24.400000 1.4313481795016816e-01 
24.600000 1.4975235115757768e-01 
24.800000 1.5657245031532252e-01 
25.000000 1.6358898008760694e-01 
25.200000 1.7079468083797714e-01 
25.400000 1.7818119818773204e-01 
25.600000 1.8573912964726266e-01 
25.800000 1.9345808809403114e-01 
26.000000 2.0132678138864013e-01 
26.200000 2.0933310693931736e-01 
26.400000 2.1746425956737672e-01 
26.600000 2.2570685061372525e-01 
26.800000 2.3404703587965672e-01 
27.000000 2.4247064973117968e-01 
27.200000 2.5096334252777486e-01 
27.400000 2.5951071847126600e-01 
27.600000 2.6809847101000239e-01 
27.800000 2.7671251307369626e-01 
28.000000 2.8533909964535159e-01 
28.200000 2.9396494048488930e-01 
28.400000 3.0257730118673060e-01 
28.600000 3.1116409116160493e-01 
28.800000 3.1971393756113992e-01 
29.000000 3.2821624459315296e-01 
29.200000 3.3666123808853621e-01 
29.400000 3.4503999556243803e-01 
29.600000 3.5334446235118000e-01 
29.800000 3.6156745469396523e-01 
30.000000 3.6970265085972898e-01 
30.200000 3.7774457159278690e-01 
30.400000 3.8568855126718354e-01 
30.600000 3.9353070120196942e-01 
30.800000 4.0126786660317620e-01 
31.000000 4.0889757856916725e-01 
31.200000 4.1641800253129013e-01 
31.400000 4.2382788440872432e-01 
31.600000 4.3112649564221295e-01 
31.800000 4.3831357814298005e-01 
32.000000 4.4538929005665573e-01 
32.200000 4.5235415310307703e-01 
32.400000 4.5920900211592530e-01 
32.600000 4.6595493727511750e-01 
32.800000 4.7259327940239343e-01 
33.000000 4.7912552857886298e-01 
33.200000 4.8555332624341713e-01 
33.400000 4.9187842084373329e-01 
33.600000 4.9810263703706970e-01 
33.800000 5.0422784837587376e-01 
34.000000 5.1025595336275642e-01 
34.200000 5.1618885471984166e-01 
34.400000 5.2202844168769569e-01 
34.600000 5.2777657514806975e-01 
34.800000 5.3343507535128054e-01 
35.000000 5.3900571202222447e-01 
35.200000 5.4449019661760978e-01 
35.400000 5.4989017651004635e-01 
35.600000 5.5520723088132096e-01 
35.800000 5.6044286811647992e-01 
36.000000 5.6559852450180126e-01 
36.200000 5.7067556404254982e-01 
36.400000 5.7567527922998973e-01 
36.600000 5.8059889260138520e-01 
36.800000 5.8544755895079859e-01 
37.000000 5.9022236806257034e-01 
37.200000 5.9492434785291859e-01 
37.400000 5.9955446781808219e-01 
37.600000 6.0411364269977064e-01 
37.800000 6.0860273629014938e-01 
38.000000 6.1302256530929689e-01 
38.200000 6.1737390329785635e-01 
38.400000 6.2165748447659641e-01 
38.600000 6.2587400753264633e-01 
38.800000 6.3002413929949241e-01 
39.000000 6.3410851830425841e-01 
39.200000 6.3812775816153122e-01 
39.400000 6.4208245079805260e-01 
39.600000 6.4597316949693750e-01 
39.800000 6.4980047175385114e-01 
40.000000 6.5356490194089101e-01 
40.200000 6.5726699377653208e-01 
40.400000 6.6090727260246229e-01 
40.600000 6.6448625746987433e-01 
40.800000 6.6800446303946670e-01 
41.000000 6.7146240130063317e-01 
41.200000 6.7486058311624075e-01 
41.400000 6.7819951960023273e-01 
41.600000 6.8147972333585338e-01 
41.800000 6.8470170944256548e-01 
42.000000 6.8786599650011615e-01 
42.200000 6.9097310733821282e-01 
42.400000 6.9402356970036960e-01 
42.600000 6.9701791679036296e-01 
42.800000 6.9995668770960917e-01 
43.000000 7.0284042779364220e-01 
43.200000 7.0566968885554870e-01 
43.400000 7.0844502934401776e-01 
43.600000 7.1116701442338293e-01 
43.800000 7.1383621598261726e-01 
44.000000 7.1645321258006445e-01 
44.200000 7.1901858933022866e-01 
44.400000 7.2153293773871185e-01 
44.600000 7.2399685549095905e-01 
44.800000 7.2641094620022029e-01 
45.000000 7.2877581911973199e-01 
45.200000 7.3109208882387677e-01 
45.400000 7.3336037486268890e-01 
45.600000 7.3558130139382616e-01 
45.800000 7.3775549679582297e-01 
46.000000 7.3988359326609188e-01 
46.200000 7.4196622640699827e-01 
46.400000 7.4400403480293631e-01 
46.600000 7.4599765959116593e-01 
46.800000 7.4794774402893349e-01 
47.000000 7.4985493305913176e-01 
47.200000 7.5171987287657871e-01 
47.400000 7.5354321049678763e-01 
47.600000 7.5532559332891880e-01 
47.800000 7.5706766875438558e-01 
48.000000 7.5877008371251065e-01 
48.200000 7.6043348429437108e-01 
48.400000 7.6205851534587576e-01 
48.600000 7.6364582008102377e-01 
48.800000 7.6519603970607208e-01 
49.000000 7.6670981305532493e-01 
49.200000 7.6818777623904133e-01 
49.400000 7.6963056230401250e-01 
49.600000 7.7103880090706822e-01 
49.800000 7.7241311800188173e-01 
50.000000 7.7375413553922956e-01 
50.200000 7.7506247118087312e-01 
50.400000 7.7633873802710973e-01 
50.600000 7.7758354435800525e-01 
50.800000 7.7879749338832627e-01 
51.000000 7.7998118303599007e-01 
51.200000 7.8113520570400108e-01 
51.400000 7.8226014807562916e-01 
51.600000 7.8335659092271503e-01 
51.800000 7.8442510892676875e-01 
52.000000 7.8546627051272844e-01 
52.200000 7.8648063769499565e-01 
52.400000 7.8746876593552984e-01 
52.600000 7.8843120401364264e-01 
52.800000 7.8936849390721464e-01 
53.000000 7.9028117068494053e-01 
53.200000 7.9116976240930781e-01 
53.400000 7.9203479004996269e-01 
53.600000 7.9287676740705759e-01 
53.800000 7.9369620104428185e-01 
54.000000 7.9449359023118482e-01 
54.200000 7.9526942689443847e-01 
54.400000 7.9602419557769644e-01 
54.600000 7.9675837340967059e-01 
54.800000 7.9747243008011104e-01 
55.000000 7.9816682782331572e-01 
55.200000 7.9884202140881044e-01 
55.400000 7.9949845813894016e-01 
55.600000 8.0013657785295544e-01 
55.800000 8.0075681293732415e-01 
56.000000 8.0135958834194720e-01 
56.200000 8.0194532160196463e-01 
56.400000 8.0251442286485797e-01 
56.600000 8.0306729492254969e-01 
56.800000 8.0360433324824798e-01 
57.000000 8.0412592603771871e-01 
57.200000 8.0463245425476904e-01 
57.400000 8.0512429168065514e-01 
57.600000 8.0560180496716838e-01 
57.800000 8.0606535369318733e-01 
58.000000 8.0651529042443271e-01 
58.200000 8.0695196077623299e-01 
58.400000 8.0737570347906740e-01 
58.600000 8.0778685044669640e-01 
58.800000 8.0818572684668033e-01 
59.000000 8.0857265117308452e-01 
59.200000 8.0894793532120246e-01 
59.400000 8.0931188466414083e-01 
59.600000 8.0966479813106196e-01 
59.800000 8.1000696828695584e-01 
60.000000 8.1033868141378107e-01 
60.200000 8.1066021759282458e-01 
60.400000 8.1097185078815603e-01 
60.600000 8.1127384893103782e-01 
60.800000 8.1156647400515847e-01 
61.000000 8.1184998213257309e-01 
61.200000 8.1212462366026206e-01 
61.400000 8.1239064324715804e-01 
61.600000 8.1264827995156730e-01 
61.800000 8.1289776731888963e-01 
62.000000 8.1313933346951628e-01 
62.200000 8.1337320118687473e-01 
62.400000 8.1359958800544585e-01 
62.600000 8.1381870629879027e-01 
62.800000 8.1403076336740821e-01 
63.000000 8.1423596152642097e-01 
63.200000 8.1443449819299785e-01 
63.400000 8.1462656597344008e-01 
63.600000 8.1481235274990871e-01 
63.800000 8.1499204176670048e-01 
64.000000 8.1516581171603464e-01 
64.200000 8.1533383682331584e-01 
64.400000 8.1549628693180276e-01 
64.600000 8.1565332758665721e-01 
64.800000 8.1580512011833428e-01 
65.000000 8.1595182172525260e-01 
65.200000 8.1609358555576339e-01 
65.400000 8.1623056078929845e-01 
65.600000 8.1636289271679086e-01 
65.800000 8.1649072282019719e-01 
66.000000 8.1661418885122006e-01 
66.200000 8.1673342490913847e-01 
66.400000 8.1684856151774798e-01 
66.600000 8.1695972570137387e-01 
66.800000 8.1706704105996553e-01 
67.000000 8.1717062784324523e-01 
67.200000 8.1727060302387244e-01 
67.400000 8.1736708036966010e-01 
67.600000 8.1746017051477993e-01 
67.800000 8.1754998102998799e-01 
68.000000 8.1763661649183461e-01 
68.200000 8.1772017855086365e-01 
68.400000 8.1780076599879592e-01 
68.600000 8.1787847483467591e-01 
68.800000 8.1795339833001235e-01 
69.000000 8.1802562709286464e-01 
69.200000 8.1809524913091047e-01 
69.400000 8.1816234991347225e-01 
69.600000 8.1822701243251938e-01 
69.800000 8.1828931726261989e-01 
70.000000 8.1834934261987546e-01 
70.200000 8.1840716441982753e-01 
70.400000 8.1846285633432592e-01 
70.600000 8.1851648984737879e-01 
70.800000 8.1856813431000219e-01 
71.000000 8.1861785699401524e-01 
71.200000 8.1866572314488850e-01 
71.400000 8.1871179603352540e-01 
71.600000 8.1875613700710692e-01 
71.800000 8.1879880553890316e-01 
72.000000 8.1883985927714087e-01 
72.200000 8.1887935409287715e-01 
72.400000 8.1891734412691763e-01 
72.600000 8.1895388183578111e-01 
72.800000 8.1898901803672075e-01 
73.000000 8.1902280195180621e-01 
73.200000 8.1905528125107741e-01 
73.400000 8.1908650209479206e-01 
73.600000 8.1911650917476164e-01 
73.800000 8.1914534575479026e-01 
74.000000 8.1917305371024229e-01 
74.200000 8.1919967356671997e-01 
74.400000 8.1922524453789070e-01 
74.600000 8.1924980456246155e-01 
74.800000 8.1927339034032154e-01 
75.000000 8.1929603736783907e-01 
75.200000 8.1931777997237176e-01 
75.400000 8.1933865134594197e-01 
75.600000 8.1935868357814612e-01 
75.800000 8.1937790768827634e-01 
76.000000 8.1939635365666552e-01 
76.200000 8.1941405045529370e-01 
76.400000 8.1943102607764429e-01 
76.600000 8.1944730756782769e-01 
76.800000 8.1946292104898122e-01 
77.000000 8.1947789175098917e-01 
77.200000 8.1949224403747056e-01 
77.400000 8.1950600143211993e-01 
77.600000 8.1951918664435530e-01 
77.800000 8.1953182159432103e-01 
78.000000 8.1954392743724647e-01 
78.200000 8.1955552458715797e-01 
78.400000 8.1956663273999641e-01 
78.600000 8.1957727089608812e-01 
78.800000 8.1958745738206029e-01 
79.000000 8.1959720987213913e-01 
79.200000 8.1960654540888778e-01 
79.400000 8.1961548042338161e-01 
79.600000 8.1962403075483481e-01 
79.800000 8.1963221166968359e-01 
80.000000 8.1964003788014461e-01 
80.200000 8.1964752356225468e-01 
80.400000 8.1965468237341099e-01 
80.600000 8.1966152746941212e-01 
80.800000 8.1966807152100984e-01 
81.000000 8.1967432673001195e-01 
81.200000 8.1968030484488597e-01 
81.400000 8.1968601717595191e-01 
81.600000 8.1969147461010161e-01 
81.800000 8.1969668762509640e-01 
82.000000 8.1970166630346697e-01 
82.200000 8.1970642034596342e-01 
82.400000 8.1971095908463587e-01 
82.600000 8.1971529149549671e-01 
82.800000 8.1971942621084071e-01 
83.000000 8.1972337153114005e-01 
83.200000 8.1972713543662801e-01 
83.400000 8.1973072559849069e-01 
83.600000 8.1973414938972966e-01 
83.800000 8.1973741389568378e-01 
84.000000 8.1974052592424240e-01 
84.200000 8.1974349201569330e-01 
84.400000 8.1974631845230606e-01 
84.600000 8.1974901126760191e-01 
84.800000 8.1975157625530037e-01 
85.000000 8.1975401897801803e-01 
85.200000 8.1975634477565873e-01 
85.400000 8.1975855877355086e-01 
85.600000 8.1976066589030971e-01 
85.800000 8.1976267084544907e-01 
86.000000 8.1976457816672932e-01 
86.200000 8.1976639219728964e-01 
86.400000 8.1976811710251218e-01 
86.600000 8.1976975687668230e-01 
86.800000 8.1977131534940995e-01 
87.000000 8.1977279619184207e-01 
87.200000 8.1977420292267034e-01 
87.400000 8.1977553891391119e-01 
87.600000 8.1977680739651992e-01 
87.800000 8.1977801146579188e-01 
88.000000 8.1977915408657143e-01 
88.200000 8.1978023809831424e-01 
88.400000 8.1978126621992664e-01 
88.600000 8.1978224105446418e-01 
88.800000 8.1978316509367721e-01 
89.000000 8.1978404072234889e-01 
89.200000 8.1978487022253677e-01 
89.400000 8.1978565577761209e-01 
89.600000 8.1978639947619258e-01 
89.800000 8.1978710331590754e-01 
90.000000 8.1978776920705476e-01 
90.200000 8.1978839897608169e-01 
90.400000 8.1978899436899266e-01 
90.600000 8.1978955705457890e-01 
90.800000 8.1979008862757696e-01 
91.000000 8.1979059061167681e-01 
91.200000 8.1979106446242866e-01 
91.400000 8.1979151157004870e-01 
91.600000 8.1979193326211619e-01 
91.800000 8.1979233080615199e-01 
92.000000 8.1979270541213034e-01 
92.200000 8.1979305823487358e-01 
92.400000 8.1979339037635890e-01 
92.600000 8.1979370288794595e-01 
92.800000 8.1979399677250431e-01 
93.000000 8.1979427298647511e-01 
93.200000 8.1979453244183909e-01 
93.400000 8.1979477600801609e-01 
93.600000 8.1979500451369203e-01 
93.800000 8.1979521874855754e-01 
94.000000 8.1979541946501122e-01 
94.200000 8.1979560737975299e-01 
94.400000 8.1979578317535351e-01 
94.600000 8.1979594750173701e-01 
94.800000 8.1979610097761246e-01 
95.000000 8.1979624419184349e-01 
95.200000 8.1979637770477476e-01 
95.400000 8.1979650204948384e-01 
95.600000 8.1979661773300772e-01 
95.800000 8.1979672523749703e-01 
96.000000 8.1979682502132500e-01 
96.200000 8.1979691752018025e-01 
96.400000 8.1979700314807313e-01 
96.600000 8.1979708229831982e-01 
96.800000 8.1979715534448983e-01 
97.000000 8.1979722264130794e-01 
97.200000 8.1979728452551892e-01 
97.400000 8.1979734131671722e-01 
97.600000 8.1979739331813073e-01 
97.800000 8.1979744081739681e-01 
98.000000 8.1979748408727349e-01 
98.200000 8.1979752338634648e-01 
98.400000 8.1979755895969508e-01 
98.600000 8.1979759103951999e-01 
98.800000 8.1979761984576149e-01 
99.000000 8.1979764558668566e-01 
99.200000 8.1979766845942836e-01 
99.400000 8.1979768865055025e-01 
99.600000 8.1979770633652360e-01 
99.800000 8.1979772168423737e-01 
100.000000 8.1979773485145546e-01 
100.200000 8.1979774598726074e-01 
100.400000 8.1979775523248954e-01 
100.600000 8.1979776272012195e-01 
100.800000 8.1979776857568798e-01 
101.000000 8.1979777291762479e-01 
101.200000 8.1979777585763225e-01 
101.400000 8.1979777750101868e-01 
101.600000 8.1979777794701492e-01 
101.800000 8.1979777728908321e-01 
102.000000 8.1979777561521217e-01 
102.200000 8.1979777300820000e-01 
102.400000 8.1979776954590733e-01 
102.600000 8.1979776530152726e-01 
102.800000 8.1979776034381935e-01 
103.000000 8.1979775473734873e-01 
103.200000 8.1979774854268672e-01 
103.400000 8.1979774181664233e-01 
103.600000 8.1979773461245542e-01 
103.800000 8.1979772697998043e-01 
104.000000 8.1979771896586795e-01 
104.200000 8.1979771061374784e-01 
104.400000 8.1979770196438206e-01 
104.600000 8.1979769305582351e-01 
104.800000 8.1979768392356578e-01 
105.000000 8.1979767460068742e-01 
105.200000 8.1979766511797580e-01 
105.400000 8.1979765550406503e-01 
105.600000 8.1979764578555292e-01 
105.800000 8.1979763598711519e-01 
106.000000 8.1979762613161988e-01 
106.200000 8.1979761624022196e-01 
106.400000 8.1979760633247356e-01 
106.600000 8.1979759642640460e-01 
106.800000 8.1979758653862211e-01 
107.000000 8.1979757668439257e-01 
107.200000 8.1979756687771477e-01 
107.400000 8.1979755713140956e-01 
107.600000 8.1979754745717348e-01 
107.800000 8.1979753786566301e-01 
108.000000 8.1979752836655118e-01 
108.200000 8.1979751896858977e-01 
108.400000 8.1979750967966325e-01 
108.600000 8.1979750050685685e-01 
108.800000 8.1979749145649383e-01 
109.000000 8.1979748253418483e-01 
109.200000 8.1979747374489120e-01 
109.400000 8.1979746509294948e-01 
109.600000 8.1979745658212033e-01 
109.800000 8.1979744821563150e-01 
110.000000 8.1979743999620824e-01 
110.200000 8.1979743192610666e-01 
110.400000 8.1979742400716504e-01 
110.600000 8.1979741624080626e-01 
110.800000 8.1979740862809147e-01 
111.000000 8.1979740116972855e-01 
111.200000 8.1979739386611816e-01 
111.400000 8.1979738671735691e-01 
111.600000 8.1979737972328248e-01 
111.800000 8.1979737288347454e-01 
112.000000 8.1979736619729082e-01 
112.200000 8.1979735966387235e-01 
112.400000 8.1979735328217973e-01 
112.600000 8.1979734705098850e-01 
112.800000 8.1979734096892765e-01 
113.000000 8.1979733503447516e-01 
113.200000 8.1979732924597593e-01 
113.400000 8.1979732360167079e-01 
113.600000 8.1979731809968426e-01 
113.800000 8.1979731273805390e-01 
114.000000 8.1979730751473712e-01 
114.200000 8.1979730242761317e-01 
114.400000 8.1979729747450625e-01 
114.600000 8.1979729265318146e-01 
114.800000 8.1979728796135976e-01 
115.000000 8.1979728339671964e-01 
115.200000 8.1979727895691434e-01 
115.400000 8.1979727463957119e-01 
115.600000 8.1979727044229200e-01 
115.800000 8.1979726636267236e-01 
116.000000 8.1979726239829553e-01 
116.200000 8.1979725854674712e-01 
116.400000 8.1979725480560639e-01 
116.600000 8.1979725117245805e-01 
116.800000 8.1979724764490181e-01 
117.000000 8.1979724422054479e-01 
117.200000 8.1979724089700934e-01 
117.400000 8.1979723767193580e-01 
117.600000 8.1979723454298614e-01 
117.800000 8.1979723150784489e-01 
118.000000 8.1979722856422088e-01 
118.200000 8.1979722570984770e-01 
118.400000 8.1979722294249502e-01 
118.600000 8.1979722025995527e-01 
118.800000 8.1979721766005209e-01 
119.000000 8.1979721514064752e-01 
119.200000 8.1979721269963002e-01 
119.400000 8.1979721033493247e-01 
119.600000 8.1979720804451339e-01 
119.800000 8.1979720582637028e-01 
120.000000 8.1979720367853948e-01 
120.200000 8.1979720159909253e-01 
120.400000 8.1979719958613928e-01 
120.600000 8.1979719763782455e-01 
120.800000 8.1979719575233145e-01 
121.000000 8.1979719392788442e-01 
121.200000 8.1979719216274105e-01 
121.400000 8.1979719045519783e-01 
121.600000 8.1979718880359376e-01 
121.800000 8.1979718720629702e-01 
122.000000 8.1979718566171778e-01 
122.200000 8.1979718416830372e-01 
122.400000 8.1979718272453639e-01 
122.600000 8.1979718132893775e-01 
122.800000 8.1979717998005996e-01 
123.000000 8.1979717867649582e-01 
123.200000 8.1979717741686808e-01 
123.400000 8.1979717619983949e-01 
123.600000 8.1979717502410643e-01 
123.800000 8.1979717388839290e-01 
124.000000 8.1979717279146325e-01 
124.200000 8.1979717173210864e-01 
124.400000 8.1979717070915714e-01 
124.600000 8.1979716972146788e-01 
124.800000 8.1979716876792119e-01 
125.000000 8.1979716784744350e-01 
125.200000 8.1979716695898075e-01 
125.400000 8.1979716610150977e-01 
125.600000 8.1979716527403301e-01 
125.800000 8.1979716447559292e-01 
126.000000 8.1979716370524136e-01 
126.200000 8.1979716296207350e-01 
126.400000 8.1979716224519961e-01 
126.600000 8.1979716155376203e-01 
126.800000 8.1979716088692201e-01 
127.000000 8.1979716024387583e-01 
127.200000 8.1979715962383082e-01 
127.400000 8.1979715902602612e-01 
127.600000 8.1979715844972290e-01 
127.800000 8.1979715789419794e-01 
128.000000 8.1979715735875835e-01 
128.200000 8.1979715684272758e-01 
128.400000 8.1979715634545214e-01 
128.600000 8.1979715586629465e-01 
128.800000 8.1979715540464182e-01 
129.000000 8.1979715495989747e-01 
129.200000 8.1979715453148283e-01 
129.400000 8.1979715411883936e-01 
129.600000 8.1979715372142226e-01 
129.800000 8.1979715333871084e-01 
130.000000 8.1979715297019184e-01 
130.200000 8.1979715261537700e-01 
130.400000 8.1979715227378613e-01 
130.600000 8.1979715194496205e-01 
130.800000 8.1979715162845490e-01 
131.000000 8.1979715132383546e-01 
131.200000 8.1979715103068229e-01 
131.400000 8.1979715074859161e-01 
131.600000 8.1979715047717383e-01 
131.800000 8.1979715021605060e-01 
132.000000 8.1979714996485464e-01 
132.200000 8.1979714972323336e-01 
132.400000 8.1979714949083959e-01 
132.600000 8.1979714926735037e-01 
132.800000 8.1979714905244061e-01 
133.000000 8.1979714884580268e-01 
133.200000 8.1979714864713804e-01 
133.400000 8.1979714845615559e-01 
133.600000 8.1979714827257966e-01 
133.800000 8.1979714809613857e-01 
134.000000 8.1979714792657554e-01 
134.200000 8.1979714776363288e-01 
134.400000 8.1979714760707312e-01 
134.600000 8.1979714745665655e-01 
134.800000 8.1979714731216291e-01 
135.000000 8.1979714717336971e-01 
135.200000 8.1979714704006423e-01 
135.400000 8.1979714691204786e-01 
135.600000 8.1979714678911997e-01 
135.800000 8.1979714667108894e-01 
136.000000 8.1979714655777802e-01 
136.200000 8.1979714644900314e-01 
136.400000 8.1979714634459799e-01 
136.600000 8.1979714624439859e-01 
136.800000 8.1979714614824317e-01 
137.000000 8.1979714605598064e-01 
137.200000 8.1979714596746200e-01 
137.400000 8.1979714588254859e-01 
137.600000 8.1979714580109675e-01 
137.800000 8.1979714572297913e-01 
138.000000 8.1979714564806416e-01 
138.200000 8.1979714557623395e-01 
138.400000 8.1979714550736571e-01 
138.600000 8.1979714544134596e-01 
138.800000 8.1979714537806536e-01 
139.000000 8.1979714531741765e-01 
139.200000 8.1979714525930225e-01 
139.400000 8.1979714520361835e-01 
139.600000 8.1979714515026902e-01 
139.800000 8.1979714509916690e-01 
140.000000 8.1979714505022416e-01 
140.200000 8.1979714500335266e-01 
140.400000 8.1979714495847245e-01 
140.600000 8.1979714491550504e-01 
140.800000 8.1979714487437805e-01 
141.000000 8.1979714483501320e-01 
141.200000 8.1979714479734200e-01 
141.400000 8.1979714476130272e-01 
141.600000 8.1979714472682275e-01 
141.800000 8.1979714469384257e-01 
142.000000 8.1979714466230347e-01 
142.200000 8.1979714463214837e-01 
142.400000 8.1979714460331954e-01 
142.600000 8.1979714457576580e-01 
142.800000 8.1979714454943220e-01 
143.000000 8.1979714452427643e-01 
143.200000 8.1979714450024466e-01 
143.400000 8.1979714447729457e-01 
143.600000 8.1979714445538321e-01 
143.800000 8.1979714443446616e-01 
144.000000 8.1979714441450680e-01 
144.200000 8.1979714439545881e-01 
144.400000 8.1979714437729401e-01 
144.600000 8.1979714435997486e-01 
144.800000 8.1979714434346418e-01 
145.000000 8.1979714432773332e-01 
145.200000 8.1979714431275053e-01 
145.400000 8.1979714429848405e-01 
145.600000 8.1979714428490735e-01 
145.800000 8.1979714427199113e-01 
146.000000 8.1979714425970840e-01 
146.200000 8.1979714424803307e-01 
146.400000 8.1979714423694350e-01 
146.600000 8.1979714422641281e-01 
146.800000 8.1979714421642380e-01 
147.000000 8.1979714420694683e-01 
147.200000 8.1979714419797645e-01 
147.400000 8.1979714418948957e-01 
147.600000 8.1979714418147365e-01 
147.800000 8.1979714417390870e-01 
148.000000 8.1979714416677518e-01 
148.200000 8.1979714416005656e-01 
148.400000 8.1979714415373217e-01 
148.600000 8.1979714414778415e-01 
148.800000 8.1979714414220040e-01 
149.000000 8.1979714413696425e-01 
149.200000 8.1979714413206084e-01 
149.400000 8.1979714412748028e-01 
149.600000 8.1979714412321048e-01 
149.800000 8.1979714411923710e-01 
