0.000000 5.0760312766566134e-03 
0.200000 5.0761002145695436e-03 
0.400000 5.0764421599797391e-03 
0.600000 5.0773109368226722e-03 
0.800000 5.0789325066509993e-03 
1.000000 5.0815079930730369e-03 
1.200000 5.0852163748555841e-03 
1.400000 5.0902168835269953e-03 
1.600000 5.0966511351698473e-03 
1.800000 5.1046500154469047e-03 
2.000000 5.1143379038056398e-03 
2.200000 5.1258302760119551e-03 
2.400000 5.1392351977137445e-03 
2.600000 5.1546545644752780e-03 
2.800000 5.1721852061411902e-03 
3.000000 5.1919198932343777e-03 
3.200000 5.2139472542459854e-03 
3.400000 5.2383553546923364e-03 
3.600000 5.2652324745160522e-03 
3.800000 5.2946636017140889e-03 
4.000000 5.3267326735235753e-03 
4.200000 5.3615236251224642e-03 
4.400000 5.3991213112354556e-03 
4.600000 5.4396123641574125e-03 
4.800000 5.4830858734829808e-03 
5.000000 5.5296341109227539e-03 
5.200000 5.5793530801431061e-03 
5.400000 5.6323430138551789e-03 
5.600000 5.6887088763113002e-03 
5.800000 5.7485608338222124e-03 
6.000000 5.8120145605062212e-03 
6.200000 5.8791918066096243e-03 
6.400000 5.9502210507831601e-03 
6.600000 6.0252377573070280e-03 
6.800000 6.1043847773822445e-03 
7.000000 6.1878130050212919e-03 
7.200000 6.2756819646622832e-03 
7.400000 6.3681604406433416e-03 
7.600000 6.4654271144567559e-03 
7.800000 6.5676712636430412e-03 
8.000000 6.6750934664729774e-03 
8.200000 6.7879063297882555e-03 
8.400000 6.9063352727316554e-03 
8.600000 7.0306193456927176e-03 
8.800000 7.1610120739831343e-03 
9.000000 7.2977823963770710e-03 
9.200000 7.4412157038495951e-03 
9.400000 7.5916148676994288e-03 
9.600000 7.7493013407663987e-03 
9.800000 7.9146163824370935e-03 
10.000000 8.0879223401772189e-03 
10.200000 8.2696040251272369e-03 
10.400000 8.4600701833722099e-03 
10.600000 8.6597550767341710e-03 
10.800000 8.8691201657531502e-03 
11.000000 9.0886559035424763e-03 
11.200000 9.3188836536548161e-03 
11.400000 9.5603577344426545e-03 
11.600000 9.8136676006293656e-03 
11.800000 1.0079440164532532e-02 
12.000000 1.0358342279732438e-02 
12.200000 1.0651083399749756e-02 
12.400000 1.0958418382120017e-02 
12.600000 1.1281150493374886e-02 
12.800000 1.1620134602077411e-02 
13.000000 1.1976280575157270e-02 
13.200000 1.2350556885809346e-02 
13.400000 1.2743994442230589e-02 
13.600000 1.3157690647214197e-02 
13.800000 1.3592813695028285e-02 
14.000000 1.4050607113432348e-02 
14.200000 1.4532394558107313e-02 
14.400000 1.5039584864061206e-02 
14.600000 1.5573677356457736e-02 
14.800000 1.6136267424642175e-02 
15.000000 1.6729052358142853e-02 
15.200000 1.7353837435449229e-02 
15.400000 1.8012542260496849e-02 
15.600000 1.8707207335021164e-02 
15.800000 1.9440000846319697e-02 
16.000000 2.0213225646009404e-02 
16.200000 2.1029326387643609e-02 
16.400000 2.1890896782565006e-02 
16.600000 2.2800686922987822e-02 
16.800000 2.3761610610571655e-02 
17.000000 2.4776752616345508e-02 
17.200000 2.5849375783212451e-02 
17.400000 2.6982927866669462e-02 
17.600000 2.8181047992572410e-02 
17.800000 2.9447572591464077e-02 
18.000000 3.0786540647636831e-02 
18.200000 3.2202198080705229e-02 
18.400000 3.3699001054302957e-02 
18.600000 3.5281617981881765e-02 
18.800000 3.6954929976186518e-02 
19.000000 3.8724029464814354e-02 
19.200000 4.0594216671525782e-02 
19.400000 4.2570993641770478e-02 
19.600000 4.4660055473012529e-02 
19.800000 4.6867278396776624e-02 
20.000000 4.9198704351271765e-02 
20.200000 5.1660521683003717e-02 
20.400000 5.4259041624350454e-02 
20.600000 5.7000670213943262e-02 
20.800000 5.9891875359305360e-02 
21.000000 6.2939148788384608e-02 
21.200000 6.6148962701208999e-02 
21.400000 6.9527721014353616e-02 
21.600000 7.3081705191890486e-02 
21.800000 7.6817014776510859e-02 
22.000000 8.0739502873522828e-02 
22.200000 8.4854706997137028e-02 
22.400000 8.9167775860538326e-02 
22.600000 9.3683392875387891e-02 
22.800000 9.8405697317866983e-02 
23.000000 1.0333820431129535e-01 
23.200000 1.0848372496257377e-01 
23.400000 1.1384428816304248e-01 
23.600000 1.1942106571460179e-01 
23.800000 1.2521430255941593e-01 
24.000000 1.3122325396654289e-01 
24.200000 1.3744613155173485e-01 
24.400000 1.4388005996923470e-01 
24.600000 1.5052104600996241e-01 
24.800000 1.5736396166498037e-01 
25.000000 1.6440254246556499e-01 
25.200000 1.7162940209443192e-01 
25.400000 1.7903606388369050e-01 
25.600000 1.8661300938497521e-01 
25.800000 1.9434974373127595e-01 
26.000000 2.0223487702667284e-01 
26.200000 2.1025622052058257e-01 
26.400000 2.1840089586935774e-01 
26.600000 2.2665545538202722e-01 
26.800000 2.3500601080874842e-01 
27.000000 2.4343836797683135e-01 
27.200000 2.5193816442229977e-01 
27.400000 2.6049100711166812e-01 
27.600000 2.6908260739990569e-01 
27.800000 2.7769891052163692e-01 
28.000000 2.8632621715330098e-01 
28.200000 2.9495129489988492e-01 
28.400000 3.0356147793314553e-01 
28.600000 3.1214475341957898e-01 
28.800000 3.2068983380579330e-01 
29.000000 3.2918621445734514e-01 
29.200000 3.3762421655724167e-01 
29.400000 3.4599501554774653e-01 
29.600000 3.5429065573248875e-01 
29.800000 3.6250405193723967e-01 
30.000000 3.7062897935247358e-01 
30.200000 3.7866005284756138e-01 
30.400000 3.8659269715633376e-01 
30.600000 3.9442310939026126e-01 
30.800000 4.0214821534382611e-01 
31.000000 4.0976562102315595e-01 
31.200000 4.1727356076062050e-01 
31.400000 4.2467084318228449e-01 
31.600000 4.3195679617896476e-01 
31.800000 4.3913121190198501e-01 
32.000000 4.4619429266769922e-01 
32.200000 4.5314659851593370e-01 
32.400000 4.5998899703104129e-01 
32.600000 4.6672261590407343e-01 
32.800000 4.7334879859326395e-01 
33.000000 4.7986906332955254e-01 
33.200000 4.8628506561553225e-01 
33.400000 4.9259856428040810e-01 
33.600000 4.9881139108042971e-01 
33.800000 5.0492542377352989e-01 
34.000000 5.1094256254765902e-01 
34.200000 5.1686470964392672e-01 
34.400000 5.2269375198696266e-01 
34.600000 5.2843154661478586e-01 
34.800000 5.3407990868795152e-01 
35.000000 5.3964060185151286e-01 
35.200000 5.4511533072248941e-01 
35.400000 5.5050573527915314e-01 
35.600000 5.5581338693524807e-01 
35.800000 5.6103978609211336e-01 
36.000000 5.6618636097308794e-01 
36.200000 5.7125446755760889e-01 
36.400000 5.7624539044612333e-01 
36.600000 5.8116034450108545e-01 
36.800000 5.8600047712349912e-01 
37.000000 5.9076687103843606e-01 
37.200000 5.9546054747647770e-01 
37.400000 6.0008246965095258e-01 
37.600000 6.0463354644305511e-01 
37.800000 6.0911463621836770e-01 
38.000000 6.1352655070882556e-01 
38.200000 6.1787005890398072e-01 
38.400000 6.2214589090418027e-01 
38.600000 6.2635474169634597e-01 
38.800000 6.3049727482014728e-01 
39.000000 6.3457412589886553e-01 
39.200000 6.3858590601475285e-01 
39.400000 6.4253320491377386e-01 
39.600000 6.4641659402879892e-01 
39.800000 6.5023662931417459e-01 
40.000000 6.5399385388761788e-01 
40.200000 6.5768880047821654e-01 
40.400000 6.6132199368148392e-01 
40.600000 6.6489395202429680e-01 
40.800000 6.6840518984412034e-01 
41.000000 6.7185621898806802e-01 
41.200000 6.7524755033838535e-01 
41.400000 6.7857969517160810e-01 
41.600000 6.8185316635920701e-01 
41.800000 6.8506847941794025e-01 
42.000000 6.8822615341826565e-01 
42.200000 6.9132671175936700e-01 
42.400000 6.9437068281930225e-01 
42.600000 6.9735860048870890e-01 
42.800000 7.0029100459640170e-01 
43.000000 7.0316844123493916e-01 
43.200000 7.0599146299405657e-01 
43.400000 7.0876062910957849e-01 
43.600000 7.1147650553508524e-01 
43.800000 7.1413966494337622e-01 
44.000000 7.1675068666436526e-01 
44.200000 7.1931015656576902e-01 
44.400000 7.2181866688258234e-01 
44.600000 7.2427681600101301e-01 
44.800000 7.2668520820218541e-01 
45.000000 7.2904445337067458e-01 
45.200000 7.3135516667246436e-01 
45.400000 7.3361796820679093e-01 
45.600000 7.3583348263586468e-01 
45.800000 7.3800233879628663e-01 
46.000000 7.4012516929562133e-01 
46.200000 7.4220261009736532e-01 
46.400000 7.4423530009724093e-01 
46.600000 7.4622388069358203e-01 
46.800000 7.4816899535421988e-01 
47.000000 7.5007128918218324e-01 
47.200000 7.5193140848223639e-01 
47.400000 7.5375000033010275e-01 
47.600000 7.5552771214604375e-01 
47.800000 7.5726519127426539e-01 
48.000000 7.5896308456949058e-01 
48.200000 7.6062203799186356e-01 
48.400000 7.6224269621119511e-01 
48.600000 7.6382570222147783e-01 
48.800000 7.6537169696637330e-01 
49.000000 7.6688131897640954e-01 
49.200000 7.6835520401836266e-01 
49.400000 7.6979398475730254e-01 
49.600000 7.7119829043166066e-01 
49.800000 7.7256874654158059e-01 
50.000000 7.7390597455076737e-01 
50.200000 7.7521059160194417e-01 
50.400000 7.7648321024599543e-01 
50.600000 7.7772443818480652e-01 
50.800000 7.7893487802773709e-01 
51.000000 7.8011512706167230e-01 
51.200000 7.8126577703447220e-01 
51.400000 7.8238741395169820e-01 
51.600000 7.8348061788640067e-01 
51.800000 7.8454596280169553e-01 
52.000000 7.8558401638594799e-01 
52.200000 7.8659533990022312e-01 
52.400000 7.8758048803773661e-01 
52.600000 7.8854000879499930e-01 
52.800000 7.8947444335428807e-01 
53.000000 7.9038432597717823e-01 
53.200000 7.9127018390872583e-01 
53.400000 7.9213253729198918e-01 
53.600000 7.9297189909251820e-01 
53.800000 7.9378877503246736e-01 
54.000000 7.9458366353396603e-01 
54.200000 7.9535705567138759e-01 
54.400000 7.9610943513217347e-01 
54.600000 7.9684127818582418e-01 
54.800000 7.9755305366077156e-01 
55.000000 7.9824522292871225e-01 
55.200000 7.9891823989612731e-01 
55.400000 7.9957255100260394e-01 
55.600000 8.0020859522566468e-01 
55.800000 8.0082680409176921e-01 
56.000000 8.0142760169319338e-01 
56.200000 8.0201140471044163e-01 
56.400000 8.0257862243994926e-01 
56.600000 8.0312965682673021e-01 
56.800000 8.0366490250174616e-01 
57.000000 8.0418474682366936e-01 
57.200000 8.0468956992483742e-01 
57.400000 8.0517974476107734e-01 
57.600000 8.0565563716521305e-01 
57.800000 8.0611760590398340e-01 
58.000000 8.0656600273816170e-01 
58.200000 8.0700117248563830e-01 
58.400000 8.0742345308728225e-01 
58.600000 8.0783317567533630e-01 
58.800000 8.0823066464420223e-01 
59.000000 8.0861623772338298e-01 
59.200000 8.0899020605243355e-01 
59.400000 8.0935287425772973e-01 
59.600000 8.0970454053089436e-01 
59.800000 8.1004549670873371e-01 
60.000000 8.1037602835452827e-01 
60.200000 8.1069641484051347e-01 
60.400000 8.1100692943144981e-01 
60.600000 8.1130783936913964e-01 
60.800000 8.1159940595772895e-01 
61.000000 8.1188188464974176e-01 
61.200000 8.1215552513267775e-01 
61.400000 8.1242057141609647e-01 
61.600000 8.1267726191908363e-01 
61.800000 8.1292582955796622e-01 
62.000000 8.1316650183426764e-01 
62.200000 8.1339950092270863e-01 
62.400000 8.1362504375926770e-01 
62.600000 8.1384334212916432e-01 
62.800000 8.1405460275470320e-01 
63.000000 8.1425902738294054e-01 
63.200000 8.1445681287305294e-01 
63.400000 8.1464815128339951e-01 
63.600000 8.1483322995818563e-01 
63.800000 8.1501223161369163e-01 
64.000000 8.1518533442399510e-01 
64.200000 8.1535271210616411e-01 
64.400000 8.1551453400486684e-01 
64.600000 8.1567096517632653e-01 
64.800000 8.1582216647164552e-01 
65.000000 8.1596829461938702e-01 
65.200000 8.1610950230744750e-01 
65.400000 8.1624593826413216e-01 
65.600000 8.1637774733845458e-01 
65.800000 8.1650507057958266e-01 
66.000000 8.1662804531545552e-01 
66.200000 8.1674680523049947e-01 
66.400000 8.1686148044247509e-01 
66.600000 8.1697219757837536e-01 
66.800000 8.1707907984941930e-01 
67.000000 8.1718224712507603e-01 
67.200000 8.1728181600613126e-01 
67.400000 8.1737789989677467e-01 
67.600000 8.1747060907570002e-01 
67.800000 8.1756005076621441e-01 
68.000000 8.1764632920532432e-01 
68.200000 8.1772954571182310e-01 
68.400000 8.1780979875334781e-01 
68.600000 8.1788718401242078e-01 
68.800000 8.1796179445145767e-01 
69.000000 8.1803372037673561e-01 
69.200000 8.1810304950135504e-01 
69.400000 8.1816986700712657e-01 
69.600000 8.1823425560546414e-01 
69.800000 8.1829629559721639e-01 
70.000000 8.1835606493148483e-01 
70.200000 8.1841363926340560e-01 
70.400000 8.1846909201090079e-01 
70.600000 8.1852249441041569e-01 
70.800000 8.1857391557163939e-01 
71.000000 8.1862342253120313e-01 
71.200000 8.1867108030538627e-01 
71.400000 8.1871695194181016e-01 
71.600000 8.1876109857014123e-01 
71.800000 8.1880357945181281e-01 
72.000000 8.1884445202876699e-01 
72.200000 8.1888377197121398e-01 
72.400000 8.1892159322445557e-01 
72.600000 8.1895796805472232e-01 
72.800000 8.1899294709409221e-01 
73.000000 8.1902657938447221e-01 
73.200000 8.1905891242063733e-01 
73.400000 8.1908999219238099e-01 
73.600000 8.1911986322573516e-01 
73.800000 8.1914856862332353e-01 
74.000000 8.1917615010381029e-01 
74.200000 8.1920264804048837e-01 
74.400000 8.1922810149901204e-01 
74.600000 8.1925254827426230e-01 
74.800000 8.1927602492639884e-01 
75.000000 8.1929856681606805e-01 
75.200000 8.1932020813881257e-01 
75.400000 8.1934098195865601e-01 
75.600000 8.1936092024092366e-01 
75.800000 8.1938005388427648e-01 
76.000000 8.1939841275196412e-01 
76.200000 8.1941602570235694e-01 
76.400000 8.1943292061869444e-01 
76.600000 8.1944912443814921e-01 
76.800000 8.1946466318013511e-01 
77.000000 8.1947956197394345e-01 
77.200000 8.1949384508565959e-01 
77.400000 8.1950753594441839e-01 
77.600000 8.1952065716798062e-01 
77.800000 8.1953323058766214e-01 
78.000000 8.1954527727261461e-01 
78.200000 8.1955681755347065e-01 
78.400000 8.1956787104538076e-01 
78.600000 8.1957845667043416e-01 
78.800000 8.1958859267948259e-01 
79.000000 8.1959829667338957e-01 
79.200000 8.1960758562369451e-01 
79.400000 8.1961647589273035e-01 
79.600000 8.1962498325318245e-01 
79.800000 8.1963312290711210e-01 
80.000000 8.1964090950445490e-01 
80.200000 8.1964835716100215e-01 
80.400000 8.1965547947588446e-01 
80.600000 8.1966228954855769e-01 
80.800000 8.1966879999529574e-01 
81.000000 8.1967502296523975e-01 
81.200000 8.1968097015596142e-01 
81.400000 8.1968665282858300e-01 
81.600000 8.1969208182247089e-01 
81.800000 8.1969726756946459e-01 
82.000000 8.1970222010773863e-01 
82.200000 8.1970694909520592e-01 
82.400000 8.1971146382254390e-01 
82.600000 8.1971577322583455e-01 
82.800000 8.1971988589881339e-01 
83.000000 8.1972381010474193e-01 
83.200000 8.1972755378793993e-01 
83.400000 8.1973112458494568e-01 
83.600000 8.1973452983533079e-01 
83.800000 8.1973777659219493e-01 
84.000000 8.1974087163232057e-01 
84.200000 8.1974382146601721e-01 
84.400000 8.1974663234664125e-01 
84.600000 8.1974931027984677e-01 
84.800000 8.1975186103248876e-01 
85.000000 8.1975429014129819e-01 
85.200000 8.1975660292124297e-01 
85.400000 8.1975880447362082e-01 
85.600000 8.1976089969390387e-01 
85.800000 8.1976289327931362e-01 
86.000000 8.1976478973615496e-01 
86.200000 8.1976659338689595e-01 
86.400000 8.1976830837703507e-01 
86.600000 8.1976993868170678e-01 
86.800000 8.1977148811210354e-01 
87.000000 8.1977296032164382e-01 
87.200000 8.1977435881196636e-01 
87.400000 8.1977568693868674e-01 
87.600000 8.1977694791699052e-01 
87.800000 8.1977814482699474e-01 
88.000000 8.1977928061897554e-01 
88.200000 8.1978035811836014e-01 
88.400000 8.1978138003058698e-01 
88.600000 8.1978234894577218e-01 
88.800000 8.1978326734321938e-01 
89.000000 8.1978413759576940e-01 
89.200000 8.1978496197399719e-01 
89.400000 8.1978574265025939e-01 
89.600000 8.1978648170258617e-01 
89.800000 8.1978718111845494e-01 
90.000000 8.1978784279840178e-01 
90.200000 8.1978846855952114e-01 
90.400000 8.1978906013883635e-01 
90.600000 8.1978961919652427e-01 
90.800000 8.1979014731905420e-01 
91.000000 8.1979064602218676e-01 
91.200000 8.1979111675387850e-01 
91.400000 8.1979156089705107e-01 
91.600000 8.1979197977229734e-01 
91.800000 8.1979237464044519e-01 
92.000000 8.1979274670504754e-01 
92.200000 8.1979309711478132e-01 
92.400000 8.1979342696573232e-01 
92.600000 8.1979373730361305e-01 
92.800000 8.1979402912589672e-01 
93.000000 8.1979430338384551e-01 
93.200000 8.1979456098449111e-01 
93.400000 8.1979480279250816e-01 
93.600000 8.1979502963204176e-01 
93.800000 8.1979524228845013e-01 
94.000000 8.1979544150996930e-01 
94.200000 8.1979562800932781e-01 
94.400000 8.1979580246530026e-01 
94.600000 8.1979596552416956e-01 
94.800000 8.1979611780117678e-01 
95.000000 8.1979625988186211e-01 
95.200000 8.1979639232339152e-01 
95.400000 8.1979651565581979e-01 
95.600000 8.1979663038327810e-01 
95.800000 8.1979673698514999e-01 
96.000000 8.1979683591717423e-01 
96.200000 8.1979692761250467e-01 
96.400000 8.1979701248274717e-01 
96.600000 8.1979709091891417e-01 
96.800000 8.1979716329238417e-01 
97.000000 8.1979722995579019e-01 
97.200000 8.1979729124387291e-01 
97.400000 8.1979734747432254e-01 
97.600000 8.1979739894855219e-01 
97.800000 8.1979744595246362e-01 
98.000000 8.1979748875716663e-01 
98.200000 8.1979752761967073e-01 
98.400000 8.1979756278355331e-01 
98.600000 8.1979759447959200e-01 
98.800000 8.1979762292636138e-01 
99.000000 8.1979764833083135e-01 
99.200000 8.1979767088891198e-01 
99.400000 8.1979769078597609e-01 
99.600000 8.1979770819738773e-01 
99.800000 8.1979772328896994e-01 
100.000000 8.1979773621747476e-01 
100.200000 8.1979774713102538e-01 
100.400000 8.1979775616953487e-01 
100.600000 8.1979776346512723e-01 
100.800000 8.1979776914249314e-01 
101.000000 8.1979777331928982e-01 
101.200000 8.1979777610647209e-01 
101.400000 8.1979777760864014e-01 
101.600000 8.1979777792434927e-01 
101.800000 8.1979777714642454e-01 
102.000000 8.1979777536225062e-01 
102.200000 8.1979777265404530e-01 
102.400000 8.1979776909913105e-01 
102.600000 8.1979776477017940e-01 
102.800000 8.1979775973546110e-01 
103.000000 8.1979775405907263e-01 
103.200000 8.1979774780115067e-01 
103.400000 8.1979774101808822e-01 
103.600000 8.1979773376272569e-01 
103.800000 8.1979772608454415e-01 
104.000000 8.1979771802984602e-01 
104.200000 8.1979770964192178e-01 
104.400000 8.1979770096121574e-01 
104.600000 8.1979769202548702e-01 
104.800000 8.1979768286994281e-01 
105.000000 8.1979767352739641e-01 
105.200000 8.1979766402838339e-01 
105.400000 8.1979765440130092e-01 
105.600000 8.1979764467251903e-01 
105.800000 8.1979763486650403e-01 
106.000000 8.1979762500592490e-01 
106.200000 8.1979761511174531e-01 
106.400000 8.1979760520334055e-01 
106.600000 8.1979759529857865e-01 
106.800000 8.1979758541390613e-01 
107.000000 8.1979757556443789e-01 
107.200000 8.1979756576404406e-01 
107.400000 8.1979755602540383e-01 
107.600000 8.1979754636010027e-01 
107.800000 8.1979753677867029e-01 
108.000000 8.1979752729067679e-01 
108.200000 8.1979751790477384e-01 
108.400000 8.1979750862875223e-01 
108.600000 8.1979749946960789e-01 
108.800000 8.1979749043357553e-01 
109.000000 8.1979748152619769e-01 
109.200000 8.1979747275235737e-01 
109.400000 8.1979746411632370e-01 
109.600000 8.1979745562179596e-01 
109.800000 8.1979744727194059e-01 
110.000000 8.1979743906943114e-01 
110.200000 8.1979743101647584e-01 
110.400000 8.1979742311485893e-01 
110.600000 8.1979741536596140e-01 
110.800000 8.1979740777080523e-01 
111.000000 8.1979740033006243e-01 
111.200000 8.1979739304409616e-01 
111.400000 8.1979738591297568e-01 
111.600000 8.1979737893650273e-01 
111.800000 8.1979737211423220e-01 
112.000000 8.1979736544550086e-01 
112.200000 8.1979735892942462e-01 
112.400000 8.1979735256494146e-01 
112.600000 8.1979734635081536e-01 
112.800000 8.1979734028564866e-01 
113.000000 8.1979733436790458e-01 
113.200000 8.1979732859592491e-01 
113.400000 8.1979732296792385e-01 
113.600000 8.1979731748202667e-01 
113.800000 8.1979731213625662e-01 
114.000000 8.1979730692856145e-01 
114.200000 8.1979730185681410e-01 
114.400000 8.1979729691883263e-01 
114.600000 8.1979729211237251e-01 
114.800000 8.1979728743515357e-01 
115.000000 8.1979728288485099e-01 
115.200000 8.1979727845911365e-01 
115.400000 8.1979727415556536e-01 
115.600000 8.1979726997180868e-01 
115.800000 8.1979726590543711e-01 
116.000000 8.1979726195403446e-01 
116.200000 8.1979725811518078e-01 
116.400000 8.1979725438645967e-01 
116.600000 8.1979725076545862e-01 
116.800000 8.1979724724977809e-01 
117.000000 8.1979724383702113e-01 
117.200000 8.1979724052481762e-01 
117.400000 8.1979723731081022e-01 
117.600000 8.1979723419266215e-01 
117.800000 8.1979723116805603e-01 
118.000000 8.1979722823470857e-01 
118.200000 8.1979722539035915e-01 
118.400000 8.1979722263277477e-01 
118.600000 8.1979721995975485e-01 
118.800000 8.1979721736912636e-01 
119.000000 8.1979721485875456e-01 
119.200000 8.1979721242653492e-01 
119.400000 8.1979721007039796e-01 
119.600000 8.1979720778830700e-01 
119.800000 8.1979720557827140e-01 
120.000000 8.1979720343832485e-01 
120.200000 8.1979720136654488e-01 
120.400000 8.1979719936104556e-01 
120.600000 8.1979719741997448e-01 
120.800000 8.1979719554152308e-01 
121.000000 8.1979719372391546e-01 
121.200000 8.1979719196541745e-01 
121.400000 8.1979719026432829e-01 
121.600000 8.1979718861898920e-01 
121.800000 8.1979718702777549e-01 
122.000000 8.1979718548910219e-01 
122.200000 8.1979718400141710e-01 
122.400000 8.1979718256320822e-01 
122.600000 8.1979718117300182e-01 
122.800000 8.1979717982935396e-01 
123.000000 8.1979717853086298e-01 
123.200000 8.1979717727615331e-01 
123.400000 8.1979717606389457e-01 
123.600000 8.1979717489278092e-01 
123.800000 8.1979717376154515e-01 
124.000000 8.1979717266895413e-01 
124.200000 8.1979717161380528e-01 
124.400000 8.1979717059492674e-01 
124.600000 8.1979716961117777e-01 
124.800000 8.1979716866145491e-01 
125.000000 8.1979716774467448e-01 
125.200000 8.1979716685979143e-01 
125.400000 8.1979716600578434e-01 
125.600000 8.1979716518166446e-01 
125.800000 8.1979716438646810e-01 
126.000000 8.1979716361926025e-01 
126.200000 8.1979716287912974e-01 
126.400000 8.1979716216519471e-01 
126.600000 8.1979716147659920e-01 
126.800000 8.1979716081251186e-01 
127.000000 8.1979716017212212e-01 
127.200000 8.1979715955464905e-01 
127.400000 8.1979715895933025e-01 
127.600000 8.1979715838542533e-01 
127.800000 8.1979715783222407e-01 
128.000000 8.1979715729902913e-01 
128.200000 8.1979715678516607e-01 
128.400000 8.1979715628998584e-01 
128.600000 8.1979715581285340e-01 
128.800000 8.1979715535315545e-01 
129.000000 8.1979715491029881e-01 
129.200000 8.1979715448370827e-01 
129.400000 8.1979715407282472e-01 
129.600000 8.1979715367711059e-01 
129.800000 8.1979715329603831e-01 
130.000000 8.1979715292910560e-01 
130.200000 8.1979715257582009e-01 
130.400000 8.1979715223570748e-01 
130.600000 8.1979715190830882e-01 
130.800000 8.1979715159317457e-01 
131.000000 8.1979715128988129e-01 
131.200000 8.1979715099800721e-01 
131.400000 8.1979715071715420e-01 
131.600000 8.1979715044692703e-01 
131.800000 8.1979715018695321e-01 
132.000000 8.1979714993686403e-01 
132.200000 8.1979714969630901e-01 
132.400000 8.1979714946494786e-01 
132.600000 8.1979714924245173e-01 
132.800000 8.1979714902849843e-01 
133.000000 8.1979714882278198e-01 
133.200000 8.1979714862500674e-01 
133.400000 8.1979714843488327e-01 
133.600000 8.1979714825213534e-01 
133.800000 8.1979714807648940e-01 
134.000000 8.1979714790768943e-01 
134.200000 8.1979714774548729e-01 
134.400000 8.1979714758963917e-01 
134.600000 8.1979714743991139e-01 
134.800000 8.1979714729607511e-01 
135.000000 8.1979714715791596e-01 
135.200000 8.1979714702522388e-01 
135.400000 8.1979714689779704e-01 
135.600000 8.1979714677543380e-01 
135.800000 8.1979714665795278e-01 
136.000000 8.1979714654516522e-01 
136.200000 8.1979714643689749e-01 
136.400000 8.1979714633298040e-01 
136.600000 8.1979714623324762e-01 
136.800000 8.1979714613754506e-01 
137.000000 8.1979714604571607e-01 
137.200000 8.1979714595761410e-01 
137.400000 8.1979714587310037e-01 
137.600000 8.1979714579203622e-01 
137.800000 8.1979714571428930e-01 
138.000000 8.1979714563973183e-01 
138.200000 8.1979714556824435e-01 
138.400000 8.1979714549970661e-01 
138.600000 8.1979714543400428e-01 
138.800000 8.1979714537103054e-01 
139.000000 8.1979714531067560e-01 
139.200000 8.1979714525283998e-01 
139.400000 8.1979714519742675e-01 
139.600000 8.1979714514434021e-01 
139.800000 8.1979714509348822e-01 
140.000000 8.1979714504478340e-01 
140.200000 8.1979714499814216e-01 
140.400000 8.1979714495348410e-01 
140.600000 8.1979714491073230e-01 
140.800000 8.1979714486980837e-01 
141.000000 8.1979714483064059e-01 
141.200000 8.1979714479315768e-01 
141.400000 8.1979714475729815e-01 
141.600000 8.1979714472299292e-01 
141.800000 8.1979714469018061e-01 
142.000000 8.1979714465880138e-01 
142.200000 8.1979714462880093e-01 
142.400000 8.1979714460011821e-01 
142.600000 8.1979714457270469e-01 
142.800000 8.1979714454650965e-01 
143.000000 8.1979714452148378e-01 
143.200000 8.1979714449757801e-01 
143.400000 8.1979714447474850e-01 
143.600000 8.1979714445294971e-01 
143.800000 8.1979714443214513e-01 
144.000000 8.1979714441228835e-01 
144.200000 8.1979714439334817e-01 
144.400000 8.1979714437527884e-01 
144.600000 8.1979714435805173e-01 
144.800000 8.1979714434163398e-01 
145.000000 8.1979714432598927e-01 
145.200000 8.1979714431108797e-01 
145.400000 8.1979714429690409e-01 
145.600000 8.1979714428340145e-01 
145.800000 8.1979714427055828e-01 
146.000000 8.1979714425834660e-01 
146.200000 8.1979714424673988e-01 
146.400000 8.1979714423571415e-01 
146.600000 8.1979714422524763e-01 
146.800000 8.1979714421531358e-01 
147.000000 8.1979714420589977e-01 
147.200000 8.1979714419698080e-01 
147.400000 8.1979714418855043e-01 
147.600000 8.1979714418058713e-01 
147.800000 8.1979714417307004e-01 
148.000000 8.1979714416598548e-01 
148.200000 8.1979714415931093e-01 
148.400000 8.1979714415302973e-01 
148.600000 8.1979714414712535e-01 
148.800000 8.1979714414158200e-01 
149.000000 8.1979714413638294e-01 
149.200000 8.1979714413151705e-01 
149.400000 8.1979714412697169e-01 
149.600000 8.1979714412273419e-01 
149.800000 8.1979714411879478e-01 
