0.000000 5.0764330160667321e-03 
0.200000 5.0764437452387396e-03 
0.400000 5.0766243736303680e-03 
0.600000 5.0772399662699303e-03 
0.800000 5.0785265029287046e-03 
1.000000 5.0806940337674248e-03 
1.200000 5.0839294914202865e-03 
1.400000 5.0883991842380601e-03 
1.600000 5.0942510484504096e-03 
1.800000 5.1016152753670784e-03 
2.000000 5.1106183880694194e-03 
2.200000 5.1213794827514184e-03 
2.400000 5.1340096793471264e-03 
2.600000 5.1486134227733907e-03 
2.800000 5.1652896489286027e-03 
3.000000 5.1841328272763023e-03 
3.200000 5.2052338928862104e-03 
3.400000 5.2286810426374038e-03 
3.600000 5.2545639858640730e-03 
3.800000 5.2829683790693365e-03 
4.000000 5.3139783147152213e-03 
4.200000 5.3476775139653628e-03 
4.400000 5.3841502731934096e-03 
4.600000 5.4234819762310786e-03 
4.800000 5.4657602760337575e-03 
5.000000 5.5110761606315777e-03 
5.200000 5.5595242351818772e-03 
5.400000 5.6112030032385105e-03 
5.600000 5.6662155349837453e-03 
5.800000 5.7246699107803530e-03 
6.000000 5.7866796796674615e-03 
6.200000 5.8523642749885862e-03 
6.400000 5.9218495441170924e-03 
6.600000 5.9952680837363293e-03 
6.800000 6.0727597201154287e-03 
7.000000 6.1544720862226074e-03 
7.200000 6.2405612031525230e-03 
7.400000 6.3311921038243010e-03 
7.600000 6.4265394139524671e-03 
7.800000 6.5267880469576794e-03 
8.000000 6.6321340520212272e-03 
8.200000 6.7427851767044378e-03 
8.400000 6.8589616741292058e-03 
8.600000 6.9808970960762405e-03 
8.800000 7.1088391448117802e-03 
9.000000 7.2430505745880664e-03 
9.200000 7.3838101476043526e-03 
9.400000 7.5314136697707222e-03 
9.600000 7.6861750933775608e-03 
9.800000 7.8484276868051144e-03 
10.000000 8.0185252885622890e-03 
10.200000 8.1968436442617504e-03 
10.400000 8.3837818301895559e-03 
10.600000 8.5797637942571191e-03 
10.800000 8.7852400193548924e-03 
11.000000 9.0006892608875365e-03 
11.200000 9.2266204044400921e-03 
11.400000 9.4635744660243014e-03 
11.600000 9.7121267182173794e-03 
11.800000 9.9728889575513152e-03 
12.000000 1.0246511922507856e-02 
12.200000 1.0533687874237035e-02 
12.400000 1.0835153345074521e-02 
12.600000 1.1151692064869382e-02 
12.800000 1.1484138077432156e-02 
13.000000 1.1833379055149560e-02 
13.200000 1.2200359819877087e-02 
13.400000 1.2586086084499098e-02 
13.600000 1.2991628424326607e-02 
13.800000 1.3418126476567937e-02 
14.000000 1.3866793382306772e-02 
14.200000 1.4338920482154632e-02 
14.400000 1.4835882265107271e-02 
14.600000 1.5359141576949360e-02 
14.800000 1.5910255089861734e-02 
15.000000 1.6490879034008109e-02 
15.200000 1.7102775186804111e-02 
15.400000 1.7747817113263186e-02 
15.600000 1.8427996646871690e-02 
15.800000 1.9145430594322135e-02 
16.000000 1.9902367641658029e-02 
16.200000 2.0701195433615548e-02 
16.400000 2.1544447788953397e-02 
16.600000 2.2434812003143810e-02 
16.800000 2.3375136182503028e-02 
17.000000 2.4368436541394672e-02 
17.200000 2.5417904578547007e-02 
17.400000 2.6526914035073047e-02 
17.600000 2.7699027519517180e-02 
17.800000 2.8938002667301743e-02 
18.000000 3.0247797681690596e-02 
18.200000 3.1632576082312937e-02 
18.400000 3.3096710464832160e-02 
18.600000 3.4644785051648710e-02 
18.800000 3.6281596789611605e-02 
19.000000 3.8012154726495981e-02 
19.200000 3.9841677374958168e-02 
19.400000 4.1775587750624836e-02 
19.600000 4.3819505750932415e-02 
19.800000 4.5979237527138721e-02 
20.000000 4.8260761490437808e-02 
20.200000 5.0670210589877793e-02 
20.400000 5.3213850504444292e-02 
20.600000 5.5898053406824341e-02 
20.800000 5.8729266983685378e-02 
21.000000 6.1713978438662227e-02 
21.200000 6.4858673261558544e-02 
21.400000 6.8169788621966473e-02 
21.600000 7.1653661338697175e-02 
21.800000 7.5316470488833748e-02 
22.000000 7.9164174851880501e-02 
22.200000 8.3202445534328720e-02 
22.400000 8.7436594286221095e-02 
22.600000 9.1871498201278101e-02 
22.800000 9.6511521681290263e-02 
23.000000 1.0136043673857983e-01 
23.200000 1.0642134290075152e-01 
23.400000 1.1169658816183232e-01 
23.600000 1.1718769258441371e-01 
23.800000 1.2289527628908097e-01 
24.000000 1.2881899366039160e-01 
24.200000 1.3495747564329064e-01 
24.400000 1.4130828199124743e-01 
24.600000 1.4786786525016574e-01 
24.800000 1.5463154811512050e-01 
25.000000 1.6159351557781143e-01 
25.200000 1.6874682299274157e-01 
25.400000 1.7608342083467707e-01 
25.600000 1.8359419650856065e-01 
25.800000 1.9126903311924498e-01 
26.000000 1.9909688462962999e-01 
26.200000 2.0706586635213844e-01 
26.400000 2.1516335925177404e-01 
26.600000 2.2337612611157409e-01 
26.800000 2.3169043724391655e-01 
27.000000 2.4009220314223073e-01 
27.200000 2.4856711127122463e-01 
27.400000 2.5710076409896210e-01 
27.600000 2.6567881548417305e-01 
27.800000 2.7428710264464307e-01 
28.000000 2.8291177113915189e-01 
28.200000 2.9153939058343087e-01 
28.400000 3.0015705917342494e-01 
28.600000 3.0875249548771277e-01 
28.800000 3.1731411646557039e-01 
29.000000 3.2583110088807382e-01 
29.200000 3.3429343810893830e-01 
29.400000 3.4269196217374448e-01 
29.600000 3.5101837181812057e-01 
29.800000 3.5926523713823477e-01 
30.000000 3.6742599397444370e-01 
30.200000 3.7549492723872885e-01 
30.400000 3.8346714454864672e-01 
30.600000 3.9133854160771481e-01 
30.800000 3.9910576079885901e-01 
31.000000 4.0676614443983367e-01 
31.200000 4.1431768409413727e-01 
31.400000 4.2175896724512968e-01 
31.600000 4.2908912253216108e-01 
31.800000 4.3630776462242044e-01 
32.000000 4.4341493965746470e-01 
32.200000 4.5041107207458825e-01 
32.400000 4.5729691346532375e-01 
32.600000 4.6407349400027181e-01 
32.800000 4.7074207682437985e-01 
33.000000 4.7730411571182074e-01 
33.200000 4.8376121616640738e-01 
33.400000 4.9011510006261250e-01 
33.600000 4.9636757384420127e-01 
33.800000 5.0252050023185801e-01 
34.000000 5.0857577333749426e-01 
34.200000 5.1453529704037171e-01 
34.400000 5.2040096644772771e-01 
34.600000 5.2617465223925020e-01 
34.800000 5.3185818767928561e-01 
35.000000 5.3745335807209771e-01 
35.200000 5.4296189243267146e-01 
35.400000 5.4838545714740639e-01 
35.600000 5.5372565140482199e-01 
35.800000 5.5898400418504368e-01 
36.000000 5.6416197260769219e-01 
36.200000 5.6926094145036477e-01 
36.400000 5.7428222366325665e-01 
36.600000 5.7922706171958205e-01 
36.800000 5.8409662965566334e-01 
37.000000 5.8889203566855641e-01 
37.200000 5.9361432515291890e-01 
37.400000 5.9826448407191035e-01 
37.600000 6.0284344256948119e-01 
37.800000 6.0735207874309693e-01 
38.000000 6.1179122250690698e-01 
38.200000 6.1616165948538049e-01 
38.400000 6.2046413488670005e-01 
38.600000 6.2469935731343018e-01 
38.800000 6.2886800247560537e-01 
39.000000 6.3297071677798333e-01 
39.200000 6.3700812075921187e-01 
39.400000 6.4098081236581006e-01 
39.600000 6.4488937004850555e-01 
39.800000 6.4873435567234639e-01 
40.000000 6.5251631723539205e-01 
40.200000 6.5623579139376353e-01 
40.400000 6.5989330579306360e-01 
40.600000 6.6348938120842882e-01 
40.800000 6.6702453349693314e-01 
41.000000 6.7049927536752130e-01 
41.200000 6.7391411797464740e-01 
41.400000 6.7726957234264396e-01 
41.600000 6.8056615062842629e-01 
41.800000 6.8380436723064197e-01 
42.000000 6.8698473975349128e-01 
42.200000 6.9010778983382892e-01 
42.400000 6.9317404383996872e-01 
42.600000 6.9618403345073832e-01 
42.800000 6.9913829612314082e-01 
43.000000 7.0203737545678080e-01 
43.200000 7.0488182146309630e-01 
43.400000 7.0767219074703591e-01 
43.600000 7.1040904660867998e-01 
43.800000 7.1309295907186465e-01 
44.000000 7.1572450484666972e-01 
44.200000 7.1830426723220153e-01 
44.400000 7.2083283596582215e-01 
44.600000 7.2331080702462036e-01 
44.800000 7.2573878238460177e-01 
45.000000 7.2811736974270647e-01 
45.200000 7.3044718220648219e-01 
45.400000 7.3272883795590782e-01 
45.600000 7.3496295988153459e-01 
45.800000 7.3715017520283466e-01 
46.000000 7.3929111507037293e-01 
46.200000 7.4138641415511641e-01 
46.400000 7.4343671022792435e-01 
46.600000 7.4544264373206248e-01 
46.800000 7.4740485735128659e-01 
47.000000 7.4932399557584539e-01 
47.200000 7.5120070426853391e-01 
47.400000 7.5303563023272746e-01 
47.600000 7.5482942078411241e-01 
47.800000 7.5658272332769383e-01 
48.000000 7.5829618494143958e-01 
48.200000 7.5997045196782498e-01 
48.400000 7.6160616961431304e-01 
48.600000 7.6320398156375102e-01 
48.800000 7.6476452959549235e-01 
49.000000 7.6628845321792383e-01 
49.200000 7.6777638931299819e-01 
49.400000 7.6922897179326877e-01 
49.600000 7.7064683127178502e-01 
49.800000 7.7203059474520508e-01 
50.000000 7.7338088529030513e-01 
50.200000 7.7469832177405396e-01 
50.400000 7.7598351857737458e-01 
50.600000 7.7723708533257496e-01 
50.800000 7.7845962667445512e-01 
51.000000 7.7965174200501963e-01 
51.200000 7.8081402527164812e-01 
51.400000 7.8194706475861686e-01 
51.600000 7.8305144289172945e-01 
51.800000 7.8412773605590769e-01 
52.000000 7.8517651442538183e-01 
52.200000 7.8619834180637005e-01 
52.400000 7.8719377549179725e-01 
52.600000 7.8816336612785332e-01 
52.800000 7.8910765759204504e-01 
53.000000 7.9002718688237261e-01 
53.200000 7.9092248401734822e-01 
53.400000 7.9179407194646823e-01 
53.600000 7.9264246647080661e-01 
53.800000 7.9346817617334364e-01 
54.000000 7.9427170235873423e-01 
54.200000 7.9505353900208764e-01 
54.400000 7.9581417270643862e-01 
54.600000 7.9655408266854966e-01 
54.800000 7.9727374065271206e-01 
55.000000 7.9797361097214936e-01 
55.200000 7.9865415047773047e-01 
55.400000 7.9931580855364437e-01 
55.600000 7.9995902711967348e-01 
55.800000 8.0058424063979727e-01 
56.000000 8.0119187613677079e-01 
56.200000 8.0178235321237812e-01 
56.400000 8.0235608407306513e-01 
56.600000 8.0291347356066189e-01 
56.800000 8.0345491918791667e-01 
57.000000 8.0398081117853570e-01 
57.200000 8.0449153251150696e-01 
57.400000 8.0498745896940538e-01 
57.600000 8.0546895919049166e-01 
57.800000 8.0593639472427425e-01 
58.000000 8.0639012009039424e-01 
58.200000 8.0683048284055081e-01 
58.400000 8.0725782362328224e-01 
58.600000 8.0767247625138194e-01 
58.800000 8.0807476777174192e-01 
59.000000 8.0846501853746422e-01 
59.200000 8.0884354228202893e-01 
59.400000 8.0921064619535699e-01 
59.600000 8.0956663100159854e-01 
59.800000 8.0991179103847344e-01 
60.000000 8.1024641433804601e-01 
60.200000 8.1057078270874217e-01 
60.400000 8.1088517181849895e-01 
60.600000 8.1118985127891596e-01 
60.800000 8.1148508473025249e-01 
61.000000 8.1177112992718692e-01 
61.200000 8.1204823882519395e-01 
61.400000 8.1231665766744066e-01 
61.600000 8.1257662707211131e-01 
61.800000 8.1282838212003217e-01 
62.000000 8.1307215244253883e-01 
62.200000 8.1330816230945224e-01 
62.400000 8.1353663071713578e-01 
62.600000 8.1375777147650241e-01 
62.800000 8.1397179330091896e-01 
63.000000 8.1417889989395420e-01 
63.200000 8.1437929003686238e-01 
63.400000 8.1457315767576510e-01 
63.600000 8.1476069200848944e-01 
63.800000 8.1494207757095760e-01 
64.000000 8.1511749432311442e-01 
64.200000 8.1528711773434182e-01 
64.400000 8.1545111886828425e-01 
64.600000 8.1560966446707961e-01 
64.800000 8.1576291703492587e-01 
65.000000 8.1591103492095662e-01 
65.200000 8.1605417240139944e-01 
65.400000 8.1619247976096698e-01 
65.600000 8.1632610337346201e-01 
65.800000 8.1645518578155729e-01 
66.000000 8.1657986577575115e-01 
66.200000 8.1670027847243076e-01 
66.400000 8.1681655539107001e-01 
66.600000 8.1692882453049209e-01 
66.800000 8.1703721044423316e-01 
67.000000 8.1714183431494547e-01 
67.200000 8.1724281402783328e-01 
67.400000 8.1734026424314077e-01 
67.600000 8.1743429646763788e-01 
67.800000 8.1752501912511122e-01 
68.000000 8.1761253762586628e-01 
68.200000 8.1769695443519996e-01 
68.400000 8.1777836914087676e-01 
68.600000 8.1785687851955491e-01 
68.800000 8.1793257660221419e-01 
69.000000 8.1800555473852754e-01 
69.200000 8.1807590166022615e-01 
69.400000 8.1814370354339738e-01 
69.600000 8.1820904406979167e-01 
69.800000 8.1827200448705084e-01 
70.000000 8.1833266366794200e-01 
70.200000 8.1839109816853017e-01 
70.400000 8.1844738228535463e-01 
70.600000 8.1850158811155582e-01 
70.800000 8.1855378559199676e-01 
71.000000 8.1860404257737029e-01 
71.200000 8.1865242487728751e-01 
71.400000 8.1869899631237308e-01 
71.600000 8.1874381876536639e-01 
71.800000 8.1878695223121944e-01 
72.000000 8.1882845486623002e-01 
72.200000 8.1886838303618903e-01 
72.400000 8.1890679136357347e-01 
72.600000 8.1894373277375787e-01 
72.800000 8.1897925854032472e-01 
73.000000 8.1901341832937891e-01 
73.200000 8.1904626024298921e-01 
73.400000 8.1907783086167008e-01 
73.600000 8.1910817528597346e-01 
73.800000 8.1913733717717940e-01 
74.000000 8.1916535879711505e-01 
74.200000 8.1919228104706043e-01 
74.400000 8.1921814350584066e-01 
74.600000 8.1924298446700738e-01 
74.800000 8.1926684097523483e-01 
75.000000 8.1928974886184736e-01 
75.200000 8.1931174277954399e-01 
75.400000 8.1933285623630803e-01 
75.600000 8.1935312162853469e-01 
75.800000 8.1937257027337052e-01 
76.000000 8.1939123244026502e-01 
76.200000 8.1940913738180166e-01 
76.400000 8.1942631336374805e-01 
76.600000 8.1944278769438350e-01 
76.800000 8.1945858675311456e-01 
77.000000 8.1947373601837026e-01 
77.200000 8.1948826009479814e-01 
77.400000 8.1950218273978659e-01 
77.600000 8.1951552688931051e-01 
77.800000 8.1952831468310150e-01 
78.000000 8.1954056748919957e-01 
78.200000 8.1955230592783679e-01 
78.400000 8.1956354989472313e-01 
78.600000 8.1957431858369767e-01 
78.800000 8.1958463050879871e-01 
79.000000 8.1959450352573004e-01 
79.200000 8.1960395485276449e-01 
79.400000 8.1961300109106672e-01 
79.600000 8.1962165824447464e-01 
79.800000 8.1962994173874215e-01 
80.000000 8.1963786644023273e-01 
80.200000 8.1964544667410566e-01 
80.400000 8.1965269624199988e-01 
80.600000 8.1965962843921458e-01 
80.800000 8.1966625607139287e-01 
81.000000 8.1967259147074878e-01 
81.200000 8.1967864651181965e-01 
81.400000 8.1968443262676038e-01 
81.600000 8.1968996082019874e-01 
81.800000 8.1969524168366537e-01 
82.000000 8.1970028540957796e-01 
82.200000 8.1970510180483946e-01 
82.400000 8.1970970030399914e-01 
82.600000 8.1971408998206641e-01 
82.800000 8.1971827956688492e-01 
83.000000 8.1972227745118087e-01 
83.200000 8.1972609170420219e-01 
83.400000 8.1972973008304917e-01 
83.600000 8.1973320004360628e-01 
83.800000 8.1973650875117621e-01 
84.000000 8.1973966309076041e-01 
84.200000 8.1974266967702558e-01 
84.400000 8.1974553486395751e-01 
84.600000 8.1974826475420359e-01 
84.800000 8.1975086520812979e-01 
85.000000 8.1975334185257420e-01 
85.200000 8.1975570008933185e-01 
85.400000 8.1975794510336253e-01 
85.600000 8.1976008187071170e-01 
85.800000 8.1976211516622022e-01 
86.000000 8.1976404957092841e-01 
86.200000 8.1976588947926587e-01 
86.400000 8.1976763910600492e-01 
86.600000 8.1976930249296254e-01 
86.800000 8.1977088351549809e-01 
87.000000 8.1977238588877843e-01 
87.200000 8.1977381317384446e-01 
87.400000 8.1977516878345424e-01 
87.600000 8.1977645598774573e-01 
87.800000 8.1977767791969502e-01 
88.000000 8.1977883758037973e-01 
88.200000 8.1977993784407699e-01 
88.400000 8.1978098146317002e-01 
88.600000 8.1978197107289563e-01 
88.800000 8.1978290919590602e-01 
89.000000 8.1978379824669012e-01 
89.200000 8.1978464053583178e-01 
89.400000 8.1978543827409645e-01 
89.600000 8.1978619357642013e-01 
89.800000 8.1978690846569302e-01 
90.000000 8.1978758487645220e-01 
90.200000 8.1978822465843160e-01 
90.400000 8.1978882957995913e-01 
90.600000 8.1978940133126765e-01 
90.800000 8.1978994152764717e-01 
91.000000 8.1979045171250842e-01 
91.200000 8.1979093336031628e-01 
91.400000 8.1979138787941996e-01 
91.600000 8.1979181661478417e-01 
91.800000 8.1979222085059211e-01 
92.000000 8.1979260181279767e-01 
92.200000 8.1979296067152230e-01 
92.400000 8.1979329854340954e-01 
92.600000 8.1979361649386351e-01 
92.800000 8.1979391553920966e-01 
93.000000 8.1979419664877196e-01 
93.200000 8.1979446074686346e-01 
93.400000 8.1979470871471793e-01 
93.600000 8.1979494139231890e-01 
93.800000 8.1979515958017601e-01 
94.000000 8.1979536404103237e-01 
94.200000 8.1979555550148997e-01 
94.400000 8.1979573465358913e-01 
94.600000 8.1979590215630738e-01 
94.800000 8.1979605863701410e-01 
95.000000 8.1979620469284675e-01 
95.200000 8.1979634089206344e-01 
95.400000 8.1979646777530280e-01 
95.600000 8.1979658585682613e-01 
95.800000 8.1979669562567647e-01 
96.000000 8.1979679754683266e-01 
96.200000 8.1979689206226880e-01 
96.400000 8.1979697959200459e-01 
96.600000 8.1979706053509482e-01 
96.800000 8.1979713527058329e-01 
97.000000 8.1979720415842461e-01 
97.200000 8.1979726754034654e-01 
97.400000 8.1979732574069164e-01 
97.600000 8.1979737906723371e-01 
97.800000 8.1979742781192866e-01 
98.000000 8.1979747225165889e-01 
98.200000 8.1979751264894196e-01 
98.400000 8.1979754925259740e-01 
98.600000 8.1979758229839572e-01 
98.800000 8.1979761200967882e-01 
99.000000 8.1979763859794530e-01 
99.200000 8.1979766226341766e-01 
99.400000 8.1979768319558721e-01 
99.600000 8.1979770157372311e-01 
99.800000 8.1979771756736974e-01 
100.000000 8.1979773133681677e-01 
100.200000 8.1979774303355812e-01 
100.400000 8.1979775280071432e-01 
100.600000 8.1979776077344191e-01 
100.800000 8.1979776707933205e-01 
101.000000 8.1979777183878988e-01 
101.200000 8.1979777516538332e-01 
101.400000 8.1979777716619029e-01 
101.600000 8.1979777794212694e-01 
101.800000 8.1979777758825501e-01 
102.000000 8.1979777619407801e-01 
102.200000 8.1979777384383090e-01 
102.400000 8.1979777061674319e-01 
102.600000 8.1979776658730374e-01 
102.800000 8.1979776182549935e-01 
103.000000 8.1979775639705565e-01 
103.200000 8.1979775036364988e-01 
103.400000 8.1979774378313930e-01 
103.600000 8.1979773670974554e-01 
103.800000 8.1979772919426341e-01 
104.000000 8.1979772128423190e-01 
104.200000 8.1979771302412063e-01 
104.400000 8.1979770445547884e-01 
104.600000 8.1979769561711768e-01 
104.800000 8.1979768654523610e-01 
105.000000 8.1979767727357988e-01 
105.200000 8.1979766783357511e-01 
105.400000 8.1979765825445194e-01 
105.600000 8.1979764856336801e-01 
105.800000 8.1979763878553835e-01 
106.000000 8.1979762894432640e-01 
106.200000 8.1979761906136628e-01 
106.400000 8.1979760915664823e-01 
106.600000 8.1979759924862827e-01 
106.800000 8.1979758935430691e-01 
107.000000 8.1979757948932286e-01 
107.200000 8.1979756966802608e-01 
107.400000 8.1979755990356218e-01 
107.600000 8.1979755020794010e-01 
107.800000 8.1979754059210719e-01 
108.000000 8.1979753106600217e-01 
108.200000 8.1979752163863828e-01 
108.400000 8.1979751231813958e-01 
108.600000 8.1979750311181099e-01 
108.800000 8.1979749402618896e-01 
109.000000 8.1979748506707817e-01 
109.200000 8.1979747623962540e-01 
109.400000 8.1979746754833527e-01 
109.600000 8.1979745899712808e-01 
109.800000 8.1979745058938414e-01 
110.000000 8.1979744232796159e-01 
110.200000 8.1979743421525608e-01 
110.400000 8.1979742625321339e-01 
110.600000 8.1979741844337262e-01 
110.800000 8.1979741078689750e-01 
111.000000 8.1979740328459227e-01 
111.200000 8.1979739593694267e-01 
111.400000 8.1979738874413088e-01 
111.600000 8.1979738170606697e-01 
111.800000 8.1979737482240134e-01 
112.000000 8.1979736809255110e-01 
112.200000 8.1979736151572169e-01 
112.400000 8.1979735509091933e-01 
112.600000 8.1979734881697575e-01 
112.800000 8.1979734269255644e-01 
113.000000 8.1979733671618027e-01 
113.200000 8.1979733088623230e-01 
113.400000 8.1979732520098070e-01 
113.600000 8.1979731965858271e-01 
113.800000 8.1979731425710145e-01 
114.000000 8.1979730899451575e-01 
114.200000 8.1979730386872640e-01 
114.400000 8.1979729887757113e-01 
114.600000 8.1979729401883317e-01 
114.800000 8.1979728929024309e-01 
115.000000 8.1979728468949387e-01 
115.200000 8.1979728021424736e-01 
115.400000 8.1979727586213280e-01 
115.600000 8.1979727163076233e-01 
115.800000 8.1979726751773541e-01 
116.000000 8.1979726352063675e-01 
116.200000 8.1979725963704952e-01 
116.400000 8.1979725586455265e-01 
116.600000 8.1979725220073574e-01 
116.800000 8.1979724864318970e-01 
117.000000 8.1979724518952013e-01 
117.200000 8.1979724183734759e-01 
117.400000 8.1979723858430364e-01 
117.600000 8.1979723542804805e-01 
117.800000 8.1979723236625535e-01 
118.000000 8.1979722939662925e-01 
118.200000 8.1979722651689857e-01 
118.400000 8.1979722372481700e-01 
118.600000 8.1979722101817554e-01 
118.800000 8.1979721839478670e-01 
119.000000 8.1979721585250365e-01 
119.200000 8.1979721338920908e-01 
119.400000 8.1979721100281866e-01 
119.600000 8.1979720869128569e-01 
119.800000 8.1979720645259790e-01 
120.000000 8.1979720428477731e-01 
120.200000 8.1979720218589058e-01 
120.400000 8.1979720015403235e-01 
120.600000 8.1979719818733954e-01 
120.800000 8.1979719628398462e-01 
121.000000 8.1979719444218102e-01 
121.200000 8.1979719266017403e-01 
121.400000 8.1979719093625381e-01 
121.600000 8.1979718926874401e-01 
121.800000 8.1979718765600418e-01 
122.000000 8.1979718609643593e-01 
122.200000 8.1979718458847473e-01 
122.400000 8.1979718313059058e-01 
122.600000 8.1979718172129690e-01 
122.800000 8.1979718035913329e-01 
123.000000 8.1979717904268690e-01 
123.200000 8.1979717777056871e-01 
123.400000 8.1979717654143158e-01 
123.600000 8.1979717535395802e-01 
123.800000 8.1979717420687026e-01 
124.000000 8.1979717309891698e-01 
124.200000 8.1979717202888547e-01 
124.400000 8.1979717099559013e-01 
124.600000 8.1979716999788110e-01 
124.800000 8.1979716903463573e-01 
125.000000 8.1979716810476566e-01 
125.200000 8.1979716720720963e-01 
125.400000 8.1979716634093780e-01 
125.600000 8.1979716550494763e-01 
125.800000 8.1979716469826391e-01 
126.000000 8.1979716391994106e-01 
126.200000 8.1979716316906226e-01 
126.400000 8.1979716244472856e-01 
126.600000 8.1979716174607742e-01 
126.800000 8.1979716107226652e-01 
127.000000 8.1979716042247552e-01 
127.200000 8.1979715979591283e-01 
127.400000 8.1979715919180773e-01 
127.600000 8.1979715860941682e-01 
127.800000 8.1979715804800890e-01 
128.000000 8.1979715750688875e-01 
128.200000 8.1979715698536737e-01 
128.400000 8.1979715648278861e-01 
128.600000 8.1979715599851100e-01 
128.800000 8.1979715553191346e-01 
129.000000 8.1979715508239692e-01 
129.200000 8.1979715464937231e-01 
129.400000 8.1979715423227928e-01 
129.600000 8.1979715383057161e-01 
129.800000 8.1979715344371573e-01 
130.000000 8.1979715307119860e-01 
130.200000 8.1979715271252784e-01 
130.400000 8.1979715236721884e-01 
130.600000 8.1979715203480585e-01 
130.800000 8.1979715171484024e-01 
131.000000 8.1979715140688292e-01 
131.200000 8.1979715111051232e-01 
131.400000 8.1979715082532212e-01 
131.600000 8.1979715055091695e-01 
131.800000 8.1979715028691102e-01 
132.000000 8.1979715003294074e-01 
132.200000 8.1979714978864249e-01 
132.400000 8.1979714955367444e-01 
132.600000 8.1979714932770265e-01 
132.800000 8.1979714911040169e-01 
133.000000 8.1979714890146260e-01 
133.200000 8.1979714870057907e-01 
133.400000 8.1979714850746621e-01 
133.600000 8.1979714832183237e-01 
133.800000 8.1979714814341653e-01 
134.000000 8.1979714797194747e-01 
134.200000 8.1979714780717416e-01 
134.400000 8.1979714764885014e-01 
134.600000 8.1979714749674204e-01 
134.800000 8.1979714735061537e-01 
135.000000 8.1979714721025221e-01 
135.200000 8.1979714707544116e-01 
135.400000 8.1979714694597383e-01 
135.600000 8.1979714682165017e-01 
135.800000 8.1979714670228154e-01 
136.000000 8.1979714658767866e-01 
136.200000 8.1979714647766755e-01 
136.400000 8.1979714637207157e-01 
136.600000 8.1979714627072919e-01 
136.800000 8.1979714617347610e-01 
137.000000 8.1979714608015741e-01 
137.200000 8.1979714599062681e-01 
137.400000 8.1979714590473785e-01 
137.600000 8.1979714582235230e-01 
137.800000 8.1979714574333773e-01 
138.000000 8.1979714566756312e-01 
138.200000 8.1979714559490491e-01 
138.400000 8.1979714552524419e-01 
138.600000 8.1979714545846627e-01 
138.800000 8.1979714539445370e-01 
139.000000 8.1979714533310610e-01 
139.200000 8.1979714527431602e-01 
139.400000 8.1979714521798719e-01 
139.600000 8.1979714516402125e-01 
139.800000 8.1979714511232704e-01 
140.000000 8.1979714506281609e-01 
140.200000 8.1979714501539847e-01 
140.400000 8.1979714496999745e-01 
140.600000 8.1979714492652989e-01 
140.800000 8.1979714488492128e-01 
141.000000 8.1979714484509691e-01 
141.200000 8.1979714480698851e-01 
141.400000 8.1979714477052623e-01 
141.600000 8.1979714473563958e-01 
141.800000 8.1979714470227250e-01 
142.000000 8.1979714467036380e-01 
142.200000 8.1979714463985209e-01 
142.400000 8.1979714461068265e-01 
142.600000 8.1979714458280284e-01 
142.800000 8.1979714455615971e-01 
143.000000 8.1979714453070174e-01 
143.200000 8.1979714450638408e-01 
143.400000 8.1979714448315988e-01 
143.600000 8.1979714446098295e-01 
143.800000 8.1979714443981511e-01 
144.000000 8.1979714441961560e-01 
144.200000 8.1979714440033724e-01 
144.400000 8.1979714438194828e-01 
144.600000 8.1979714436441786e-01 
144.800000 8.1979714434770412e-01 
145.000000 8.1979714433177742e-01 
145.200000 8.1979714431660711e-01 
145.400000 8.1979714430216122e-01 
145.600000 8.1979714428841088e-01 
145.800000 8.1979714427532879e-01 
146.000000 8.1979714426288741e-01 
146.200000 8.1979714425106165e-01 
146.400000 8.1979714423982564e-01 
146.600000 8.1979714422915628e-01 
146.800000 8.1979714421903016e-01 
147.000000 8.1979714420942507e-01 
147.200000 8.1979714420032501e-01 
147.400000 8.1979714419171668e-01 
147.600000 8.1979714418358030e-01 
147.800000 8.1979714417590066e-01 
148.000000 8.1979714416865801e-01 
148.200000 8.1979714416183314e-01 
148.400000 8.1979714415540850e-01 
148.600000 8.1979714414936533e-01 
148.800000 8.1979714414368843e-01 
149.000000 8.1979714413836235e-01 
149.200000 8.1979714413337246e-01 
149.400000 8.1979714412870675e-01 
149.600000 8.1979714412435645e-01 
149.800000 8.1979714412030436e-01 
