0.000000 5.0739078608683097e-03 
0.200000 5.0739239400905819e-03 
0.400000 5.0741193823307879e-03 
0.600000 5.0747582104914354e-03 
0.800000 5.0760754777356377e-03 
1.000000 5.0782804136836508e-03 
1.200000 5.0815592218269477e-03 
1.400000 5.0860775741912063e-03 
1.600000 5.0919828274078012e-03 
1.800000 5.0994071626744072e-03 
2.000000 5.1084783009019688e-03 
2.200000 5.1193144771349564e-03 
2.400000 5.1320260567518207e-03 
2.600000 5.1467168255348141e-03 
2.800000 5.1634839625993665e-03 
3.000000 5.1824205837620405e-03 
3.200000 5.2036175084183142e-03 
3.400000 5.2271631254211196e-03 
3.600000 5.2531470392145896e-03 
3.800000 5.2816548469940775e-03 
4.000000 5.3127706326240327e-03 
4.200000 5.3465781444239939e-03 
4.400000 5.3831616585793985e-03 
4.600000 5.4226069949886565e-03 
4.800000 5.4650022929932937e-03 
5.000000 5.5104386024503278e-03 
5.200000 5.5590104812411481e-03 
5.400000 5.6108165504247711e-03 
5.600000 5.6659599959122094e-03 
5.800000 5.7245490410693248e-03 
6.000000 5.7866973731273471e-03 
6.200000 5.8525247006423319e-03 
6.400000 5.9221570521730185e-03 
6.600000 5.9957272326871805e-03 
6.800000 6.0733753103952744e-03 
7.000000 6.1552491813969537e-03 
7.200000 6.2415051560704617e-03 
7.400000 6.3323085835134329e-03 
7.600000 6.4278344920648068e-03 
7.800000 6.5282682541430393e-03 
8.000000 6.6338062815112751e-03 
8.200000 6.7446567522461091e-03 
8.400000 6.8610403738729540e-03 
8.600000 6.9831911877903871e-03 
8.800000 7.1113574207370290e-03 
9.000000 7.2458023887405259e-03 
9.200000 7.3868054575636994e-03 
9.400000 7.5346630928757648e-03 
9.600000 7.6896899536475936e-03 
9.800000 7.8522200306851246e-03 
10.000000 8.0226079354524492e-03 
10.200000 8.2012302411408854e-03 
10.400000 8.3884869209037618e-03 
10.600000 8.5848028963643741e-03 
10.800000 8.7906296760410559e-03 
11.000000 9.0064470920268088e-03 
11.200000 9.2327651864391250e-03 
11.400000 9.4701262157931947e-03 
11.600000 9.7191067807924914e-03 
11.800000 9.9803200863397556e-03 
12.000000 1.0254418381093791e-02 
12.200000 1.0542095541445544e-02 
12.400000 1.0844089820187482e-02 
12.600000 1.1161186787061546e-02 
12.800000 1.1494222446439674e-02 
13.000000 1.1844086570849696e-02 
13.200000 1.2211726222024270e-02 
13.400000 1.2598149502276694e-02 
13.600000 1.3004429536618461e-02 
13.800000 1.3431708679909279e-02 
14.000000 1.3881202970566888e-02 
14.200000 1.4354206836806462e-02 
14.400000 1.4852098055598102e-02 
14.600000 1.5376342972366185e-02 
14.800000 1.5928501981631475e-02 
15.000000 1.6510235270734558e-02 
15.200000 1.7123308818458582e-02 
15.400000 1.7769600647517370e-02 
15.600000 1.8451107315715358e-02 
15.800000 1.9169950629916294e-02 
16.000000 1.9928384562564148e-02 
16.200000 2.0728802338585869e-02 
16.400000 2.1573743656641688e-02 
16.600000 2.2465901996821067e-02 
16.800000 2.3408131958293343e-02 
17.000000 2.4403456555883333e-02 
17.200000 2.5455074392712440e-02 
17.400000 2.6566366611532513e-02 
17.600000 2.7740903507905840e-02 
17.800000 2.8982450672737164e-02 
18.000000 3.0294974509836880e-02 
18.200000 3.1682646954479712e-02 
18.400000 3.3149849195315245e-02 
18.600000 3.4701174177927480e-02 
18.800000 3.6341427646006473e-02 
19.000000 3.8075627450279009e-02 
19.200000 3.9909000833162595e-02 
19.400000 4.1846979374474048e-02 
19.600000 4.3895191264811048e-02 
19.800000 4.6059450557868684e-02 
20.000000 4.8345743041811835e-02 
20.200000 5.0760208368192894e-02 
20.400000 5.3309118080919815e-02 
20.600000 5.5998849201920657e-02 
20.800000 5.8835853060779410e-02 
21.000000 6.1826619095732060e-02 
21.200000 6.4977633412065250e-02 
21.400000 6.8295331959011066e-02 
21.600000 7.1786048280212136e-02 
21.800000 7.5455955906366237e-02 
22.000000 7.9311005590586528e-02 
22.200000 8.3356857737818507e-02 
22.400000 8.7598810546781911e-02 
22.600000 9.2041724563097158e-02 
22.800000 9.6689944531838559e-02 
23.000000 1.0154721963105680e-01 
23.200000 1.0661662335804958e-01 
23.400000 1.1190047451960099e-01 
23.600000 1.1740026093711121e-01 
23.800000 1.2311656760797557e-01 
24.000000 1.2904901115601256e-01 
24.200000 1.3519618244635978e-01 
24.400000 1.4155559922539371e-01 
24.600000 1.4812367056635903e-01 
24.800000 1.5489567475167212e-01 
25.000000 1.6186575200084935e-01 
25.200000 1.6902691316035012e-01 
25.400000 1.7637106511368736e-01 
25.600000 1.8388905325663857e-01 
25.800000 1.9157072092706465e-01 
26.000000 1.9940498519920091e-01 
26.200000 2.0737992796861024e-01 
26.400000 2.1548290078812102e-01 
26.600000 2.2370064148931854e-01 
26.800000 2.3201940025927667e-01 
27.000000 2.4042507255645276e-01 
27.200000 2.4890333605689913e-01 
27.400000 2.5743978873109663e-01 
27.600000 2.6602008516581227e-01 
27.800000 2.7463006836170839e-01 
28.000000 2.8325589444757665e-01 
28.200000 2.9188414804310053e-01 
28.400000 3.0050194635711031e-01 
28.600000 3.0909703050856030e-01 
28.800000 3.1765784298284239e-01 
29.000000 3.2617359056711903e-01 
29.200000 3.3463429252706384e-01 
29.400000 3.4303081417821968e-01 
29.600000 3.5135488635555207e-01 
29.800000 3.5959911158558772e-01 
30.000000 3.6775695801101382e-01 
30.200000 3.7582274230514218e-01 
30.400000 3.8379160294365111e-01 
30.600000 3.9165946527614670e-01 
30.800000 3.9942299986498414e-01 
31.000000 4.0707957553944712e-01 
31.200000 4.1462720855662777e-01 
31.400000 4.2206450917349442e-01 
31.600000 4.2939062682486467e-01 
31.800000 4.3660519497640948e-01 
32.000000 4.4370827658668044e-01 
32.200000 4.5070031097329377e-01 
32.400000 4.5758206274050911e-01 
32.600000 4.6435457329262592e-01 
32.800000 4.7101911533277524e-01 
33.000000 4.7757715063212297e-01 
33.200000 4.8403029125170144e-01 
33.400000 4.9038026430866860e-01 
33.600000 4.9662888030120222e-01 
33.800000 5.0277800494101843e-01 
34.000000 5.0882953438929990e-01 
34.200000 5.1478537374958999e-01 
34.400000 5.2064741863917952e-01 
34.600000 5.2641753963746474e-01 
34.800000 5.3209756939456099e-01 
35.000000 5.3768929217518413e-01 
35.200000 5.4319443561016589e-01 
35.400000 5.4861466442992535e-01 
35.600000 5.5395157596027900e-01 
35.800000 5.5920669716955351e-01 
36.000000 5.6438148306706293e-01 
36.200000 5.6947731626549147e-01 
36.400000 5.7449550753322409e-01 
36.600000 5.7943729717677595e-01 
36.800000 5.8430385710760047e-01 
37.000000 5.8909629346174541e-01 
37.200000 5.9381564965443945e-01 
37.400000 5.9846290976491689e-01 
37.600000 6.0303900215923523e-01 
37.800000 6.0754480327056481e-01 
38.000000 6.1198114146735605e-01 
38.200000 6.1634880094972322e-01 
38.400000 6.2064852562368766e-01 
38.600000 6.2488102291109893e-01 
38.800000 6.2904696746063282e-01 
39.000000 6.3314700473184915e-01 
39.200000 6.3718175443026759e-01 
39.400000 6.4115181377658292e-01 
39.600000 6.4505776059768716e-01 
39.800000 6.4890015623107289e-01 
40.000000 6.5267954823756347e-01 
40.200000 6.5639647292021508e-01 
40.400000 6.6005145764955830e-01 
40.600000 6.6364502299744488e-01 
40.800000 6.6717768468332461e-01 
41.000000 6.7064995533817773e-01 
41.200000 6.7406234609230531e-01 
41.400000 6.7741536799405799e-01 
41.600000 6.8070953326712547e-01 
41.800000 6.8394535641447685e-01 
42.000000 6.8712335517730361e-01 
42.200000 6.9024405135741185e-01 
42.400000 6.9330797151169765e-01 
42.600000 6.9631564752707065e-01 
42.800000 6.9926761708429119e-01 
43.000000 7.0216442401887558e-01 
43.200000 7.0500661858703084e-01 
43.400000 7.0779475764435063e-01 
43.600000 7.1052940474469961e-01 
43.800000 7.1321113016634996e-01 
44.000000 7.1584051087226486e-01 
44.200000 7.1841813041088010e-01 
44.400000 7.2094457876358164e-01 
44.600000 7.2342045214465500e-01 
44.800000 7.2584635275913512e-01 
45.000000 7.2822288852369810e-01 
45.200000 7.3055067275539010e-01 
45.400000 7.3283032383265700e-01 
45.600000 7.3506246483285831e-01 
45.800000 7.3724772315011344e-01 
46.000000 7.3938673009710498e-01 
46.200000 7.4148012049408929e-01 
46.400000 7.4352853224821580e-01 
46.600000 7.4553260592591952e-01 
46.800000 7.4749298432093003e-01 
47.000000 7.4941031202027786e-01 
47.200000 7.5128523497034450e-01 
47.400000 7.5311840004494413e-01 
47.600000 7.5491045461710804e-01 
47.800000 7.5666204613615085e-01 
48.000000 7.5837382171138068e-01 
48.200000 7.6004642770371478e-01 
48.400000 7.6168050932622744e-01 
48.600000 7.6327671025461596e-01 
48.800000 7.6483567224839877e-01 
49.000000 7.6635803478352182e-01 
49.200000 7.6784443469698627e-01 
49.400000 7.6929550584397910e-01 
49.600000 7.7071187876790204e-01 
49.800000 7.7209418038360600e-01 
50.000000 7.7344303367406675e-01 
50.200000 7.7475905740065620e-01 
50.400000 7.7604286582709969e-01 
50.600000 7.7729506845716212e-01 
50.800000 7.7851626978601174e-01 
51.000000 7.7970706906522658e-01 
51.200000 7.8086806008129206e-01 
51.400000 7.8199983094745851e-01 
51.600000 7.8310296390875322e-01 
51.800000 7.8417803515993567e-01 
52.000000 7.8522561467613805e-01 
52.200000 7.8624626605591974e-01 
52.400000 7.8724054637645147e-01 
52.600000 7.8820900606052224e-01 
52.800000 7.8915218875502890e-01 
53.000000 7.9007063122062293e-01 
53.200000 7.9096486323219484e-01 
53.400000 7.9183540748980408e-01 
53.600000 7.9268277953972466e-01 
53.800000 7.9350748770526136e-01 
54.000000 7.9431003302693004e-01 
54.200000 7.9509090921170067e-01 
54.400000 7.9585060259090090e-01 
54.600000 7.9658959208645053e-01 
54.800000 7.9730834918505267e-01 
55.000000 7.9800733792001999e-01 
55.200000 7.9868701486035865e-01 
55.400000 7.9934782910681268e-01 
55.600000 7.9999022229451755e-01 
55.800000 8.0061462860191723e-01 
56.000000 8.0122147476568317e-01 
56.200000 8.0181118010127739e-01 
56.400000 8.0238415652888417e-01 
56.600000 8.0294080860440720e-01 
56.800000 8.0348153355525520e-01 
57.000000 8.0400672132065765e-01 
57.200000 8.0451675459619010e-01 
57.400000 8.0501200888233160e-01 
57.600000 8.0549285253672520e-01 
57.800000 8.0595964682996024e-01 
58.000000 8.0641274600461976e-01 
58.200000 8.0685249733737197e-01 
58.400000 8.0727924120389727e-01 
58.600000 8.0769331114642895e-01 
58.800000 8.0809503394373683e-01 
59.000000 8.0848472968335283e-01 
59.200000 8.0886271183582636e-01 
59.400000 8.0922928733088473e-01 
59.600000 8.0958475663531504e-01 
59.800000 8.0992941383235928e-01 
60.000000 8.1026354670257217e-01 
60.200000 8.1058743680588219e-01 
60.400000 8.1090135956479803e-01 
60.600000 8.1120558434860146e-01 
60.800000 8.1150037455838142e-01 
61.000000 8.1178598771281940e-01 
61.200000 8.1206267553460221e-01 
61.400000 8.1233068403732578e-01 
61.600000 8.1259025361284931e-01 
61.800000 8.1284161911892228e-01 
62.000000 8.1308500996705435e-01 
62.200000 8.1332065021051481e-01 
62.400000 8.1354875863236775e-01 
62.600000 8.1376954883349506e-01 
62.800000 8.1398322932048695e-01 
63.000000 8.1419000359338378e-01 
63.200000 8.1439007023314736e-01 
63.400000 8.1458362298884202e-01 
63.600000 8.1477085086444567e-01 
63.800000 8.1495193820523093e-01 
64.000000 8.1512706478367947e-01 
64.200000 8.1529640588487351e-01 
64.400000 8.1546013239129578e-01 
64.600000 8.1561841086705755e-01 
64.800000 8.1577140364142253e-01 
65.000000 8.1591926889167721e-01 
65.200000 8.1606216072525783e-01 
65.400000 8.1620022926111147e-01 
65.600000 8.1633362071028692e-01 
65.800000 8.1646247745568412e-01 
66.000000 8.1658693813097871e-01 
66.200000 8.1670713769866332e-01 
66.400000 8.1682320752721704e-01 
66.600000 8.1693527546733824e-01 
66.800000 8.1704346592727917e-01 
67.000000 8.1714789994721737e-01 
67.200000 8.1724869527266875e-01 
67.400000 8.1734596642693857e-01 
67.600000 8.1743982478257959e-01 
67.800000 8.1753037863185074e-01 
68.000000 8.1761773325619069e-01 
68.200000 8.1770199099465279e-01 
68.400000 8.1778325131135532e-01 
68.600000 8.1786161086187303e-01 
68.800000 8.1793716355863100e-01 
69.000000 8.1801000063524942e-01 
69.200000 8.1808021070986114e-01 
69.400000 8.1814787984740567e-01 
69.600000 8.1821309162086153e-01 
69.800000 8.1827592717147934e-01 
70.000000 8.1833646526795711e-01 
70.200000 8.1839478236459917e-01 
70.400000 8.1845095265843615e-01 
70.600000 8.1850504814533931e-01 
70.800000 8.1855713867509416e-01 
71.000000 8.1860729200547799e-01 
71.200000 8.1865557385532006e-01 
71.400000 8.1870204795655399e-01 
71.600000 8.1874677610528990e-01 
71.800000 8.1878981821187902e-01 
72.000000 8.1883123235001343e-01 
72.200000 8.1887107480483412e-01 
72.400000 8.1890940012009372e-01 
72.600000 8.1894626114435021e-01 
72.800000 8.1898170907620493e-01 
73.000000 8.1901579350863385e-01 
73.200000 8.1904856247235247e-01 
73.400000 8.1908006247828913e-01 
73.600000 8.1911033855914084e-01 
73.800000 8.1913943431003122e-01 
74.000000 8.1916739192828414e-01 
74.200000 8.1919425225232056e-01 
74.400000 8.1922005479969384e-01 
74.600000 8.1924483780427038e-01 
74.800000 8.1926863825256657e-01 
75.000000 8.1929149191925532e-01 
75.200000 8.1931343340186225e-01 
75.400000 8.1933449615465226e-01 
75.600000 8.1935471252170800e-01 
75.800000 8.1937411376924807e-01 
76.000000 8.1939273011716662e-01 
76.200000 8.1941059076980927e-01 
76.400000 8.1942772394600372e-01 
76.600000 8.1944415690837458e-01 
76.800000 8.1945991599190193e-01 
77.000000 8.1947502663181360e-01 
77.200000 8.1948951339074638e-01 
77.400000 8.1950339998523969e-01 
77.600000 8.1951670931154308e-01 
77.800000 8.1952946347079902e-01 
78.000000 8.1954168379351477e-01 
78.200000 8.1955339086346890e-01 
78.400000 8.1956460454094049e-01 
78.600000 8.1957534398535425e-01 
78.800000 8.1958562767731591e-01 
79.000000 8.1959547344006178e-01 
79.200000 8.1960489846033158e-01 
79.400000 8.1961391930867677e-01 
79.600000 8.1962255195921607e-01 
79.800000 8.1963081180884567e-01 
80.000000 8.1963871369593433e-01 
80.200000 8.1964627191846517e-01 
80.400000 8.1965350025171313e-01 
80.600000 8.1966041196539197e-01 
80.800000 8.1966701984033785e-01 
81.000000 8.1967333618469318e-01 
81.200000 8.1967937284965553e-01 
81.400000 8.1968514124475067e-01 
81.600000 8.1969065235265881e-01 
81.800000 8.1969591674364073e-01 
82.000000 8.1970094458949938e-01 
82.200000 8.1970574567714682e-01 
82.400000 8.1971032942177913e-01 
82.600000 8.1971470487963105e-01 
82.800000 8.1971888076037580e-01 
83.000000 8.1972286543912520e-01 
83.200000 8.1972666696808261e-01 
83.400000 8.1973029308782142e-01 
83.600000 8.1973375123823677e-01 
83.800000 8.1973704856914564e-01 
84.000000 8.1974019195056158e-01 
84.200000 8.1974318798263157e-01 
84.400000 8.1974604300530185e-01 
84.600000 8.1974876310762501e-01 
84.800000 8.1975135413681488e-01 
85.000000 8.1975382170698652e-01 
85.200000 8.1975617120762045e-01 
85.400000 8.1975840781176579e-01 
85.600000 8.1976053648395808e-01 
85.800000 8.1976256198789055e-01 
86.000000 8.1976448889383480e-01 
86.200000 8.1976632158580898e-01 
86.400000 8.1976806426851234e-01 
86.600000 8.1976972097403067e-01 
86.800000 8.1977129556831585e-01 
87.000000 8.1977279175744500e-01 
87.200000 8.1977421309367149e-01 
87.400000 8.1977556298126375e-01 
87.600000 8.1977684468215861e-01 
87.800000 8.1977806132140663e-01 
88.000000 8.1977921589243286e-01 
88.200000 8.1978031126212281e-01 
88.400000 8.1978135017572162e-01 
88.600000 8.1978233526157007e-01 
88.800000 8.1978326903566612e-01 
89.000000 8.1978415390607129e-01 
89.200000 8.1978499217716272e-01 
89.400000 8.1978578605372832e-01 
89.600000 8.1978653764491183e-01 
89.800000 8.1978724896803346e-01 
90.000000 8.1978792195224437e-01 
90.200000 8.1978855844208443e-01 
90.400000 8.1978916020087800e-01 
90.600000 8.1978972891401514e-01 
90.800000 8.1979026619213180e-01 
91.000000 8.1979077357413599e-01 
91.200000 8.1979125253015539e-01 
91.400000 8.1979170446436134e-01 
91.600000 8.1979213071767854e-01 
91.800000 8.1979253257040730e-01 
92.000000 8.1979291124474885e-01 
92.200000 8.1979326790721208e-01 
92.400000 8.1979360367095888e-01 
92.600000 8.1979391959803560e-01 
92.800000 8.1979421670152963e-01 
93.000000 8.1979449594764375e-01 
93.200000 8.1979475825769654e-01 
93.400000 8.1979500451001541e-01 
93.600000 8.1979523554180167e-01 
93.800000 8.1979545215087213e-01 
94.000000 8.1979565509739027e-01 
94.200000 8.1979584510545800e-01 
94.400000 8.1979602286471753e-01 
94.600000 8.1979618903183382e-01 
94.800000 8.1979634423194703e-01 
95.000000 8.1979648906005675e-01 
95.200000 8.1979662408235154e-01 
95.400000 8.1979674983748541e-01 
95.600000 8.1979686683780029e-01 
95.800000 8.1979697557051023e-01 
96.000000 8.1979707649881162e-01 
96.200000 8.1979717006297537e-01 
96.400000 8.1979725668138004e-01 
96.600000 8.1979733675149946e-01 
96.800000 8.1979741065086231e-01 
97.000000 8.1979747873795317e-01 
97.200000 8.1979754135309657e-01 
97.400000 8.1979759881928360e-01 
97.600000 8.1979765144298089e-01 
97.800000 8.1979769951489434e-01 
98.000000 8.1979774331070243e-01 
98.200000 8.1979778309176476e-01 
98.400000 8.1979781910578275e-01 
98.600000 8.1979785158745933e-01 
98.800000 8.1979788075910476e-01 
99.000000 8.1979790683122766e-01 
99.200000 8.1979793000309686e-01 
99.400000 8.1979795046328896e-01 
99.600000 8.1979796839019370e-01 
99.800000 8.1979798395250769e-01 
100.000000 8.1979799730971226e-01 
100.200000 8.1979800861251517e-01 
100.400000 8.1979801800328367e-01 
100.600000 8.1979802561645776e-01 
100.800000 8.1979803157893305e-01 
101.000000 8.1979803601044965e-01 
101.200000 8.1979803902393611e-01 
101.400000 8.1979804072585283e-01 
101.600000 8.1979804121652577e-01 
101.800000 8.1979804059044903e-01 
102.000000 8.1979803893658076e-01 
102.200000 8.1979803633863113e-01 
102.400000 8.1979803287533348e-01 
102.600000 8.1979802862068440e-01 
102.800000 8.1979802364421284e-01 
103.000000 8.1979801801119612e-01 
103.200000 8.1979801178288869e-01 
103.400000 8.1979800501673095e-01 
103.600000 8.1979799776655515e-01 
103.800000 8.1979799008277821e-01 
104.000000 8.1979798201257348e-01 
104.200000 8.1979797360005913e-01 
104.400000 8.1979796488646173e-01 
104.600000 8.1979795591025417e-01 
104.800000 8.1979794670734285e-01 
105.000000 8.1979793731116835e-01 
105.200000 8.1979792775287652e-01 
105.400000 8.1979791806142532e-01 
105.600000 8.1979790826371735e-01 
105.800000 8.1979789838470596e-01 
106.000000 8.1979788844752199e-01 
106.200000 8.1979787847356600e-01 
106.400000 8.1979786848260816e-01 
106.600000 8.1979785849289633e-01 
106.800000 8.1979784852122117e-01 
107.000000 8.1979783858302946e-01 
107.200000 8.1979782869248663e-01 
107.400000 8.1979781886255854e-01 
107.600000 8.1979780910508204e-01 
107.800000 8.1979779943083519e-01 
108.000000 8.1979778984960905e-01 
108.200000 8.1979778037025675e-01 
108.400000 8.1979777100076334e-01 
108.600000 8.1979776174829255e-01 
108.800000 8.1979775261924304e-01 
109.000000 8.1979774361930402e-01 
109.200000 8.1979773475348827e-01 
109.400000 8.1979772602619172e-01 
109.600000 8.1979771744122376e-01 
109.800000 8.1979770900184923e-01 
110.000000 8.1979770071083102e-01 
110.200000 8.1979769257046098e-01 
110.400000 8.1979768458259672e-01 
110.600000 8.1979767674868587e-01 
110.800000 8.1979766906980134e-01 
111.000000 8.1979766154666966e-01 
111.200000 8.1979765417969908e-01 
111.400000 8.1979764696899493e-01 
111.600000 8.1979763991439181e-01 
111.800000 8.1979763301547248e-01 
112.000000 8.1979762627159092e-01 
112.200000 8.1979761968188658e-01 
112.400000 8.1979761324531097e-01 
112.600000 8.1979760696063209e-01 
112.800000 8.1979760082646214e-01 
113.000000 8.1979759484126635e-01 
113.200000 8.1979758900338184e-01 
113.400000 8.1979758331102948e-01 
113.600000 8.1979757776231543e-01 
113.800000 8.1979757235526507e-01 
114.000000 8.1979756708781215e-01 
114.200000 8.1979756195781894e-01 
114.400000 8.1979755696308398e-01 
114.600000 8.1979755210135430e-01 
114.800000 8.1979754737033006e-01 
115.000000 8.1979754276766481e-01 
115.200000 8.1979753829099022e-01 
115.400000 8.1979753393790955e-01 
115.600000 8.1979752970600395e-01 
115.800000 8.1979752559284258e-01 
116.000000 8.1979752159598829e-01 
116.200000 8.1979751771299880e-01 
116.400000 8.1979751394143019e-01 
116.600000 8.1979751027884618e-01 
116.800000 8.1979750672282192e-01 
117.000000 8.1979750327093781e-01 
117.200000 8.1979749992079731e-01 
117.400000 8.1979749667001489e-01 
117.600000 8.1979749351622699e-01 
117.800000 8.1979749045710193e-01 
118.000000 8.1979748749031811e-01 
118.200000 8.1979748461359470e-01 
118.400000 8.1979748182467105e-01 
118.600000 8.1979747912132184e-01 
118.800000 8.1979747650135193e-01 
119.000000 8.1979747396259539e-01 
119.200000 8.1979747150292925e-01 
119.400000 8.1979746912025697e-01 
119.600000 8.1979746681252341e-01 
119.800000 8.1979746457770131e-01 
120.000000 8.1979746241381068e-01 
120.200000 8.1979746031890421e-01 
120.400000 8.1979745829107065e-01 
120.600000 8.1979745632843781e-01 
120.800000 8.1979745442917640e-01 
121.000000 8.1979745259148462e-01 
121.200000 8.1979745081360944e-01 
121.400000 8.1979744909382879e-01 
121.600000 8.1979744743046368e-01 
121.800000 8.1979744582187153e-01 
122.000000 8.1979744426644086e-01 
122.200000 8.1979744276261046e-01 
122.400000 8.1979744130884247e-01 
122.600000 8.1979743990364751e-01 
122.800000 8.1979743854556231e-01 
123.000000 8.1979743723316656e-01 
123.200000 8.1979743596506938e-01 
123.400000 8.1979743473992484e-01 
123.600000 8.1979743355641088e-01 
123.800000 8.1979743241324432e-01 
124.000000 8.1979743130917315e-01 
124.200000 8.1979743024298390e-01 
124.400000 8.1979742921348786e-01 
124.600000 8.1979742821953372e-01 
124.800000 8.1979742725999427e-01 
125.000000 8.1979742633378538e-01 
125.200000 8.1979742543984102e-01 
125.400000 8.1979742457713012e-01 
125.600000 8.1979742374465137e-01 
125.800000 8.1979742294142499e-01 
126.000000 8.1979742216650653e-01 
126.200000 8.1979742141897793e-01 
126.400000 8.1979742069794403e-01 
126.600000 8.1979742000253664e-01 
126.800000 8.1979741933191153e-01 
127.000000 8.1979741868525313e-01 
127.200000 8.1979741806176809e-01 
127.400000 8.1979741746068624e-01 
127.600000 8.1979741688125840e-01 
127.800000 8.1979741632276271e-01 
128.000000 8.1979741578449505e-01 
128.200000 8.1979741526577532e-01 
128.400000 8.1979741476594181e-01 
128.600000 8.1979741428435293e-01 
128.800000 8.1979741382039151e-01 
129.000000 8.1979741337345335e-01 
129.200000 8.1979741294295494e-01 
129.400000 8.1979741252833793e-01 
129.600000 8.1979741212904700e-01 
129.800000 8.1979741174455778e-01 
130.000000 8.1979741137436035e-01 
130.200000 8.1979741101795134e-01 
130.400000 8.1979741067485545e-01 
130.600000 8.1979741034460585e-01 
130.800000 8.1979741002675377e-01 
131.000000 8.1979740972085835e-01 
131.200000 8.1979740942650559e-01 
131.400000 8.1979740914328336e-01 
131.600000 8.1979740887079566e-01 
131.800000 8.1979740860866834e-01 
132.000000 8.1979740835652470e-01 
132.200000 8.1979740811401236e-01 
132.400000 8.1979740788078348e-01 
132.600000 8.1979740765650921e-01 
132.800000 8.1979740744086316e-01 
133.000000 8.1979740723353478e-01 
133.200000 8.1979740703422399e-01 
133.400000 8.1979740684263602e-01 
133.600000 8.1979740665849721e-01 
133.800000 8.1979740648153288e-01 
134.000000 8.1979740631147591e-01 
134.200000 8.1979740614807872e-01 
134.400000 8.1979740599109496e-01 
134.600000 8.1979740584029004e-01 
134.800000 8.1979740569543158e-01 
135.000000 8.1979740555630198e-01 
135.200000 8.1979740542269064e-01 
135.400000 8.1979740529438760e-01 
135.600000 8.1979740517120026e-01 
135.800000 8.1979740505293319e-01 
136.000000 8.1979740493940356e-01 
136.200000 8.1979740483043373e-01 
136.400000 8.1979740472584961e-01 
136.600000 8.1979740462549078e-01 
136.800000 8.1979740452919037e-01 
137.000000 8.1979740443679927e-01 
137.200000 8.1979740434817061e-01 
137.400000 8.1979740426315428e-01 
137.600000 8.1979740418161817e-01 
137.800000 8.1979740410342661e-01 
138.000000 8.1979740402845158e-01 
138.200000 8.1979740395656808e-01 
138.400000 8.1979740388765909e-01 
138.600000 8.1979740382160926e-01 
138.800000 8.1979740375830479e-01 
139.000000 8.1979740369764198e-01 
139.200000 8.1979740363951825e-01 
139.400000 8.1979740358383302e-01 
139.600000 8.1979740353049169e-01 
139.800000 8.1979740347940322e-01 
140.000000 8.1979740343047580e-01 
140.200000 8.1979740338362972e-01 
140.400000 8.1979740333877682e-01 
140.600000 8.1979740329584605e-01 
140.800000 8.1979740325475270e-01 
141.000000 8.1979740321542727e-01 
141.200000 8.1979740317780092e-01 
141.400000 8.1979740314180682e-01 
141.600000 8.1979740310737648e-01 
141.800000 8.1979740307444737e-01 
142.000000 8.1979740304296278e-01 
142.200000 8.1979740301286230e-01 
142.400000 8.1979740298409076e-01 
142.600000 8.1979740295659198e-01 
142.800000 8.1979740293032233e-01 
143.000000 8.1979740290522340e-01 
143.200000 8.1979740288125269e-01 
143.400000 8.1979740285836544e-01 
143.600000 8.1979740283651448e-01 
143.800000 8.1979740281565971e-01 
144.000000 8.1979740279575974e-01 
144.200000 8.1979740277677660e-01 
144.400000 8.1979740275867352e-01 
144.600000 8.1979740274141211e-01 
144.800000 8.1979740272496404e-01 
145.000000 8.1979740270929358e-01 
145.200000 8.1979740269436685e-01 
145.400000 8.1979740268016177e-01 
145.600000 8.1979740266664025e-01 
145.800000 8.1979740265377887e-01 
146.000000 8.1979740264155154e-01 
146.200000 8.1979740262993017e-01 
146.400000 8.1979740261889389e-01 
146.600000 8.1979740260841516e-01 
146.800000 8.1979740259847378e-01 
147.000000 8.1979740258904721e-01 
147.200000 8.1979740258011902e-01 
147.400000 8.1979740257167655e-01 
147.600000 8.1979740256370137e-01 
147.800000 8.1979740255617295e-01 
148.000000 8.1979740254908118e-01 
148.200000 8.1979740254239841e-01 
148.400000 8.1979740253610978e-01 
148.600000 8.1979740253019773e-01 
148.800000 8.1979740252464839e-01 
149.000000 8.1979740251944333e-01 
149.200000 8.1979740251457178e-01 
149.400000 8.1979740251001754e-01 
149.600000 8.1979740250577326e-01 
149.800000 8.1979740250182442e-01 
