0.000000 4.9947159689730652e-03 
0.200000 4.9947790957729655e-03 
0.400000 4.9951034994506621e-03 
0.600000 4.9959415332873945e-03 
0.800000 4.9975178239331204e-03 
1.000000 5.0000354655139016e-03 
1.200000 5.0036746260449984e-03 
1.400000 5.0085926177119251e-03 
1.600000 5.0149315658297869e-03 
1.800000 5.0228219897839061e-03 
2.000000 5.0323877821412269e-03 
2.200000 5.0437435990515721e-03 
2.400000 5.0569964599308749e-03 
2.600000 5.0722484642698540e-03 
2.800000 5.0895948978816443e-03 
3.000000 5.1091268940899994e-03 
3.200000 5.1309332817702849e-03 
3.400000 5.1551014990347706e-03 
3.600000 5.1817184032164777e-03 
3.800000 5.2108672891466373e-03 
4.000000 5.2426303337663339e-03 
4.200000 5.2770896953922035e-03 
4.400000 5.3143284402031232e-03 
4.600000 5.3544315293995474e-03 
4.800000 5.3974862395750663e-03 
5.000000 5.4435830347376443e-03 
5.200000 5.4928160841376753e-03 
5.400000 5.5452835016119298e-03 
5.600000 5.6010881565910359e-03 
5.800000 5.6603380445998854e-03 
6.000000 5.7231467866192135e-03 
6.200000 5.7896339837338971e-03 
6.400000 5.8599258137299378e-03 
6.600000 5.9341553158698953e-03 
6.800000 6.0124627785593798e-03 
7.000000 6.0949964819131761e-03 
7.200000 6.1819132285043221e-03 
7.400000 6.2733790103787846e-03 
7.600000 6.3695695557796925e-03 
7.800000 6.4706710195354747e-03 
8.000000 6.5768807844031772e-03 
8.200000 6.6884080718470282e-03 
8.400000 6.8054747814312823e-03 
8.600000 6.9283162716000752e-03 
8.800000 7.0571822498574346e-03 
9.000000 7.1923376637978570e-03 
9.200000 7.3340636381451149e-03 
9.400000 7.4826585724886282e-03 
9.600000 7.6384391106022759e-03 
9.800000 7.8017414052580503e-03 
10.000000 7.9729226281244278e-03 
10.200000 8.1523621782738521e-03 
10.400000 8.3404631550921971e-03 
10.600000 8.5376538828473621e-03 
10.800000 8.7443895834745742e-03 
11.000000 8.9611541590842447e-03 
11.200000 9.1884620571004213e-03 
11.400000 9.4268603233907816e-03 
11.600000 9.6769307630000349e-03 
11.800000 9.9392922252980430e-03 
12.000000 1.0214603065051462e-02 
12.200000 1.0503563766970998e-02 
12.400000 1.0806919734305819e-02 
12.600000 1.1125464263302695e-02 
12.800000 1.1460041712777381e-02 
13.000000 1.1811550879257187e-02 
13.200000 1.2180948573331633e-02 
13.400000 1.2569253426131447e-02 
13.600000 1.2977549926249717e-02 
13.800000 1.3406992696316610e-02 
14.000000 1.3858811018141267e-02 
14.200000 1.4334313607452680e-02 
14.400000 1.4834893651181553e-02 
14.600000 1.5362034109044798e-02 
14.800000 1.5917313277797877e-02 
15.000000 1.6502410622805389e-02 
15.200000 1.7119112872534707e-02 
15.400000 1.7769320364748355e-02 
15.600000 1.8455053637575936e-02 
15.800000 1.9178460247155832e-02 
16.000000 1.9941821785823096e-02 
16.200000 2.0747561073937697e-02 
16.400000 2.1598249485337256e-02 
16.600000 2.2496614356370331e-02 
16.800000 2.3445546420997741e-02 
17.000000 2.4448107199635763e-02 
17.200000 2.5507536254595942e-02 
17.400000 2.6627258212267500e-02 
17.600000 2.7810889432888709e-02 
17.800000 2.9062244189874027e-02 
18.000000 3.0385340201676363e-02 
18.200000 3.1784403335144283e-02 
18.400000 3.3263871278453809e-02 
18.600000 3.4828395956239259e-02 
18.800000 3.6482844434640081e-02 
19.000000 3.8232298040800340e-02 
19.200000 4.0082049396707439e-02 
19.400000 4.2037597044927662e-02 
19.600000 4.4104637325448365e-02 
19.800000 4.6289053146953682e-02 
20.000000 4.8596899286095473e-02 
20.200000 5.1034383845862528e-02 
20.400000 5.3607845510357806e-02 
20.600000 5.6323726250197069e-02 
20.800000 5.9188539162945558e-02 
21.000000 6.2208831177389810e-02 
21.200000 6.5391140411345514e-02 
21.400000 6.8741948052050014e-02 
21.600000 7.2267624726153751e-02 
21.800000 7.5974371444045230e-02 
22.000000 7.9868155340874714e-02 
22.200000 8.3954640592281318e-02 
22.400000 8.8239115055004688e-02 
22.600000 9.2726413368191818e-02 
22.800000 9.7420837445245864e-02 
23.000000 1.0232607548315513e-01 
23.200000 1.0744512080948568e-01 
23.400000 1.1278019206797101e-01 
23.600000 1.1833265640306465e-01 
23.800000 1.2410295743211676e-01 
24.000000 1.3009054988065410e-01 
24.200000 1.3629384279195381e-01 
24.400000 1.4271015319789321e-01 
24.600000 1.4933567204645307e-01 
24.800000 1.5616544401760485e-01 
25.000000 1.6319336262191450e-01 
25.200000 1.7041218166695385e-01 
25.400000 1.7781354380182396e-01 
25.600000 1.8538802642048646e-01 
25.800000 1.9312520473458419e-01 
26.000000 2.0101373133483338e-01 
26.200000 2.0904143106769973e-01 
26.400000 2.1719540958373576e-01 
26.600000 2.2546217348820016e-01 
26.800000 2.3382775966452057e-01 
27.000000 2.4227787106471632e-01 
27.200000 2.5079801608156310e-01 
27.400000 2.5937364854318901e-01 
27.600000 2.6799030540402080e-01 
27.800000 2.7663373934260843e-01 
28.000000 2.8529004370746019e-01 
28.200000 2.9394576756240404e-01 
28.400000 3.0258801895546633e-01 
28.600000 3.1120455495017224e-01 
28.800000 3.1978385739493409e-01 
29.000000 3.2831519384510854e-01 
29.200000 3.3678866347529418e-01 
29.400000 3.4519522821116350e-01 
29.600000 3.5352672965839449e-01 
29.800000 3.6177589270241761e-01 
30.000000 3.6993631689152379e-01 
30.200000 3.7800245689534367e-01 
30.400000 3.8596959345174114e-01 
30.600000 3.9383379628100723e-01 
30.800000 4.0159188046183258e-01 
31.000000 4.0924135773543979e-01 
31.200000 4.1678038413936025e-01 
31.400000 4.2420770527837587e-01 
31.600000 4.3152260042419760e-01 
31.800000 4.3872482650489125e-01 
32.000000 4.4581456290601745e-01 
32.200000 4.5279235786368188e-01 
32.400000 4.5965907708995818e-01 
32.600000 4.6641585513719447e-01 
32.800000 4.7306404988259448e-01 
33.000000 4.7960520040004623e-01 
33.200000 4.8604098838408377e-01 
33.400000 4.9237320320139050e-01 
33.600000 4.9860371056885350e-01 
33.800000 5.0473442479320252e-01 
34.000000 5.1076728445536612e-01 
34.200000 5.1670423138175114e-01 
34.400000 5.2254719271374594e-01 
34.600000 5.2829806586483330e-01 
34.800000 5.3395870614051133e-01 
35.000000 5.3953091678876319e-01 
35.200000 5.4501644124696536e-01 
35.400000 5.5041695735388385e-01 
35.600000 5.5573407330196622e-01 
35.800000 5.6096932511444586e-01 
36.000000 5.6612417544347393e-01 
36.200000 5.7120001349855254e-01 
36.400000 5.7619815592875778e-01 
36.600000 5.8111984849697329e-01 
36.800000 5.8596626839926857e-01 
37.000000 5.9073852709741825e-01 
37.200000 5.9543767354693600e-01 
37.400000 6.0006469771698712e-01 
37.600000 6.0462053431161789e-01 
37.800000 6.0910606661415267e-01 
38.000000 6.1352213038798675e-01 
38.200000 6.1786951777750010e-01 
38.400000 6.2214898116228012e-01 
38.600000 6.2636123692631862e-01 
38.800000 6.3050696911141890e-01 
39.000000 6.3458683293065887e-01 
39.200000 6.3860145812345048e-01 
39.400000 6.4255145213878406e-01 
39.600000 6.4643740313737375e-01 
39.800000 6.5025988280702141e-01 
40.000000 6.5401944898848918e-01 
40.200000 6.5771664811165687e-01 
40.400000 6.6135201744365757e-01 
40.600000 6.6492608715245771e-01 
40.800000 6.6843938219051147e-01 
41.000000 6.7189242400422178e-01 
41.200000 6.7528573207566478e-01 
41.400000 6.7861982530366094e-01 
41.600000 6.8189522323163576e-01 
41.800000 6.8511244713003205e-01 
42.000000 6.8827202094117845e-01 
42.200000 6.9137447209453162e-01 
42.400000 6.9442033220031629e-01 
42.600000 6.9741013762935522e-01 
42.800000 7.0034442998686808e-01 
43.000000 7.0322375648778901e-01 
43.200000 7.0604867024092988e-01 
43.400000 7.0881973044915481e-01 
43.600000 7.1153750253236558e-01 
43.800000 7.1420255817992107e-01 
44.000000 7.1681547533878054e-01 
44.200000 7.1937683814335940e-01 
44.400000 7.2188723679282663e-01 
44.600000 7.2434726738124378e-01 
44.800000 7.2675753168565593e-01 
45.000000 7.2911863691694045e-01 
45.200000 7.3143119543795909e-01 
45.400000 7.3369582445323944e-01 
45.600000 7.3591314567414223e-01 
45.800000 7.3808378496323757e-01 
46.000000 7.4020837196129607e-01 
46.200000 7.4228753970014694e-01 
46.400000 7.4432192420425569e-01 
46.600000 7.4631216408386525e-01 
46.800000 7.4825890012212093e-01 
47.000000 7.5016277485855609e-01 
47.200000 7.5202443217097670e-01 
47.400000 7.5384451685776410e-01 
47.600000 7.5562367422224308e-01 
47.800000 7.5736254966081828e-01 
48.000000 7.5906178825619486e-01 
48.200000 7.6072203437708552e-01 
48.400000 7.6234393128545674e-01 
48.600000 7.6392812075240391e-01 
48.800000 7.6547524268352052e-01 
49.000000 7.6698593475453625e-01 
49.200000 7.6846083205795679e-01 
49.400000 7.6990056676122332e-01 
49.600000 7.7130576777691229e-01 
49.800000 7.7267706044537532e-01 
50.000000 7.7401506623012351e-01 
50.200000 7.7532040242621902e-01 
50.400000 7.7659368188184019e-01 
50.600000 7.7783551273313323e-01 
50.800000 7.7904649815241633e-01 
51.000000 7.8022723610972078e-01 
51.200000 7.8137831914762712e-01 
51.400000 7.8250033416931652e-01 
51.600000 7.8359386223969196e-01 
51.800000 7.8465947839939820e-01 
52.000000 7.8569775149153820e-01 
52.200000 7.8670924400089515e-01 
52.400000 7.8769451190533746e-01 
52.600000 7.8865410453918605e-01 
52.800000 7.8958856446823689e-01 
53.000000 7.9049842737609832e-01 
53.200000 7.9138422196156277e-01 
53.400000 7.9224646984664415e-01 
53.600000 7.9308568549495950e-01 
53.800000 7.9390237614006465e-01 
54.000000 7.9469704172345779e-01 
54.200000 7.9547017484181559e-01 
54.400000 7.9622226070316560e-01 
54.600000 7.9695377709158788e-01 
54.800000 7.9766519434013061e-01 
55.000000 7.9835697531154526e-01 
55.200000 7.9902957538651409e-01 
55.400000 7.9968344245903811e-01 
55.600000 8.0031901693860541e-01 
55.800000 8.0093673175882751e-01 
56.000000 8.0153701239223463e-01 
56.200000 8.0212027687087228e-01 
56.400000 8.0268693581241379e-01 
56.600000 8.0323739245148529e-01 
56.800000 8.0377204267589109e-01 
57.000000 8.0429127506747222e-01 
57.200000 8.0479547094729964e-01 
57.400000 8.0528500442496320e-01 
57.600000 8.0576024245166111e-01 
57.800000 8.0622154487688169e-01 
58.000000 8.0666926450839127e-01 
58.200000 8.0710374717533184e-01 
58.400000 8.0752533179418695e-01 
58.600000 8.0793435043741002e-01 
58.800000 8.0833112840450749e-01 
59.000000 8.0871598429537039e-01 
59.200000 8.0908923008568379e-01 
59.400000 8.0945117120421883e-01 
59.600000 8.0980210661183405e-01 
59.800000 8.1014232888204130e-01 
60.000000 8.1047212428295379e-01 
60.200000 8.1079177286047122e-01 
60.400000 8.1110154852258076e-01 
60.600000 8.1140171912460590e-01 
60.800000 8.1169254655530343e-01 
61.000000 8.1197428682366257e-01 
61.200000 8.1224719014629720e-01 
61.400000 8.1251150103532965e-01 
61.600000 8.1276745838665165e-01 
61.800000 8.1301529556845287e-01 
62.000000 8.1325524050995190e-01 
62.200000 8.1348751579020606e-01 
62.400000 8.1371233872694437e-01 
62.600000 8.1392992146532828e-01 
62.800000 8.1414047106655874e-01 
63.000000 8.1434418959629262e-01 
63.200000 8.1454127421274503e-01 
63.400000 8.1473191725447913e-01 
63.600000 8.1491630632777845e-01 
63.800000 8.1509462439354796e-01 
64.000000 8.1526704985373732e-01 
64.200000 8.1543375663717343e-01 
64.400000 8.1559491428480579e-01 
64.600000 8.1575068803430084e-01 
64.800000 8.1590123890395327e-01 
65.000000 8.1604672377586362e-01 
65.200000 8.1618729547837321e-01 
65.400000 8.1632310286770005e-01 
65.600000 8.1645429090875821e-01 
65.800000 8.1658100075513551e-01 
66.000000 8.1670336982819292e-01 
66.200000 8.1682153189528339e-01 
66.400000 8.1693561714704022e-01 
66.600000 8.1704575227375464e-01 
66.800000 8.1715206054077838e-01 
67.000000 8.1725466186297735e-01 
67.200000 8.1735367287820782e-01 
67.400000 8.1744920701978496e-01 
67.600000 8.1754137458796161e-01 
67.800000 8.1763028282039907e-01 
68.000000 8.1771603596160247e-01 
68.200000 8.1779873533133995e-01 
68.400000 8.1787847939203528e-01 
68.600000 8.1795536381510126e-01 
68.800000 8.1802948154626021e-01 
69.000000 8.1810092286980551e-01 
69.200000 8.1816977547181569e-01 
69.400000 8.1823612450233796e-01 
69.600000 8.1830005263651540e-01 
69.800000 8.1836164013467905e-01 
70.000000 8.1842096490140026e-01 
70.200000 8.1847810254348330e-01 
70.400000 8.1853312642696796e-01 
70.600000 8.1858610773304452e-01 
70.800000 8.1863711551300689e-01 
71.000000 8.1868621674211217e-01 
71.200000 8.1873347637251082e-01 
71.400000 8.1877895738508566e-01 
71.600000 8.1882272084035279e-01 
71.800000 8.1886482592833698e-01 
72.000000 8.1890533001747023e-01 
72.200000 8.1894428870252178e-01 
72.400000 8.1898175585153754e-01 
72.600000 8.1901778365185274e-01 
72.800000 8.1905242265512657e-01 
73.000000 8.1908572182144956e-01 
73.200000 8.1911772856252429e-01 
73.400000 8.1914848878391433e-01 
73.600000 8.1917804692640461e-01 
73.800000 8.1920644600643844e-01 
74.000000 8.1923372765569380e-01 
74.200000 8.1925993215975579e-01 
74.400000 8.1928509849595410e-01 
74.600000 8.1930926437032792e-01 
74.800000 8.1933246625375022e-01 
75.000000 8.1935473941723647e-01 
75.200000 8.1937611796642151e-01 
75.400000 8.1939663487523751e-01 
75.600000 8.1941632201879699e-01 
75.800000 8.1943521020550614e-01 
76.000000 8.1945332920837810e-01 
76.200000 8.1947070779563003e-01 
76.400000 8.1948737376050729e-01 
76.600000 8.1950335395038598e-01 
76.800000 8.1951867429515590e-01 
77.000000 8.1953335983488795e-01 
77.200000 8.1954743474683056e-01 
77.400000 8.1956092237168265e-01 
77.600000 8.1957384523924703e-01 
77.800000 8.1958622509337153e-01 
78.000000 8.1959808291629332e-01 
78.200000 8.1960943895231708e-01 
78.400000 8.1962031273088487e-01 
78.600000 8.1963072308903351e-01 
78.800000 8.1964068819325175e-01 
79.000000 8.1965022556076061e-01 
79.200000 8.1965935208020912e-01 
79.400000 8.1966808403180980e-01 
79.600000 8.1967643710693261e-01 
79.800000 8.1968442642714856e-01 
80.000000 8.1969206656274307e-01 
80.200000 8.1969937155073780e-01 
80.400000 8.1970635491236910e-01 
80.600000 8.1971302967009529e-01 
80.800000 8.1971940836413681e-01 
81.000000 8.1972550306848779e-01 
81.200000 8.1973132540653404e-01 
81.400000 8.1973688656617105e-01 
81.600000 8.1974219731449782e-01 
81.800000 8.1974726801208142e-01 
82.000000 8.1975210862679992e-01 
82.200000 8.1975672874726668e-01 
82.400000 8.1976113759586788e-01 
82.600000 8.1976534404138890e-01 
82.800000 8.1976935661128381e-01 
83.000000 8.1977318350355066e-01 
83.200000 8.1977683259825851e-01 
83.400000 8.1978031146871222e-01 
83.600000 8.1978362739227040e-01 
83.800000 8.1978678736083566e-01 
84.000000 8.1978979809101282e-01 
84.200000 8.1979266603394663e-01 
84.400000 8.1979539738485119e-01 
84.600000 8.1979799809222886e-01 
84.800000 8.1980047386681387e-01 
85.000000 8.1980283019020517e-01 
85.200000 8.1980507232323430e-01 
85.400000 8.1980720531406825e-01 
85.600000 8.1980923400602179e-01 
85.800000 8.1981116304515012e-01 
86.000000 8.1981299688755294e-01 
86.200000 8.1981473980647057e-01 
86.400000 8.1981639589912902e-01 
86.600000 8.1981796909334148e-01 
86.800000 8.1981946315391496e-01 
87.000000 8.1982088168882983e-01 
87.200000 8.1982222815519323e-01 
87.400000 8.1982350586502006e-01 
87.600000 8.1982471799078482e-01 
87.800000 8.1982586757081022e-01 
88.000000 8.1982695751443724e-01 
88.200000 8.1982799060705502e-01 
88.400000 8.1982896951491191e-01 
88.600000 8.1982989678979823e-01 
88.800000 8.1983077487352340e-01 
89.000000 8.1983160610227790e-01 
89.200000 8.1983239271079489e-01 
89.400000 8.1983313683640202e-01 
89.600000 8.1983384052289754e-01 
89.800000 8.1983450572431049e-01 
90.000000 8.1983513430850408e-01 
90.200000 8.1983572806066396e-01 
90.400000 8.1983628868664282e-01 
90.600000 8.1983681781619877e-01 
90.800000 8.1983731700610074e-01 
91.000000 8.1983778774312732e-01 
91.200000 8.1983823144694745e-01 
91.400000 8.1983864947290164e-01 
91.600000 8.1983904311465805e-01 
91.800000 8.1983941360680124e-01 
92.000000 8.1983976212729770e-01 
92.200000 8.1984008979986644e-01 
92.400000 8.1984039769627626e-01 
92.600000 8.1984068683854416e-01 
92.800000 8.1984095820104685e-01 
93.000000 8.1984121271255050e-01 
93.200000 8.1984145125817331e-01 
93.400000 8.1984167468125402e-01 
93.600000 8.1984188378516110e-01 
93.800000 8.1984207933502029e-01 
94.000000 8.1984226205937849e-01 
94.200000 8.1984243265180945e-01 
94.400000 8.1984259177243479e-01 
94.600000 8.1984274004940716e-01 
94.800000 8.1984287808031553e-01 
95.000000 8.1984300643354857e-01 
95.200000 8.1984312564958950e-01 
95.400000 8.1984323624226429e-01 
95.600000 8.1984333869994097e-01 
95.800000 8.1984343348668121e-01 
96.000000 8.1984352104332470e-01 
96.200000 8.1984360178856519e-01 
96.400000 8.1984367611994646e-01 
96.600000 8.1984374441483987e-01 
96.800000 8.1984380703135851e-01 
97.000000 8.1984386430926404e-01 
97.200000 8.1984391657081213e-01 
97.400000 8.1984396412155380e-01 
97.600000 8.1984400725113804e-01 
97.800000 8.1984404623404705e-01 
98.000000 8.1984408133030429e-01 
98.200000 8.1984411278617675e-01 
98.400000 8.1984414083481594e-01 
98.600000 8.1984416569688723e-01 
98.800000 8.1984418758117172e-01 
99.000000 8.1984420668513358e-01 
99.200000 8.1984422319547057e-01 
99.400000 8.1984423728864175e-01 
99.600000 8.1984424913135667e-01 
99.800000 8.1984425888106260e-01 
100.000000 8.1984426668639987e-01 
100.200000 8.1984427268762661e-01 
100.400000 8.1984427701705465e-01 
100.600000 8.1984427979942864e-01 
100.800000 8.1984428115231867e-01 
101.000000 8.1984428118647246e-01 
101.200000 8.1984428000616161e-01 
101.400000 8.1984427770952639e-01 
101.600000 8.1984427438886542e-01 
101.800000 8.1984427013096084e-01 
102.000000 8.1984426501733898e-01 
102.200000 8.1984425912456660e-01 
102.400000 8.1984425252449034e-01 
102.600000 8.1984424528450262e-01 
102.800000 8.1984423746775847e-01 
103.000000 8.1984422913341770e-01 
103.200000 8.1984422033684612e-01 
103.400000 8.1984421112982719e-01 
103.600000 8.1984420156074578e-01 
103.800000 8.1984419167478495e-01 
104.000000 8.1984418151409577e-01 
104.200000 8.1984417111796237e-01 
104.400000 8.1984416052295606e-01 
104.600000 8.1984414976309983e-01 
104.800000 8.1984413887000296e-01 
105.000000 8.1984412787299621e-01 
105.200000 8.1984411679926172e-01 
105.400000 8.1984410567396115e-01 
105.600000 8.1984409452035012e-01 
105.800000 8.1984408335988090e-01 
106.000000 8.1984407221232303e-01 
106.200000 8.1984406109584695e-01 
106.400000 8.1984405002713556e-01 
106.600000 8.1984403902145897e-01 
106.800000 8.1984402809276147e-01 
107.000000 8.1984401725375655e-01 
107.200000 8.1984400651598432e-01 
107.400000 8.1984399588990176e-01 
107.600000 8.1984398538493142e-01 
107.800000 8.1984397500954675e-01 
108.000000 8.1984396477131882e-01 
108.200000 8.1984395467698512e-01 
108.400000 8.1984394473249300e-01 
108.600000 8.1984393494305974e-01 
108.800000 8.1984392531322337e-01 
109.000000 8.1984391584688043e-01 
109.200000 8.1984390654734185e-01 
109.400000 8.1984389741735975e-01 
109.600000 8.1984388845917722e-01 
109.800000 8.1984387967456651e-01 
110.000000 8.1984387106485246e-01 
110.200000 8.1984386263095443e-01 
110.400000 8.1984385437341678e-01 
110.600000 8.1984384629243801e-01 
110.800000 8.1984383838789054e-01 
111.000000 8.1984383065935784e-01 
111.200000 8.1984382310614623e-01 
111.400000 8.1984381572732035e-01 
111.600000 8.1984380852171590e-01 
111.800000 8.1984380148796443e-01 
112.000000 8.1984379462450663e-01 
112.200000 8.1984378792961432e-01 
112.400000 8.1984378140140868e-01 
112.600000 8.1984377503786987e-01 
112.800000 8.1984376883685439e-01 
113.000000 8.1984376279611326e-01 
113.200000 8.1984375691329670e-01 
113.400000 8.1984375118596609e-01 
113.600000 8.1984374561161988e-01 
113.800000 8.1984374018768269e-01 
114.000000 8.1984373491152307e-01 
114.200000 8.1984372978047249e-01 
114.400000 8.1984372479181822e-01 
114.600000 8.1984371994282790e-01 
114.800000 8.1984371523072963e-01 
115.000000 8.1984371065274897e-01 
115.200000 8.1984370620609814e-01 
115.400000 8.1984370188798772e-01 
115.600000 8.1984369769562015e-01 
115.800000 8.1984369362621290e-01 
116.000000 8.1984368967698784e-01 
116.200000 8.1984368584519030e-01 
116.400000 8.1984368212806713e-01 
116.600000 8.1984367852289886e-01 
116.800000 8.1984367502698929e-01 
117.000000 8.1984367163766214e-01 
117.200000 8.1984366835227795e-01 
117.400000 8.1984366516822171e-01 
117.600000 8.1984366208291681e-01 
117.800000 8.1984365909382173e-01 
118.000000 8.1984365619842947e-01 
118.200000 8.1984365339427479e-01 
118.400000 8.1984365067892606e-01 
118.600000 8.1984364804999810e-01 
118.800000 8.1984364550514466e-01 
119.000000 8.1984364304206025e-01 
119.200000 8.1984364065848547e-01 
119.400000 8.1984363835220120e-01 
119.600000 8.1984363612103461e-01 
119.800000 8.1984363396285131e-01 
120.000000 8.1984363187556852e-01 
120.200000 8.1984362985714243e-01 
120.400000 8.1984362790557597e-01 
120.600000 8.1984362601891436e-01 
120.800000 8.1984362419524792e-01 
121.000000 8.1984362243270859e-01 
121.200000 8.1984362072947548e-01 
121.400000 8.1984361908376779e-01 
121.600000 8.1984361749384738e-01 
121.800000 8.1984361595802024e-01 
122.000000 8.1984361447463439e-01 
122.200000 8.1984361304207620e-01 
122.400000 8.1984361165877784e-01 
122.600000 8.1984361032320585e-01 
122.800000 8.1984360903387199e-01 
123.000000 8.1984360778932330e-01 
123.200000 8.1984360658814570e-01 
123.400000 8.1984360542896684e-01 
123.600000 8.1984360431044645e-01 
123.800000 8.1984360323128325e-01 
124.000000 8.1984360219021302e-01 
124.200000 8.1984360118600341e-01 
124.400000 8.1984360021746028e-01 
124.600000 8.1984359928342077e-01 
124.800000 8.1984359838275245e-01 
125.000000 8.1984359751436697e-01 
125.200000 8.1984359667719242e-01 
125.400000 8.1984359587019562e-01 
125.600000 8.1984359509237503e-01 
125.800000 8.1984359434275866e-01 
126.000000 8.1984359362039683e-01 
126.200000 8.1984359292437425e-01 
126.400000 8.1984359225380410e-01 
126.600000 8.1984359160782005e-01 
126.800000 8.1984359098559123e-01 
127.000000 8.1984359038630439e-01 
127.200000 8.1984358980917216e-01 
127.400000 8.1984358925343803e-01 
127.600000 8.1984358871836027e-01 
127.800000 8.1984358820322878e-01 
128.000000 8.1984358770734611e-01 
128.200000 8.1984358723004602e-01 
128.400000 8.1984358677068048e-01 
128.600000 8.1984358632861809e-01 
128.800000 8.1984358590325468e-01 
129.000000 8.1984358549399894e-01 
129.200000 8.1984358510028044e-01 
129.400000 8.1984358472155239e-01 
129.600000 8.1984358435727889e-01 
129.800000 8.1984358400694457e-01 
130.000000 8.1984358367005050e-01 
130.200000 8.1984358334611740e-01 
130.400000 8.1984358303467575e-01 
130.600000 8.1984358273527447e-01 
130.800000 8.1984358244748068e-01 
131.000000 8.1984358217087405e-01 
131.200000 8.1984358190504136e-01 
131.400000 8.1984358164959570e-01 
131.600000 8.1984358140415559e-01 
131.800000 8.1984358116835188e-01 
132.000000 8.1984358094183374e-01 
132.200000 8.1984358072425390e-01 
132.400000 8.1984358051528661e-01 
132.600000 8.1984358031460913e-01 
132.800000 8.1984358012191660e-01 
133.000000 8.1984357993690771e-01 
133.200000 8.1984357975929756e-01 
133.400000 8.1984357958880805e-01 
133.600000 8.1984357942517283e-01 
133.800000 8.1984357926813112e-01 
134.000000 8.1984357911743722e-01 
134.200000 8.1984357897284954e-01 
134.400000 8.1984357883413439e-01 
134.600000 8.1984357870106850e-01 
134.800000 8.1984357857344015e-01 
135.000000 8.1984357845103784e-01 
135.200000 8.1984357833366317e-01 
135.400000 8.1984357822112053e-01 
135.600000 8.1984357811322506e-01 
135.800000 8.1984357800979812e-01 
136.000000 8.1984357791066387e-01 
136.200000 8.1984357781565820e-01 
136.400000 8.1984357772461802e-01 
136.600000 8.1984357763738980e-01 
136.800000 8.1984357755382375e-01 
137.000000 8.1984357747377767e-01 
137.200000 8.1984357739711322e-01 
137.400000 8.1984357732369506e-01 
137.600000 8.1984357725339341e-01 
137.800000 8.1984357718608913e-01 
138.000000 8.1984357712166100e-01 
138.200000 8.1984357705999222e-01 
138.400000 8.1984357700097543e-01 
138.600000 8.1984357694450360e-01 
138.800000 8.1984357689047616e-01 
139.000000 8.1984357683879217e-01 
139.200000 8.1984357678935571e-01 
139.400000 8.1984357674207897e-01 
139.600000 8.1984357669687502e-01 
139.800000 8.1984357665365737e-01 
140.000000 8.1984357661234730e-01 
140.200000 8.1984357657286222e-01 
140.400000 8.1984357653513207e-01 
140.600000 8.1984357649908468e-01 
140.800000 8.1984357646464523e-01 
141.000000 8.1984357643175410e-01 
141.200000 8.1984357640034544e-01 
141.400000 8.1984357637035565e-01 
141.600000 8.1984357634172922e-01 
141.800000 8.1984357631440485e-01 
142.000000 8.1984357628833193e-01 
142.200000 8.1984357626345616e-01 
142.400000 8.1984357623973059e-01 
142.600000 8.1984357621710069e-01 
142.800000 8.1984357619552761e-01 
143.000000 8.1984357617496140e-01 
143.200000 8.1984357615536363e-01 
143.400000 8.1984357613669145e-01 
143.600000 8.1984357611890435e-01 
143.800000 8.1984357610196756e-01 
144.000000 8.1984357608584224e-01 
144.200000 8.1984357607049885e-01 
144.400000 8.1984357605589853e-01 
144.600000 8.1984357604201286e-01 
144.800000 8.1984357602881075e-01 
145.000000 8.1984357601626312e-01 
145.200000 8.1984357600434521e-01 
145.400000 8.1984357599302771e-01 
145.600000 8.1984357598228597e-01 
145.800000 8.1984357597209467e-01 
146.000000 8.1984357596243163e-01 
146.200000 8.1984357595327439e-01 
146.400000 8.1984357594460044e-01 
146.600000 8.1984357593638968e-01 
146.800000 8.1984357592862245e-01 
147.000000 8.1984357592127943e-01 
147.200000 8.1984357591435009e-01 
147.400000 8.1984357590781753e-01 
147.600000 8.1984357590166890e-01 
147.800000 8.1984357589588608e-01 
148.000000 8.1984357589045664e-01 
148.200000 8.1984357588536239e-01 
148.400000 8.1984357588058765e-01 
148.600000 8.1984357587611767e-01 
148.800000 8.1984357587194101e-01 
149.000000 8.1984357586804169e-01 
149.200000 8.1984357586441103e-01 
149.400000 8.1984357586103673e-01 
149.600000 8.1984357585791001e-01 
149.800000 8.1984357585501599e-01 
