0.000000 5.1314349288428840e-01 
0.200000 5.1314415086726795e-01 
0.400000 5.1314840042165200e-01 
0.600000 5.1315532036456857e-01 
0.800000 5.1316407102999262e-01 
1.000000 5.1317387304709061e-01 
1.200000 5.1318398862867820e-01 
1.400000 5.1319370596842062e-01 
1.600000 5.1320232462294191e-01 
1.800000 5.1320914260407524e-01 
2.000000 5.1321344420351844e-01 
2.200000 5.1321460232507288e-01 
2.400000 5.1321246985180513e-01 
2.600000 5.1320693041872079e-01 
2.800000 5.1319798565279906e-01 
3.000000 5.1318561630038684e-01 
3.200000 5.1316981310155230e-01 
3.400000 5.1315056750809906e-01 
3.600000 5.1312798099388002e-01 
3.800000 5.1310261438607163e-01 
4.000000 5.1307453948541082e-01 
4.200000 5.1304370952415912e-01 
4.400000 5.1300999285335025e-01 
4.600000 5.1297320040841043e-01 
4.800000 5.1293311547469089e-01 
5.000000 5.1288950804714117e-01 
5.200000 5.1284214971723274e-01 
5.400000 5.1279082128067766e-01 
5.600000 5.1273532527396670e-01 
5.800000 5.1267547336457697e-01 
6.000000 5.1261108407637401e-01 
6.200000 5.1254198310856391e-01 
6.400000 5.1246799641016194e-01 
6.600000 5.1238894686025760e-01 
6.800000 5.1230465075634901e-01 
7.000000 5.1221491533181251e-01 
7.200000 5.1211952167054731e-01 
7.400000 5.1201822864561186e-01 
7.600000 5.1191077883290914e-01 
7.800000 5.1179690015569157e-01 
8.000000 5.1167630720710588e-01 
8.200000 5.1154870191364787e-01 
8.400000 5.1141377367597363e-01 
8.600000 5.1127119899263718e-01 
8.800000 5.1112063992776846e-01 
9.000000 5.1096174304424513e-01 
9.200000 5.1079413757406622e-01 
9.400000 5.1061743359618073e-01 
9.600000 5.1043122021816656e-01 
9.800000 5.1023506382382566e-01 
10.000000 5.1002850660929411e-01 
10.200000 5.0981106541808108e-01 
10.400000 5.0958222982898371e-01 
10.600000 5.0934146028115268e-01 
10.800000 5.0908818611734841e-01 
11.000000 5.0882180396366017e-01 
11.200000 5.0854167602051947e-01 
11.400000 5.0824712809489869e-01 
11.600000 5.0793744734120594e-01 
11.800000 5.0761187980693567e-01 
12.000000 5.0726962776938145e-01 
12.200000 5.0690984681924667e-01 
12.400000 5.0653164275793749e-01 
12.600000 5.0613406831442398e-01 
12.800000 5.0571611967125818e-01 
13.000000 5.0527673279678553e-01 
13.200000 5.0481477958786991e-01 
13.400000 5.0432906380877052e-01 
13.600000 5.0381831679084799e-01 
13.800000 5.0328119290967821e-01 
14.000000 5.0271626483825937e-01 
14.200000 5.0212201857284477e-01 
14.400000 5.0149684820545615e-01 
14.600000 5.0083905044668520e-01 
14.800000 5.0014681889517298e-01 
15.000000 4.9941823805100438e-01 
15.200000 4.9865127709799312e-01 
15.400000 4.9784378346739455e-01 
15.600000 4.9699347620726325e-01 
15.800000 4.9609793918118600e-01 
16.000000 4.9515461413540346e-01 
16.200000 4.9416079367661819e-01 
16.400000 4.9311361421132410e-01 
16.600000 4.9201004891287164e-01 
16.800000 4.9084690079346233e-01 
17.000000 4.8962079597539532e-01 
17.200000 4.8832817727163086e-01 
17.400000 4.8696529820433521e-01 
17.600000 4.8552821761896836e-01 
17.800000 4.8401279506264444e-01 
18.000000 4.8241468713026503e-01 
18.200000 4.8072934500439024e-01 
18.400000 4.7895201344359739e-01 
18.600000 4.7707773150154548e-01 
18.800000 4.7510133528649867e-01 
19.000000 4.7301746309856391e-01 
19.200000 4.7082056330605859e-01 
19.400000 4.6850490534375333e-01 
19.600000 4.6606459423272362e-01 
19.800000 4.6349358903169996e-01 
20.000000 4.6078572563136599e-01 
20.200000 4.5793474429448450e-01 
20.400000 4.5493432232439518e-01 
20.600000 4.5177811220772529e-01 
20.800000 4.4845978552477522e-01 
21.000000 4.4497308285040238e-01 
21.200000 4.4131186977708864e-01 
21.400000 4.3747019907982448e-01 
21.600000 4.3344237890919501e-01 
21.800000 4.2922304674486822e-01 
22.000000 4.2480724866747432e-01 
22.200000 4.2019052331515466e-01 
22.400000 4.1536898968484959e-01 
22.600000 4.1033943772206755e-01 
22.800000 4.0509942042190156e-01 
23.000000 3.9964734594536411e-01 
23.200000 3.9398256804701237e-01 
23.400000 3.8810547292111319e-01 
23.600000 3.8201756041531482e-01 
23.800000 3.7572151744401933e-01 
24.000000 3.6922128136972615e-01 
24.200000 3.6252209112114059e-01 
24.400000 3.5563052389166083e-01 
24.600000 3.4855451541933463e-01 
24.800000 3.4130336209426021e-01 
25.000000 3.3388770347274443e-01 
25.200000 3.2631948419544010e-01 
25.400000 3.1861189479959418e-01 
25.600000 3.1077929146867772e-01 
25.800000 3.0283709535568470e-01 
26.000000 2.9480167272488689e-01 
26.200000 2.8669019775301713e-01 
26.400000 2.7852050038611370e-01 
26.600000 2.7031090213450837e-01 
26.800000 2.6208004308045235e-01 
27.000000 2.5384670365035611e-01 
27.200000 2.4562962485255826e-01 
27.400000 2.3744733069527865e-01 
27.600000 2.2931795637921012e-01 
27.800000 2.2125908561377283e-01 
28.000000 2.1328760005094144e-01 
28.200000 2.0541954338642895e-01 
28.400000 1.9767000216936798e-01 
28.600000 1.9005300481454243e-01 
28.800000 1.8258143975181781e-01 
29.000000 1.7526699309986901e-01 
29.200000 1.6812010573707314e-01 
29.400000 1.6114994917854247e-01 
29.600000 1.5436441926772523e-01 
29.800000 1.4777014636170405e-01 
30.000000 1.4137252043516646e-01 
30.200000 1.3517572934866012e-01 
30.400000 1.2918280841876129e-01 
30.600000 1.2339569938507999e-01 
30.800000 1.1781531688379032e-01 
31.000000 1.1244162060074822e-01 
31.200000 1.0727369137978916e-01 
31.400000 1.0230980969439031e-01 
31.600000 9.7547535044589365e-02 
31.800000 9.2983785007998254e-02 
32.000000 8.8614912846816066e-02 
32.200000 8.4436782745989800e-02 
32.400000 8.0444841926146565e-02 
32.600000 7.6634189034817710e-02 
32.800000 7.2999638367924877e-02 
33.000000 6.9535779608461287e-02 
33.200000 6.6237032889718661e-02 
33.400000 6.3097699095595303e-02 
33.600000 6.0112005400643174e-02 
33.800000 5.7274146127915225e-02 
34.000000 5.4578319064231065e-02 
34.200000 5.2018757421167724e-02 
34.400000 4.9589757667118955e-02 
34.600000 4.7285703482410631e-02 
34.800000 4.5101086107022278e-02 
35.000000 4.3030521360222430e-02 
35.200000 4.1068763614607283e-02 
35.400000 3.9210717004813198e-02 
35.600000 3.7451444144567567e-02 
35.800000 3.5786172615743100e-02 
36.000000 3.4210299480499855e-02 
36.200000 3.2719394053173222e-02 
36.400000 3.1309199152924669e-02 
36.600000 2.9975631041829643e-02 
36.800000 2.8714778236480758e-02 
37.000000 2.7522899364663601e-02 
37.200000 2.6396420222522993e-02 
37.400000 2.5331930172062953e-02 
37.600000 2.4326178003996751e-02 
37.800000 2.3376067376977474e-02 
38.000000 2.2478651931183116e-02 
38.200000 2.1631130162122029e-02 
38.400000 2.0830840129401808e-02 
38.600000 2.0075254065039034e-02 
38.800000 1.9361972936665868e-02 
39.000000 1.8688721012673777e-02 
39.200000 1.8053340468881018e-02 
39.400000 1.7453786069657095e-02 
39.600000 1.6888119950553754e-02 
39.800000 1.6354506524288208e-02 
40.000000 1.5851207527375739e-02 
40.200000 1.5376577220738336e-02 
40.400000 1.4929057754173507e-02 
40.600000 1.4507174701611052e-02 
40.800000 1.4109532771551700e-02 
41.000000 1.3734811694933201e-02 
41.200000 1.3381762290863223e-02 
41.400000 1.3049202709151459e-02 
41.600000 1.2736014847330732e-02 
41.800000 1.2441140938848794e-02 
42.000000 1.2163580308303775e-02 
42.200000 1.1902386288965183e-02 
42.400000 1.1656663297339699e-02 
42.600000 1.1425564059189925e-02 
42.800000 1.1208286981173168e-02 
43.000000 1.1004073662117936e-02 
43.200000 1.0812206537886462e-02 
43.400000 1.0632006653767541e-02 
43.600000 1.0462831558390971e-02 
43.800000 1.0304073313249614e-02 
44.000000 1.0155156612041151e-02 
44.200000 1.0015537004197137e-02 
44.400000 9.8846992171441432e-03 
44.600000 9.7621555720317811e-03 
44.800000 9.6474444878679663e-03 
45.000000 9.5401290692092994e-03 
45.200000 9.4397957727703190e-03 
45.400000 9.3460531485299609e-03 
45.600000 9.2585306511267906e-03 
45.800000 9.1768775175476106e-03 
46.000000 9.1007617073183469e-03 
46.200000 9.0298689016101909e-03 
46.400000 8.9639015578669660e-03 
46.600000 8.9025780167488484e-03 
46.800000 8.8456316583675303e-03 
47.000000 8.7928101049618741e-03 
47.200000 8.7438744673263430e-03 
47.400000 8.6985986324635174e-03 
47.600000 8.6567685900801761e-03 
47.800000 8.6181817956870535e-03 
48.000000 8.5826465681978666e-03 
48.200000 8.5499815200480323e-03 
48.400000 8.5200150179728547e-03 
48.600000 8.4925846726978203e-03 
48.800000 8.4675368558987264e-03 
49.000000 8.4447262428879177e-03 
49.200000 8.4240153795776158e-03 
49.400000 8.4052742723575019e-03 
49.600000 8.3883799996065031e-03 
49.800000 8.3732163436350902e-03 
50.000000 8.3596734419270832e-03 
50.200000 8.3476474566173062e-03 
50.400000 8.3370402612047423e-03 
50.600000 8.3277591435594114e-03 
50.800000 8.3197165243385305e-03 
51.000000 8.3128296899773572e-03 
51.200000 8.3070205394700954e-03 
51.400000 8.3022153442018406e-03 
51.600000 8.2983445201344937e-03 
51.800000 8.2953424116904550e-03 
52.000000 8.2931470867145442e-03 
52.200000 8.2917001419310857e-03 
52.400000 8.2909465183441736e-03 
52.600000 8.2908343260618446e-03 
52.800000 8.2913146780531181e-03 
53.000000 8.2923415323734959e-03 
53.200000 8.2938715424216089e-03 
53.400000 8.2958639148121467e-03 
53.600000 8.2982802744737440e-03 
53.800000 8.3010845366018830e-03 
54.000000 8.3042427851150614e-03 
54.200000 8.3077231572847108e-03 
54.400000 8.3114957342226344e-03 
54.600000 8.3155324369304281e-03 
54.800000 8.3198069276289258e-03 
55.000000 8.3242945161000493e-03 
55.200000 8.3289720707891649e-03 
55.400000 8.3338179344281636e-03 
55.600000 8.3388118439519342e-03 
55.800000 8.3439348544922451e-03 
56.000000 8.3491692672457065e-03 
56.200000 8.3544985610210978e-03 
56.400000 8.3599073272820745e-03 
56.600000 8.3653812085112047e-03 
56.800000 8.3709068397287562e-03 
57.000000 8.3764717930097342e-03 
57.200000 8.3820645248489714e-03 
57.400000 8.3876743262326827e-03 
57.600000 8.3932912752816124e-03 
57.800000 8.3989061923380754e-03 
58.000000 8.4045105973746398e-03 
58.200000 8.4100966696092749e-03 
58.400000 8.4156572092170100e-03 
58.600000 8.4211856010337517e-03 
58.800000 8.4266757801535370e-03 
59.000000 8.4321221993237157e-03 
59.200000 8.4375197980496881e-03 
59.400000 8.4428639733236961e-03 
59.600000 8.4481505518962576e-03 
59.800000 8.4533757640134974e-03 
60.000000 8.4585362185475126e-03 
60.200000 8.4636288794494845e-03 
60.400000 8.4686510434602257e-03 
60.600000 8.4736003190140873e-03 
60.800000 8.4784746062777118e-03 
61.000000 8.4832720782655122e-03 
61.200000 8.4879911629789553e-03 
61.400000 8.4926305265164582e-03 
61.600000 8.4971890571072517e-03 
61.800000 8.5016658500207589e-03 
62.000000 8.5060601933081154e-03 
62.200000 8.5103715543333215e-03 
62.400000 8.5145995670544705e-03 
62.600000 8.5187440200168493e-03 
62.800000 8.5228048450210602e-03 
63.000000 8.5267821064328071e-03 
63.200000 8.5306759911004393e-03 
63.400000 8.5344867988506271e-03 
63.600000 8.5382149335304428e-03 
63.800000 8.5418608945699564e-03 
64.000000 8.5454252690366998e-03 
64.200000 8.5489087241579637e-03 
64.400000 8.5523120002856320e-03 
64.600000 8.5556359042808870e-03 
64.800000 8.5588813032974470e-03 
65.000000 8.5620491189417076e-03 
65.200000 8.5651403217902652e-03 
65.400000 8.5681559262463930e-03 
65.600000 8.5710969857169059e-03 
65.800000 8.5739645880932025e-03 
66.000000 8.5767598515192230e-03 
66.200000 8.5794839204326959e-03 
66.400000 8.5821379618629019e-03 
66.600000 8.5847231619727953e-03 
66.800000 8.5872407228316395e-03 
67.000000 8.5896918594058347e-03 
67.200000 8.5920777967552747e-03 
67.400000 8.5943997674255077e-03 
67.600000 8.5966590090229555e-03 
67.800000 8.5988567619648421e-03 
68.000000 8.6009942673928776e-03 
68.200000 8.6030727652421889e-03 
68.400000 8.6050934924563269e-03 
68.600000 8.6070576813402407e-03 
68.800000 8.6089665580435498e-03 
69.000000 8.6108213411661711e-03 
69.200000 8.6126232404794695e-03 
69.400000 8.6143734557566545e-03 
69.600000 8.6160731757047408e-03 
69.800000 8.6177235769935856e-03 
70.000000 8.6193258233750840e-03 
70.200000 8.6208810648878108e-03 
70.400000 8.6223904371410930e-03 
70.600000 8.6238550606747618e-03 
70.800000 8.6252760403889607e-03 
71.000000 8.6266544650400422e-03 
71.200000 8.6279914067981800e-03 
71.400000 8.6292879208632999e-03 
71.600000 8.6305450451346320e-03 
71.800000 8.6317637999309294e-03 
72.000000 8.6329451877586554e-03 
72.200000 8.6340901931231725e-03 
72.400000 8.6351997823820199e-03 
72.600000 8.6362749036355095e-03 
72.800000 8.6373164866536817e-03 
73.000000 8.6383254428361849e-03 
73.200000 8.6393026652019818e-03 
73.400000 8.6402490284084883e-03 
73.600000 8.6411653887962219e-03 
73.800000 8.6420525844582066e-03 
74.000000 8.6429114353311753e-03 
74.200000 8.6437427433074393e-03 
74.400000 8.6445472923660279e-03 
74.600000 8.6453258487203619e-03 
74.800000 8.6460791609822094e-03 
75.000000 8.6468079603396666e-03 
75.200000 8.6475129607480796e-03 
75.400000 8.6481948591333822e-03 
75.600000 8.6488543356047151e-03 
75.800000 8.6494920536777653e-03 
76.000000 8.6501086605059573e-03 
76.200000 8.6507047871189797e-03 
76.400000 8.6512810486680490e-03 
76.600000 8.6518380446773124e-03 
76.800000 8.6523763592990435e-03 
77.000000 8.6528965615738362e-03 
77.200000 8.6533992056944883e-03 
77.400000 8.6538848312715730e-03 
77.600000 8.6543539636023282e-03 
77.800000 8.6548071139404565e-03 
78.000000 8.6552447797675295e-03 
78.200000 8.6556674450643818e-03 
78.400000 8.6560755805837001e-03 
78.600000 8.6564696441208469e-03 
78.800000 8.6568500807855386e-03 
79.000000 8.6572173232717549e-03 
79.200000 8.6575717921260047e-03 
79.400000 8.6579138960149113e-03 
79.600000 8.6582440319900224e-03 
79.800000 8.6585625857508574e-03 
80.000000 8.6588699319053528e-03 
80.200000 8.6591664342278666e-03 
80.400000 8.6594524459141370e-03 
80.600000 8.6597283098334994e-03 
80.800000 8.6599943587777808e-03 
81.000000 8.6602509157070861e-03 
81.200000 8.6604982939917224e-03 
81.400000 8.6607367976512650e-03 
81.600000 8.6609667215895459e-03 
81.800000 8.6611883518258655e-03 
82.000000 8.6614019657228133e-03 
82.200000 8.6616078322099815e-03 
82.400000 8.6618062120037143e-03 
82.600000 8.6619973578232444e-03 
82.800000 8.6621815146023934e-03 
83.000000 8.6623589196977140e-03 
83.200000 8.6625298030923517e-03 
83.400000 8.6626943875959782e-03 
83.600000 8.6628528890408656e-03 
83.800000 8.6630055164733950e-03 
84.000000 8.6631524723422143e-03 
84.200000 8.6632939526821388e-03 
84.400000 8.6634301472937863e-03 
84.600000 8.6635612399197700e-03 
84.800000 8.6636874084164654e-03 
85.000000 8.6638088249224952e-03 
85.200000 8.6639256560224823e-03 
85.400000 8.6640380629079989e-03 
85.600000 8.6641462015338514e-03 
85.800000 8.6642502227712130e-03 
86.000000 8.6643502725568550e-03 
86.200000 8.6644464920385220e-03 
86.400000 8.6645390177173369e-03 
86.600000 8.6646279815859577e-03 
86.800000 8.6647135112636713e-03 
87.000000 8.6647957301280755e-03 
87.200000 8.6648747574430921e-03 
87.400000 8.6649507084839098e-03 
87.600000 8.6650236946587619e-03 
87.800000 8.6650938236271877e-03 
88.000000 8.6651611994152545e-03 
88.200000 8.6652259225280578e-03 
88.400000 8.6652880900587193e-03 
88.600000 8.6653477957944133e-03 
88.800000 8.6654051303203441e-03 
89.000000 8.6654601811193659e-03 
89.200000 8.6655130326703852e-03 
89.400000 8.6655637665430160e-03 
89.600000 8.6656124614899899e-03 
89.800000 8.6656591935368506e-03 
90.000000 8.6657040360690989e-03 
90.200000 8.6657470599168385e-03 
90.400000 8.6657883334372698e-03 
90.600000 8.6658279225940889e-03 
90.800000 8.6658658910355509e-03 
91.000000 8.6659023001693630e-03 
91.200000 8.6659372092360160e-03 
91.400000 8.6659706753794939e-03 
91.600000 8.6660027537164130e-03 
91.800000 8.6660334974023884e-03 
92.000000 8.6660629576970384e-03 
92.200000 8.6660911840270079e-03 
92.400000 8.6661182240463149e-03 
92.600000 8.6661441236960939e-03 
92.800000 8.6661689272614136e-03 
93.000000 8.6661926774269926e-03 
93.200000 8.6662154153310453e-03 
93.400000 8.6662371806173217e-03 
93.600000 8.6662580114857529e-03 
93.800000 8.6662779447414327e-03 
94.000000 8.6662970158420585e-03 
94.200000 8.6663152589437353e-03 
94.400000 8.6663327069457733e-03 
94.600000 8.6663493915335576e-03 
94.800000 8.6663653432204196e-03 
95.000000 8.6663805913880353e-03 
95.200000 8.6663951643255726e-03 
95.400000 8.6664090892674371e-03 
95.600000 8.6664223924300555e-03 
95.800000 8.6664350990474492e-03 
96.000000 8.6664472334052802e-03 
96.200000 8.6664588188743522e-03 
96.400000 8.6664698779426192e-03 
96.600000 8.6664804322462742e-03 
96.800000 8.6664905025998478e-03 
97.000000 8.6665001090252807e-03 
97.200000 8.6665092707799828e-03 
97.400000 8.6665180063842679e-03 
97.600000 8.6665263336473154e-03 
97.800000 8.6665342696928965e-03 
98.000000 8.6665418309836966e-03 
98.200000 8.6665490333453082e-03 
98.400000 8.6665558919889352e-03 
98.600000 8.6665624215337966e-03 
98.800000 8.6665686360284221e-03 
99.000000 8.6665745489716249e-03 
99.200000 8.6665801733320797e-03 
99.400000 8.6665855215680033e-03 
99.600000 8.6665906056457558e-03 
99.800000 8.6665954370577641e-03 
100.000000 8.6666000268401083e-03 
100.200000 8.6666043855892355e-03 
100.400000 8.6666085234781559e-03 
100.600000 8.6666124502723357e-03 
100.800000 8.6666161753446228e-03 
101.000000 8.6666197076899175e-03 
101.200000 8.6666230559393348e-03 
101.400000 8.6666262283738547e-03 
101.600000 8.6666292329373798e-03 
101.800000 8.6666320772492908e-03 
102.000000 8.6666347686169126e-03 
102.200000 8.6666373140473780e-03 
102.400000 8.6666397202586499e-03 
102.600000 8.6666419936908753e-03 
102.800000 8.6666441405167799e-03 
103.000000 8.6666461666519388e-03 
103.200000 8.6666480777646063e-03 
103.400000 8.6666498792853201e-03 
103.600000 8.6666515764159107e-03 
103.800000 8.6666531741385142e-03 
104.000000 8.6666546772240054e-03 
104.200000 8.6666560902399093e-03 
104.400000 8.6666574175590198e-03 
104.600000 8.6666586633662984e-03 
104.800000 8.6666598316667651e-03 
105.000000 8.6666609262921052e-03 
105.200000 8.6666619509078151e-03 
105.400000 8.6666629090198562e-03 
105.600000 8.6666638039805278e-03 
105.800000 8.6666646389951408e-03 
106.000000 8.6666654171274823e-03 
106.200000 8.6666661413056772e-03 
106.400000 8.6666668143273902e-03 
106.600000 8.6666674388654816e-03 
106.800000 8.6666680174726576e-03 
107.000000 8.6666685525865501e-03 
107.200000 8.6666690465344795e-03 
107.400000 8.6666695015375252e-03 
107.600000 8.6666699197153873e-03 
107.800000 8.6666703030902920e-03 
108.000000 8.6666706535910628e-03 
108.200000 8.6666709730568725e-03 
108.400000 8.6666712632411536e-03 
108.600000 8.6666715258149844e-03 
108.800000 8.6666717623706813e-03 
109.000000 8.6666719744249790e-03 
109.200000 8.6666721634223298e-03 
109.400000 8.6666723307377656e-03 
109.600000 8.6666724776801214e-03 
109.800000 8.6666726054945766e-03 
110.000000 8.6666727153655067e-03 
110.200000 8.6666728084192606e-03 
110.400000 8.6666728857262079e-03 
110.600000 8.6666729483035713e-03 
110.800000 8.6666729971175346e-03 
111.000000 8.6666730330857179e-03 
111.200000 8.6666730570788171e-03 
111.400000 8.6666730699231365e-03 
111.600000 8.6666730724023963e-03 
111.800000 8.6666730652594920e-03 
112.000000 8.6666730491984801e-03 
112.200000 8.6666730248862699e-03 
112.400000 8.6666729929542937e-03 
112.600000 8.6666729540000806e-03 
112.800000 8.6666729085886629e-03 
113.000000 8.6666728572545020e-03 
113.200000 8.6666728005024250e-03 
113.400000 8.6666727388091929e-03 
113.600000 8.6666726726247340e-03 
113.800000 8.6666726023734864e-03 
114.000000 8.6666725284555383e-03 
114.200000 8.6666724512477634e-03 
114.400000 8.6666723711048780e-03 
114.600000 8.6666722883606637e-03 
114.800000 8.6666722033287864e-03 
115.000000 8.6666721163038245e-03 
115.200000 8.6666720275622808e-03 
115.400000 8.6666719373632572e-03 
115.600000 8.6666718459496358e-03 
115.800000 8.6666717535484761e-03 
116.000000 8.6666716603722473e-03 
116.200000 8.6666715666191742e-03 
116.400000 8.6666714724740485e-03 
116.600000 8.6666713781091524e-03 
116.800000 8.6666712836846894e-03 
117.000000 8.6666711893493339e-03 
117.200000 8.6666710952410190e-03 
117.400000 8.6666710014874169e-03 
117.600000 8.6666709082064124e-03 
117.800000 8.6666708155067624e-03 
118.000000 8.6666707234885881e-03 
118.200000 8.6666706322436303e-03 
118.400000 8.6666705418559052e-03 
118.600000 8.6666704524021154e-03 
118.800000 8.6666703639519897e-03 
119.000000 8.6666702765687467e-03 
119.200000 8.6666701903094327e-03 
119.400000 8.6666701052252309e-03 
119.600000 8.6666700213618858e-03 
119.800000 8.6666699387599640e-03 
120.000000 8.6666698574551591e-03 
120.200000 8.6666697774786944e-03 
120.400000 8.6666696988574876e-03 
120.600000 8.6666696216144024e-03 
120.800000 8.6666695457685485e-03 
121.000000 8.6666694713355939e-03 
121.200000 8.6666693983278760e-03 
121.400000 8.6666693267545888e-03 
121.600000 8.6666692566221646e-03 
121.800000 8.6666691879343713e-03 
122.000000 8.6666691206924162e-03 
122.200000 8.6666690548951875e-03 
122.400000 8.6666689905395139e-03 
122.600000 8.6666689276202000e-03 
122.800000 8.6666688661302879e-03 
123.000000 8.6666688060610050e-03 
123.200000 8.6666687474020055e-03 
123.400000 8.6666686901417274e-03 
123.600000 8.6666686342671204e-03 
123.800000 8.6666685797639302e-03 
124.000000 8.6666685266169798e-03 
124.200000 8.6666684748098969e-03 
124.400000 8.6666684243255875e-03 
124.600000 8.6666683751459826e-03 
124.800000 8.6666683272525902e-03 
125.000000 8.6666682806258895e-03 
125.200000 8.6666682352461097e-03 
125.400000 8.6666681910929026e-03 
125.600000 8.6666681481454236e-03 
125.800000 8.6666681063825822e-03 
126.000000 8.6666680657828746e-03 
126.200000 8.6666680263247017e-03 
126.400000 8.6666679879860570e-03 
126.600000 8.6666679507450047e-03 
126.800000 8.6666679145792590e-03 
127.000000 8.6666678794666847e-03 
127.200000 8.6666678453851051e-03 
127.400000 8.6666678123122481e-03 
127.600000 8.6666677802259440e-03 
127.800000 8.6666677491040543e-03 
128.000000 8.6666677189246640e-03 
128.200000 8.6666676896658221e-03 
128.400000 8.6666676613058827e-03 
128.600000 8.6666676338232468e-03 
128.800000 8.6666676071967003e-03 
129.000000 8.6666675814050260e-03 
129.200000 8.6666675564273966e-03 
129.400000 8.6666675322431743e-03 
129.600000 8.6666675088319586e-03 
129.800000 8.6666674861737205e-03 
130.000000 8.6666674642485522e-03 
130.200000 8.6666674430370457e-03 
130.400000 8.6666674225199577e-03 
130.600000 8.6666674026784057e-03 
130.800000 8.6666673834938680e-03 
131.000000 8.6666673649480452e-03 
131.200000 8.6666673470230104e-03 
131.400000 8.6666673297012310e-03 
131.600000 8.6666673129655140e-03 
131.800000 8.6666672967989460e-03 
132.000000 8.6666672811848977e-03 
132.200000 8.6666672661071999e-03 
132.400000 8.6666672515500198e-03 
132.600000 8.6666672374978160e-03 
132.800000 8.6666672239354009e-03 
133.000000 8.6666672108479028e-03 
133.200000 8.6666671982209009e-03 
133.400000 8.6666671860401636e-03 
133.600000 8.6666671742919449e-03 
133.800000 8.6666671629626810e-03 
134.000000 8.6666671520392903e-03 
134.200000 8.6666671415088301e-03 
134.400000 8.6666671313589058e-03 
134.600000 8.6666671215772789e-03 
134.800000 8.6666671121520475e-03 
135.000000 8.6666671030716722e-03 
135.200000 8.6666670943249622e-03 
135.400000 8.6666670859008657e-03 
135.600000 8.6666670777887835e-03 
135.800000 8.6666670699782952e-03 
136.000000 8.6666670624594207e-03 
136.200000 8.6666670552222741e-03 
136.400000 8.6666670482574062e-03 
136.600000 8.6666670415554963e-03 
136.800000 8.6666670351076593e-03 
137.000000 8.6666670289050982e-03 
137.200000 8.6666670229394102e-03 
137.400000 8.6666670172023969e-03 
137.600000 8.6666670116860856e-03 
137.800000 8.6666670063827046e-03 
138.000000 8.6666670012848172e-03 
138.200000 8.6666669963852000e-03 
138.400000 8.6666669916768222e-03 
138.600000 8.6666669871527744e-03 
138.800000 8.6666669828065045e-03 
139.000000 8.6666669786317017e-03 
139.200000 8.6666669746221069e-03 
139.400000 8.6666669707718379e-03 
139.600000 8.6666669670749132e-03 
139.800000 8.6666669635259309e-03 
140.000000 8.6666669601193329e-03 
140.200000 8.6666669568500245e-03 
140.400000 8.6666669537128500e-03 
140.600000 8.6666669507029157e-03 
140.800000 8.6666669478155448e-03 
141.000000 8.6666669450461177e-03 
141.200000 8.6666669423903012e-03 
141.400000 8.6666669398438017e-03 
141.600000 8.6666669374025115e-03 
141.800000 8.6666669350624077e-03 
142.000000 8.6666669328198075e-03 
142.200000 8.6666669306709430e-03 
142.400000 8.6666669286122947e-03 
142.600000 8.6666669266403321e-03 
142.800000 8.6666669247518896e-03 
143.000000 8.6666669229436989e-03 
143.200000 8.6666669212127484e-03 
143.400000 8.6666669195560719e-03 
143.600000 8.6666669179708156e-03 
143.800000 8.6666669164542510e-03 
144.000000 8.6666669150037394e-03 
144.200000 8.6666669136168367e-03 
144.400000 8.6666669122910569e-03 
144.600000 8.6666669110241241e-03 
144.800000 8.6666669098137972e-03 
145.000000 8.6666669086578173e-03 
145.200000 8.6666669075542314e-03 
145.400000 8.6666669065009836e-03 
145.600000 8.6666669054962127e-03 
145.800000 8.6666669045380434e-03 
146.000000 8.6666669036246664e-03 
146.200000 8.6666669027543868e-03 
146.400000 8.6666669019256348e-03 
146.600000 8.6666669011366722e-03 
146.800000 8.6666669003863783e-03 
147.000000 8.6666668996735197e-03 
147.200000 8.6666668989968942e-03 
147.400000 8.6666668983552617e-03 
147.600000 8.6666668977474128e-03 
147.800000 8.6666668971721837e-03 
148.000000 8.6666668966282317e-03 
148.200000 8.6666668961144777e-03 
148.400000 8.6666668956297231e-03 
148.600000 8.6666668951727848e-03 
148.800000 8.6666668947426445e-03 
149.000000 8.6666668943382163e-03 
149.200000 8.6666668939584315e-03 
149.400000 8.6666668936023414e-03 
149.600000 8.6666668932688356e-03 
149.800000 8.6666668929570902e-03 
