0.000000 5.1314982746146143e-01 
0.200000 5.1315152633777383e-01 
0.400000 5.1315655547811878e-01 
0.600000 5.1316401718602422e-01 
0.800000 5.1317308866530775e-01 
1.000000 5.1318299998567463e-01 
1.200000 5.1319302083889773e-01 
1.400000 5.1320244217153610e-01 
1.600000 5.1321050526563106e-01 
1.800000 5.1321657969718470e-01 
2.000000 5.1321994447322961e-01 
2.200000 5.1322013333286109e-01 
2.400000 5.1321701756390947e-01 
2.600000 5.1321052627233710e-01 
2.800000 5.1320062481817741e-01 
3.000000 5.1318729824670684e-01 
3.200000 5.1317053935907797e-01 
3.400000 5.1315034037321128e-01 
3.600000 5.1312697833216137e-01 
3.800000 5.1310086184262838e-01 
4.000000 5.1307202696820309e-01 
4.200000 5.1304040122886507e-01 
4.400000 5.1300582953746632e-01 
4.600000 5.1296812536895620e-01 
4.800000 5.1292706706228319e-01 
5.000000 5.1288242019465136e-01 
5.200000 5.1283396208445609e-01 
5.400000 5.1278148045813554e-01 
5.600000 5.1272477845609266e-01 
5.800000 5.1266367012270397e-01 
6.000000 5.1259797686615061e-01 
6.200000 5.1252752400412804e-01 
6.400000 5.1245213665974088e-01 
6.600000 5.1237163608690051e-01 
6.800000 5.1228583744589296e-01 
7.000000 5.1219454102107342e-01 
7.200000 5.1209752190849034e-01 
7.400000 5.1199453495030922e-01 
7.600000 5.1188531949156124e-01 
7.800000 5.1176959995128635e-01 
8.000000 5.1164708784137680e-01 
8.200000 5.1151748198793545e-01 
8.400000 5.1138046851823593e-01 
8.600000 5.1123572019076868e-01 
8.800000 5.1108289526511685e-01 
9.000000 5.1092163594944340e-01 
9.200000 5.1075156665448362e-01 
9.400000 5.1057229218194711e-01 
9.600000 5.1038339592217630e-01 
9.800000 5.1018443812850445e-01 
10.000000 5.0997495461376585e-01 
10.200000 5.0975445534168295e-01 
10.400000 5.0952242253691316e-01 
10.600000 5.0927830867718504e-01 
10.800000 5.0902153467656752e-01 
11.000000 5.0875148830559003e-01 
11.200000 5.0846752237939852e-01 
11.400000 5.0816895271751605e-01 
11.600000 5.0785505587685587e-01 
11.800000 5.0752506663314034e-01 
12.000000 5.0717817523115838e-01 
12.200000 5.0681352442511851e-01 
12.400000 5.0643020633153968e-01 
12.600000 5.0602725908805257e-01 
12.800000 5.0560366332698425e-01 
13.000000 5.0515833846382707e-01 
13.200000 5.0469013878918645e-01 
13.400000 5.0419784932882150e-01 
13.600000 5.0368018148842586e-01 
13.800000 5.0313576848211927e-01 
14.000000 5.0256316052099759e-01 
14.200000 5.0196081977689588e-01 
14.400000 5.0132711509517280e-01 
14.600000 5.0066031645063092e-01 
14.800000 4.9995858914354702e-01 
15.000000 4.9921998775331627e-01 
15.200000 4.9844244986244352e-01 
15.400000 4.9762378956569980e-01 
15.600000 4.9676169079135463e-01 
15.800000 4.9585370046299149e-01 
16.000000 4.9489722153954191e-01 
16.200000 4.9388950597768194e-01 
16.400000 4.9282764766937637e-01 
16.600000 4.9170857543244634e-01 
16.800000 4.9052904612528370e-01 
17.000000 4.8928563798931335e-01 
17.200000 4.8797474433319155e-01 
17.400000 4.8659256769517373e-01 
17.600000 4.8513511464110604e-01 
17.800000 4.8359819137893967e-01 
18.000000 4.8197740039796605e-01 
18.200000 4.8026813836663673e-01 
18.400000 4.7846559555051155e-01 
18.600000 4.7656475704011680e-01 
18.800000 4.7456040610616362e-01 
19.000000 4.7244713002537053e-01 
19.200000 4.7021932874409134e-01 
19.400000 4.6787122676863119e-01 
19.600000 4.6539688868478507e-01 
19.800000 4.6279023871731273e-01 
20.000000 4.6004508474019756e-01 
20.200000 4.5715514713646854e-01 
20.400000 4.5411409288141869e-01 
20.600000 4.5091557518313485e-01 
20.800000 4.4755327895723190e-01 
21.000000 4.4402097233629412e-01 
21.200000 4.4031256431810839e-01 
21.400000 4.3642216853926141e-01 
21.600000 4.3234417302176503e-01 
21.800000 4.2807331558061873e-01 
22.000000 4.2360476440118705e-01 
22.200000 4.1893420309966772e-01 
22.400000 4.1405791937022735e-01 
22.600000 4.0897289610427878e-01 
22.800000 4.0367690364650521e-01 
23.000000 3.9816859163534862e-01 
23.200000 3.9244757867170937e-01 
23.400000 3.8651453787797541e-01 
23.600000 3.8037127626111089e-01 
23.800000 3.7402080568951374e-01 
24.000000 3.6746740324542937e-01 
24.200000 3.6071665873395931e-01 
24.400000 3.5377550722573087e-01 
24.600000 3.4665224469042766e-01 
24.800000 3.3935652504680031e-01 
25.000000 3.3189933731108939e-01 
25.200000 3.2429296196457985e-01 
25.400000 3.1655090617150095e-01 
25.600000 3.0868781804436235e-01 
25.800000 3.0071938075339566e-01 
26.000000 2.9266218788477238e-01 
26.200000 2.8453360204040973e-01 
26.400000 2.7635159921189262e-01 
26.600000 2.6813460192456584e-01 
26.800000 2.5990130451138554e-01 
27.000000 2.5167049412068276e-01 
27.200000 2.4346087117551563e-01 
27.400000 2.3529087298021384e-01 
27.600000 2.2717850401526093e-01 
27.800000 2.1914117618551818e-01 
28.000000 2.1119556190596214e-01 
28.200000 2.0335746244546571e-01 
28.400000 1.9564169342778431e-01 
28.600000 1.8806198883610797e-01 
28.800000 1.8063092430897956e-01 
29.000000 1.7335985997478412e-01 
29.200000 1.6625890256952830e-01 
29.400000 1.5933688613450669e-01 
29.600000 1.5260137020806400e-01 
29.800000 1.4605865411610253e-01 
30.000000 1.3971380573171666e-01 
30.200000 1.3357070291433323e-01 
30.400000 1.2763208574867782e-01 
30.600000 1.2189961767716290e-01 
30.800000 1.1637395364784642e-01 
31.000000 1.1105481347469834e-01 
31.200000 1.0594105871831988e-01 
31.400000 1.0103077153421042e-01 
31.600000 9.6321334093675201e-02 
31.800000 9.1809507351620648e-02 
32.000000 8.7491508109177524e-02 
32.200000 8.3363083491464637e-02 
32.400000 7.9419582127379443e-02 
32.600000 7.5656021475387719e-02 
32.800000 7.2067150884326581e-02 
33.000000 6.8647510109458035e-02 
33.200000 6.5391483120392571e-02 
33.400000 6.2293347138716648e-02 
33.600000 5.9347316929303930e-02 
33.800000 5.6547584440961453e-02 
34.000000 5.3888353950092921e-02 
34.200000 5.1363872906565550e-02 
34.400000 4.8968458715115216e-02 
34.600000 4.6696521709756481e-02 
34.800000 4.4542584594019469e-02 
35.000000 4.2501298627764118e-02 
35.200000 4.0567456842941274e-02 
35.400000 3.8736004567210908e-02 
35.600000 3.7002047526731162e-02 
35.800000 3.5360857788669854e-02 
36.000000 3.3807877790857990e-02 
36.200000 3.2338722691204143e-02 
36.400000 3.0949181253604255e-02 
36.600000 2.9635215470648783e-02 
36.800000 2.8392959106807107e-02 
37.000000 2.7218715329336757e-02 
37.200000 2.6108953578147295e-02 
37.400000 2.5060305810467674e-02 
37.600000 2.4069562241543840e-02 
37.800000 2.3133666688856112e-02 
38.000000 2.2249711614529117e-02 
38.200000 2.1414932948767788e-02 
38.400000 2.0626704766276587e-02 
38.600000 1.9882533877714385e-02 
38.800000 1.9180054389251754e-02 
39.000000 1.8517022275220899e-02 
39.200000 1.7891310001606188e-02 
39.400000 1.7300901231684478e-02 
39.600000 1.6743885639420256e-02 
39.800000 1.6218453851200680e-02 
40.000000 1.5722892532103527e-02 
40.200000 1.5255579629061150e-02 
40.400000 1.4814979779984857e-02 
40.600000 1.4399639895062852e-02 
40.800000 1.4008184914023260e-02 
41.000000 1.3639313741101552e-02 
41.200000 1.3291795357722376e-02 
41.400000 1.2964465111477133e-02 
41.600000 1.2656221178799646e-02 
41.800000 1.2366021197788726e-02 
42.000000 1.2092879066868505e-02 
42.200000 1.1835861904386555e-02 
42.400000 1.1594087163805973e-02 
42.600000 1.1366719898824068e-02 
42.800000 1.1152970172539032e-02 
43.000000 1.0952090604655509e-02 
43.200000 1.0763374050671678e-02 
43.400000 1.0586151406999283e-02 
43.600000 1.0419789536029461e-02 
43.800000 1.0263689305260637e-02 
44.000000 1.0117283734740218e-02 
44.200000 9.9800362472309279e-03 
44.400000 9.8514390156981980e-03 
44.600000 9.7310114029044679e-03 
44.800000 9.6182984881070174e-03 
45.000000 9.5128696760628656e-03 
45.200000 9.4143173837622426e-03 
45.400000 9.3222558005247678e-03 
45.600000 9.2363197173071405e-03 
45.800000 9.1561634212814803e-03 
46.000000 9.0814596519475758e-03 
46.200000 9.0118986152439972e-03 
46.400000 8.9471870523143478e-03 
46.600000 8.8870473597726981e-03 
46.800000 8.8312167584900028e-03 
47.000000 8.7794465080936780e-03 
47.200000 8.7315011645371921e-03 
47.400000 8.6871578782487888e-03 
47.600000 8.6462057305185473e-03 
47.800000 8.6084451059198312e-03 
48.000000 8.5736870986941500e-03 
48.200000 8.5417529511524933e-03 
48.400000 8.5124735222635046e-03 
48.600000 8.4856887847094119e-03 
48.800000 8.4612473487937594e-03 
49.000000 8.4390060116836928e-03 
49.200000 8.4188293305604515e-03 
49.400000 8.4005892183376882e-03 
49.600000 8.3841645606885177e-03 
49.800000 8.3694408531972634e-03 
50.000000 8.3563098575228263e-03 
50.200000 8.3446692755276795e-03 
50.400000 8.3344224403871982e-03 
50.600000 8.3254780237544714e-03 
50.800000 8.3177497581077356e-03 
51.000000 8.3111561734612940e-03 
51.200000 8.3056203476663849e-03 
51.400000 8.3010696695746643e-03 
51.600000 8.2974356143785313e-03 
51.800000 8.2946535304820688e-03 
52.000000 8.2926624372922572e-03 
52.200000 8.2914048333566706e-03 
52.400000 8.2908265143039964e-03 
52.600000 8.2908764000760044e-03 
52.800000 8.2915063709668464e-03 
53.000000 8.2926711120129316e-03 
53.200000 8.2943279653019085e-03 
53.400000 8.2964367897925967e-03 
53.600000 8.2989598282596378e-03 
53.800000 8.3018615809985225e-03 
54.000000 8.3051086859453008e-03 
54.200000 8.3086698048838725e-03 
54.400000 8.3125155154324046e-03 
54.600000 8.3166182085146201e-03 
54.800000 8.3209519910392125e-03 
55.000000 8.3254925935240670e-03 
55.200000 8.3302172824164036e-03 
55.400000 8.3351047768718128e-03 
55.600000 8.3401351697689335e-03 
55.800000 8.3452898527467904e-03 
56.000000 8.3505514450635358e-03 
56.200000 8.3559037260847770e-03 
56.400000 8.3613315712212123e-03 
56.600000 8.3668208911418778e-03 
56.800000 8.3723585741002741e-03 
57.000000 8.3779324312183521e-03 
57.200000 8.3835311445805260e-03 
57.400000 8.3891442179974685e-03 
57.600000 8.3947619303075764e-03 
57.800000 8.4003752910890538e-03 
58.000000 8.4059759986625082e-03 
58.200000 8.4115564002710634e-03 
58.400000 8.4171094543282858e-03 
58.600000 8.4226286946316557e-03 
58.800000 8.4281081964441475e-03 
59.000000 8.4335425443497411e-03 
59.200000 8.4389268017957316e-03 
59.400000 8.4442564822363973e-03 
59.600000 8.4495275217997181e-03 
59.800000 8.4547362533995245e-03 
60.000000 8.4598793822224152e-03 
60.200000 8.4649539625191172e-03 
60.400000 8.4699573756366695e-03 
60.600000 8.4748873092280620e-03 
60.800000 8.4797417375808218e-03 
61.000000 8.4845189030084058e-03 
61.200000 8.4892172982505305e-03 
61.400000 8.4938356498325748e-03 
61.600000 8.4983729023350475e-03 
61.800000 8.5028282035268330e-03 
62.000000 8.5072008903197133e-03 
62.200000 8.5114904755017665e-03 
62.400000 8.5156966352101689e-03 
62.600000 8.5198191971061522e-03 
62.800000 8.5238581292161279e-03 
63.000000 8.5278135294052995e-03 
63.200000 8.5316856154510241e-03 
63.400000 8.5354747156854965e-03 
63.600000 8.5391812601784550e-03 
63.800000 8.5428057724322611e-03 
64.000000 8.5463488615623914e-03 
64.200000 8.5498112149390518e-03 
64.400000 8.5531935912654504e-03 
64.600000 8.5564968140696522e-03 
64.800000 8.5597217655896604e-03 
65.000000 8.5628693810297814e-03 
65.200000 8.5659406431698622e-03 
65.400000 8.5689365773079507e-03 
65.600000 8.5718582465191817e-03 
65.800000 8.5747067472143838e-03 
66.000000 8.5774832049819397e-03 
66.200000 8.5801887706976887e-03 
66.400000 8.5828246168893237e-03 
66.600000 8.5853919343403598e-03 
66.800000 8.5878919289218321e-03 
67.000000 8.5903258186383735e-03 
67.200000 8.5926948308778731e-03 
67.400000 8.5950001998526572e-03 
67.600000 8.5972431642221733e-03 
67.800000 8.5994249648871923e-03 
68.000000 8.6015468429452915e-03 
68.200000 8.6036100377993394e-03 
68.400000 8.6056157854098436e-03 
68.600000 8.6075653166830714e-03 
68.800000 8.6094598559875325e-03 
69.000000 8.6113006197909066e-03 
69.200000 8.6130888154104836e-03 
69.400000 8.6148256398713360e-03 
69.600000 8.6165122788644955e-03 
69.800000 8.6181499058003794e-03 
70.000000 8.6197396809510000e-03 
70.200000 8.6212827506763640e-03 
70.400000 8.6227802467290938e-03 
70.600000 8.6242332856328891e-03 
70.800000 8.6256429681305022e-03 
71.000000 8.6270103786962489e-03 
71.200000 8.6283365851096468e-03 
71.400000 8.6296226380857301e-03 
71.600000 8.6308695709582852e-03 
71.800000 8.6320783994136840e-03 
72.000000 8.6332501212698278e-03 
72.200000 8.6343857162996304e-03 
72.400000 8.6354861460940513e-03 
72.600000 8.6365523539626531e-03 
72.800000 8.6375852648697318e-03 
73.000000 8.6385857854018866e-03 
73.200000 8.6395548037663857e-03 
73.400000 8.6404931898167413e-03 
73.600000 8.6414017951044631e-03 
73.800000 8.6422814529541845e-03 
74.000000 8.6431329785607771e-03 
74.200000 8.6439571691064240e-03 
74.400000 8.6447548038961364e-03 
74.600000 8.6455266445101438e-03 
74.800000 8.6462734349716380e-03 
75.000000 8.6469959019283161e-03 
75.200000 8.6476947548468647e-03 
75.400000 8.6483706862183294e-03 
75.600000 8.6490243717746319e-03 
75.800000 8.6496564707134564e-03 
76.000000 8.6502676259314452e-03 
76.200000 8.6508584642651393e-03 
76.400000 8.6514295967375730e-03 
76.600000 8.6519816188106169e-03 
76.800000 8.6525151106421685e-03 
77.000000 8.6530306373470318e-03 
77.200000 8.6535287492611763e-03 
77.400000 8.6540099822086571e-03 
77.600000 8.6544748577705565e-03 
77.800000 8.6549238835554997e-03 
78.000000 8.6553575534707907e-03 
78.200000 8.6557763479945087e-03 
78.400000 8.6561807344474190e-03 
78.600000 8.6565711672644107e-03 
78.800000 8.6569480882654169e-03 
79.000000 8.6573119269251382e-03 
79.200000 8.6576631006411477e-03 
79.400000 8.6580020150008544e-03 
79.600000 8.6583290640455477e-03 
79.800000 8.6586446305333409e-03 
80.000000 8.6589490861984295e-03 
80.200000 8.6592427920088380e-03 
80.400000 8.6595260984204010e-03 
80.600000 8.6597993456281226e-03 
80.800000 8.6600628638143756e-03 
81.000000 8.6603169733936586e-03 
81.200000 8.6605619852538236e-03 
81.400000 8.6607982009940347e-03 
81.600000 8.6610259131587111e-03 
81.800000 8.6612454054680963e-03 
82.000000 8.6614569530447764e-03 
82.200000 8.6616608226364050e-03 
82.400000 8.6618572728346908e-03 
82.600000 8.6620465542900215e-03 
82.800000 8.6622289099227527e-03 
83.000000 8.6624045751296300e-03 
83.200000 8.6625737779871727e-03 
83.400000 8.6627367394501616e-03 
83.600000 8.6628936735467874e-03 
83.800000 8.6630447875692181e-03 
84.000000 8.6631902822606102e-03 
84.200000 8.6633303519978114e-03 
84.400000 8.6634651849703728e-03 
84.600000 8.6635949633550834e-03 
84.800000 8.6637198634875196e-03 
85.000000 8.6638400560285784e-03 
85.200000 8.6639557061282107e-03 
85.400000 8.6640669735844628e-03 
85.600000 8.6641740129995096e-03 
85.800000 8.6642769739312970e-03 
86.000000 8.6643760010419943e-03 
86.200000 8.6644712342427380e-03 
86.400000 8.6645628088343803e-03 
86.600000 8.6646508556455556e-03 
86.800000 8.6647355011662160e-03 
87.000000 8.6648168676787176e-03 
87.200000 8.6648950733849740e-03 
87.400000 8.6649702325304803e-03 
87.600000 8.6650424555251848e-03 
87.800000 8.6651118490609531e-03 
88.000000 8.6651785162261494e-03 
88.200000 8.6652425566170945e-03 
88.400000 8.6653040664462083e-03 
88.600000 8.6653631386478542e-03 
88.800000 8.6654198629806025e-03 
89.000000 8.6654743261271299e-03 
89.200000 8.6655266117911054e-03 
89.400000 8.6655768007916790e-03 
89.600000 8.6656249711548079e-03 
89.800000 8.6656711982025080e-03 
90.000000 8.6657155546392781e-03 
90.200000 8.6657581106362059e-03 
90.400000 8.6657989339125070e-03 
90.600000 8.6658380898146873e-03 
90.800000 8.6658756413937835e-03 
91.000000 8.6659116494798450e-03 
91.200000 8.6659461727543689e-03 
91.400000 8.6659792678209155e-03 
91.600000 8.6660109892732051e-03 
91.800000 8.6660413897613441e-03 
92.000000 8.6660705200562477e-03 
92.200000 8.6660984291117692e-03 
92.400000 8.6661251641252969e-03 
92.600000 8.6661507705961503e-03 
92.800000 8.6661752923826336e-03 
93.000000 8.6661987717571339e-03 
93.200000 8.6662212494590905e-03 
93.400000 8.6662427647471434e-03 
93.600000 8.6662633554491844e-03 
93.800000 8.6662830580108985e-03 
94.000000 8.6663019075427575e-03 
94.200000 8.6663199378654351e-03 
94.400000 8.6663371815544534e-03 
94.600000 8.6663536699824600e-03 
94.800000 8.6663694333609185e-03 
95.000000 8.6663845007798369e-03 
95.200000 8.6663989002469521e-03 
95.400000 8.6664126587249982e-03 
95.600000 8.6664258021682365e-03 
95.800000 8.6664383555575542e-03 
96.000000 8.6664503429345063e-03 
96.200000 8.6664617874341061e-03 
96.400000 8.6664727113170484e-03 
96.600000 8.6664831360001339e-03 
96.800000 8.6664930820863715e-03 
97.000000 8.6665025693935249e-03 
97.200000 8.6665116169822223e-03 
97.400000 8.6665202431829343e-03 
97.600000 8.6665284656217371e-03 
97.800000 8.6665363012460306e-03 
98.000000 8.6665437663482042e-03 
98.200000 8.6665508765898236e-03 
98.400000 8.6665576470241080e-03 
98.600000 8.6665640921177525e-03 
98.800000 8.6665702257725311e-03 
99.000000 8.6665760613455264e-03 
99.200000 8.6665816116691836e-03 
99.400000 8.6665868890703282e-03 
99.600000 8.6665919053885432e-03 
99.800000 8.6665966719945871e-03 
100.000000 8.6666011998069222e-03 
100.200000 8.6666054993088087e-03 
100.400000 8.6666095805645119e-03 
100.600000 8.6666134532345420e-03 
100.800000 8.6666171265906561e-03 
101.000000 8.6666206095306446e-03 
101.200000 8.6666239105919751e-03 
101.400000 8.6666270379655453e-03 
101.600000 8.6666299995084625e-03 
101.800000 8.6666328027568632e-03 
102.000000 8.6666354549377218e-03 
102.200000 8.6666379629807954e-03 
102.400000 8.6666403335298528e-03 
102.600000 8.6666425729535479e-03 
102.800000 8.6666446873558175e-03 
103.000000 8.6666466825860693e-03 
103.200000 8.6666485642490805e-03 
103.400000 8.6666503377141810e-03 
103.600000 8.6666520081243887e-03 
103.800000 8.6666535804053608e-03 
104.000000 8.6666550592735640e-03 
104.200000 8.6666564492446016e-03 
104.400000 8.6666577546408025e-03 
104.600000 8.6666589795990692e-03 
104.800000 8.6666601280780096e-03 
105.000000 8.6666612038648720e-03 
105.200000 8.6666622105825136e-03 
105.400000 8.6666631516956975e-03 
105.600000 8.6666640305173709e-03 
105.800000 8.6666648502150209e-03 
106.000000 8.6666656138161564e-03 
106.200000 8.6666663242138328e-03 
106.400000 8.6666669841725438e-03 
106.600000 8.6666675963326962e-03 
106.800000 8.6666681632163890e-03 
107.000000 8.6666686872316160e-03 
107.200000 8.6666691706772572e-03 
107.400000 8.6666696157472866e-03 
107.600000 8.6666700245353074e-03 
107.800000 8.6666703990384529e-03 
108.000000 8.6666707411615727e-03 
108.200000 8.6666710527208562e-03 
108.400000 8.6666713354476722e-03 
108.600000 8.6666715909920235e-03 
108.800000 8.6666718209259339e-03 
109.000000 8.6666720267467579e-03 
109.200000 8.6666722098803842e-03 
109.400000 8.6666723716840293e-03 
109.600000 8.6666725134495800e-03 
109.800000 8.6666726364058328e-03 
110.000000 8.6666727417216375e-03 
110.200000 8.6666728305082111e-03 
110.400000 8.6666729038218163e-03 
110.600000 8.6666729626659680e-03 
110.800000 8.6666730079938119e-03 
111.000000 8.6666730407102734e-03 
111.200000 8.6666730616742748e-03 
111.400000 8.6666730717006243e-03 
111.600000 8.6666730715620876e-03 
111.800000 8.6666730619911741e-03 
112.000000 8.6666730436819363e-03 
112.200000 8.6666730172917511e-03 
112.400000 8.6666729834429489e-03 
112.600000 8.6666729427243416e-03 
112.800000 8.6666728956928379e-03 
113.000000 8.6666728428748258e-03 
113.200000 8.6666727847675862e-03 
113.400000 8.6666727218406882e-03 
113.600000 8.6666726545373152e-03 
113.800000 8.6666725832752027e-03 
114.000000 8.6666725084482612e-03 
114.200000 8.6666724304274318e-03 
114.400000 8.6666723495618294e-03 
114.600000 8.6666722661796914e-03 
114.800000 8.6666721805896945e-03 
115.000000 8.6666720930814855e-03 
115.200000 8.6666720039268869e-03 
115.400000 8.6666719133806844e-03 
115.600000 8.6666718216814268e-03 
115.800000 8.6666717290523089e-03 
116.000000 8.6666716357019016e-03 
116.200000 8.6666715418248497e-03 
116.400000 8.6666714476026623e-03 
116.600000 8.6666713532041872e-03 
116.800000 8.6666712587865936e-03 
117.000000 8.6666711644957563e-03 
117.200000 8.6666710704666958e-03 
117.400000 8.6666709768245115e-03 
117.600000 8.6666708836846892e-03 
117.800000 8.6666707911536023e-03 
118.000000 8.6666706993289572e-03 
118.200000 8.6666706083006334e-03 
118.400000 8.6666705181506227e-03 
118.600000 8.6666704289536881e-03 
118.800000 8.6666703407778291e-03 
119.000000 8.6666702536845920e-03 
119.200000 8.6666701677293994e-03 
119.400000 8.6666700829620951e-03 
119.600000 8.6666699994268348e-03 
119.800000 8.6666699171629637e-03 
120.000000 8.6666698362050185e-03 
120.200000 8.6666697565829284e-03 
120.400000 8.6666696783226152e-03 
120.600000 8.6666696014458637e-03 
120.800000 8.6666695259709301e-03 
121.000000 8.6666694519124884e-03 
121.200000 8.6666693792820278e-03 
121.400000 8.6666693080880413e-03 
121.600000 8.6666692383362640e-03 
121.800000 8.6666691700296936e-03 
122.000000 8.6666691031688694e-03 
122.200000 8.6666690377522441e-03 
122.400000 8.6666689737760622e-03 
122.600000 8.6666689112345693e-03 
122.800000 8.6666688501203515e-03 
123.000000 8.6666687904241903e-03 
123.200000 8.6666687321355282e-03 
123.400000 8.6666686752422360e-03 
123.600000 8.6666686197310102e-03 
123.800000 8.6666685655873571e-03 
124.000000 8.6666685127956763e-03 
124.200000 8.6666684613394621e-03 
124.400000 8.6666684112013653e-03 
124.600000 8.6666683623632130e-03 
124.800000 8.6666683148060898e-03 
125.000000 8.6666682685106258e-03 
125.200000 8.6666682234567399e-03 
125.400000 8.6666681796239500e-03 
125.600000 8.6666681369914119e-03 
125.800000 8.6666680955378717e-03 
126.000000 8.6666680552418135e-03 
126.200000 8.6666680160814649e-03 
126.400000 8.6666679780348921e-03 
126.600000 8.6666679410800224e-03 
126.800000 8.6666679051946530e-03 
127.000000 8.6666678703566785e-03 
127.200000 8.6666678365437521e-03 
127.400000 8.6666678037336624e-03 
127.600000 8.6666677719043333e-03 
127.800000 8.6666677410336054e-03 
128.000000 8.6666677110995606e-03 
128.200000 8.6666676820803847e-03 
128.400000 8.6666676539543675e-03 
128.600000 8.6666676267000680e-03 
128.800000 8.6666676002962097e-03 
129.000000 8.6666675747216603e-03 
129.200000 8.6666675499557210e-03 
129.400000 8.6666675259778041e-03 
129.600000 8.6666675027675336e-03 
129.800000 8.6666674803049706e-03 
130.000000 8.6666674585703235e-03 
130.200000 8.6666674375442451e-03 
130.400000 8.6666674172075544e-03 
130.600000 8.6666673975414662e-03 
130.800000 8.6666673785275559e-03 
131.000000 8.6666673601475796e-03 
131.200000 8.6666673423837336e-03 
131.400000 8.6666673252185529e-03 
131.600000 8.6666673086349833e-03 
131.800000 8.6666672926160246e-03 
132.000000 8.6666672771453530e-03 
132.200000 8.6666672622068217e-03 
132.400000 8.6666672477846741e-03 
132.600000 8.6666672338634280e-03 
132.800000 8.6666672204280121e-03 
133.000000 8.6666672074636932e-03 
133.200000 8.6666671949560733e-03 
133.400000 8.6666671828910472e-03 
133.600000 8.6666671712549298e-03 
133.800000 8.6666671600342197e-03 
134.000000 8.6666671492159914e-03 
134.200000 8.6666671387874063e-03 
134.400000 8.6666671287360074e-03 
134.600000 8.6666671190498284e-03 
134.800000 8.6666671097169450e-03 
135.000000 8.6666671007258698e-03 
135.200000 8.6666670920655161e-03 
135.400000 8.6666670837249934e-03 
135.600000 8.6666670756936470e-03 
135.800000 8.6666670679612767e-03 
136.000000 8.6666670605178523e-03 
136.200000 8.6666670533536178e-03 
136.400000 8.6666670464592092e-03 
136.600000 8.6666670398253595e-03 
136.800000 8.6666670334432268e-03 
137.000000 8.6666670273041618e-03 
137.200000 8.6666670213997789e-03 
137.400000 8.6666670157219215e-03 
137.600000 8.6666670102626842e-03 
137.800000 8.6666670050143824e-03 
138.000000 8.6666669999696661e-03 
138.200000 8.6666669951212961e-03 
138.400000 8.6666669904622747e-03 
138.600000 8.6666669859859283e-03 
138.800000 8.6666669816856581e-03 
139.000000 8.6666669775551184e-03 
139.200000 8.6666669735882690e-03 
139.400000 8.6666669697791163e-03 
139.600000 8.6666669661218838e-03 
139.800000 8.6666669626111262e-03 
140.000000 8.6666669592413963e-03 
140.200000 8.6666669560074589e-03 
140.400000 8.6666669529044324e-03 
140.600000 8.6666669499274110e-03 
140.800000 8.6666669470716745e-03 
141.000000 8.6666669443328133e-03 
141.200000 8.6666669417062841e-03 
141.400000 8.6666669391879964e-03 
141.600000 8.6666669367738945e-03 
141.800000 8.6666669344599833e-03 
142.000000 8.6666669322425487e-03 
142.200000 8.6666669301178976e-03 
142.400000 8.6666669280824893e-03 
142.600000 8.6666669261330088e-03 
142.800000 8.6666669242661757e-03 
143.000000 8.6666669224786663e-03 
143.200000 8.6666669207677034e-03 
143.400000 8.6666669191302059e-03 
143.600000 8.6666669175633863e-03 
143.800000 8.6666669160646130e-03 
144.000000 8.6666669146311919e-03 
144.200000 8.6666669132606997e-03 
144.400000 8.6666669119507492e-03 
144.600000 8.6666669106989901e-03 
144.800000 8.6666669095033528e-03 
145.000000 8.6666669083614971e-03 
145.200000 8.6666669072714368e-03 
145.400000 8.6666669062313191e-03 
145.600000 8.6666669052390174e-03 
145.800000 8.6666669042929443e-03 
146.000000 8.6666669033911674e-03 
146.200000 8.6666669025320768e-03 
146.400000 8.6666669017140228e-03 
146.600000 8.6666669009355640e-03 
146.800000 8.6666669001953158e-03 
147.000000 8.6666668994922150e-03 
147.200000 8.6666668988250681e-03 
147.400000 8.6666668981926088e-03 
147.600000 8.6666668975935619e-03 
147.800000 8.6666668970267879e-03 
148.000000 8.6666668964910307e-03 
148.200000 8.6666668959851176e-03 
148.400000 8.6666668955078623e-03 
148.600000 8.6666668950582271e-03 
148.800000 8.6666668946350466e-03 
149.000000 8.6666668942373109e-03 
149.200000 8.6666668938639637e-03 
149.400000 8.6666668935139936e-03 
149.600000 8.6666668931864137e-03 
149.800000 8.6666668928803182e-03 
