0.000000 5.1314277702618227e-01 
0.200000 5.1314356680765849e-01 
0.400000 5.1314792013723520e-01 
0.600000 5.1315491784211642e-01 
0.800000 5.1316371815916750e-01 
1.000000 5.1317354153048766e-01 
1.200000 5.1318357531087677e-01 
1.400000 5.1319320472292984e-01 
1.600000 5.1320172726738755e-01 
1.800000 5.1320843920831472e-01 
2.000000 5.1321262473626172e-01 
2.200000 5.1321367685700670e-01 
2.400000 5.1321145037617810e-01 
2.600000 5.1320586375714294e-01 
2.800000 5.1319687642803025e-01 
3.000000 5.1318447147324631e-01 
3.200000 5.1316863008942959e-01 
3.400000 5.1314934395925749e-01 
3.600000 5.1312673729171143e-01 
3.800000 5.1310135186674577e-01 
4.000000 5.1307325590566477e-01 
4.200000 5.1304239066576907e-01 
4.400000 5.1300863527891349e-01 
4.600000 5.1297179507631452e-01 
4.800000 5.1293165881106340e-01 
5.000000 5.1288799709006849e-01 
5.200000 5.1284058186359904e-01 
5.400000 5.1278919596769013e-01 
5.600000 5.1273363884251100e-01 
5.800000 5.1267372209229767e-01 
6.000000 5.1260926525475725e-01 
6.200000 5.1254009238320830e-01 
6.400000 5.1246602901021676e-01 
6.600000 5.1238689785662328e-01 
6.800000 5.1230251531670667e-01 
7.000000 5.1221268793731134e-01 
7.200000 5.1211719702301384e-01 
7.400000 5.1201580147050940e-01 
7.600000 5.1190824353836850e-01 
7.800000 5.1179425110918497e-01 
8.000000 5.1167353869549148e-01 
8.200000 5.1154580797750382e-01 
8.400000 5.1141074801290365e-01 
8.600000 5.1126803475933125e-01 
8.800000 5.1111733001232429e-01 
9.000000 5.1095827991630427e-01 
9.200000 5.1079051330564196e-01 
9.400000 5.1061363989654951e-01 
9.600000 5.1042724844378451e-01 
9.800000 5.1023090497745005e-01 
10.000000 5.1002415138314638e-01 
10.200000 5.0980650409984363e-01 
10.400000 5.0957745221497730e-01 
10.600000 5.0933645564347096e-01 
10.800000 5.0908294315583280e-01 
11.000000 5.0881631074992151e-01 
11.200000 5.0853591994434810e-01 
11.400000 5.0824109582047072e-01 
11.600000 5.0793112479070124e-01 
11.800000 5.0760525212985452e-01 
12.000000 5.0726267928657465e-01 
12.200000 5.0690256097517283e-01 
12.400000 5.0652400207126513e-01 
12.600000 5.0612605431659297e-01 
12.800000 5.0570771284210936e-01 
13.000000 5.0526791249992564e-01 
13.200000 5.0480552397884215e-01 
13.400000 5.0431934975754944e-01 
13.600000 5.0380811979480689e-01 
13.800000 5.0327048700425503e-01 
14.000000 5.0270502250262572e-01 
14.200000 5.0211021063286576e-01 
14.400000 5.0148444374181977e-01 
14.600000 5.0082601669411508e-01 
14.800000 5.0013312113228670e-01 
15.000000 4.9940383948934963e-01 
15.200000 4.9863613876562357e-01 
15.400000 4.9782786408833957e-01 
15.600000 4.9697673207711002e-01 
15.800000 4.9608032404126112e-01 
16.000000 4.9513607904185475e-01 
16.200000 4.9414128686838427e-01 
16.400000 4.9309308098033700e-01 
16.600000 4.9198843147482352e-01 
16.800000 4.9082413816147813e-01 
17.000000 4.8959682383858616e-01 
17.200000 4.8830292788092761e-01 
17.400000 4.8693870026961239e-01 
17.600000 4.8550019621703722e-01 
17.800000 4.8398327156217336e-01 
18.000000 4.8238357913638041e-01 
18.200000 4.8069656632780450e-01 
18.400000 4.7891747409927166e-01 
18.600000 4.7704133774222846e-01 
18.800000 4.7506298967677807e-01 
19.000000 4.7297706463644990e-01 
19.200000 4.7077800759910110e-01 
19.400000 4.6846008484645035e-01 
19.600000 4.6601739855303004e-01 
19.800000 4.6344390531403418e-01 
20.000000 4.6073343902377611e-01 
20.200000 4.5787973850737140e-01 
20.400000 4.5487648028726818e-01 
20.600000 4.5171731682989413e-01 
20.800000 4.4839592056485517e-01 
21.000000 4.4490603389790184e-01 
21.200000 4.4124152534744115e-01 
21.400000 4.3739645182205716e-01 
21.600000 4.3336512692272622e-01 
21.800000 4.2914219499867562e-01 
22.000000 4.2472271051198240e-01 
22.200000 4.2010222207305808e-01 
22.400000 4.1527686030340166e-01 
22.600000 4.1024342846520040e-01 
22.800000 4.0499949457654311e-01 
23.000000 3.9954348351238222e-01 
23.200000 3.9387476738338317e-01 
23.400000 3.8799375229678862e-01 
23.600000 3.8190195944572602e-01 
23.800000 3.7560209835736330e-01 
24.000000 3.6909813006765479e-01 
24.200000 3.6239531799208879e-01 
24.400000 3.5550026433821513e-01 
24.600000 3.4842093006470665e-01 
24.800000 3.4116663663831442e-01 
25.000000 3.3374804817499409e-01 
25.200000 3.2617713297082623e-01 
25.400000 3.1846710392259409e-01 
25.600000 3.1063233789195854e-01 
25.800000 3.0268827466067477e-01 
26.000000 2.9465129673283047e-01 
26.200000 2.8653859183584485e-01 
26.400000 2.7836800052614863e-01 
26.600000 2.7015785179023294e-01 
26.800000 2.6192678992179858e-01 
27.000000 2.5369359623101834e-01 
27.200000 2.4547700928832480e-01 
27.400000 2.3729554741642411e-01 
27.600000 2.2916733702159214e-01 
27.800000 2.2110995010774040e-01 
28.000000 2.1314025395965161e-01 
28.200000 2.0527427553636318e-01 
28.400000 1.9752708260596682e-01 
28.600000 1.8991268310559695e-01 
28.800000 1.8244394365089331e-01 
29.000000 1.7513252757219028e-01 
29.200000 1.6798885234112532e-01 
29.400000 1.6102206578862208e-01 
29.600000 1.5424004011583903e-01 
29.800000 1.4764938237179120e-01 
30.000000 1.4125545981856152e-01 
30.200000 1.3506243842705121e-01 
30.400000 1.2907333263948256e-01 
30.600000 1.2329006449333835e-01 
30.800000 1.1771353021715701e-01 
31.000000 1.1234367247278862e-01 
31.200000 1.0717955652194160e-01 
31.400000 1.0221944872784269e-01 
31.600000 9.7460895956935092e-02 
31.800000 9.2900804612621221e-02 
32.000000 8.8535518206180400e-02 
32.200000 8.4360892543222918e-02 
32.400000 8.0372367772349060e-02 
32.600000 7.6565036702430242e-02 
32.800000 7.2933708943109882e-02 
33.000000 6.9472970557844613e-02 
33.200000 6.6177239038941418e-02 
33.400000 6.3040813518939004e-02 
33.600000 6.0057920222534311e-02 
33.800000 5.7222753238389441e-02 
34.000000 5.4529510751462333e-02 
34.200000 5.1972426924956079e-02 
34.400000 4.9545799657831312e-02 
34.600000 4.7244014470268998e-02 
34.800000 4.5061564786884487e-02 
35.000000 4.2993068897116238e-02 
35.200000 4.1033283875289726e-02 
35.400000 3.9177116740528553e-02 
35.600000 3.7419633130026948e-02 
35.800000 3.5756063749132011e-02 
36.000000 3.4181808849061197e-02 
36.200000 3.2692440968631581e-02 
36.400000 3.1283706160719398e-02 
36.600000 2.9951523907807972e-02 
36.800000 2.8691985914396850e-02 
37.000000 2.7501353947521422e-02 
37.200000 2.6376056880502916e-02 
37.400000 2.5312687079489547e-02 
37.600000 2.4307996257533902e-02 
37.800000 2.3358890906987229e-02 
38.000000 2.2462427407947183e-02 
38.200000 2.1615806898409487e-02 
38.400000 2.0816369980670421e-02 
38.600000 2.0061591328372822e-02 
38.800000 1.9349074249393881e-02 
39.000000 1.8676545251464418e-02 
39.200000 1.8041848649977790e-02 
39.400000 1.7442941250805713e-02 
39.600000 1.6877887135065456e-02 
39.800000 1.6344852567598510e-02 
40.000000 1.5842101046375262e-02 
40.200000 1.5367988506085660e-02 
40.400000 1.4920958685741855e-02 
40.600000 1.4499538667168957e-02 
40.800000 1.4102334588735442e-02 
41.000000 1.3728027536533070e-02 
41.200000 1.3375369613414441e-02 
41.400000 1.3043180184795713e-02 
41.600000 1.2730342298894554e-02 
41.800000 1.2435799278067580e-02 
42.000000 1.2158551477107434e-02 
42.200000 1.1897653203731704e-02 
42.400000 1.1652209796014583e-02 
42.600000 1.1421374851165567e-02 
42.800000 1.1204347599816880e-02 
43.000000 1.1000370419837160e-02 
43.200000 1.0808726483618320e-02 
43.400000 1.0628737532780316e-02 
43.600000 1.0459761774286733e-02 
43.800000 1.0301191892059166e-02 
44.000000 1.0152453168305689e-02 
44.200000 1.0013001708933005e-02 
44.400000 9.8823227675913072e-03 
44.600000 9.7599291630909718e-03 
44.800000 9.6453597851329283e-03 
45.000000 9.5381781835073096e-03 
45.200000 9.4379712361267309e-03 
45.400000 9.3443478914760018e-03 
45.600000 9.2569379812751929e-03 
45.800000 9.1753910993631893e-03 
46.000000 9.0993755430154744e-03 
46.200000 9.0285773131120860e-03 
46.400000 8.9626991697654649e-03 
46.600000 8.9014597402070489e-03 
46.800000 8.8445926759106591e-03 
47.000000 8.7918458561045496e-03 
47.200000 8.7429806349884100e-03 
47.400000 8.6977711301286162e-03 
47.600000 8.6560035496536254e-03 
47.800000 8.6174755560136374e-03 
48.000000 8.5819956642008473e-03 
48.200000 8.5493826724540346e-03 
48.400000 8.5194651235888635e-03 
48.600000 8.4920807952095188e-03 
48.800000 8.4670762171594784e-03 
49.000000 8.4443062146716073e-03 
49.200000 8.4236334757688131e-03 
49.400000 8.4049281415542691e-03 
49.600000 8.3880674181132375e-03 
49.800000 8.3729352088232588e-03 
50.000000 8.3594217659438783e-03 
50.200000 8.3474233604230036e-03 
50.400000 8.3368419689202385e-03 
50.600000 8.3275849771079821e-03 
50.800000 8.3195648983649031e-03 
51.000000 8.3126991070295916e-03 
51.200000 8.3069095854301778e-03 
51.400000 8.3021226839514635e-03 
51.600000 8.2982688934433550e-03 
51.800000 8.2952826293159147e-03 
52.000000 8.2931020267006921e-03 
52.200000 8.2916687460970941e-03 
52.400000 8.2909277889521085e-03 
52.600000 8.2908273226544680e-03 
52.800000 8.2913185144524240e-03 
53.000000 8.2923553738324472e-03 
53.200000 8.2938946029206123e-03 
53.400000 8.2958954544926806e-03 
53.600000 8.2983195972027891e-03 
53.800000 8.3011309876595638e-03 
54.000000 8.3042957489999885e-03 
54.200000 8.3077820556304027e-03 
54.400000 8.3115600238198844e-03 
54.600000 8.3156016078500695e-03 
54.800000 8.3198805014396467e-03 
55.000000 8.3243720441766797e-03 
55.200000 8.3290531327072006e-03 
55.400000 8.3339021364397491e-03 
55.600000 8.3388988175388847e-03 
55.800000 8.3440242549933721e-03 
56.000000 8.3492607725537352e-03 
56.200000 8.3545918703458507e-03 
56.400000 8.3600021599770109e-03 
56.600000 8.3654773029597680e-03 
56.800000 8.3710039522878910e-03 
57.000000 8.3765696970071277e-03 
57.200000 8.3821630096321455e-03 
57.400000 8.3877731962665458e-03 
57.600000 8.3933903492929389e-03 
57.800000 8.3990053025035753e-03 
58.000000 8.4046095885512723e-03 
58.200000 8.4101953986042595e-03 
58.400000 8.4157555440958071e-03 
58.600000 8.4212834204640298e-03 
58.800000 8.4267729727831274e-03 
59.000000 8.4322186631910923e-03 
59.200000 8.4376154400255341e-03 
59.400000 8.4429587085816955e-03 
59.600000 8.4482443034114164e-03 
59.800000 8.4534684620874156e-03 
60.000000 8.4586278003586333e-03 
60.200000 8.4637192886271237e-03 
60.400000 8.4687402296813753e-03 
60.600000 8.4736882376218441e-03 
60.800000 8.4785612179201237e-03 
61.000000 8.4833573485539326e-03 
61.200000 8.4880750621646253e-03 
61.400000 8.4927130291851706e-03 
61.600000 8.4972701418901588e-03 
61.800000 8.5017454993213427e-03 
62.000000 8.5061383930437971e-03 
62.200000 8.5104482936918802e-03 
62.400000 8.5146748382637378e-03 
62.600000 8.5188178181269860e-03 
62.800000 8.5228771676995226e-03 
63.000000 8.5268529537704304e-03 
63.200000 8.5307453654291949e-03 
63.400000 8.5345547045707938e-03 
63.600000 8.5382813769486997e-03 
63.800000 8.5419258837462660e-03 
64.000000 8.5454888136402406e-03 
64.200000 8.5489708353314632e-03 
64.400000 8.5523726905176699e-03 
64.600000 8.5556951872860949e-03 
64.800000 8.5589391939035284e-03 
65.000000 8.5621056329834109e-03 
65.200000 8.5651954760099409e-03 
65.400000 8.5682097382003483e-03 
65.600000 8.5711494736880611e-03 
65.800000 8.5740157710086536e-03 
66.000000 8.5768097488736275e-03 
66.200000 8.5795325522160255e-03 
66.400000 8.5821853484930617e-03 
66.600000 8.5847693242329087e-03 
66.800000 8.5872856818110903e-03 
67.000000 8.5897356364455432e-03 
67.200000 8.5921204133965513e-03 
67.400000 8.5944412453623966e-03 
67.600000 8.5966993700582178e-03 
67.800000 8.5988960279686603e-03 
68.000000 8.6010324602649804e-03 
68.200000 8.6031099068762749e-03 
68.400000 8.6051296047074798e-03 
68.600000 8.6070927859950019e-03 
68.800000 8.6090006767917671e-03 
69.000000 8.6108544955756858e-03 
69.200000 8.6126554519725534e-03 
69.400000 8.6144047455884339e-03 
69.600000 8.6161035649436231e-03 
69.800000 8.6177530865033051e-03 
70.000000 8.6193544737984996e-03 
70.200000 8.6209088766320534e-03 
70.400000 8.6224174303645394e-03 
70.600000 8.6238812552748463e-03 
70.800000 8.6253014559917653e-03 
71.000000 8.6266791209906914e-03 
71.200000 8.6280153221528159e-03 
71.400000 8.6293111143815153e-03 
71.600000 8.6305675352733539e-03 
71.800000 8.6317856048392094e-03 
72.000000 8.6329663252728700e-03 
72.200000 8.6341106807636819e-03 
72.400000 8.6352196373499415e-03 
72.600000 8.6362941428107486e-03 
72.800000 8.6373351265933013e-03 
73.000000 8.6383434997731462e-03 
73.200000 8.6393201550450729e-03 
73.400000 8.6402659667422117e-03 
73.600000 8.6411817908815455e-03 
73.800000 8.6420684652333685e-03 
74.000000 8.6429268094132903e-03 
74.200000 8.6437576249943325e-03 
74.400000 8.6445616956381359e-03 
74.600000 8.6453397872434893e-03 
74.800000 8.6460926481101447e-03 
75.000000 8.6468210091172545e-03 
75.200000 8.6475255839145067e-03 
75.400000 8.6482070691254551e-03 
75.600000 8.6488661445609204e-03 
75.800000 8.6495034734417400e-03 
76.000000 8.6501197026307274e-03 
76.200000 8.6507154628709618e-03 
76.400000 8.6512913690317151e-03 
76.600000 8.6518480203589057e-03 
76.800000 8.6523860007315084e-03 
77.000000 8.6529058789214831e-03 
77.200000 8.6534082088572072e-03 
77.400000 8.6538935298897182e-03 
77.600000 8.6543623670614772e-03 
77.800000 8.6548152313761159e-03 
78.000000 8.6552526200699125e-03 
78.200000 8.6556750168833504e-03 
78.400000 8.6560828923330242e-03 
78.600000 8.6564767039837461e-03 
78.800000 8.6568568967189622e-03 
79.000000 8.6572239030112078e-03 
79.200000 8.6575781431905939e-03 
79.400000 8.6579200257118176e-03 
79.600000 8.6582499474192227e-03 
79.800000 8.6585682938098100e-03 
80.000000 8.6588754392935615e-03 
80.200000 8.6591717474515800e-03 
80.400000 8.6594575712908069e-03 
80.600000 8.6597332534962441e-03 
80.800000 8.6599991266798366e-03 
81.000000 8.6602555136260292e-03 
81.200000 8.6605027275340387e-03 
81.400000 8.6607410722564018e-03 
81.600000 8.6609708425340864e-03 
81.800000 8.6611923242277296e-03 
82.000000 8.6614057945452860e-03 
82.200000 8.6616115222656765e-03 
82.400000 8.6618097679584220e-03 
82.600000 8.6620007841999754e-03 
82.800000 8.6621848157849204e-03 
83.000000 8.6623620999343159e-03 
83.200000 8.6625328664996764e-03 
83.400000 8.6626973381623423e-03 
83.600000 8.6628557306297708e-03 
83.800000 8.6630082528271739e-03 
84.000000 8.6631551070851121e-03 
84.200000 8.6632964893237595e-03 
84.400000 8.6634325892321756e-03 
84.600000 8.6635635904446680e-03 
84.800000 8.6636896707124132e-03 
85.000000 8.6638110020716089e-03 
85.200000 8.6639277510076537e-03 
85.400000 8.6640400786155390e-03 
85.600000 8.6641481407564308e-03 
85.800000 8.6642520882105594e-03 
86.000000 8.6643520668263814e-03 
86.200000 8.6644482176660015e-03 
86.400000 8.6645406771473227e-03 
86.600000 8.6646295771823176e-03 
86.800000 8.6647150453120769e-03 
87.000000 8.6647972048382142e-03 
87.200000 8.6648761749510955e-03 
87.400000 8.6649520708545480e-03 
87.600000 8.6650250038874128e-03 
87.800000 8.6650950816421837e-03 
88.000000 8.6651624080800686e-03 
88.200000 8.6652270836429842e-03 
88.400000 8.6652892053628826e-03 
88.600000 8.6653488669680614e-03 
88.800000 8.6654061589860523e-03 
89.000000 8.6654611688443284e-03 
89.200000 8.6655139809680044e-03 
89.400000 8.6655646768746038e-03 
89.600000 8.6656133352664699e-03 
89.800000 8.6656600321201836e-03 
90.000000 8.6657048407740977e-03 
90.200000 8.6657478320124968e-03 
90.400000 8.6657890741482745e-03 
90.600000 8.6658286331023800e-03 
90.800000 8.6658665724814714e-03 
91.000000 8.6659029536531717e-03 
91.200000 8.6659378358191850e-03 
91.400000 8.6659712760860392e-03 
91.600000 8.6660033295338449e-03 
91.800000 8.6660340492832801e-03 
92.000000 8.6660634865599190e-03 
92.200000 8.6660916907575318e-03 
92.400000 8.6661187094985211e-03 
92.600000 8.6661445886932198e-03 
92.800000 8.6661693725971090e-03 
93.000000 8.6661931038662359e-03 
93.200000 8.6662158236110662e-03 
93.400000 8.6662375714485641e-03 
93.600000 8.6662583855529537e-03 
93.800000 8.6662783027042500e-03 
94.000000 8.6662973583358990e-03 
94.200000 8.6663155865808611e-03 
94.400000 8.6663330203158861e-03 
94.600000 8.6663496912046528e-03 
94.800000 8.6663656297394382e-03 
95.000000 8.6663808652816584e-03 
95.200000 8.6663954261008806e-03 
95.400000 8.6664093394127218e-03 
95.600000 8.6664226314152586e-03 
95.800000 8.6664353273249867e-03 
96.000000 8.6664474514105156e-03 
96.200000 8.6664590270263565e-03 
96.400000 8.6664700766445769e-03 
96.600000 8.6664806218861388e-03 
96.800000 8.6664906835507895e-03 
97.000000 8.6665002816463839e-03 
97.200000 8.6665094354165684e-03 
97.400000 8.6665181633684349e-03 
97.600000 8.6665264832984958e-03 
97.800000 8.6665344123181918e-03 
98.000000 8.6665419668783116e-03 
98.200000 8.6665491627931097e-03 
98.400000 8.6665560152627674e-03 
98.600000 8.6665625388958976e-03 
98.800000 8.6665687477308732e-03 
99.000000 8.6665746552565086e-03 
99.200000 8.6665802744321074e-03 
99.400000 8.6665856177066646e-03 
99.600000 8.6665906970377592e-03 
99.800000 8.6665955239093474e-03 
100.000000 8.6666001093492831e-03 
100.200000 8.6666044639461606e-03 
100.400000 8.6666085978653780e-03 
100.600000 8.6666125208651520e-03 
100.800000 8.6666162423112859e-03 
101.000000 8.6666197711918833e-03 
101.200000 8.6666231161315263e-03 
101.400000 8.6666262854049377e-03 
101.600000 8.6666292869498913e-03 
101.800000 8.6666321283800831e-03 
102.000000 8.6666348169972731e-03 
102.200000 8.6666373598030724e-03 
102.400000 8.6666397635103455e-03 
102.600000 8.6666420345542297e-03 
102.800000 8.6666441791026626e-03 
103.000000 8.6666462030665879e-03 
103.200000 8.6666481121098812e-03 
103.400000 8.6666499116587591e-03 
103.600000 8.6666516069110171e-03 
103.800000 8.6666532028448484e-03 
104.000000 8.6666547042271377e-03 
104.200000 8.6666561156220900e-03 
104.400000 8.6666574413988111e-03 
104.600000 8.6666586857389212e-03 
104.800000 8.6666598526441430e-03 
105.000000 8.6666609459431759e-03 
105.200000 8.6666619692984965e-03 
105.400000 8.6666629262131863e-03 
105.600000 8.6666638200368195e-03 
105.800000 8.6666646539720338e-03 
106.000000 8.6666654310800402e-03 
106.200000 8.6666661542865626e-03 
106.400000 8.6666668263870508e-03 
106.600000 8.6666674500519379e-03 
106.800000 8.6666680278318729e-03 
107.000000 8.6666685621623676e-03 
107.200000 8.6666690553688051e-03 
107.400000 8.6666695096703338e-03 
107.600000 8.6666699271848221e-03 
107.800000 8.6666703099328082e-03 
108.000000 8.6666706598413530e-03 
108.200000 8.6666709787481498e-03 
108.400000 8.6666712684048981e-03 
108.600000 8.6666715304813315e-03 
108.800000 8.6666717665683009e-03 
109.000000 8.6666719781812191e-03 
109.200000 8.6666721667631643e-03 
109.400000 8.6666723336880462e-03 
109.600000 8.6666724802633970e-03 
109.800000 8.6666726077333518e-03 
110.000000 8.6666727172811445e-03 
110.200000 8.6666728100319741e-03 
110.400000 8.6666728870553461e-03 
110.600000 8.6666729493674790e-03 
110.800000 8.6666729979337012e-03 
111.000000 8.6666730336706129e-03 
111.200000 8.6666730574481432e-03 
111.400000 8.6666730700918643e-03 
111.600000 8.6666730723846223e-03 
111.800000 8.6666730650686290e-03 
112.000000 8.6666730488472576e-03 
112.200000 8.6666730243867233e-03 
112.400000 8.6666729923177838e-03 
112.600000 8.6666729532374025e-03 
112.800000 8.6666729077100966e-03 
113.000000 8.6666728562696683e-03 
113.200000 8.6666727994204329e-03 
113.400000 8.6666727376386154e-03 
113.600000 8.6666726713737225e-03 
113.800000 8.6666726010497640e-03 
114.000000 8.6666725270662624e-03 
114.200000 8.6666724497997706e-03 
114.400000 8.6666723696045903e-03 
114.600000 8.6666722868141092e-03 
114.800000 8.6666722017416549e-03 
115.000000 8.6666721146813775e-03 
115.200000 8.6666720259095612e-03 
115.400000 8.6666719356849400e-03 
115.600000 8.6666718442500890e-03 
115.800000 8.6666717518318302e-03 
116.000000 8.6666716586423290e-03 
116.200000 8.6666715648795606e-03 
116.400000 8.6666714707281430e-03 
116.600000 8.6666713763600429e-03 
116.800000 8.6666712819352173e-03 
117.000000 8.6666711876022661e-03 
117.200000 8.6666710934988189e-03 
117.400000 8.6666709997523343e-03 
117.600000 8.6666709064806349e-03 
117.800000 8.6666708137922779e-03 
118.000000 8.6666707217871349e-03 
118.200000 8.6666706305568875e-03 
118.400000 8.6666705401853908e-03 
118.600000 8.6666704507492118e-03 
118.800000 8.6666703623179998e-03 
119.000000 8.6666702749547755e-03 
119.200000 8.6666701887164795e-03 
119.400000 8.6666701036542480e-03 
119.600000 8.6666700198137110e-03 
119.800000 8.6666699372352895e-03 
120.000000 8.6666698559546562e-03 
120.200000 8.6666697760029443e-03 
120.400000 8.6666696974069205e-03 
120.600000 8.6666696201894381e-03 
120.800000 8.6666695443695652e-03 
121.000000 8.6666694699628240e-03 
121.200000 8.6666693969815068e-03 
121.400000 8.6666693254348389e-03 
121.600000 8.6666692553291243e-03 
121.800000 8.6666691866680839e-03 
122.000000 8.6666691194529251e-03 
122.200000 8.6666690536824718e-03 
122.400000 8.6666689893534887e-03 
122.600000 8.6666689264607473e-03 
122.800000 8.6666688649972897e-03 
123.000000 8.6666688049542705e-03 
123.200000 8.6666687463213699e-03 
123.400000 8.6666686890869895e-03 
123.600000 8.6666686332379853e-03 
123.800000 8.6666685787602105e-03 
124.000000 8.6666685256382835e-03 
124.200000 8.6666684738559378e-03 
124.400000 8.6666684233961001e-03 
124.600000 8.6666683742406252e-03 
124.800000 8.6666683263709274e-03 
125.000000 8.6666682797676784e-03 
125.200000 8.6666682344109375e-03 
125.400000 8.6666681902803668e-03 
125.600000 8.6666681473552051e-03 
125.800000 8.6666681056142229e-03 
126.000000 8.6666680650360362e-03 
126.200000 8.6666680255988882e-03 
126.400000 8.6666679872809578e-03 
126.600000 8.6666679500601307e-03 
126.800000 8.6666679139142822e-03 
127.000000 8.6666678788211420e-03 
127.200000 8.6666678447585785e-03 
127.400000 8.6666678117043316e-03 
127.600000 8.6666677796362630e-03 
127.800000 8.6666677485321697e-03 
128.000000 8.6666677183701423e-03 
128.200000 8.6666676891282626e-03 
128.400000 8.6666676607849071e-03 
128.600000 8.6666676333185134e-03 
128.800000 8.6666676067077356e-03 
129.000000 8.6666675809314465e-03 
129.200000 8.6666675559688572e-03 
129.400000 8.6666675317992516e-03 
129.600000 8.6666675084022208e-03 
129.800000 8.6666674857579021e-03 
130.000000 8.6666674638462837e-03 
130.200000 8.6666674426478900e-03 
130.400000 8.6666674221436337e-03 
130.600000 8.6666674023145440e-03 
130.800000 8.6666673831420748e-03 
131.000000 8.6666673646080203e-03 
131.200000 8.6666673466944365e-03 
131.400000 8.6666673293838061e-03 
131.600000 8.6666673126588167e-03 
131.800000 8.6666672965027627e-03 
132.000000 8.6666672808988522e-03 
132.200000 8.6666672658310007e-03 
132.400000 8.6666672512834761e-03 
132.600000 8.6666672372404940e-03 
132.800000 8.6666672236870249e-03 
133.000000 8.6666672106083739e-03 
133.200000 8.6666671979897959e-03 
133.400000 8.6666671858173453e-03 
133.600000 8.6666671740770231e-03 
133.800000 8.6666671627554839e-03 
134.000000 8.6666671518395074e-03 
134.200000 8.6666671413163053e-03 
134.400000 8.6666671311733910e-03 
134.600000 8.6666671213985122e-03 
134.800000 8.6666671119798172e-03 
135.000000 8.6666671029058014e-03 
135.200000 8.6666670941651786e-03 
135.400000 8.6666670857470443e-03 
135.600000 8.6666670776406485e-03 
135.800000 8.6666670698357529e-03 
136.000000 8.6666670623221486e-03 
136.200000 8.6666670550902061e-03 
136.400000 8.6666670481303169e-03 
136.600000 8.6666670414332434e-03 
136.800000 8.6666670349900450e-03 
137.000000 8.6666670287920029e-03 
137.200000 8.6666670228306465e-03 
137.400000 8.6666670170978295e-03 
137.600000 8.6666670115854907e-03 
137.800000 8.6666670062860111e-03 
138.000000 8.6666670011919592e-03 
138.200000 8.6666669962959450e-03 
138.400000 8.6666669915910228e-03 
138.600000 8.6666669870703802e-03 
138.800000 8.6666669827273456e-03 
139.000000 8.6666669785556393e-03 
139.200000 8.6666669745491063e-03 
139.400000 8.6666669707017134e-03 
139.600000 8.6666669670076059e-03 
139.800000 8.6666669634612812e-03 
140.000000 8.6666669600573409e-03 
140.200000 8.6666669567905287e-03 
140.400000 8.6666669536557342e-03 
140.600000 8.6666669506481296e-03 
140.800000 8.6666669477629740e-03 
141.000000 8.6666669449957587e-03 
141.200000 8.6666669423420030e-03 
141.400000 8.6666669397974724e-03 
141.600000 8.6666669373581130e-03 
141.800000 8.6666669350198740e-03 
142.000000 8.6666669327790605e-03 
142.200000 8.6666669306318823e-03 
142.400000 8.6666669285748645e-03 
142.600000 8.6666669266045188e-03 
142.800000 8.6666669247175785e-03 
143.000000 8.6666669229109056e-03 
143.200000 8.6666669211813551e-03 
143.400000 8.6666669195260126e-03 
143.600000 8.6666669179420331e-03 
143.800000 8.6666669164266897e-03 
144.000000 8.6666669149774618e-03 
144.200000 8.6666669135917161e-03 
144.400000 8.6666669122670396e-03 
144.600000 8.6666669110011686e-03 
144.800000 8.6666669097918841e-03 
145.000000 8.6666669086369469e-03 
145.200000 8.6666669075343480e-03 
145.400000 8.6666669064820127e-03 
145.600000 8.6666669054781247e-03 
145.800000 8.6666669045207725e-03 
146.000000 8.6666669036082680e-03 
146.200000 8.6666669027388159e-03 
146.400000 8.6666669019107388e-03 
146.600000 8.6666669011226573e-03 
146.800000 8.6666669003730226e-03 
147.000000 8.6666668996608336e-03 
147.200000 8.6666668989849385e-03 
147.400000 8.6666668983439946e-03 
147.600000 8.6666668977368223e-03 
147.800000 8.6666668971622021e-03 
148.000000 8.6666668966188624e-03 
148.200000 8.6666668961056514e-03 
148.400000 8.6666668956214086e-03 
148.600000 8.6666668951650601e-03 
148.800000 8.6666668947353864e-03 
149.000000 8.6666668943314769e-03 
149.200000 8.6666668939521622e-03 
149.400000 8.6666668935964954e-03 
149.600000 8.6666668932634666e-03 
149.800000 8.6666668929521202e-03 
