0.000000 8.4331539158032289e-03 
0.200000 8.4331581690098960e-03 
0.400000 8.4332885974182439e-03 
0.600000 8.4337501785980082e-03 
0.800000 8.4347242376867256e-03 
1.000000 8.4363702487103131e-03 
1.200000 8.4388274281803084e-03 
1.400000 8.4422162039933628e-03 
1.600000 8.4466375771275193e-03 
1.800000 8.4521774401226640e-03 
2.000000 8.4589273374742653e-03 
2.200000 8.4669727698152304e-03 
2.400000 8.4763929021674702e-03 
2.600000 8.4872612965925208e-03 
2.800000 8.4996465472555408e-03 
3.000000 8.5136128433797066e-03 
3.200000 8.5292201592620936e-03 
3.400000 8.5465271226178117e-03 
3.600000 8.5655930252233406e-03 
3.800000 8.5864697407310696e-03 
4.000000 8.6092051131754655e-03 
4.200000 8.6338443067430666e-03 
4.400000 8.6604304119944041e-03 
4.600000 8.6890054715486817e-03 
4.800000 8.7196114994633409e-03 
5.000000 8.7522906908344827e-03 
5.200000 8.7870853346171621e-03 
5.400000 8.8240383919821128e-03 
5.600000 8.8631936437150588e-03 
5.800000 8.9045958366588962e-03 
6.000000 8.9482907621703002e-03 
6.200000 8.9943254375068511e-03 
6.400000 9.0427480229341526e-03 
6.600000 9.0936079281347844e-03 
6.800000 9.1469560383001074e-03 
7.000000 9.2028448325646734e-03 
7.200000 9.2613285238984395e-03 
7.400000 9.3224632429332564e-03 
7.600000 9.3863073961588279e-03 
7.800000 9.4529217674720750e-03 
8.000000 9.5223695836491925e-03 
8.200000 9.5947167594115871e-03 
8.400000 9.6700320395575311e-03 
8.600000 9.7483871655355183e-03 
8.800000 9.8298570309364921e-03 
9.000000 9.9145198756863881e-03 
9.200000 1.0002457469727331e-02 
9.400000 1.0093755301598681e-02 
9.600000 1.0188502799602808e-02 
9.800000 1.0286793554533021e-02 
10.000000 1.0388725554679935e-02 
10.200000 1.0494401424845290e-02 
10.400000 1.0603928690319292e-02 
10.600000 1.0717420103262815e-02 
10.800000 1.0834993903471906e-02 
11.000000 1.0956774150410341e-02 
11.200000 1.1082891050176583e-02 
11.400000 1.1213481302475270e-02 
11.600000 1.1348688461924687e-02 
11.800000 1.1488663314731090e-02 
12.000000 1.1633564277922098e-02 
12.200000 1.1783557814013858e-02 
12.400000 1.1938818861889593e-02 
12.600000 1.2099531288752829e-02 
12.800000 1.2265888360849318e-02 
13.000000 1.2438093230894003e-02 
13.200000 1.2616359444751661e-02 
13.400000 1.2800911471138966e-02 
13.600000 1.2991985238872236e-02 
13.800000 1.3189828686038791e-02 
14.000000 1.3394702327191475e-02 
14.200000 1.3606879827134431e-02 
14.400000 1.3826648580478379e-02 
14.600000 1.4054310293384355e-02 
14.800000 1.4290181564082363e-02 
15.000000 1.4534594455213764e-02 
15.200000 1.4787897051954805e-02 
15.400000 1.5050453999445143e-02 
15.600000 1.5322647009968673e-02 
15.800000 1.5604875329672580e-02 
16.000000 1.5897556153409854e-02 
16.200000 1.6201124975397781e-02 
16.400000 1.6516035856884003e-02 
16.600000 1.6842761594607153e-02 
16.800000 1.7181793771342813e-02 
17.000000 1.7533642663729074e-02 
17.200000 1.7898836982618842e-02 
17.400000 1.8277923417043464e-02 
17.600000 1.8671465950342636e-02 
17.800000 1.9080044912926881e-02 
18.000000 1.9504255733227345e-02 
18.200000 1.9944707345088741e-02 
18.400000 2.0402020206155766e-02 
18.600000 2.0876823878872817e-02 
18.800000 2.1369754122811006e-02 
19.000000 2.1881449444786160e-02 
19.200000 2.2412547051884144e-02 
19.400000 2.2963678150602386e-02 
19.600000 2.3535462537648367e-02 
19.800000 2.4128502428470606e-02 
20.000000 2.4743375474057007e-02 
20.200000 2.5380626922270919e-02 
20.400000 2.6040760888458515e-02 
20.600000 2.6724230711383159e-02 
20.800000 2.7431428384836580e-02 
21.000000 2.8162673073176516e-02 
21.200000 2.8918198740527926e-02 
21.400000 2.9698140948512659e-02 
21.600000 3.0502522906237773e-02 
21.800000 3.1331240888664791e-02 
22.000000 3.2184049174928737e-02 
22.200000 3.3060544695949989e-02 
22.400000 3.3960151620309957e-02 
22.600000 3.4882106147324572e-02 
22.800000 3.5825441815158524e-02 
23.000000 3.6788975668290445e-02 
23.200000 3.7771295660573377e-02 
23.400000 3.8770749695565737e-02 
23.600000 3.9785436722546551e-02 
23.800000 4.0813200312623185e-02 
24.000000 4.1851625132520047e-02 
24.200000 4.2898036712250752e-02 
24.400000 4.3949504865667045e-02 
24.600000 4.5002851069066582e-02 
24.800000 4.6054660032659581e-02 
25.000000 4.7101295613537209e-02 
25.200000 4.8138921118781354e-02 
25.400000 4.9163523936141360e-02 
25.600000 5.0170944310990916e-02 
25.800000 5.1156907966565170e-02 
26.000000 5.2117062144751709e-02 
26.200000 5.3047014532296183e-02 
26.400000 5.3942374437488769e-02 
26.600000 5.4798795500081772e-02 
26.800000 5.5612019156527574e-02 
27.000000 5.6377918046682809e-02 
27.200000 5.7092538538765662e-02 
27.400000 5.7752141566969825e-02 
27.600000 5.8353241019744873e-02 
27.800000 5.8892638984021209e-02 
28.000000 5.9367457238112639e-02 
28.200000 5.9775164489374373e-02 
28.400000 6.0113598967047717e-02 
28.600000 6.0380986101014403e-02 
28.800000 6.0575951138496731e-02 
29.000000 6.0697526668472133e-02 
29.200000 6.0745155133831226e-02 
29.400000 6.0718686510861042e-02 
29.600000 6.0618371422180718e-02 
29.800000 6.0444850021247637e-02 
30.000000 6.0199137043330408e-02 
30.200000 5.9882603459365517e-02 
30.400000 5.9496955196052963e-02 
30.600000 5.9044209398922007e-02 
30.800000 5.8526668716368108e-02 
31.000000 5.7946894073444583e-02 
31.200000 5.7307676386235872e-02 
31.400000 5.6612007642651979e-02 
31.600000 5.5863051745190212e-02 
31.800000 5.5064115477095103e-02 
32.000000 5.4218619916837074e-02 
32.200000 5.3330072588093490e-02 
32.400000 5.2402040594446447e-02 
32.600000 5.1438124950662682e-02 
32.800000 5.0441936286260605e-02 
33.000000 4.9417072062661112e-02 
33.200000 4.8367095412843550e-02 
33.400000 4.7295515682361899e-02 
33.600000 4.6205770722945870e-02 
33.800000 4.5101210964805079e-02 
34.000000 4.3985085271162350e-02 
34.200000 4.2860528558475552e-02 
34.400000 4.1730551148169384e-02 
34.600000 4.0598029800428245e-02 
34.800000 3.9465700367597792e-02 
35.000000 3.8336151993876640e-02 
35.200000 3.7211822779139210e-02 
35.400000 3.6094996817778127e-02 
35.600000 3.4987802518259822e-02 
35.800000 3.3892212105501404e-02 
36.000000 3.2810042206067827e-02 
36.200000 3.1742955415410154e-02 
36.400000 3.0692462746784617e-02 
36.600000 2.9659926862957358e-02 
36.800000 2.8646565994191537e-02 
37.000000 2.7653458449188071e-02 
37.200000 2.6681547629491171e-02 
37.400000 2.5731647462246206e-02 
37.600000 2.4804448171009488e-02 
37.800000 2.3900522309429378e-02 
38.000000 2.3020330987981941e-02 
38.200000 2.2164230229419317e-02 
38.400000 2.1332477394135907e-02 
38.600000 2.0525237622179695e-02 
38.800000 1.9742590244072544e-02 
39.000000 1.8984535117919997e-02 
39.200000 1.8250998855412971e-02 
39.400000 1.7541840904240890e-02 
39.600000 1.6856859459101977e-02 
39.800000 1.6195797177894766e-02 
40.000000 1.5558346683790285e-02 
40.200000 1.4944155837703837e-02 
40.400000 1.4352832769202625e-02 
40.600000 1.3783950657108581e-02 
40.800000 1.3237052253970340e-02 
41.000000 1.2711654151212436e-02 
41.200000 1.2207250784113461e-02 
41.400000 1.1723318177841578e-02 
41.600000 1.1259317437592930e-02 
41.800000 1.0814697987450722e-02 
42.000000 1.0388900563930990e-02 
42.200000 9.9813599713081073e-03 
42.400000 9.5915076067530948e-03 
42.600000 9.2187737640690420e-03 
42.800000 8.8625897254001693e-03 
43.000000 8.5223896507299491e-03 
43.200000 8.1976122752912169e-03 
43.400000 7.8877024251984441e-03 
43.600000 7.5921123616923486e-03 
43.800000 7.3103029643759310e-03 
44.000000 7.0417447637272854e-03 
44.200000 6.7859188330133425e-03 
44.400000 6.5423175495060862e-03 
44.600000 6.3104452346334052e-03 
44.800000 6.0898186823837956e-03 
45.000000 5.8799675849417607e-03 
45.200000 5.6804348641600558e-03 
45.400000 5.4907769170877661e-03 
45.600000 5.3105637833707128e-03 
45.800000 5.1393792419321084e-03 
46.000000 4.9768208439272621e-03 
46.200000 4.8224998885546856e-03 
46.400000 4.6760413478948984e-03 
46.600000 4.5370837465475711e-03 
46.800000 4.4052790014423087e-03 
47.000000 4.2802922268163250e-03 
47.200000 4.1618015089820506e-03 
47.400000 4.0494976551505579e-03 
47.600000 3.9430839202358190e-03 
47.800000 3.8422757152385459e-03 
48.000000 3.7468003004978768e-03 
48.200000 3.6563964668059352e-03 
48.400000 3.5708142071032363e-03 
48.600000 3.4898143812112418e-03 
48.800000 3.4131683758145334e-03 
49.000000 3.3406577616757246e-03 
49.200000 3.2720739498535902e-03 
49.400000 3.2072178484959285e-03 
49.600000 3.1458995215961172e-03 
49.800000 3.0879378509317238e-03 
50.000000 3.0331602022477884e-03 
50.200000 2.9814020966038661e-03 
50.400000 2.9325068876722392e-03 
50.600000 2.8863254456550484e-03 
50.800000 2.8427158483784907e-03 
51.000000 2.8015430800235330e-03 
51.200000 2.7626787378626171e-03 
51.400000 2.7260007472916280e-03 
51.600000 2.6913930853729963e-03 
51.800000 2.6587455130422286e-03 
52.000000 2.6279533160711676e-03 
52.200000 2.5989170548310647e-03 
52.400000 2.5715423228527346e-03 
52.600000 2.5457395141418584e-03 
52.800000 2.5214235991728533e-03 
53.000000 2.4985139094545442e-03 
53.200000 2.4769339305358001e-03 
53.400000 2.4566111032965810e-03 
53.600000 2.4374766333524304e-03 
53.800000 2.4194653083843072e-03 
54.000000 2.4025153231940115e-03 
54.200000 2.3865681122747489e-03 
54.400000 2.3715681896794914e-03 
54.600000 2.3574629959638941e-03 
54.800000 2.3442027519763290e-03 
55.000000 2.3317403192661770e-03 
55.200000 2.3200310668796617e-03 
55.400000 2.3090327443137633e-03 
55.600000 2.2987053603996679e-03 
55.800000 2.2890110678895049e-03 
56.000000 2.2799140535236027e-03 
56.200000 2.2713804333587698e-03 
56.400000 2.2633781531430750e-03 
56.600000 2.2558768935266147e-03 
56.800000 2.2488479799035953e-03 
57.000000 2.2422642966863126e-03 
57.200000 2.2361002058170843e-03 
57.400000 2.2303314693305587e-03 
57.600000 2.2249351757843887e-03 
57.800000 2.2198896703825499e-03 
58.000000 2.2151744886217601e-03 
58.200000 2.2107702932974518e-03 
58.400000 2.2066588147118481e-03 
58.600000 2.2028227939329052e-03 
58.800000 2.1992459289584963e-03 
59.000000 2.1959128236465151e-03 
59.200000 2.1928089392768395e-03 
59.400000 2.1899205486171015e-03 
59.600000 2.1872346923694857e-03 
59.800000 2.1847391378810718e-03 
60.000000 2.1824223400055817e-03 
60.200000 2.1802734040092392e-03 
60.400000 2.1782820504183563e-03 
60.600000 2.1764385817109816e-03 
60.800000 2.1747338507594298e-03 
61.000000 2.1731592309348615e-03 
61.200000 2.1717065877892624e-03 
61.400000 2.1703682522342775e-03 
61.600000 2.1691369951401082e-03 
61.800000 2.1680060032815557e-03 
62.000000 2.1669688565615591e-03 
62.200000 2.1660195064463384e-03 
62.400000 2.1651522555492784e-03 
62.600000 2.1643617383038504e-03 
62.800000 2.1636429026688363e-03 
63.000000 2.1629909928120410e-03 
63.200000 2.1624015327213661e-03 
63.400000 2.1618703106944703e-03 
63.600000 2.1613933646611669e-03 
63.800000 2.1609669682946496e-03 
64.000000 2.1605876178700570e-03 
64.200000 2.1602520198309438e-03 
64.400000 2.1599570790263585e-03 
64.600000 2.1596998875830827e-03 
64.800000 2.1594777143793937e-03 
65.000000 2.1592879950884671e-03 
65.200000 2.1591283227612298e-03 
65.400000 2.1589964389201613e-03 
65.600000 2.1588902251366382e-03 
65.800000 2.1588076950663231e-03 
66.000000 2.1587469869181297e-03 
66.200000 2.1587063563337444e-03 
66.400000 2.1586841696556039e-03 
66.600000 2.1586788975629773e-03 
66.800000 2.1586891090560863e-03 
67.000000 2.1587134657699695e-03 
67.200000 2.1587507166003416e-03 
67.400000 2.1587996926247712e-03 
67.600000 2.1588593023033017e-03 
67.800000 2.1589285269436667e-03 
68.000000 2.1590064164168977e-03 
68.200000 2.1590920851097223e-03 
68.400000 2.1591847081012371e-03 
68.600000 2.1592835175517204e-03 
68.800000 2.1593877992922301e-03 
69.000000 2.1594968896040483e-03 
69.200000 2.1596101721779548e-03 
69.400000 2.1597270752434917e-03 
69.600000 2.1598470688590282e-03 
69.800000 2.1599696623541991e-03 
70.000000 2.1600944019160642e-03 
70.200000 2.1602208683116240e-03 
70.400000 2.1603486747391199e-03 
70.600000 2.1604774648011104e-03 
70.800000 2.1606069105928609e-03 
71.000000 2.1607367108996195e-03 
71.200000 2.1608665894970623e-03 
71.400000 2.1609962935491066e-03 
71.600000 2.1611255920978636e-03 
71.800000 2.1612542746408344e-03 
72.000000 2.1613821497902751e-03 
72.200000 2.1615090440106404e-03 
72.400000 2.1616348004294605e-03 
72.600000 2.1617592777178501e-03 
72.800000 2.1618823490368033e-03 
73.000000 2.1620039010455099e-03 
73.200000 2.1621238329685545e-03 
73.400000 2.1622420557183600e-03 
73.600000 2.1623584910702006e-03 
73.800000 2.1624730708866870e-03 
74.000000 2.1625857363889184e-03 
74.200000 2.1626964374719107e-03 
74.400000 2.1628051320615664e-03 
74.600000 2.1629117855111553e-03 
74.800000 2.1630163700347999e-03 
75.000000 2.1631188641762188e-03 
75.200000 2.1632192523103129e-03 
75.400000 2.1633175241762208e-03 
75.600000 2.1634136744396932e-03 
75.800000 2.1635077022832765e-03 
76.000000 2.1635996110227311e-03 
76.200000 2.1636894077481294e-03 
76.400000 2.1637771029882524e-03 
76.600000 2.1638627103969469e-03 
76.800000 2.1639462464601591e-03 
77.000000 2.1640277302224188e-03 
77.200000 2.1641071830317605e-03 
77.400000 2.1641846283018814e-03 
77.600000 2.1642600912905119e-03 
77.800000 2.1643335988931669e-03 
78.000000 2.1644051794513460e-03 
78.200000 2.1644748625741133e-03 
78.400000 2.1645426789726543e-03 
78.600000 2.1646086603065505e-03 
78.800000 2.1646728390415258e-03 
79.000000 2.1647352483176747e-03 
79.200000 2.1647959218275446e-03 
79.400000 2.1648548937037364e-03 
79.600000 2.1649121984150055e-03 
79.800000 2.1649678706707229e-03 
80.000000 2.1650219453330445e-03 
80.200000 2.1650744573361211e-03 
80.400000 2.1651254416122250e-03 
80.600000 2.1651749330240974e-03 
80.800000 2.1652229663032779e-03 
81.000000 2.1652695759939037e-03 
81.200000 2.1653147964016553e-03 
81.400000 2.1653586615475993e-03 
81.600000 2.1654012051265637e-03 
81.800000 2.1654424604695384e-03 
82.000000 2.1654824605102270e-03 
82.200000 2.1655212377550341e-03 
82.400000 2.1655588242566583e-03 
82.600000 2.1655952515906595e-03 
82.800000 2.1656305508350568e-03 
83.000000 2.1656647525526668e-03 
83.200000 2.1656978867758891e-03 
83.400000 2.1657299829939401e-03 
83.600000 2.1657610701421876e-03 
83.800000 2.1657911765934268e-03 
84.000000 2.1658203301511969e-03 
84.200000 2.1658485580446085e-03 
84.400000 2.1658758869247982e-03 
84.600000 2.1659023428629420e-03 
84.800000 2.1659279513493563e-03 
85.000000 2.1659527372940687e-03 
85.200000 2.1659767250283182e-03 
85.400000 2.1659999383071096e-03 
85.600000 2.1660224003127097e-03 
85.800000 2.1660441336589617e-03 
86.000000 2.1660651603963494e-03 
86.200000 2.1660855020177528e-03 
86.400000 2.1661051794647584e-03 
86.600000 2.1661242131345978e-03 
86.800000 2.1661426228875231e-03 
87.000000 2.1661604280545596e-03 
87.200000 2.1661776474457359e-03 
87.400000 2.1661942993585737e-03 
87.600000 2.1662104015868649e-03 
87.800000 2.1662259714297139e-03 
88.000000 2.1662410257007173e-03 
88.200000 2.1662555807374227e-03 
88.400000 2.1662696524107966e-03 
88.600000 2.1662832561348583e-03 
88.800000 2.1662964068763901e-03 
89.000000 2.1663091191646733e-03 
89.200000 2.1663214071012361e-03 
89.400000 2.1663332843696714e-03 
89.600000 2.1663447642453438e-03 
89.800000 2.1663558596051197e-03 
90.000000 2.1663665829370349e-03 
90.200000 2.1663769463498980e-03 
90.400000 2.1663869615827897e-03 
90.600000 2.1663966400144912e-03 
90.800000 2.1664059926728295e-03 
91.000000 2.1664150302438223e-03 
91.200000 2.1664237630808470e-03 
91.400000 2.1664322012135010e-03 
91.600000 2.1664403543564872e-03 
91.800000 2.1664482319182564e-03 
92.000000 2.1664558430095318e-03 
92.200000 2.1664631964517069e-03 
92.400000 2.1664703007850034e-03 
92.600000 2.1664771642766079e-03 
92.800000 2.1664837949284949e-03 
93.000000 2.1664902004851854e-03 
93.200000 2.1664963884413515e-03 
93.400000 2.1665023660491518e-03 
93.600000 2.1665081403254727e-03 
93.800000 2.1665137180590858e-03 
94.000000 2.1665191058173896e-03 
94.200000 2.1665243099533078e-03 
94.400000 2.1665293366117241e-03 
94.600000 2.1665341917359877e-03 
94.800000 2.1665388810740839e-03 
95.000000 2.1665434101847728e-03 
95.200000 2.1665477844434525e-03 
95.400000 2.1665520090479685e-03 
95.600000 2.1665560890241848e-03 
95.800000 2.1665600292315049e-03 
96.000000 2.1665638343680771e-03 
96.200000 2.1665675089760431e-03 
96.400000 2.1665710574464755e-03 
96.600000 2.1665744840243112e-03 
96.800000 2.1665777928130165e-03 
97.000000 2.1665809877792052e-03 
97.200000 2.1665840727571159e-03 
97.400000 2.1665870514528864e-03 
97.600000 2.1665899274487623e-03 
97.800000 2.1665927042071667e-03 
98.000000 2.1665953850746409e-03 
98.200000 2.1665979732856805e-03 
98.400000 2.1666004719663994e-03 
98.600000 2.1666028841381842e-03 
98.800000 2.1666052127210615e-03 
99.000000 2.1666074605371944e-03 
99.200000 2.1666096303140730e-03 
99.400000 2.1666117246876655e-03 
99.600000 2.1666137462054997e-03 
99.800000 2.1666156973295897e-03 
100.000000 2.1666175804393589e-03 
100.200000 2.1666193978343595e-03 
100.400000 2.1666211517369690e-03 
100.600000 2.1666228442949820e-03 
100.800000 2.1666244775841005e-03 
101.000000 2.1666260536104083e-03 
101.200000 2.1666275743126933e-03 
101.400000 2.1666290415646473e-03 
101.600000 2.1666304571771921e-03 
101.800000 2.1666318229004874e-03 
102.000000 2.1666331404260170e-03 
102.200000 2.1666344113886005e-03 
102.400000 2.1666356373682438e-03 
102.600000 2.1666368198920488e-03 
102.800000 2.1666379604359594e-03 
103.000000 2.1666390604265094e-03 
103.200000 2.1666401212424653e-03 
103.400000 2.1666411442164742e-03 
103.600000 2.1666421306366242e-03 
103.800000 2.1666430817478821e-03 
104.000000 2.1666439987535991e-03 
104.200000 2.1666448828169451e-03 
104.400000 2.1666457350621917e-03 
104.600000 2.1666465565760387e-03 
104.800000 2.1666473484089240e-03 
105.000000 2.1666481115762198e-03 
105.200000 2.1666488470593612e-03 
105.400000 2.1666495558070879e-03 
105.600000 2.1666502387364178e-03 
105.800000 2.1666508967338382e-03 
106.000000 2.1666515306562528e-03 
106.200000 2.1666521413319581e-03 
106.400000 2.1666527295616544e-03 
106.600000 2.1666532961193653e-03 
106.800000 2.1666538417532688e-03 
107.000000 2.1666543671866241e-03 
107.200000 2.1666548731185701e-03 
107.400000 2.1666553602249488e-03 
107.600000 2.1666558291590799e-03 
107.800000 2.1666562805524518e-03 
108.000000 2.1666567150155380e-03 
108.200000 2.1666571331384458e-03 
108.400000 2.1666575354915953e-03 
108.600000 2.1666579226263644e-03 
108.800000 2.1666582950757261e-03 
109.000000 2.1666586533548898e-03 
109.200000 2.1666589979618248e-03 
109.400000 2.1666593293778852e-03 
109.600000 2.1666596480683070e-03 
109.800000 2.1666599544828001e-03 
110.000000 2.1666602490560093e-03 
110.200000 2.1666605322080384e-03 
110.400000 2.1666608043448997e-03 
110.600000 2.1666610658590065e-03 
110.800000 2.1666613171296171e-03 
111.000000 2.1666615585232236e-03 
111.200000 2.1666617903940387e-03 
111.400000 2.1666620130843446e-03 
111.600000 2.1666622269248840e-03 
111.800000 2.1666624322352998e-03 
112.000000 2.1666626293244035e-03 
112.200000 2.1666628184905906e-03 
112.400000 2.1666630000222067e-03 
112.600000 2.1666631741977535e-03 
112.800000 2.1666633412863851e-03 
113.000000 2.1666635015480666e-03 
113.200000 2.1666636552339375e-03 
113.400000 2.1666638025865754e-03 
113.600000 2.1666639438403324e-03 
113.800000 2.1666640792215247e-03 
114.000000 2.1666642089487043e-03 
114.200000 2.1666643332330046e-03 
114.400000 2.1666644522782721e-03 
114.600000 2.1666645662813191e-03 
114.800000 2.1666646754322535e-03 
115.000000 2.1666647799145631e-03 
115.200000 2.1666648799053985e-03 
115.400000 2.1666649755758246e-03 
115.600000 2.1666650670909022e-03 
115.800000 2.1666651546099623e-03 
116.000000 2.1666652382868238e-03 
116.200000 2.1666653182698735e-03 
116.400000 2.1666653947023536e-03 
116.600000 2.1666654677224267e-03 
116.800000 2.1666655374634261e-03 
117.000000 2.1666656040539686e-03 
117.200000 2.1666656676181222e-03 
117.400000 2.1666657282755591e-03 
117.600000 2.1666657861416686e-03 
117.800000 2.1666658413277600e-03 
118.000000 2.1666658939411580e-03 
118.200000 2.1666659440853072e-03 
118.400000 2.1666659918599561e-03 
118.600000 2.1666660373612489e-03 
118.800000 2.1666660806818534e-03 
119.000000 2.1666661219110648e-03 
119.200000 2.1666661611349390e-03 
119.400000 2.1666661984363557e-03 
119.600000 2.1666662338951813e-03 
119.800000 2.1666662675883766e-03 
120.000000 2.1666662995899868e-03 
120.200000 2.1666663299713777e-03 
120.400000 2.1666663588012290e-03 
120.600000 2.1666663861456786e-03 
120.800000 2.1666664120683528e-03 
121.000000 2.1666664366305362e-03 
121.200000 2.1666664598911822e-03 
121.400000 2.1666664819069733e-03 
121.600000 2.1666665027325026e-03 
121.800000 2.1666665224202245e-03 
122.000000 2.1666665410206105e-03 
122.200000 2.1666665585821821e-03 
122.400000 2.1666665751515829e-03 
122.600000 2.1666665907736434e-03 
122.800000 2.1666666054914706e-03 
123.000000 2.1666666193464485e-03 
123.200000 2.1666666323783531e-03 
123.400000 2.1666666446253954e-03 
123.600000 2.1666666561242281e-03 
123.800000 2.1666666669101029e-03 
124.000000 2.1666666770168027e-03 
124.200000 2.1666666864768084e-03 
124.400000 2.1666666953212171e-03 
124.600000 2.1666667035799220e-03 
124.800000 2.1666667112815604e-03 
125.000000 2.1666667184536029e-03 
125.200000 2.1666667251223743e-03 
125.400000 2.1666667313131418e-03 
125.600000 2.1666667370500688e-03 
125.800000 2.1666667423563329e-03 
126.000000 2.1666667472541312e-03 
126.200000 2.1666667517647037e-03 
126.400000 2.1666667559083986e-03 
126.600000 2.1666667597046952e-03 
126.800000 2.1666667631721984e-03 
127.000000 2.1666667663287537e-03 
127.200000 2.1666667691913740e-03 
127.400000 2.1666667717763549e-03 
127.600000 2.1666667740992416e-03 
127.800000 2.1666667761749609e-03 
128.000000 2.1666667780176501e-03 
128.200000 2.1666667796409068e-03 
128.400000 2.1666667810576572e-03 
128.600000 2.1666667822802560e-03 
128.800000 2.1666667833205103e-03 
129.000000 2.1666667841895824e-03 
129.200000 2.1666667848982538e-03 
129.400000 2.1666667854566613e-03 
129.600000 2.1666667858745610e-03 
129.800000 2.1666667861611681e-03 
130.000000 2.1666667863253037e-03 
130.200000 2.1666667863753301e-03 
130.400000 2.1666667863191997e-03 
130.600000 2.1666667861644801e-03 
130.800000 2.1666667859183528e-03 
131.000000 2.1666667855876455e-03 
131.200000 2.1666667851788202e-03 
131.400000 2.1666667846980225e-03 
131.600000 2.1666667841510629e-03 
131.800000 2.1666667835434652e-03 
132.000000 2.1666667828804556e-03 
132.200000 2.1666667821669460e-03 
132.400000 2.1666667814076415e-03 
132.600000 2.1666667806069522e-03 
132.800000 2.1666667797690230e-03 
133.000000 2.1666667788977981e-03 
133.200000 2.1666667779970065e-03 
133.400000 2.1666667770701268e-03 
133.600000 2.1666667761204598e-03 
133.800000 2.1666667751511059e-03 
134.000000 2.1666667741649633e-03 
134.200000 2.1666667731647868e-03 
134.400000 2.1666667721531156e-03 
134.600000 2.1666667711323691e-03 
134.800000 2.1666667701047736e-03 
135.000000 2.1666667690724635e-03 
135.200000 2.1666667680373887e-03 
135.400000 2.1666667670013615e-03 
135.600000 2.1666667659661016e-03 
135.800000 2.1666667649331995e-03 
136.000000 2.1666667639041017e-03 
136.200000 2.1666667628801972e-03 
136.400000 2.1666667618627129e-03 
136.600000 2.1666667608528272e-03 
136.800000 2.1666667598515942e-03 
137.000000 2.1666667588600250e-03 
137.200000 2.1666667578789877e-03 
137.400000 2.1666667569092963e-03 
137.600000 2.1666667559517281e-03 
137.800000 2.1666667550069296e-03 
138.000000 2.1666667540755358e-03 
138.200000 2.1666667531580609e-03 
138.400000 2.1666667522549994e-03 
138.600000 2.1666667513667933e-03 
138.800000 2.1666667504938145e-03 
139.000000 2.1666667496363918e-03 
139.200000 2.1666667487948090e-03 
139.400000 2.1666667479693274e-03 
139.600000 2.1666667471601088e-03 
139.800000 2.1666667463673436e-03 
140.000000 2.1666667455911524e-03 
140.200000 2.1666667448316324e-03 
140.400000 2.1666667440888238e-03 
140.600000 2.1666667433627852e-03 
140.800000 2.1666667426535067e-03 
141.000000 2.1666667419609916e-03 
141.200000 2.1666667412851867e-03 
141.400000 2.1666667406260191e-03 
141.600000 2.1666667399834428e-03 
141.800000 2.1666667393573295e-03 
142.000000 2.1666667387475729e-03 
142.200000 2.1666667381540386e-03 
142.400000 2.1666667375765903e-03 
142.600000 2.1666667370150807e-03 
142.800000 2.1666667364693367e-03 
143.000000 2.1666667359391740e-03 
143.200000 2.1666667354244226e-03 
143.400000 2.1666667349248903e-03 
143.600000 2.1666667344403760e-03 
143.800000 2.1666667339706909e-03 
144.000000 2.1666667335155866e-03 
144.200000 2.1666667330748866e-03 
144.400000 2.1666667326483645e-03 
144.600000 2.1666667322357966e-03 
144.800000 2.1666667318369754e-03 
145.000000 2.1666667314516708e-03 
145.200000 2.1666667310796727e-03 
145.400000 2.1666667307207693e-03 
145.600000 2.1666667303747531e-03 
145.800000 2.1666667300414021e-03 
146.000000 2.1666667297204948e-03 
146.200000 2.1666667294117960e-03 
146.400000 2.1666667291151270e-03 
146.600000 2.1666667288302152e-03 
146.800000 2.1666667285568692e-03 
147.000000 2.1666667282948604e-03 
147.200000 2.1666667280439882e-03 
147.400000 2.1666667278040981e-03 
147.600000 2.1666667275751172e-03 
147.800000 2.1666667273569254e-03 
148.000000 2.1666667271493562e-03 
148.200000 2.1666667269522131e-03 
148.400000 2.1666667267652802e-03 
148.600000 2.1666667265883371e-03 
148.800000 2.1666667264211305e-03 
149.000000 2.1666667262634155e-03 
149.200000 2.1666667261149158e-03 
149.400000 2.1666667259753500e-03 
149.600000 2.1666667258444564e-03 
149.800000 2.1666667257219468e-03 
