0.000000 8.4338549176391116e-03 
0.200000 8.4339498555620722e-03 
0.400000 8.4343282197307679e-03 
0.600000 8.4351769113195536e-03 
0.800000 8.4366605649761981e-03 
1.000000 8.4389231960803231e-03 
1.200000 8.4420896755330408e-03 
1.400000 8.4462670335446518e-03 
1.600000 8.4515456352239164e-03 
1.800000 8.4580159906281760e-03 
2.000000 8.4657646214801631e-03 
2.200000 8.4748717778045119e-03 
2.400000 8.4854119774931784e-03 
2.600000 8.4974536734374953e-03 
2.800000 8.5110610993950116e-03 
3.000000 8.5262953570344521e-03 
3.200000 8.5432154417825756e-03 
3.400000 8.5618807200109562e-03 
3.600000 8.5823449516085754e-03 
3.800000 8.6046568458025361e-03 
4.000000 8.6288621951913363e-03 
4.200000 8.6550046428122800e-03 
4.400000 8.6831268007672557e-03 
4.600000 8.7132707709927232e-03 
4.800000 8.7454784991980276e-03 
5.000000 8.7797921866427046e-03 
5.200000 8.8162546006688002e-03 
5.400000 8.8549091818357316e-03 
5.600000 8.8958001853765029e-03 
5.800000 8.9389732060222212e-03 
6.000000 8.9844751345349583e-03 
6.200000 9.0323538380630928e-03 
6.400000 9.0826584424252236e-03 
6.600000 9.1354394987449555e-03 
6.800000 9.1907491243443766e-03 
7.000000 9.2486411344290028e-03 
7.200000 9.3091712971798031e-03 
7.400000 9.3723975196651054e-03 
7.600000 9.4383799964647928e-03 
7.800000 9.5071813930111080e-03 
8.000000 9.5788670080671229e-03 
8.200000 9.6535049341000198e-03 
8.400000 9.7311662038454989e-03 
8.600000 9.8119249466058628e-03 
8.800000 9.8958586622488534e-03 
9.000000 9.9830482984204737e-03 
9.200000 1.0073578487855752e-02 
9.400000 1.0167537750023594e-02 
9.600000 1.0265018715768801e-02 
9.800000 1.0366118360920298e-02 
10.000000 1.0470938243753012e-02 
10.200000 1.0579584775746942e-02 
10.400000 1.0692169504134753e-02 
10.600000 1.0808809404862441e-02 
10.800000 1.0929627196528052e-02 
11.000000 1.1054751668609638e-02 
11.200000 1.1184318019138719e-02 
11.400000 1.1318468211318192e-02 
11.600000 1.1457351363537793e-02 
11.800000 1.1601124136691591e-02 
12.000000 1.1749951134710617e-02 
12.200000 1.1904005339728902e-02 
12.400000 1.2063468559231461e-02 
12.600000 1.2228531891527018e-02 
12.800000 1.2399396209820395e-02 
13.000000 1.2576272667081711e-02 
13.200000 1.2759383216144470e-02 
13.400000 1.2948961144395756e-02 
13.600000 1.3145251624145001e-02 
13.800000 1.3348512274721898e-02 
14.000000 1.3559013733738053e-02 
14.200000 1.3777040235484563e-02 
14.400000 1.4002890196218526e-02 
14.600000 1.4236876793695659e-02 
14.800000 1.4479328539945336e-02 
15.000000 1.4730589845064056e-02 
15.200000 1.4991021559668078e-02 
15.400000 1.5261001489787996e-02 
15.600000 1.5540924873694137e-02 
15.800000 1.5831204810147395e-02 
16.000000 1.6132272623883594e-02 
16.200000 1.6444578153416108e-02 
16.400000 1.6768589944375384e-02 
16.600000 1.7104795328350318e-02 
16.800000 1.7453700365109716e-02 
17.000000 1.7815829623213004e-02 
17.200000 1.8191725771129430e-02 
17.400000 1.8581948948608536e-02 
17.600000 1.8987075881612008e-02 
17.800000 1.9407698705531818e-02 
18.000000 1.9844423454181966e-02 
18.200000 2.0297868170452454e-02 
18.400000 2.0768660590780707e-02 
18.600000 2.1257435352788644e-02 
18.800000 2.1764830673114789e-02 
19.000000 2.2291484440382644e-02 
19.200000 2.2838029667482874e-02 
19.400000 2.3405089247620331e-02 
19.600000 2.3993269960065081e-02 
19.800000 2.4603155674936594e-02 
20.000000 2.5235299711786934e-02 
20.200000 2.5890216314570867e-02 
20.400000 2.6568371216371466e-02 
20.600000 2.7270171280285201e-02 
20.800000 2.7995953220798852e-02 
21.000000 2.8745971429976754e-02 
21.200000 2.9520384957337376e-02 
21.400000 3.0319243720324175e-02 
21.600000 3.1142474053832973e-02 
21.800000 3.1989863742079426e-02 
22.000000 3.2861046713458582e-02 
22.200000 3.3755487618290947e-02 
22.400000 3.4672466549332363e-02 
22.600000 3.5611064204249601e-02 
22.800000 3.6570147826433079e-02 
23.000000 3.7548358293648353e-02 
23.200000 3.8544098751103248e-02 
23.400000 3.9555525204436573e-02 
23.600000 4.0580539496709436e-02 
23.800000 4.1616785089789131e-02 
24.000000 4.2661646052463115e-02 
24.200000 4.3712249624185476e-02 
24.400000 4.4765472673292332e-02 
24.600000 4.5817952301842914e-02 
24.800000 4.6866100766579009e-02 
25.000000 4.7906124788389882e-02 
25.200000 4.8934049213715157e-02 
25.400000 4.9945744873942925e-02 
25.600000 5.0936960367408572e-02 
25.800000 5.1903357367957946e-02 
26.000000 5.2840548949503026e-02 
26.200000 5.3744140312891459e-02 
26.400000 5.4609771214748540e-02 
26.600000 5.5433159332057037e-02 
26.800000 5.6210143754491737e-02 
27.000000 5.6936727781050848e-02 
27.200000 5.7609120209062864e-02 
27.400000 5.8223774341522275e-02 
27.600000 5.8777424000869494e-02 
27.800000 5.9267115920573758e-02 
28.000000 5.9690237986015006e-02 
28.200000 6.0044542908469729e-02 
28.400000 6.0328167035386050e-02 
28.600000 6.0539644121633429e-02 
28.800000 6.0677914005326933e-02 
29.000000 6.0742326244084731e-02 
29.200000 6.0732638869797920e-02 
29.400000 6.0649012509646653e-02 
29.600000 6.0492000196478213e-02 
29.800000 6.0262533251910014e-02 
30.000000 5.9961903670473951e-02 
30.200000 5.9591743463278446e-02 
30.400000 5.9154001436001920e-02 
30.600000 5.8650917879915158e-02 
30.800000 5.8084997647637165e-02 
31.000000 5.7458982069194288e-02 
31.200000 5.6775820140423892e-02 
31.400000 5.6038639386519130e-02 
31.600000 5.5250716770142407e-02 
31.800000 5.4415449977458778e-02 
32.000000 5.3536329377877147e-02 
32.200000 5.2616910915308908e-02 
32.400000 5.1660790151183696e-02 
32.600000 5.0671577642999510e-02 
32.800000 4.9652875807337231e-02 
33.000000 4.8608257383407440e-02 
33.200000 4.7541245582596668e-02 
33.400000 4.6455295981285318e-02 
33.600000 4.5353780188527412e-02 
33.800000 4.4239971297023048e-02 
34.000000 4.3117031105176180e-02 
34.200000 4.1987999079849757e-02 
34.400000 4.0855783013631526e-02 
34.600000 3.9723151316913667e-02 
34.800000 3.8592726873752710e-02 
35.000000 3.7466982381179709e-02 
35.200000 3.6348237084275342e-02 
35.400000 3.5238654813725824e-02 
35.600000 3.4140243228652042e-02 
35.800000 3.3054854165064082e-02 
36.000000 3.1984184989230106e-02 
36.200000 3.0929780855403564e-02 
36.400000 2.9893037768598089e-02 
36.600000 2.8875206355285846e-02 
36.800000 2.7877396247912113e-02 
37.000000 2.6900580992810889e-02 
37.200000 2.5945603395372996e-02 
37.400000 2.5013181221044865e-02 
37.600000 2.4103913175792458e-02 
37.800000 2.3218285094977708e-02 
38.000000 2.2356676275059759e-02 
38.200000 2.1519365888065078e-02 
38.400000 2.0706539424303234e-02 
38.600000 1.9918295114272812e-02 
38.800000 1.9154650286042157e-02 
39.000000 1.8415547619564071e-02 
39.200000 1.7700861264348722e-02 
39.400000 1.7010402791646020e-02 
39.600000 1.6343926956745022e-02 
39.800000 1.5701137251184494e-02 
40.000000 1.5081691228551549e-02 
40.200000 1.4485205591133764e-02 
40.400000 1.3911261027979157e-02 
40.600000 1.3359406797901725e-02 
40.800000 1.2829165053669600e-02 
41.000000 1.2320034906019494e-02 
41.200000 1.1831496228277040e-02 
41.400000 1.1363013204239611e-02 
41.600000 1.0914037623603354e-02 
41.800000 1.0484011930612372e-02 
42.000000 1.0072372032787529e-02 
42.200000 9.6785498775694475e-03 
42.400000 9.3019758055059559e-03 
42.600000 8.9420806892389435e-03 
42.800000 8.5982978680194683e-03 
43.000000 8.2700648878155959e-03 
43.200000 7.9568250572901299e-03 
43.400000 7.6580288300287271e-03 
43.600000 7.3731350234088047e-03 
43.800000 7.1016118844210935e-03 
44.000000 6.8429380126112729e-03 
44.200000 6.5966031500981860e-03 
44.400000 6.3621088483654187e-03 
44.600000 6.1389690212204796e-03 
44.800000 5.9267103929784501e-03 
45.000000 5.7248728505619722e-03 
45.200000 5.5330097078262717e-03 
45.400000 5.3506878900179975e-03 
45.600000 5.1774880458686223e-03 
45.800000 5.0130045944111893e-03 
46.000000 4.8568457131949322e-03 
46.200000 4.7086332741627596e-03 
46.400000 4.5680027330523478e-03 
46.600000 4.4346029777845349e-03 
46.800000 4.3080961409187185e-03 
47.000000 4.1881573808805576e-03 
47.200000 4.0744746363079410e-03 
47.400000 3.9667483575165328e-03 
47.600000 3.8646912187554829e-03 
47.800000 3.7680278146119211e-03 
48.000000 3.6764943436231024e-03 
48.200000 3.5898382818764975e-03 
48.400000 3.5078180491116629e-03 
48.600000 3.4302026695905018e-03 
48.800000 3.3567714297696870e-03 
49.000000 3.2873135345925170e-03 
49.200000 3.2216277640157998e-03 
49.400000 3.1595221312007982e-03 
49.600000 3.1008135436240208e-03 
49.800000 3.0453274682048673e-03 
50.000000 2.9928976014007226e-03 
50.200000 2.9433655450855243e-03 
50.400000 2.8965804889059541e-03 
50.600000 2.8523988996973179e-03 
50.800000 2.8106842184400858e-03 
51.000000 2.7713065651461086e-03 
51.200000 2.7341424519813869e-03 
51.400000 2.6990745048571753e-03 
51.600000 2.6659911936553790e-03 
51.800000 2.6347865711944746e-03 
52.000000 2.6053600209898315e-03 
52.200000 2.5776160138156253e-03 
52.400000 2.5514638730347338e-03 
52.600000 2.5268175486275633e-03 
52.800000 2.5035953998196101e-03 
53.000000 2.4817199861808686e-03 
53.200000 2.4611178670479001e-03 
53.400000 2.4417194090997621e-03 
53.600000 2.4234586019034506e-03 
53.800000 2.4062728812312435e-03 
54.000000 2.3901029599418897e-03 
54.200000 2.3748926662097423e-03 
54.400000 2.3605887888793354e-03 
54.600000 2.3471409297194166e-03 
54.800000 2.3345013623471086e-03 
55.000000 2.3226248975923140e-03 
55.200000 2.3114687550722214e-03 
55.400000 2.3009924407470794e-03 
55.600000 2.2911576302305937e-03 
55.800000 2.2819280576310075e-03 
56.000000 2.2732694097029977e-03 
56.200000 2.2651492250941327e-03 
56.400000 2.2575367984749573e-03 
56.600000 2.2504030893463608e-03 
56.800000 2.2437206353237388e-03 
57.000000 2.2374634697025723e-03 
57.200000 2.2316070431166284e-03 
57.400000 2.2261281491052090e-03 
57.600000 2.2210048534126101e-03 
57.800000 2.2162164268485903e-03 
58.000000 2.2117432815450182e-03 
58.200000 2.2075669104498737e-03 
58.400000 2.2036698299060728e-03 
58.600000 2.2000355251679160e-03 
58.800000 2.1966483987147815e-03 
59.000000 2.1934937212265558e-03 
59.200000 2.1905575850915595e-03 
59.400000 2.1878268603227479e-03 
59.600000 2.1852891527640033e-03 
59.800000 2.1829327644725949e-03 
60.000000 2.1807466561697725e-03 
60.200000 2.1787204116560360e-03 
60.400000 2.1768442040921545e-03 
60.600000 2.1751087640518407e-03 
60.800000 2.1735053492563492e-03 
61.000000 2.1720257159053595e-03 
61.200000 2.1706620915225693e-03 
61.400000 2.1694071492385910e-03 
61.600000 2.1682539834371652e-03 
61.800000 2.1671960866943745e-03 
62.000000 2.1662273279442956e-03 
62.200000 2.1653419318070988e-03 
62.400000 2.1645344590198565e-03 
62.600000 2.1637997879119480e-03 
62.800000 2.1631330968712079e-03 
63.000000 2.1625298477486103e-03 
63.200000 2.1619857701525333e-03 
63.400000 2.1614968465859556e-03 
63.600000 2.1610592983821344e-03 
63.800000 2.1606695723970326e-03 
64.000000 2.1603243284183077e-03 
64.200000 2.1600204272532886e-03 
64.400000 2.1597549194598805e-03 
64.600000 2.1595250346866327e-03 
64.800000 2.1593281715894183e-03 
65.000000 2.1591618882943835e-03 
65.200000 2.1590238933780950e-03 
65.400000 2.1589120373373427e-03 
65.600000 2.1588243045227327e-03 
65.800000 2.1587588055112621e-03 
66.000000 2.1587137698944460e-03 
66.200000 2.1586875394601196e-03 
66.400000 2.1586785617464781e-03 
66.600000 2.1586853839489785e-03 
66.800000 2.1587066471608256e-03 
67.000000 2.1587410809294884e-03 
67.200000 2.1587874981122126e-03 
67.400000 2.1588447900145785e-03 
67.600000 2.1589119217968623e-03 
67.800000 2.1589879281339701e-03 
68.000000 2.1590719091152005e-03 
68.200000 2.1591630263711526e-03 
68.400000 2.1592604994153126e-03 
68.600000 2.1593636021890374e-03 
68.800000 2.1594716597988432e-03 
69.000000 2.1595840454356652e-03 
69.200000 2.1597001774664036e-03 
69.400000 2.1598195166882424e-03 
69.600000 2.1599415637371467e-03 
69.800000 2.1600658566422381e-03 
70.000000 2.1601919685178854e-03 
70.200000 2.1603195053864774e-03 
70.400000 2.1604481041243677e-03 
70.600000 2.1605774305247134e-03 
70.800000 2.1607071774705313e-03 
71.000000 2.1608370632122411e-03 
71.200000 2.1609668297438195e-03 
71.400000 2.1610962412723323e-03 
71.600000 2.1612250827757118e-03 
71.800000 2.1613531586438849e-03 
72.000000 2.1614802913989045e-03 
72.200000 2.1616063204894617e-03 
72.400000 2.1617311011560077e-03 
72.600000 2.1618545033623795e-03 
72.800000 2.1619764107903496e-03 
73.000000 2.1620967198937744e-03 
73.200000 2.1622153390087480e-03 
73.400000 2.1623321875170469e-03 
73.600000 2.1624471950594071e-03 
73.800000 2.1625603007965912e-03 
74.000000 2.1626714527147456e-03 
74.200000 2.1627806069733266e-03 
74.400000 2.1628877272927122e-03 
74.600000 2.1629927843795456e-03 
74.800000 2.1630957553875679e-03 
75.000000 2.1631966234119723e-03 
75.200000 2.1632953770154956e-03 
75.400000 2.1633920097842703e-03 
75.600000 2.1634865199117656e-03 
75.800000 2.1635789098095330e-03 
76.000000 2.1636691857426882e-03 
76.200000 2.1637573574892609e-03 
76.400000 2.1638434380215473e-03 
76.600000 2.1639274432086793e-03 
76.800000 2.1640093915387556e-03 
77.000000 2.1640893038596671e-03 
77.200000 2.1641672031374251e-03 
77.400000 2.1642431142309239e-03 
77.600000 2.1643170636823925e-03 
77.800000 2.1643890795222313e-03 
78.000000 2.1644591910877690e-03 
78.200000 2.1645274288548148e-03 
78.400000 2.1645938242814754e-03 
78.600000 2.1646584096632797e-03 
78.800000 2.1647212179990560e-03 
79.000000 2.1647822828669478e-03 
79.200000 2.1648416383097642e-03 
79.400000 2.1648993187293295e-03 
79.600000 2.1649553587890077e-03 
79.800000 2.1650097933242078e-03 
80.000000 2.1650626572600209e-03 
80.200000 2.1651139855358189e-03 
80.400000 2.1651638130362949e-03 
80.600000 2.1652121745283216e-03 
80.800000 2.1652591046036349e-03 
81.000000 2.1653046376267126e-03 
81.200000 2.1653488076874118e-03 
81.400000 2.1653916485583611e-03 
81.600000 2.1654331936565865e-03 
81.800000 2.1654734760089933e-03 
82.000000 2.1655125282217121e-03 
82.200000 2.1655503824528593e-03 
82.400000 2.1655870703883779e-03 
82.600000 2.1656226232211174e-03 
82.800000 2.1656570716324353e-03 
83.000000 2.1656904457765403e-03 
83.200000 2.1657227752670889e-03 
83.400000 2.1657540891661230e-03 
83.600000 2.1657844159749832e-03 
83.800000 2.1658137836269961e-03 
84.000000 2.1658422194821424e-03 
84.200000 2.1658697503230879e-03 
84.400000 2.1658964023528234e-03 
84.600000 2.1659222011936158e-03 
84.800000 2.1659471718871522e-03 
85.000000 2.1659713388959205e-03 
85.200000 2.1659947261054879e-03 
85.400000 2.1660173568278105e-03 
85.600000 2.1660392538053815e-03 
85.800000 2.1660604392161062e-03 
86.000000 2.1660809346788889e-03 
86.200000 2.1661007612599143e-03 
86.400000 2.1661199394793261e-03 
86.600000 2.1661384893186118e-03 
86.800000 2.1661564302282157e-03 
87.000000 2.1661737811356882e-03 
87.200000 2.1661905604541233e-03 
87.400000 2.1662067860908621e-03 
87.600000 2.1662224754564817e-03 
87.800000 2.1662376454739591e-03 
88.000000 2.1662523125880505e-03 
88.200000 2.1662664927747676e-03 
88.400000 2.1662802015509964e-03 
88.600000 2.1662934539841789e-03 
88.800000 2.1663062647019871e-03 
89.000000 2.1663186479022314e-03 
89.200000 2.1663306173624699e-03 
89.400000 2.1663421864498368e-03 
89.600000 2.1663533681308242e-03 
89.800000 2.1663641749808541e-03 
90.000000 2.1663746191939552e-03 
90.200000 2.1663847125922872e-03 
90.400000 2.1663944666356003e-03 
90.600000 2.1664038924305204e-03 
90.800000 2.1664130007398781e-03 
91.000000 2.1664218019917417e-03 
91.200000 2.1664303062884005e-03 
91.400000 2.1664385234152761e-03 
91.600000 2.1664464628495693e-03 
91.800000 2.1664541337688458e-03 
92.000000 2.1664615450594266e-03 
92.200000 2.1664687053246554e-03 
92.400000 2.1664756228930030e-03 
92.600000 2.1664823058259002e-03 
92.800000 2.1664887619257190e-03 
93.000000 2.1664949987431278e-03 
93.200000 2.1665010235847252e-03 
93.400000 2.1665068435201933e-03 
93.600000 2.1665124653894277e-03 
93.800000 2.1665178958095383e-03 
94.000000 2.1665231411815136e-03 
94.200000 2.1665282076969274e-03 
94.400000 2.1665331013443465e-03 
94.600000 2.1665378279155322e-03 
94.800000 2.1665423930117222e-03 
95.000000 2.1665468020494187e-03 
95.200000 2.1665510602662686e-03 
95.400000 2.1665551727267588e-03 
95.600000 2.1665591443275722e-03 
95.800000 2.1665629798030359e-03 
96.000000 2.1665666837302738e-03 
96.200000 2.1665702605342622e-03 
96.400000 2.1665737144926770e-03 
96.600000 2.1665770497407274e-03 
96.800000 2.1665802702757206e-03 
97.000000 2.1665833799615793e-03 
97.200000 2.1665863825331495e-03 
97.400000 2.1665892816004778e-03 
97.600000 2.1665920806528574e-03 
97.800000 2.1665947830628290e-03 
98.000000 2.1665973920899978e-03 
98.200000 2.1665999108848046e-03 
98.400000 2.1666023424921060e-03 
98.600000 2.1666046898546907e-03 
98.800000 2.1666069558166599e-03 
99.000000 2.1666091431267165e-03 
99.200000 2.1666112544414060e-03 
99.400000 2.1666132923280307e-03 
99.600000 2.1666152592678674e-03 
99.800000 2.1666171576588105e-03 
100.000000 2.1666189898183483e-03 
100.200000 2.1666207579861792e-03 
100.400000 2.1666224643268248e-03 
100.600000 2.1666241109321808e-03 
100.800000 2.1666256998239385e-03 
101.000000 2.1666272329559770e-03 
101.200000 2.1666287122166241e-03 
101.400000 2.1666301394308867e-03 
101.600000 2.1666315163625339e-03 
101.800000 2.1666328447162582e-03 
102.000000 2.1666341261395781e-03 
102.200000 2.1666353622248231e-03 
102.400000 2.1666365545109328e-03 
102.600000 2.1666377044853905e-03 
102.800000 2.1666388135857754e-03 
103.000000 2.1666398832016292e-03 
103.200000 2.1666409146759201e-03 
103.400000 2.1666419093067653e-03 
103.600000 2.1666428683487847e-03 
103.800000 2.1666437930147205e-03 
104.000000 2.1666446844767406e-03 
104.200000 2.1666455438678549e-03 
104.400000 2.1666463722832246e-03 
104.600000 2.1666471707814288e-03 
104.800000 2.1666479403857036e-03 
105.000000 2.1666486820851307e-03 
105.200000 2.1666493968357718e-03 
105.400000 2.1666500855618081e-03 
105.600000 2.1666507491565744e-03 
105.800000 2.1666513884836115e-03 
106.000000 2.1666520043776491e-03 
106.200000 2.1666525976456368e-03 
106.400000 2.1666531690675323e-03 
106.600000 2.1666537193973574e-03 
106.800000 2.1666542493639774e-03 
107.000000 2.1666547596719582e-03 
107.200000 2.1666552510023677e-03 
107.400000 2.1666557240135713e-03 
107.600000 2.1666561793420185e-03 
107.800000 2.1666566176028780e-03 
108.000000 2.1666570393908441e-03 
108.200000 2.1666574452807665e-03 
108.400000 2.1666578358283161e-03 
108.600000 2.1666582115705893e-03 
108.800000 2.1666585730268154e-03 
109.000000 2.1666589206988259e-03 
109.200000 2.1666592550717164e-03 
109.400000 2.1666595766143501e-03 
109.600000 2.1666598857799403e-03 
109.800000 2.1666601830065174e-03 
110.000000 2.1666604687174624e-03 
110.200000 2.1666607433219460e-03 
110.400000 2.1666610072154499e-03 
110.600000 2.1666612607801994e-03 
110.800000 2.1666615043855627e-03 
111.000000 2.1666617383885073e-03 
111.200000 2.1666619631339934e-03 
111.400000 2.1666621789553863e-03 
111.600000 2.1666623861748180e-03 
111.800000 2.1666625851035196e-03 
112.000000 2.1666627760422615e-03 
112.200000 2.1666629592816291e-03 
112.400000 2.1666631351023717e-03 
112.600000 2.1666633037757187e-03 
112.800000 2.1666634655637127e-03 
113.000000 2.1666636207194737e-03 
113.200000 2.1666637694875328e-03 
113.400000 2.1666639121040582e-03 
113.600000 2.1666640487971902e-03 
113.800000 2.1666641797872485e-03 
114.000000 2.1666643052870205e-03 
114.200000 2.1666644255019904e-03 
114.400000 2.1666645406305651e-03 
114.600000 2.1666646508643550e-03 
114.800000 2.1666647563883313e-03 
115.000000 2.1666648573811058e-03 
115.200000 2.1666649540150579e-03 
115.400000 2.1666650464566388e-03 
115.600000 2.1666651348664604e-03 
115.800000 2.1666652193995835e-03 
116.000000 2.1666653002056220e-03 
116.200000 2.1666653774289613e-03 
116.400000 2.1666654512089321e-03 
116.600000 2.1666655216799340e-03 
116.800000 2.1666655889716435e-03 
117.000000 2.1666656532091750e-03 
117.200000 2.1666657145131617e-03 
117.400000 2.1666657729999829e-03 
117.600000 2.1666658287818464e-03 
117.800000 2.1666658819669781e-03 
118.000000 2.1666659326597046e-03 
118.200000 2.1666659809606156e-03 
118.400000 2.1666660269666336e-03 
118.600000 2.1666660707712285e-03 
118.800000 2.1666661124644378e-03 
119.000000 2.1666661521330668e-03 
119.200000 2.1666661898606977e-03 
119.400000 2.1666662257279015e-03 
119.600000 2.1666662598122497e-03 
119.800000 2.1666662921884694e-03 
120.000000 2.1666663229285179e-03 
120.200000 2.1666663521016909e-03 
120.400000 2.1666663797746638e-03 
120.600000 2.1666664060116850e-03 
120.800000 2.1666664308745290e-03 
121.000000 2.1666664544226582e-03 
121.200000 2.1666664767132932e-03 
121.400000 2.1666664978014943e-03 
121.600000 2.1666665177401735e-03 
121.800000 2.1666665365802627e-03 
122.000000 2.1666665543707293e-03 
122.200000 2.1666665711586358e-03 
122.400000 2.1666665869892084e-03 
122.600000 2.1666666019059515e-03 
122.800000 2.1666666159506176e-03 
123.000000 2.1666666291633783e-03 
123.200000 2.1666666415827433e-03 
123.400000 2.1666666532457620e-03 
123.600000 2.1666666641879913e-03 
123.800000 2.1666666744435308e-03 
124.000000 2.1666666840451502e-03 
124.200000 2.1666666930242749e-03 
124.400000 2.1666667014110419e-03 
124.600000 2.1666667092343959e-03 
124.800000 2.1666667165220668e-03 
125.000000 2.1666667233006232e-03 
125.200000 2.1666667295955583e-03 
125.400000 2.1666667354313046e-03 
125.600000 2.1666667408312456e-03 
125.800000 2.1666667458178179e-03 
126.000000 2.1666667504124681e-03 
126.200000 2.1666667546357214e-03 
126.400000 2.1666667585072742e-03 
126.600000 2.1666667620459171e-03 
126.800000 2.1666667652696782e-03 
127.000000 2.1666667681957382e-03 
127.200000 2.1666667708405626e-03 
127.400000 2.1666667732198777e-03 
127.600000 2.1666667753487156e-03 
127.800000 2.1666667772414130e-03 
128.000000 2.1666667789116876e-03 
128.200000 2.1666667803726118e-03 
128.400000 2.1666667816366589e-03 
128.600000 2.1666667827157614e-03 
128.800000 2.1666667836212489e-03 
129.000000 2.1666667843639464e-03 
129.200000 2.1666667849541714e-03 
129.400000 2.1666667854017296e-03 
129.600000 2.1666667857160021e-03 
129.800000 2.1666667859058667e-03 
130.000000 2.1666667859797763e-03 
130.200000 2.1666667859457987e-03 
130.400000 2.1666667858115762e-03 
130.600000 2.1666667855843786e-03 
130.800000 2.1666667852711236e-03 
131.000000 2.1666667848783305e-03 
131.200000 2.1666667844122307e-03 
131.400000 2.1666667838787152e-03 
131.600000 2.1666667832833633e-03 
131.800000 2.1666667826314530e-03 
132.000000 2.1666667819279849e-03 
132.200000 2.1666667811777000e-03 
132.400000 2.1666667803850663e-03 
132.600000 2.1666667795543172e-03 
132.800000 2.1666667786894183e-03 
133.000000 2.1666667777941592e-03 
133.200000 2.1666667768720357e-03 
133.400000 2.1666667759264401e-03 
133.600000 2.1666667749604949e-03 
133.800000 2.1666667739771305e-03 
134.000000 2.1666667729791432e-03 
134.200000 2.1666667719691334e-03 
134.400000 2.1666667709495250e-03 
134.600000 2.1666667699226107e-03 
134.800000 2.1666667688905157e-03 
135.000000 2.1666667678552414e-03 
135.200000 2.1666667668186440e-03 
135.400000 2.1666667657824460e-03 
135.600000 2.1666667647482840e-03 
135.800000 2.1666667637176206e-03 
136.000000 2.1666667626918470e-03 
136.200000 2.1666667616722585e-03 
136.400000 2.1666667606600213e-03 
136.600000 2.1666667596562297e-03 
136.800000 2.1666667586618918e-03 
137.000000 2.1666667576779055e-03 
137.200000 2.1666667567051142e-03 
137.400000 2.1666667557442764e-03 
137.600000 2.1666667547960918e-03 
137.800000 2.1666667538611738e-03 
138.000000 2.1666667529400860e-03 
138.200000 2.1666667520333261e-03 
138.400000 2.1666667511413291e-03 
138.600000 2.1666667502644892e-03 
138.800000 2.1666667494031561e-03 
139.000000 2.1666667485576233e-03 
139.200000 2.1666667477281210e-03 
139.400000 2.1666667469148770e-03 
139.600000 2.1666667461180612e-03 
139.800000 2.1666667453378100e-03 
140.000000 2.1666667445741899e-03 
140.200000 2.1666667438273086e-03 
140.400000 2.1666667430971982e-03 
140.600000 2.1666667423838630e-03 
140.800000 2.1666667416872908e-03 
141.000000 2.1666667410074523e-03 
141.200000 2.1666667403443026e-03 
141.400000 2.1666667396977282e-03 
141.600000 2.1666667390676745e-03 
141.800000 2.1666667384540048e-03 
142.000000 2.1666667378566059e-03 
142.200000 2.1666667372753270e-03 
142.400000 2.1666667367100361e-03 
142.600000 2.1666667361605425e-03 
142.800000 2.1666667356267026e-03 
143.000000 2.1666667351083061e-03 
143.200000 2.1666667346051855e-03 
143.400000 2.1666667341171367e-03 
143.600000 2.1666667336439432e-03 
143.800000 2.1666667331854223e-03 
144.000000 2.1666667327413479e-03 
144.200000 2.1666667323114990e-03 
144.400000 2.1666667318956606e-03 
144.600000 2.1666667314936320e-03 
144.800000 2.1666667311051719e-03 
145.000000 2.1666667307300666e-03 
145.200000 2.1666667303681230e-03 
145.400000 2.1666667300191140e-03 
145.600000 2.1666667296828140e-03 
145.800000 2.1666667293590192e-03 
146.000000 2.1666667290475049e-03 
146.200000 2.1666667287480370e-03 
146.400000 2.1666667284604125e-03 
146.600000 2.1666667281843885e-03 
146.800000 2.1666667279197707e-03 
147.000000 2.1666667276663298e-03 
147.200000 2.1666667274239161e-03 
147.400000 2.1666667271924189e-03 
147.600000 2.1666667269717569e-03 
147.800000 2.1666667267617504e-03 
148.000000 2.1666667265622195e-03 
148.200000 2.1666667263729542e-03 
148.400000 2.1666667261937356e-03 
148.600000 2.1666667260243073e-03 
148.800000 2.1666667258644265e-03 
149.000000 2.1666667257138504e-03 
149.200000 2.1666667255722666e-03 
149.400000 2.1666667254394124e-03 
149.600000 2.1666667253150197e-03 
149.800000 2.1666667251987693e-03 
