0.000000 8.4266903630016588e-03 
0.200000 8.4267892607412381e-03 
0.400000 8.4271783701627065e-03 
0.600000 8.4280436976855565e-03 
0.800000 8.4295490503741039e-03 
1.000000 8.4318376814898725e-03 
1.200000 8.4350337562678034e-03 
1.400000 8.4392436563845725e-03 
1.600000 8.4445571434096593e-03 
1.800000 8.4510648134740272e-03 
2.000000 8.4588529404235752e-03 
2.200000 8.4680015302324198e-03 
2.400000 8.4785848789332881e-03 
2.600000 8.4906722223165535e-03 
2.800000 8.5043282916749570e-03 
3.000000 8.5196137858461855e-03 
3.200000 8.5365873928373078e-03 
3.400000 8.5553082782167666e-03 
3.600000 8.5758297209904220e-03 
3.800000 8.5982001189172080e-03 
4.000000 8.6224649926563268e-03 
4.200000 8.6486679121161245e-03 
4.400000 8.6768513574684517e-03 
4.600000 8.7070572770655778e-03 
4.800000 8.7393275096363573e-03 
5.000000 8.7737041650945546e-03 
5.200000 8.8102299402641315e-03 
5.400000 8.8489483293121927e-03 
5.600000 8.8899037779881368e-03 
5.800000 8.9331419026184942e-03 
6.000000 8.9787096046185753e-03 
6.200000 9.0266546961742036e-03 
6.400000 9.0770262227798989e-03 
6.600000 9.1298746698460966e-03 
6.800000 9.1852521012044802e-03 
7.000000 9.2432123585804056e-03 
7.200000 9.3038112849927104e-03 
7.400000 9.3671067649130219e-03 
7.600000 9.4331589749863300e-03 
7.800000 9.5020305791078796e-03 
8.000000 9.5737869326730316e-03 
8.200000 9.6484961228614826e-03 
8.400000 9.7262292192707486e-03 
8.600000 9.8070604667384008e-03 
8.800000 9.8910673723546678e-03 
9.000000 9.9783309468288641e-03 
9.200000 1.0068935840567717e-02 
9.400000 1.0162970661058196e-02 
9.600000 1.0260528106830244e-02 
9.800000 1.0361705204450726e-02 
10.000000 1.0466603603865293e-02 
10.200000 1.0575329805867843e-02 
10.400000 1.0687995439293137e-02 
10.600000 1.0804717582120562e-02 
10.800000 1.0925619060649686e-02 
11.000000 1.1050828781554603e-02 
11.200000 1.1180482067437410e-02 
11.400000 1.1314721036421638e-02 
11.600000 1.1453694956378060e-02 
11.800000 1.1597560645309162e-02 
12.000000 1.1746482886618139e-02 
12.200000 1.1900634847988662e-02 
12.400000 1.2060198538148690e-02 
12.600000 1.2225365268712969e-02 
12.800000 1.2396336146070669e-02 
13.000000 1.2573322570610567e-02 
13.200000 1.2756546760110192e-02 
13.400000 1.2946242287768505e-02 
13.600000 1.3142654628287840e-02 
13.800000 1.3346041725646799e-02 
14.000000 1.3556674564570327e-02 
14.200000 1.3774837751775428e-02 
14.400000 1.4000830096528579e-02 
14.600000 1.4234965193074262e-02 
14.800000 1.4477571998892226e-02 
15.000000 1.4728995394717982e-02 
15.200000 1.4989596730130478e-02 
15.400000 1.5259754338644871e-02 
15.600000 1.5539864016150561e-02 
15.800000 1.5830339448981007e-02 
16.000000 1.6131612579277792e-02 
16.200000 1.6444133894296657e-02 
16.400000 1.6768372617649518e-02 
16.600000 1.7104816782850366e-02 
16.800000 1.7453973182288696e-02 
17.000000 1.7816367146548443e-02 
17.200000 1.8192542134151005e-02 
17.400000 1.8583059099192833e-02 
17.600000 1.8988495603632315e-02 
17.800000 1.9409444636337671e-02 
18.000000 1.9846513096398417e-02 
18.200000 2.0300319897878186e-02 
18.400000 2.0771493647394747e-02 
18.600000 2.1260669842806154e-02 
18.800000 2.1768487540888715e-02 
19.000000 2.2295585438721944e-02 
19.200000 2.2842597312565140e-02 
19.400000 2.3410146758758903e-02 
19.600000 2.3998841182341111e-02 
19.800000 2.4609264982997665e-02 
20.000000 2.5241971892649633e-02 
20.200000 2.5897476427753183e-02 
20.400000 2.6576244429423239e-02 
20.600000 2.7278682678205997e-02 
20.800000 2.8005127587847976e-02 
21.000000 2.8755833002791914e-02 
21.200000 2.9530957148688732e-02 
21.400000 3.0330548813427793e-02 
21.600000 3.1154532867720783e-02 
21.800000 3.2002695269258204e-02 
22.000000 3.2874667732026887e-02 
22.200000 3.3769912281566616e-02 
22.400000 3.4687705957098351e-02 
22.600000 3.5627125960818941e-02 
22.800000 3.6587035591824593e-02 
23.000000 3.7566071335274426e-02 
23.200000 3.8562631504403193e-02 
23.400000 3.9574866851821329e-02 
23.600000 4.0600673574971026e-02 
23.800000 4.1637689136636326e-02 
24.000000 4.2683291303184420e-02 
24.200000 4.3734600769348209e-02 
24.400000 4.4788487687985518e-02 
24.600000 4.5841582356148616e-02 
24.800000 4.6890290225740303e-02 
25.000000 4.7930811309492435e-02 
25.200000 4.8959163943706530e-02 
25.400000 4.9971212751473121e-02 
25.600000 5.0962700528392885e-02 
25.800000 5.1929283652032046e-02 
26.000000 5.2866570501763389e-02 
26.200000 5.3770162272611145e-02 
26.400000 5.4635695480264514e-02 
26.600000 5.5458885388831619e-02 
26.800000 5.6235569551582890e-02 
27.000000 5.6961750639932876e-02 
27.200000 5.7633637748001405e-02 
27.400000 5.8247685398523701e-02 
27.600000 5.8800629538600171e-02 
27.800000 5.9289519897533290e-02 
28.000000 5.9711748179591052e-02 
28.200000 6.0065071677213790e-02 
28.400000 6.0347632009846823e-02 
28.600000 6.0557968815255492e-02 
28.800000 6.0695028339176130e-02 
29.000000 6.0758166981409525e-02 
29.200000 6.0747149958588598e-02 
29.400000 6.0662145333350959e-02 
29.600000 6.0503713734832973e-02 
29.800000 6.0272794155388658e-02 
30.000000 5.9970686253150537e-02 
30.200000 5.9599029619932305e-02 
30.400000 5.9159780490055762e-02 
30.600000 5.8655186369321190e-02 
30.800000 5.8087759056128896e-02 
31.000000 5.7460246510430871e-02 
31.200000 5.6775604002487094e-02 
31.400000 5.6036964944032160e-02 
31.600000 5.5247611770970061e-02 
31.800000 5.4410947210556164e-02 
32.000000 5.3530466228408964e-02 
32.200000 5.2609728912671565e-02 
32.400000 5.1652334515051197e-02 
32.600000 5.0661896831997566e-02 
32.800000 4.9642021074435043e-02 
33.000000 4.8596282341615088e-02 
33.200000 4.7528205784068592e-02 
33.400000 4.6441248512471174e-02 
33.600000 4.5338783283572152e-02 
33.800000 4.4224083971212649e-02 
34.000000 4.3100312809841897e-02 
34.200000 4.1970509379792360e-02 
34.400000 4.0837581287807546e-02 
34.600000 3.9704296482830338e-02 
34.800000 3.8573277135749234e-02 
35.000000 3.7446995002543199e-02 
35.200000 3.6327768182915568e-02 
35.400000 3.5217759180960061e-02 
35.600000 3.4118974170476914e-02 
35.800000 3.3033263365161908e-02 
36.000000 3.1962322392833205e-02 
36.200000 3.0907694573047925e-02 
36.400000 2.9870773998718892e-02 
36.600000 2.8852809324548635e-02 
36.800000 2.7854908168127187e-02 
37.000000 2.6878042033254935e-02 
37.200000 2.5923051669322839e-02 
37.400000 2.4990652785327507e-02 
37.600000 2.4081442042160547e-02 
37.800000 2.3195903252137443e-02 
38.000000 2.2334413720201604e-02 
38.200000 2.1497250666776560e-02 
38.400000 2.0684597677780980e-02 
38.600000 1.9896551132788345e-02 
38.800000 1.9133126567660148e-02 
39.000000 1.8394264933158200e-02 
39.200000 1.7679838716008471e-02 
39.400000 1.6989657893615381e-02 
39.600000 1.6323475698088858e-02 
39.800000 1.5680994169427268e-02 
40.000000 1.5061869481589673e-02 
40.200000 1.4465717028775847e-02 
40.400000 1.3892116262524292e-02 
40.600000 1.3340615273225434e-02 
40.800000 1.2810735112343123e-02 
41.000000 1.2301973854049094e-02 
41.200000 1.1813810397112752e-02 
41.400000 1.1345708009762609e-02 
41.600000 1.0897117621866410e-02 
41.800000 1.0467480870170805e-02 
42.000000 1.0056232903520109e-02 
42.200000 9.6628049559515025e-03 
42.400000 9.2866266963561907e-03 
42.600000 8.9271283640168075e-03 
42.800000 8.5837426998025320e-03 
43.000000 8.2559066831325214e-03 
43.200000 7.9430630850240019e-03 
43.400000 7.6446618476394713e-03 
43.600000 7.3601613007466303e-03 
43.800000 7.0890292254218723e-03 
44.000000 6.8307437751720206e-03 
44.200000 6.5847942644330715e-03 
44.400000 6.3506818341369335e-03 
44.600000 6.1279200037279687e-03 
44.800000 5.9160351186688777e-03 
45.000000 5.7145667021067685e-03 
45.200000 5.5230677189822951e-03 
45.400000 5.3411047604641666e-03 
45.600000 5.1682581561818203e-03 
45.800000 5.0041220213159167e-03 
46.000000 4.8483042451938144e-03 
46.200000 4.7004264276276787e-03 
46.400000 4.5601237688300562e-03 
46.600000 4.4270449183475462e-03 
46.800000 4.3008517880693091e-03 
47.000000 4.1812193339966150e-03 
47.200000 4.0678353111010864e-03 
47.400000 3.9604000052570970e-03 
47.600000 3.8586259459054890e-03 
47.800000 3.7622376027944123e-03 
48.000000 3.6709710698472468e-03 
48.200000 3.5845737389288363e-03 
48.400000 3.5028039660175113e-03 
48.600000 3.4254307320451356e-03 
48.800000 3.3522333004353789e-03 
49.000000 3.2830008731561749e-03 
49.200000 3.2175322469022070e-03 
49.400000 3.1556354708376488e-03 
49.600000 3.0971275071584796e-03 
49.800000 3.0418338955752978e-03 
50.000000 2.9895884226730906e-03 
50.200000 2.9402327969706888e-03 
50.400000 2.8936163303818390e-03 
50.600000 2.8495956266683677e-03 
50.800000 2.8080342773757110e-03 
51.000000 2.7688025656497535e-03 
51.200000 2.7317771782514803e-03 
51.400000 2.6968409260118569e-03 
51.600000 2.6638824729029492e-03 
51.800000 2.6327960738414796e-03 
52.000000 2.6034813212886991e-03 
52.200000 2.5758429006628148e-03 
52.400000 2.5497903545393268e-03 
52.600000 2.5252378555783968e-03 
52.800000 2.5021039880860725e-03 
53.000000 2.4803115380896065e-03 
53.200000 2.4597872917831803e-03 
53.400000 2.4404618421801248e-03 
53.600000 2.4222694037914793e-03 
53.800000 2.4051476351364025e-03 
54.000000 2.3890374688788317e-03 
54.200000 2.3738829493759215e-03 
54.400000 2.3596310774166994e-03 
54.600000 2.3462316619249257e-03 
54.800000 2.3336371783965067e-03 
55.000000 2.3218026338400789e-03 
55.200000 2.3106854379892974e-03 
55.400000 2.3002452805558197e-03 
55.600000 2.2904440142935988e-03 
55.800000 2.2812455436481871e-03 
56.000000 2.2726157187676296e-03 
56.200000 2.2645222346558288e-03 
56.400000 2.2569345352538585e-03 
56.600000 2.2498237222394689e-03 
56.800000 2.2431624683406097e-03 
57.000000 2.2369249349645367e-03 
57.200000 2.2310866939496380e-03 
57.400000 2.2256246532536420e-03 
57.600000 2.2205169863974725e-03 
57.800000 2.2157430654910380e-03 
58.000000 2.2112833976726323e-03 
58.200000 2.2071195648005830e-03 
58.400000 2.2032341662417119e-03 
58.600000 2.1996107646072363e-03 
58.800000 2.1962338342932045e-03 
59.000000 2.1930887126877727e-03 
59.200000 2.1901615539145227e-03 
59.400000 2.1874392849855415e-03 
59.600000 2.1849095642444277e-03 
59.800000 2.1825607419842536e-03 
60.000000 2.1803818231310324e-03 
60.200000 2.1783624318879816e-03 
60.400000 2.1764927782409482e-03 
60.600000 2.1747636262301299e-03 
60.800000 2.1731662638973903e-03 
61.000000 2.1716924748232708e-03 
61.200000 2.1703345111715737e-03 
61.400000 2.1690850681636916e-03 
61.600000 2.1679372599084489e-03 
61.800000 2.1668845965170801e-03 
62.000000 2.1659209624365285e-03 
62.200000 2.1650405959370944e-03 
62.400000 2.1642380696945880e-03 
62.600000 2.1635082724092876e-03 
62.800000 2.1628463914073019e-03 
63.000000 2.1622478961730346e-03 
63.200000 2.1617085227633838e-03 
63.400000 2.1612242590574649e-03 
63.600000 2.1607913307977525e-03 
63.800000 2.1604061883806515e-03 
64.000000 2.1600654943572896e-03 
64.200000 2.1597661116065903e-03 
64.400000 2.1595050921451664e-03 
64.600000 2.1592796665404084e-03 
64.800000 2.1590872338946702e-03 
65.000000 2.1589253523701204e-03 
65.200000 2.1587917302260361e-03 
65.400000 2.1586842173406144e-03 
65.600000 2.1586007971923912e-03 
65.800000 2.1585395792759034e-03 
66.000000 2.1584987919294261e-03 
66.200000 2.1584767755521558e-03 
66.400000 2.1584719761904405e-03 
66.600000 2.1584829394733613e-03 
66.800000 2.1585083048789753e-03 
67.000000 2.1585468003137093e-03 
67.200000 2.1585972369880546e-03 
67.400000 2.1586585045729918e-03 
67.600000 2.1587295666218032e-03 
67.800000 2.1588094562435636e-03 
68.000000 2.1588972720144616e-03 
68.200000 2.1589921741144730e-03 
68.400000 2.1590933806772358e-03 
68.600000 2.1592001643418158e-03 
68.800000 2.1593118489954227e-03 
69.000000 2.1594278066970865e-03 
69.200000 2.1595474547722059e-03 
69.400000 2.1596702530692694e-03 
69.600000 2.1597957013696758e-03 
69.800000 2.1599233369427335e-03 
70.000000 2.1600527322376546e-03 
70.200000 2.1601834927056818e-03 
70.400000 2.1603152547448579e-03 
70.600000 2.1604476837611465e-03 
70.800000 2.1605804723395356e-03 
71.000000 2.1607133385190720e-03 
71.200000 2.1608460241664892e-03 
71.400000 2.1609782934427476e-03 
71.600000 2.1611099313577197e-03 
71.800000 2.1612407424081727e-03 
72.000000 2.1613705492943658e-03 
72.200000 2.1614991917113121e-03 
72.400000 2.1616265252102835e-03 
72.600000 2.1617524201269006e-03 
72.800000 2.1618767605722832e-03 
73.000000 2.1619994434834990e-03 
73.200000 2.1621203777303726e-03 
73.400000 2.1622394832753458e-03 
73.600000 2.1623566903836268e-03 
73.800000 2.1624719388805848e-03 
74.000000 2.1625851774542603e-03 
74.200000 2.1626963629998545e-03 
74.400000 2.1628054600044996e-03 
74.600000 2.1629124399695507e-03 
74.800000 2.1630172808686041e-03 
75.000000 2.1631199666392255e-03 
75.200000 2.1632204867062760e-03 
75.400000 2.1633188355353601e-03 
75.600000 2.1634150122144227e-03 
75.800000 2.1635090200620970e-03 
76.000000 2.1636008662611326e-03 
76.200000 2.1636905615156797e-03 
76.400000 2.1637781197306519e-03 
76.600000 2.1638635577125838e-03 
76.800000 2.1639468948898813e-03 
77.000000 2.1640281530522052e-03 
77.200000 2.1641073561070841e-03 
77.400000 2.1641845298535005e-03 
77.600000 2.1642597017707760e-03 
77.800000 2.1643329008223591e-03 
78.000000 2.1644041572733011e-03 
78.200000 2.1644735025208531e-03 
78.400000 2.1645409689372663e-03 
78.600000 2.1646065897239762e-03 
78.800000 2.1646703987767244e-03 
79.000000 2.1647324305607571e-03 
79.200000 2.1647927199955463e-03 
79.400000 2.1648513023484334e-03 
79.600000 2.1649082131366929e-03 
79.800000 2.1649634880374622e-03 
80.000000 2.1650171628049444e-03 
80.200000 2.1650692731946357e-03 
80.400000 2.1651198548939682e-03 
80.600000 2.1651689434589233e-03 
80.800000 2.1652165742564364e-03 
81.000000 2.1652627824120256e-03 
81.200000 2.1653076027622845e-03 
81.400000 2.1653510698121580e-03 
81.600000 2.1653932176963491e-03 
81.800000 2.1654340801448594e-03 
82.000000 2.1654736904522290e-03 
82.200000 2.1655120814501770e-03 
82.400000 2.1655492854836767e-03 
82.600000 2.1655853343898078e-03 
82.800000 2.1656202594795794e-03 
83.000000 2.1656540915222398e-03 
83.200000 2.1656868607320590e-03 
83.400000 2.1657185967572782e-03 
83.600000 2.1657493286711396e-03 
83.800000 2.1657790849648152e-03 
84.000000 2.1658078935421010e-03 
84.200000 2.1658357817156645e-03 
84.400000 2.1658627762048271e-03 
84.600000 2.1658889031347449e-03 
84.800000 2.1659141880366376e-03 
85.000000 2.1659386558494568e-03 
85.200000 2.1659623309223360e-03 
85.400000 2.1659852370180879e-03 
85.600000 2.1660073973175488e-03 
85.800000 2.1660288344247563e-03 
86.000000 2.1660495703726230e-03 
86.200000 2.1660696266295452e-03 
86.400000 2.1660890241062729e-03 
86.600000 2.1661077831635015e-03 
86.800000 2.1661259236197055e-03 
87.000000 2.1661434647595947e-03 
87.200000 2.1661604253426442e-03 
87.400000 2.1661768236121821e-03 
87.600000 2.1661926773044694e-03 
87.800000 2.1662080036581742e-03 
88.000000 2.1662228194239451e-03 
88.200000 2.1662371408741341e-03 
88.400000 2.1662509838126206e-03 
88.600000 2.1662643635847008e-03 
88.800000 2.1662772950870554e-03 
89.000000 2.1662897927777567e-03 
89.200000 2.1663018706861940e-03 
89.400000 2.1663135424231112e-03 
89.600000 2.1663248211904870e-03 
89.800000 2.1663357197914609e-03 
90.000000 2.1663462506401406e-03 
90.200000 2.1663564257713361e-03 
90.400000 2.1663662568501851e-03 
90.600000 2.1663757551817486e-03 
90.800000 2.1663849317203445e-03 
91.000000 2.1663937970789414e-03 
91.200000 2.1664023615382859e-03 
91.400000 2.1664106350559056e-03 
91.600000 2.1664186272750434e-03 
91.800000 2.1664263475333827e-03 
92.000000 2.1664338048715637e-03 
92.200000 2.1664410080416874e-03 
92.400000 2.1664479655155609e-03 
92.600000 2.1664546854927159e-03 
92.800000 2.1664611759084273e-03 
93.000000 2.1664674444414203e-03 
93.200000 2.1664734985214649e-03 
93.400000 2.1664793453368011e-03 
93.600000 2.1664849918413983e-03 
93.800000 2.1664904447620112e-03 
94.000000 2.1664957106051165e-03 
94.200000 2.1665007956636053e-03 
94.400000 2.1665057060234303e-03 
94.600000 2.1665104475699377e-03 
94.800000 2.1665150259941512e-03 
95.000000 2.1665194467988410e-03 
95.200000 2.1665237153044577e-03 
95.400000 2.1665278366548367e-03 
95.600000 2.1665318158228539e-03 
95.800000 2.1665356576158726e-03 
96.000000 2.1665393666810040e-03 
96.200000 2.1665429475102569e-03 
96.400000 2.1665464044455982e-03 
96.600000 2.1665497416837195e-03 
96.800000 2.1665529632807923e-03 
97.000000 2.1665560731570885e-03 
97.200000 2.1665590751013528e-03 
97.400000 2.1665619727750901e-03 
97.600000 2.1665647697168655e-03 
97.800000 2.1665674693462414e-03 
98.000000 2.1665700749677326e-03 
98.200000 2.1665725897746756e-03 
98.400000 2.1665750168527883e-03 
98.600000 2.1665773591838895e-03 
98.800000 2.1665796196492859e-03 
99.000000 2.1665818010330857e-03 
99.200000 2.1665839060255590e-03 
99.400000 2.1665859372261972e-03 
99.600000 2.1665878971467360e-03 
99.800000 2.1665897882142062e-03 
100.000000 2.1665916127736771e-03 
100.200000 2.1665933730910516e-03 
100.400000 2.1665950713557532e-03 
100.600000 2.1665967096832833e-03 
100.800000 2.1665982901177198e-03 
101.000000 2.1665998146341427e-03 
101.200000 2.1666012851409501e-03 
101.400000 2.1666027034821260e-03 
101.600000 2.1666040714393951e-03 
101.800000 2.1666053907343887e-03 
102.000000 2.1666066630306262e-03 
102.200000 2.1666078899355004e-03 
102.400000 2.1666090730021702e-03 
102.600000 2.1666102137314512e-03 
102.800000 2.1666113135735024e-03 
103.000000 2.1666123739296455e-03 
103.200000 2.1666133961539226e-03 
103.400000 2.1666143815547746e-03 
103.600000 2.1666153313965497e-03 
103.800000 2.1666162469009876e-03 
104.000000 2.1666171292487077e-03 
104.200000 2.1666179795805833e-03 
104.400000 2.1666187989990340e-03 
104.600000 2.1666195885694313e-03 
104.800000 2.1666203493212583e-03 
105.000000 2.1666210822493719e-03 
105.200000 2.1666217883151567e-03 
105.400000 2.1666224684476509e-03 
105.600000 2.1666231235446939e-03 
105.800000 2.1666237544738791e-03 
106.000000 2.1666243620736421e-03 
106.200000 2.1666249471542515e-03 
106.400000 2.1666255104987064e-03 
106.600000 2.1666260528636948e-03 
106.800000 2.1666265749804665e-03 
107.000000 2.1666270775556789e-03 
107.200000 2.1666275612722235e-03 
107.400000 2.1666280267900787e-03 
107.600000 2.1666284747469495e-03 
107.800000 2.1666289057591633e-03 
108.000000 2.1666293204222566e-03 
108.200000 2.1666297193117814e-03 
108.400000 2.1666301029838499e-03 
108.600000 2.1666304719759359e-03 
108.800000 2.1666308268073428e-03 
109.000000 2.1666311679799182e-03 
109.200000 2.1666314959785751e-03 
109.400000 2.1666318112718861e-03 
109.600000 2.1666321143125871e-03 
109.800000 2.1666324055381919e-03 
110.000000 2.1666326853713785e-03 
110.200000 2.1666329542205510e-03 
110.400000 2.1666332124803127e-03 
110.600000 2.1666334605319358e-03 
110.800000 2.1666336987437129e-03 
111.000000 2.1666339274715031e-03 
111.200000 2.1666341470590682e-03 
111.400000 2.1666343578385207e-03 
111.600000 2.1666345601306443e-03 
111.800000 2.1666347542453231e-03 
112.000000 2.1666349404818905e-03 
112.200000 2.1666351191294499e-03 
112.400000 2.1666352904672610e-03 
112.600000 2.1666354547650144e-03 
112.800000 2.1666356122831566e-03 
113.000000 2.1666357632732290e-03 
113.200000 2.1666359079781363e-03 
113.400000 2.1666360466323763e-03 
113.600000 2.1666361794624497e-03 
113.800000 2.1666363066869879e-03 
114.000000 2.1666364285170968e-03 
114.200000 2.1666365451565566e-03 
114.400000 2.1666366568020919e-03 
114.600000 2.1666367636435941e-03 
114.800000 2.1666368658643355e-03 
115.000000 2.1666369636412094e-03 
115.200000 2.1666370571449172e-03 
115.400000 2.1666371465401892e-03 
115.600000 2.1666372319859737e-03 
115.800000 2.1666373136356252e-03 
116.000000 2.1666373916371029e-03 
116.200000 2.1666374661331350e-03 
116.400000 2.1666375372613885e-03 
116.600000 2.1666376051546316e-03 
116.800000 2.1666376699409390e-03 
117.000000 2.1666377317438048e-03 
117.200000 2.1666377906822605e-03 
117.400000 2.1666378468711621e-03 
117.600000 2.1666379004211520e-03 
117.800000 2.1666379514389050e-03 
118.000000 2.1666380000272298e-03 
118.200000 2.1666380462852419e-03 
118.400000 2.1666380903083904e-03 
118.600000 2.1666381321887133e-03 
118.800000 2.1666381720148007e-03 
119.000000 2.1666382098720492e-03 
119.200000 2.1666382458426807e-03 
119.400000 2.1666382800058590e-03 
119.600000 2.1666383124378658e-03 
119.800000 2.1666383432121052e-03 
120.000000 2.1666383723992328e-03 
120.200000 2.1666384000672638e-03 
120.400000 2.1666384262816548e-03 
120.600000 2.1666384511054037e-03 
120.800000 2.1666384745991150e-03 
121.000000 2.1666384968210559e-03 
121.200000 2.1666385178273025e-03 
121.400000 2.1666385376717750e-03 
121.600000 2.1666385564063037e-03 
121.800000 2.1666385740807320e-03 
122.000000 2.1666385907429283e-03 
122.200000 2.1666386064389505e-03 
122.400000 2.1666386212130235e-03 
122.600000 2.1666386351076173e-03 
122.800000 2.1666386481635548e-03 
123.000000 2.1666386604200180e-03 
123.200000 2.1666386719146375e-03 
123.400000 2.1666386826835063e-03 
123.600000 2.1666386927613164e-03 
123.800000 2.1666387021813116e-03 
124.000000 2.1666387109754107e-03 
124.200000 2.1666387191741927e-03 
124.400000 2.1666387268070362e-03 
124.600000 2.1666387339020492e-03 
124.800000 2.1666387404862281e-03 
125.000000 2.1666387465853897e-03 
125.200000 2.1666387522243013e-03 
125.400000 2.1666387574266698e-03 
125.600000 2.1666387622152239e-03 
125.800000 2.1666387666116672e-03 
126.000000 2.1666387706368315e-03 
126.200000 2.1666387743106107e-03 
126.400000 2.1666387776520667e-03 
126.600000 2.1666387806793695e-03 
126.800000 2.1666387834099752e-03 
127.000000 2.1666387858604716e-03 
127.200000 2.1666387880467917e-03 
127.400000 2.1666387899840944e-03 
127.600000 2.1666387916868903e-03 
127.800000 2.1666387931690138e-03 
128.000000 2.1666387944436739e-03 
128.200000 2.1666387955234620e-03 
128.400000 2.1666387964203891e-03 
128.600000 2.1666387971458864e-03 
128.800000 2.1666387977108824e-03 
129.000000 2.1666387981257701e-03 
129.200000 2.1666387984004176e-03 
129.400000 2.1666387985442332e-03 
129.600000 2.1666387985662043e-03 
129.800000 2.1666387984748256e-03 
130.000000 2.1666387982781890e-03 
130.200000 2.1666387979839682e-03 
130.400000 2.1666387975994893e-03 
130.600000 2.1666387971316639e-03 
130.800000 2.1666387965870596e-03 
131.000000 2.1666387959719197e-03 
131.200000 2.1666387952921171e-03 
131.400000 2.1666387945532750e-03 
131.600000 2.1666387937606638e-03 
131.800000 2.1666387929192895e-03 
132.000000 2.1666387920338823e-03 
132.200000 2.1666387911089004e-03 
132.400000 2.1666387901485618e-03 
132.600000 2.1666387891568443e-03 
132.800000 2.1666387881374904e-03 
133.000000 2.1666387870940404e-03 
133.200000 2.1666387860297619e-03 
133.400000 2.1666387849478418e-03 
133.600000 2.1666387838511752e-03 
133.800000 2.1666387827425008e-03 
134.000000 2.1666387816244030e-03 
134.200000 2.1666387804992870e-03 
134.400000 2.1666387793694251e-03 
134.600000 2.1666387782368901e-03 
134.800000 2.1666387771036551e-03 
135.000000 2.1666387759715520e-03 
135.200000 2.1666387748422531e-03 
135.400000 2.1666387737173695e-03 
135.600000 2.1666387725983297e-03 
135.800000 2.1666387714864869e-03 
136.000000 2.1666387703830935e-03 
136.200000 2.1666387692892788e-03 
136.400000 2.1666387682061092e-03 
136.600000 2.1666387671345454e-03 
136.800000 2.1666387660754477e-03 
137.000000 2.1666387650295985e-03 
137.200000 2.1666387639977728e-03 
137.400000 2.1666387629805705e-03 
137.600000 2.1666387619785937e-03 
137.800000 2.1666387609923540e-03 
138.000000 2.1666387600223257e-03 
138.200000 2.1666387590689113e-03 
138.400000 2.1666387581324329e-03 
138.600000 2.1666387572132255e-03 
138.800000 2.1666387563115297e-03 
139.000000 2.1666387554275576e-03 
139.200000 2.1666387545614678e-03 
139.400000 2.1666387537134187e-03 
139.600000 2.1666387528834720e-03 
139.800000 2.1666387520717215e-03 
140.000000 2.1666387512781866e-03 
140.200000 2.1666387505028645e-03 
140.400000 2.1666387497457223e-03 
140.600000 2.1666387490067449e-03 
140.800000 2.1666387482858324e-03 
141.000000 2.1666387475829125e-03 
141.200000 2.1666387468978524e-03 
141.400000 2.1666387462305251e-03 
141.600000 2.1666387455808109e-03 
141.800000 2.1666387449485280e-03 
142.000000 2.1666387443335113e-03 
142.200000 2.1666387437355695e-03 
142.400000 2.1666387431545043e-03 
142.600000 2.1666387425901272e-03 
142.800000 2.1666387420422131e-03 
143.000000 2.1666387415105420e-03 
143.200000 2.1666387409948937e-03 
143.400000 2.1666387404950375e-03 
143.600000 2.1666387400107361e-03 
143.800000 2.1666387395417271e-03 
144.000000 2.1666387390877799e-03 
144.200000 2.1666387386486746e-03 
144.400000 2.1666387382241253e-03 
144.600000 2.1666387378139109e-03 
144.800000 2.1666387374177864e-03 
145.000000 2.1666387370355032e-03 
145.200000 2.1666387366668198e-03 
145.400000 2.1666387363114990e-03 
145.600000 2.1666387359693209e-03 
145.800000 2.1666387356400240e-03 
146.000000 2.1666387353233823e-03 
146.200000 2.1666387350191400e-03 
146.400000 2.1666387347270629e-03 
146.600000 2.1666387344469267e-03 
146.800000 2.1666387341784713e-03 
147.000000 2.1666387339214712e-03 
147.200000 2.1666387336757693e-03 
147.400000 2.1666387334412472e-03 
147.600000 2.1666387332177910e-03 
147.800000 2.1666387330052188e-03 
148.000000 2.1666387328033361e-03 
148.200000 2.1666387326119189e-03 
148.400000 2.1666387324307456e-03 
148.600000 2.1666387322595401e-03 
148.800000 2.1666387320980400e-03 
149.000000 2.1666387319459858e-03 
149.200000 2.1666387318030745e-03 
149.400000 2.1666387316690390e-03 
149.600000 2.1666387315435803e-03 
149.800000 2.1666387314263993e-03 
