0.000000 7.5095914778018896e-03 
0.200000 7.5096426381787056e-03 
0.400000 7.5099072513140864e-03 
0.600000 7.5105912024091143e-03 
0.800000 7.5118741192535211e-03 
1.000000 7.5139091595624085e-03 
1.200000 7.5168274923515218e-03 
1.400000 7.5207395838563281e-03 
1.600000 7.5257367018967845e-03 
1.800000 7.5319009712829163e-03 
2.000000 7.5393142853661136e-03 
2.200000 7.5480525940882790e-03 
2.400000 7.5581844896931054e-03 
2.600000 7.5697713981910499e-03 
2.800000 7.5828694357188515e-03 
3.000000 7.5975215711700898e-03 
3.200000 7.6137579200087893e-03 
3.400000 7.6316066592254199e-03 
3.600000 7.6510972773056142e-03 
3.800000 7.6722556045395818e-03 
4.000000 7.6951062682394430e-03 
4.200000 7.7196739582489054e-03 
4.400000 7.7459845714694777e-03 
4.600000 7.7740639065230766e-03 
4.800000 7.8039389591373883e-03 
5.000000 7.8356388732712286e-03 
5.200000 7.8691945707159271e-03 
5.400000 7.9046387914443184e-03 
5.600000 7.9420063032757844e-03 
5.800000 7.9813339451454430e-03 
6.000000 8.0226604353395674e-03 
6.200000 8.0660262465727245e-03 
6.400000 8.1114739123295376e-03 
6.600000 8.1590474231880150e-03 
6.800000 8.2087926374029146e-03 
7.000000 8.2607574209392579e-03 
7.200000 8.3149917446365424e-03 
7.400000 8.3715479236509509e-03 
7.600000 8.4304807478325239e-03 
7.800000 8.4918475825762809e-03 
8.000000 8.5557085445219696e-03 
8.200000 8.6221266222970151e-03 
8.400000 8.6911677636034683e-03 
8.600000 8.7629010347440098e-03 
8.800000 8.8373987381291791e-03 
9.000000 8.9147365604157446e-03 
9.200000 8.9949937479790916e-03 
9.400000 9.0782532892429192e-03 
9.600000 9.1646021230794607e-03 
9.800000 9.2541313657828229e-03 
10.000000 9.3469365460136546e-03 
10.200000 9.4431178519496645e-03 
10.400000 9.5427804192509194e-03 
10.600000 9.6460346197107475e-03 
10.800000 9.7529963668360944e-03 
11.000000 9.8637874480543824e-03 
11.200000 9.9785358595012516e-03 
11.400000 1.0097376174780560e-02 
11.600000 1.0220449918269632e-02 
11.800000 1.0347905966105801e-02 
12.000000 1.0479900977394808e-02 
12.200000 1.0616599838296679e-02 
12.400000 1.0758176134831158e-02 
12.600000 1.0904812656430198e-02 
12.800000 1.1056701919902686e-02 
13.000000 1.1214046718021320e-02 
13.200000 1.1377060697102979e-02 
13.400000 1.1545968957748219e-02 
13.600000 1.1721008678952526e-02 
13.800000 1.1902429768949382e-02 
14.000000 1.2090495538420443e-02 
14.200000 1.2285483393860465e-02 
14.400000 1.2487685553637527e-02 
14.600000 1.2697409780610767e-02 
14.800000 1.2914980129655100e-02 
15.000000 1.3140737708198458e-02 
15.200000 1.3375041442418523e-02 
15.400000 1.3618268845066886e-02 
15.600000 1.3870816779076102e-02 
15.800000 1.4133102206926054e-02 
16.000000 1.4405562917412726e-02 
16.200000 1.4688658219041452e-02 
16.400000 1.4982869585598899e-02 
16.600000 1.5288701239420959e-02 
16.800000 1.5606680655130318e-02 
17.000000 1.5937358962442676e-02 
17.200000 1.6281311225191823e-02 
17.400000 1.6639136570237537e-02 
17.600000 1.7011458135325123e-02 
17.800000 1.7398922802201049e-02 
18.000000 1.7802200677071514e-02 
18.200000 1.8221984275325127e-02 
18.400000 1.8658987363814144e-02 
18.600000 1.9113943409349854e-02 
18.800000 1.9587603576943873e-02 
19.000000 2.0080734217643219e-02 
19.200000 2.0594113781782906e-02 
19.400000 2.1128529089667569e-02 
19.600000 2.1684770889641623e-02 
19.800000 2.2263628632075604e-02 
20.000000 2.2865884387634851e-02 
20.200000 2.3492305840558746e-02 
20.400000 2.4143638292027446e-02 
20.600000 2.4820595615610154e-02 
20.800000 2.5523850117462155e-02 
21.000000 2.6254021268064989e-02 
21.200000 2.7011663290411745e-02 
21.400000 2.7797251612533443e-02 
21.600000 2.8611168219814988e-02 
21.800000 2.9453685974885381e-02 
22.000000 3.0324952010259719e-02 
22.200000 3.1224970340662093e-02 
22.400000 3.2153583887531763e-02 
22.600000 3.3110456156981841e-02 
22.800000 3.4095052862894160e-02 
23.000000 3.5106623837328876e-02 
23.200000 3.6144185619241140e-02 
23.400000 3.7206505157092840e-02 
23.600000 3.8292085098799757e-02 
23.800000 3.9399151170916143e-02 
24.000000 4.0525642164917060e-02 
24.200000 4.1669203049374583e-02 
24.400000 4.2827181709953775e-02 
24.600000 4.3996629782520051e-02 
24.800000 4.5174307986920723e-02 
25.000000 4.6356696289580182e-02 
25.200000 4.7540009122670680e-02 
25.400000 4.8720215768199480e-02 
25.600000 4.9893065880103352e-02 
25.800000 5.1054119970912033e-02 
26.000000 5.2198784537467825e-02 
26.200000 5.3322351349162640e-02 
26.400000 5.4420040279278360e-02 
26.600000 5.5487044932499195e-02 
26.800000 5.6518580216219090e-02 
27.000000 5.7509930925636610e-02 
27.200000 5.8456500367176492e-02 
27.400000 5.9353858034064760e-02 
27.600000 6.0197785372457790e-02 
27.800000 6.0984318735008487e-02 
28.000000 6.1709788707727448e-02 
28.200000 6.2370855110564991e-02 
28.400000 6.2964537106096369e-02 
28.600000 6.3488237997168642e-02 
28.800000 6.3939764446242858e-02 
29.000000 6.4317339999605691e-02 
29.200000 6.4619612942506732e-02 
29.400000 6.4845658641424053e-02 
29.600000 6.4994976643238458e-02 
29.800000 6.5067482895461201e-02 
30.000000 6.5063497525561176e-02 
30.200000 6.4983728670775509e-02 
30.400000 6.4829252883455271e-02 
30.600000 6.4601492652731324e-02 
30.800000 6.4302191583289078e-02 
31.000000 6.3933387758911789e-02 
31.200000 6.3497385794797134e-02 
31.400000 6.2996728051092576e-02 
31.600000 6.2434165442948872e-02 
31.800000 6.1812628241755187e-02 
32.000000 6.1135197219768095e-02 
32.200000 6.0405075447499297e-02 
32.400000 5.9625561010953905e-02 
32.600000 5.8800020874907523e-02 
32.800000 5.7931866079344627e-02 
33.000000 5.7024528419304922e-02 
33.200000 5.6081438723853287e-02 
33.400000 5.5106006817842834e-02 
33.600000 5.4101603220611187e-02 
33.800000 5.3071542608745269e-02 
34.000000 5.2019069045626240e-02 
34.200000 5.0947342958581526e-02 
34.400000 4.9859429825139689e-02 
34.600000 4.8758290513131262e-02 
34.800000 4.7646773205114325e-02 
35.000000 4.6527606825875790e-02 
35.200000 4.5403395882416410e-02 
35.400000 4.4276616618840789e-02 
35.600000 4.3149614383795110e-02 
35.800000 4.2024602105372379e-02 
36.000000 4.0903659767572792e-02 
36.200000 3.9788734783256528e-02 
36.400000 3.8681643160860778e-02 
36.600000 3.7584071365727417e-02 
36.800000 3.6497578781508687e-02 
37.000000 3.5423600682533272e-02 
37.200000 3.4363451634038693e-02 
37.400000 3.3318329243607052e-02 
37.600000 3.2289318193780787e-02 
37.800000 3.1277394492553762e-02 
38.000000 3.0283429885069664e-02 
38.200000 2.9308196376309895e-02 
38.400000 2.8352370820707115e-02 
38.600000 2.7416539540436945e-02 
38.800000 2.6501202939519682e-02 
39.000000 2.5606780085807881e-02 
39.200000 2.4733613237422358e-02 
39.400000 2.3881972294191152e-02 
39.600000 2.3052059158203075e-02 
39.800000 2.2244011990677610e-02 
40.000000 2.1457909355044151e-02 
40.200000 2.0693774238409377e-02 
40.400000 1.9951577945545203e-02 
40.600000 1.9231243861146791e-02 
40.800000 1.8532651077471415e-02 
41.000000 1.7855637885572626e-02 
41.200000 1.7200005129250958e-02 
41.400000 1.6565519421573763e-02 
41.600000 1.5951916224407160e-02 
41.800000 1.5358902791874232e-02 
42.000000 1.4786160979035394e-02 
42.200000 1.4233349917394993e-02 
42.400000 1.3700108559093045e-02 
42.600000 1.3186058091850137e-02 
42.800000 1.2690804226920866e-02 
43.000000 1.2213939362468174e-02 
43.200000 1.1755044624919045e-02 
43.400000 1.1313691790998129e-02 
43.600000 1.0889445093263167e-02 
43.800000 1.0481862912088661e-02 
44.000000 1.0090499357160341e-02 
44.200000 9.7149057416554187e-03 
44.400000 9.3546319523843732e-03 
44.600000 9.0092277192701728e-03 
44.800000 8.6782437876275070e-03 
45.000000 8.3612329967803507e-03 
45.200000 8.0577512686251865e-03 
45.400000 7.7673585097995188e-03 
45.600000 7.4896194311554701e-03 
45.800000 7.2241042882661005e-03 
46.000000 6.9703895467031311e-03 
46.200000 6.7280584758230315e-03 
46.400000 6.4967016747821058e-03 
46.600000 6.2759175344708588e-03 
46.800000 6.0653126390132232e-03 
47.000000 5.8645021104205570e-03 
47.200000 5.6731098999225314e-03 
47.400000 5.4907690294162849e-03 
47.600000 5.3171217863882091e-03 
47.800000 5.1518198755650963e-03 
48.000000 4.9945245304451281e-03 
48.200000 4.8449065877513506e-03 
48.400000 4.7026465277310451e-03 
48.600000 4.5674344831066324e-03 
48.800000 4.4389702193600670e-03 
49.000000 4.3169630889083044e-03 
49.200000 4.2011319616009632e-03 
49.400000 4.0912051338465689e-03 
49.600000 3.9869202185481437e-03 
49.800000 3.8880240179047679e-03 
50.000000 3.7942723810146951e-03 
50.200000 3.7054300480960879e-03 
50.400000 3.6212704830252416e-03 
50.600000 3.5415756957785749e-03 
50.800000 3.4661360562576959e-03 
51.000000 3.3947501008683174e-03 
51.200000 3.3272243331259627e-03 
51.400000 3.2633730194622300e-03 
51.600000 3.2030179813142745e-03 
51.800000 3.1459883844915494e-03 
52.000000 3.0921205267302626e-03 
52.200000 3.0412576242670026e-03 
52.400000 2.9932495981879995e-03 
52.600000 2.9479528612396852e-03 
52.800000 2.9052301057201947e-03 
53.000000 2.8649500930087030e-03 
53.200000 2.8269874452312676e-03 
53.400000 2.7912224395073466e-03 
53.600000 2.7575408051694994e-03 
53.800000 2.7258335243025922e-03 
54.000000 2.6959966359032970e-03 
54.200000 2.6679310439207990e-03 
54.400000 2.6415423294014117e-03 
54.600000 2.6167405669246272e-03 
54.800000 2.5934401454863810e-03 
55.000000 2.5715595939552979e-03 
55.200000 2.5510214112006808e-03 
55.400000 2.5317519009662270e-03 
55.600000 2.5136810115404078e-03 
55.800000 2.4967421802543962e-03 
56.000000 2.4808721828190510e-03 
56.200000 2.4660109874960058e-03 
56.400000 2.4521016140824758e-03 
56.600000 2.4390899976755470e-03 
56.800000 2.4269248571698403e-03 
57.000000 2.4155575684312604e-03 
57.200000 2.4049420420799530e-03 
57.400000 2.3950346058074657e-03 
57.600000 2.3857938911453396e-03 
57.800000 2.3771807245962268e-03 
58.000000 2.3691580230333822e-03 
58.200000 2.3616906932693864e-03 
58.400000 2.3547455356917190e-03 
58.600000 2.3482911518591556e-03 
58.800000 2.3422978559512718e-03 
59.000000 2.3367375899610052e-03 
59.200000 2.3315838425190583e-03 
59.400000 2.3268115712386560e-03 
59.600000 2.3223971284683708e-03 
59.800000 2.3183181903410387e-03 
60.000000 2.3145536890075919e-03 
60.200000 2.3110837479448092e-03 
60.400000 2.3078896202280591e-03 
60.600000 2.3049536296604113e-03 
60.800000 2.3022591146521902e-03 
61.000000 2.2997903747458948e-03 
61.200000 2.2975326196842936e-03 
61.400000 2.2954719209208607e-03 
61.600000 2.2935951654746373e-03 
61.800000 2.2918900120335595e-03 
62.000000 2.2903448492129150e-03 
62.200000 2.2889487558781338e-03 
62.400000 2.2876914634437995e-03 
62.600000 2.2865633200630665e-03 
62.800000 2.2855552566247005e-03 
63.000000 2.2846587544774906e-03 
63.200000 2.2838658148042067e-03 
63.400000 2.2831689295703932e-03 
63.600000 2.2825610539755070e-03 
63.800000 2.2820355803368228e-03 
64.000000 2.2815863133387425e-03 
64.200000 2.2812074465833249e-03 
64.400000 2.2808935403795146e-03 
64.600000 2.2806395007117573e-03 
64.800000 2.2804405593306785e-03 
65.000000 2.2802922549108751e-03 
65.200000 2.2801904152233731e-03 
65.400000 2.2801311402721649e-03 
65.600000 2.2801107863469768e-03 
65.800000 2.2801259509457844e-03 
66.000000 2.2801734585232180e-03 
66.200000 2.2802503470227952e-03 
66.400000 2.2803538551527951e-03 
66.600000 2.2804814103671855e-03 
66.800000 2.2806306175154924e-03 
67.000000 2.2807992481263762e-03 
67.200000 2.2809852302919020e-03 
67.400000 2.2811866391207738e-03 
67.600000 2.2814016877306595e-03 
67.800000 2.2816287187506406e-03 
68.000000 2.2818661963069416e-03 
68.200000 2.2821126984656427e-03 
68.400000 2.2823669101082115e-03 
68.600000 2.2826276162161707e-03 
68.800000 2.2828936955427751e-03 
69.000000 2.2831641146508425e-03 
69.200000 2.2834379222964425e-03 
69.400000 2.2837142441397740e-03 
69.600000 2.2839922777650248e-03 
69.800000 2.2842712879922993e-03 
70.000000 2.2845506024654753e-03 
70.200000 2.2848296075006114e-03 
70.400000 2.2851077441803929e-03 
70.600000 2.2853845046809421e-03 
70.800000 2.2856594288179909e-03 
71.000000 2.2859321008000697e-03 
71.200000 2.2862021461770004e-03 
71.400000 2.2864692289729090e-03 
71.600000 2.2867330489929325e-03 
71.800000 2.2869933392941624e-03 
72.000000 2.2872498638112715e-03 
72.200000 2.2875024151279462e-03 
72.400000 2.2877508123859392e-03 
72.600000 2.2879948993239324e-03 
72.800000 2.2882345424383296e-03 
73.000000 2.2884696292595286e-03 
73.200000 2.2887000667364456e-03 
73.400000 2.2889257797235668e-03 
73.600000 2.2891467095640500e-03 
73.800000 2.2893628127636729e-03 
74.000000 2.2895740597501284e-03 
74.200000 2.2897804337126981e-03 
74.400000 2.2899819295176815e-03 
74.600000 2.2901785526949544e-03 
74.800000 2.2903703184915963e-03 
75.000000 2.2905572509885207e-03 
75.200000 2.2907393822764500e-03 
75.400000 2.2909167516876128e-03 
75.600000 2.2910894050798274e-03 
75.800000 2.2912573941699806e-03 
76.000000 2.2914207759136005e-03 
76.200000 2.2915796119282118e-03 
76.400000 2.2917339679572315e-03 
76.600000 2.2918839133725245e-03 
76.800000 2.2920295207128007e-03 
77.000000 2.2921708652558176e-03 
77.200000 2.2923080246224047e-03 
77.400000 2.2924410784101561e-03 
77.600000 2.2925701078550355e-03 
77.800000 2.2926951955190094e-03 
78.000000 2.2928164250024924e-03 
78.200000 2.2929338806793194e-03 
78.400000 2.2930476474535113e-03 
78.600000 2.2931578105359705e-03 
78.800000 2.2932644552401222e-03 
79.000000 2.2933676667949224e-03 
79.200000 2.2934675301746130e-03 
79.400000 2.2935641299434589e-03 
79.600000 2.2936575501151225e-03 
79.800000 2.2937478740252745e-03 
80.000000 2.2938351842166417e-03 
80.200000 2.2939195623357688e-03 
80.400000 2.2940010890405158e-03 
80.600000 2.2940798439177517e-03 
80.800000 2.2941559054102168e-03 
81.000000 2.2942293507523109e-03 
81.200000 2.2943002559137862e-03 
81.400000 2.2943686955510536e-03 
81.600000 2.2944347429653578e-03 
81.800000 2.2944984700674314e-03 
82.000000 2.2945599473480939e-03 
82.200000 2.2946192438543264e-03 
82.400000 2.2946764271703571e-03 
82.600000 2.2947315634035976e-03 
82.800000 2.2947847171746532e-03 
83.000000 2.2948359516113980e-03 
83.200000 2.2948853283466762e-03 
83.400000 2.2949329075192633e-03 
83.600000 2.2949787477777981e-03 
83.800000 2.2950229062876758e-03 
84.000000 2.2950654387401633e-03 
84.200000 2.2951063993639728e-03 
84.400000 2.2951458409388396e-03 
84.600000 2.2951838148109029e-03 
84.800000 2.2952203709098043e-03 
85.000000 2.2952555577671779e-03 
85.200000 2.2952894225365355e-03 
85.400000 2.2953220110142579e-03 
85.600000 2.2953533676616407e-03 
85.800000 2.2953835356277368e-03 
86.000000 2.2954125567730809e-03 
86.200000 2.2954404716939293e-03 
86.400000 2.2954673197472051e-03 
86.600000 2.2954931390756252e-03 
86.800000 2.2955179666334894e-03 
87.000000 2.2955418382125049e-03 
87.200000 2.2955647884678743e-03 
87.400000 2.2955868509445523e-03 
87.600000 2.2956080581034944e-03 
87.800000 2.2956284413479062e-03 
88.000000 2.2956480310494932e-03 
88.200000 2.2956668565745301e-03 
88.400000 2.2956849463098426e-03 
88.600000 2.2957023276885444e-03 
88.800000 2.2957190272155873e-03 
89.000000 2.2957350704929896e-03 
89.200000 2.2957504822448795e-03 
89.400000 2.2957652863420746e-03 
89.600000 2.2957795058264519e-03 
89.800000 2.2957931629348704e-03 
90.000000 2.2958062791227189e-03 
90.200000 2.2958188750871280e-03 
90.400000 2.2958309707896765e-03 
90.600000 2.2958425854787408e-03 
90.800000 2.2958537377113643e-03 
91.000000 2.2958644453747457e-03 
91.200000 2.2958747257071752e-03 
91.400000 2.2958845953186544e-03 
91.600000 2.2958940702109041e-03 
91.800000 2.2959031657970161e-03 
92.000000 2.2959118969206249e-03 
92.200000 2.2959202778745818e-03 
92.400000 2.2959283224191817e-03 
92.600000 2.2959360437999447e-03 
92.800000 2.2959434547649192e-03 
93.000000 2.2959505675815557e-03 
93.200000 2.2959573940530809e-03 
93.400000 2.2959639455344748e-03 
93.600000 2.2959702329479665e-03 
93.800000 2.2959762667981486e-03 
94.000000 2.2959820571865591e-03 
94.200000 2.2959876138259633e-03 
94.400000 2.2959929460541172e-03 
94.600000 2.2959980628472101e-03 
94.800000 2.2960029728327914e-03 
95.000000 2.2960076843023796e-03 
95.200000 2.2960122052237009e-03 
95.400000 2.2960165432524869e-03 
95.600000 2.2960207057438797e-03 
95.800000 2.2960246997636249e-03 
96.000000 2.2960285320987044e-03 
96.200000 2.2960322092677385e-03 
96.400000 2.2960357375310684e-03 
96.600000 2.2960391229003676e-03 
96.800000 2.2960423711481511e-03 
97.000000 2.2960454878167297e-03 
97.200000 2.2960484782270493e-03 
97.400000 2.2960513474870776e-03 
97.600000 2.2960541005000615e-03 
97.800000 2.2960567419723016e-03 
98.000000 2.2960592764209075e-03 
98.200000 2.2960617081809512e-03 
98.400000 2.2960640414127283e-03 
98.600000 2.2960662801084645e-03 
98.800000 2.2960684280989726e-03 
99.000000 2.2960704890599478e-03 
99.200000 2.2960724665180899e-03 
99.400000 2.2960743638570347e-03 
99.600000 2.2960761843229642e-03 
99.800000 2.2960779310301450e-03 
100.000000 2.2960796069661218e-03 
100.200000 2.2960812149968113e-03 
100.400000 2.2960827578713894e-03 
100.600000 2.2960842382269454e-03 
100.800000 2.2960856585930384e-03 
101.000000 2.2960870213960035e-03 
101.200000 2.2960883289631431e-03 
101.400000 2.2960895835267125e-03 
101.600000 2.2960907872278417e-03 
101.800000 2.2960919421201567e-03 
102.000000 2.2960930501734001e-03 
102.200000 2.2960941132768825e-03 
102.400000 2.2960951332426640e-03 
102.600000 2.2960961118088431e-03 
102.800000 2.2960970506425279e-03 
103.000000 2.2960979513427112e-03 
103.200000 2.2960988154431495e-03 
103.400000 2.2960996444150272e-03 
103.600000 2.2961004396694793e-03 
103.800000 2.2961012025601406e-03 
104.000000 2.2961019343854631e-03 
104.200000 2.2961026363910396e-03 
104.400000 2.2961033097717884e-03 
104.600000 2.2961039556739751e-03 
104.800000 2.2961045751973331e-03 
105.000000 2.2961051693969306e-03 
105.200000 2.2961057392849988e-03 
105.400000 2.2961062858327503e-03 
105.600000 2.2961068099721306e-03 
105.800000 2.2961073125972653e-03 
106.000000 2.2961077945662521e-03 
106.200000 2.2961082567024803e-03 
106.400000 2.2961086997961800e-03 
106.600000 2.2961091246056936e-03 
106.800000 2.2961095318589199e-03 
107.000000 2.2961099222544687e-03 
107.200000 2.2961102964629194e-03 
107.400000 2.2961106551279854e-03 
107.600000 2.2961109988675803e-03 
107.800000 2.2961113282749732e-03 
108.000000 2.2961116439196949e-03 
108.200000 2.2961119463485984e-03 
108.400000 2.2961122360867503e-03 
108.600000 2.2961125136383440e-03 
108.800000 2.2961127794875725e-03 
109.000000 2.2961130340994188e-03 
109.200000 2.2961132779204412e-03 
109.400000 2.2961135113795596e-03 
109.600000 2.2961137348887733e-03 
109.800000 2.2961139488438106e-03 
110.000000 2.2961141536248400e-03 
110.200000 2.2961143495970550e-03 
110.400000 2.2961145371113529e-03 
110.600000 2.2961147165048274e-03 
110.800000 2.2961148881014163e-03 
111.000000 2.2961150522123508e-03 
111.200000 2.2961152091367214e-03 
111.400000 2.2961153591619437e-03 
111.600000 2.2961155025642403e-03 
111.800000 2.2961156396090797e-03 
112.000000 2.2961157705515948e-03 
112.200000 2.2961158956370598e-03 
112.400000 2.2961160151011629e-03 
112.600000 2.2961161291705210e-03 
112.800000 2.2961162380629153e-03 
113.000000 2.2961163419877354e-03 
113.200000 2.2961164411463026e-03 
113.400000 2.2961165357320837e-03 
113.600000 2.2961166259311532e-03 
113.800000 2.2961167119223570e-03 
114.000000 2.2961167938776667e-03 
114.200000 2.2961168719624076e-03 
114.400000 2.2961169463355481e-03 
114.600000 2.2961170171499241e-03 
114.800000 2.2961170845524873e-03 
115.000000 2.2961171486845389e-03 
115.200000 2.2961172096818971e-03 
115.400000 2.2961172676752200e-03 
115.600000 2.2961173227900571e-03 
115.800000 2.2961173751471727e-03 
116.000000 2.2961174248626623e-03 
116.200000 2.2961174720481257e-03 
116.400000 2.2961175168108605e-03 
116.600000 2.2961175592540427e-03 
116.800000 2.2961175994768435e-03 
117.000000 2.2961176375745945e-03 
117.200000 2.2961176736389518e-03 
117.400000 2.2961177077579827e-03 
117.600000 2.2961177400163961e-03 
117.800000 2.2961177704955596e-03 
118.000000 2.2961177992736619e-03 
118.200000 2.2961178264259033e-03 
118.400000 2.2961178520244890e-03 
118.600000 2.2961178761388406e-03 
118.800000 2.2961178988356134e-03 
119.000000 2.2961179201788908e-03 
119.200000 2.2961179402301974e-03 
119.400000 2.2961179590486429e-03 
119.600000 2.2961179766909988e-03 
119.800000 2.2961179932117761e-03 
120.000000 2.2961180086633419e-03 
120.200000 2.2961180230959438e-03 
120.400000 2.2961180365578086e-03 
120.600000 2.2961180490952892e-03 
120.800000 2.2961180607528006e-03 
121.000000 2.2961180715729791e-03 
121.200000 2.2961180815967834e-03 
121.400000 2.2961180908634233e-03 
121.600000 2.2961180994105703e-03 
121.800000 2.2961181072743164e-03 
122.000000 2.2961181144892841e-03 
122.200000 2.2961181210886293e-03 
122.400000 2.2961181271041829e-03 
122.600000 2.2961181325663899e-03 
122.800000 2.2961181375044585e-03 
123.000000 2.2961181419463438e-03 
123.200000 2.2961181459188150e-03 
123.400000 2.2961181494475054e-03 
123.600000 2.2961181525569538e-03 
123.800000 2.2961181552706429e-03 
124.000000 2.2961181576110013e-03 
124.200000 2.2961181595995478e-03 
124.400000 2.2961181612567764e-03 
124.600000 2.2961181626023506e-03 
124.800000 2.2961181636550047e-03 
125.000000 2.2961181644326509e-03 
125.200000 2.2961181649524091e-03 
125.400000 2.2961181652306106e-03 
125.600000 2.2961181652828224e-03 
125.800000 2.2961181651239191e-03 
126.000000 2.2961181647680818e-03 
126.200000 2.2961181642288083e-03 
126.400000 2.2961181635189759e-03 
126.600000 2.2961181626508687e-03 
126.800000 2.2961181616361144e-03 
127.000000 2.2961181604858362e-03 
127.200000 2.2961181592105985e-03 
127.400000 2.2961181578204453e-03 
127.600000 2.2961181563249146e-03 
127.800000 2.2961181547330256e-03 
128.000000 2.2961181530534360e-03 
128.200000 2.2961181512942568e-03 
128.400000 2.2961181494632233e-03 
128.600000 2.2961181475676519e-03 
128.800000 2.2961181456144985e-03 
129.000000 2.2961181436103018e-03 
129.200000 2.2961181415612408e-03 
129.400000 2.2961181394731945e-03 
129.600000 2.2961181373516736e-03 
129.800000 2.2961181352018950e-03 
130.000000 2.2961181330287631e-03 
130.200000 2.2961181308368893e-03 
130.400000 2.2961181286306172e-03 
130.600000 2.2961181264140444e-03 
130.800000 2.2961181241909711e-03 
131.000000 2.2961181219650004e-03 
131.200000 2.2961181197394790e-03 
131.400000 2.2961181175175480e-03 
131.600000 2.2961181153021183e-03 
131.800000 2.2961181130959113e-03 
132.000000 2.2961181109014939e-03 
132.200000 2.2961181087211824e-03 
132.400000 2.2961181065571687e-03 
132.600000 2.2961181044114732e-03 
132.800000 2.2961181022859373e-03 
133.000000 2.2961181001822650e-03 
133.200000 2.2961180981020336e-03 
133.400000 2.2961180960466682e-03 
133.600000 2.2961180940174646e-03 
133.800000 2.2961180920155985e-03 
134.000000 2.2961180900421454e-03 
134.200000 2.2961180880980434e-03 
134.400000 2.2961180861841546e-03 
134.600000 2.2961180843012342e-03 
134.800000 2.2961180824499264e-03 
135.000000 2.2961180806308117e-03 
135.200000 2.2961180788443744e-03 
135.400000 2.2961180770910282e-03 
135.600000 2.2961180753711115e-03 
135.800000 2.2961180736848874e-03 
136.000000 2.2961180720325555e-03 
136.200000 2.2961180704142744e-03 
136.400000 2.2961180688301037e-03 
136.600000 2.2961180672800927e-03 
136.800000 2.2961180657642011e-03 
137.000000 2.2961180642823830e-03 
137.200000 2.2961180628345216e-03 
137.400000 2.2961180614204735e-03 
137.600000 2.2961180600400209e-03 
137.800000 2.2961180586929708e-03 
138.000000 2.2961180573790483e-03 
138.200000 2.2961180560979663e-03 
138.400000 2.2961180548494173e-03 
138.600000 2.2961180536330513e-03 
138.800000 2.2961180524485223e-03 
139.000000 2.2961180512954321e-03 
139.200000 2.2961180501733813e-03 
139.400000 2.2961180490819666e-03 
139.600000 2.2961180480207026e-03 
139.800000 2.2961180469891931e-03 
140.000000 2.2961180459869532e-03 
140.200000 2.2961180450135044e-03 
140.400000 2.2961180440683802e-03 
140.600000 2.2961180431510736e-03 
140.800000 2.2961180422611206e-03 
141.000000 2.2961180413979881e-03 
141.200000 2.2961180405611788e-03 
141.400000 2.2961180397501873e-03 
141.600000 2.2961180389644968e-03 
141.800000 2.2961180382036011e-03 
142.000000 2.2961180374669898e-03 
142.200000 2.2961180367541520e-03 
142.400000 2.2961180360645860e-03 
142.600000 2.2961180353977657e-03 
142.800000 2.2961180347531988e-03 
143.000000 2.2961180341303871e-03 
143.200000 2.2961180335288275e-03 
143.400000 2.2961180329480325e-03 
143.600000 2.2961180323875152e-03 
143.800000 2.2961180318468023e-03 
144.000000 2.2961180313254190e-03 
144.200000 2.2961180308228787e-03 
144.400000 2.2961180303387495e-03 
144.600000 2.2961180298725534e-03 
144.800000 2.2961180294238754e-03 
145.000000 2.2961180289922571e-03 
145.200000 2.2961180285772970e-03 
145.400000 2.2961180281785868e-03 
145.600000 2.2961180277956991e-03 
145.800000 2.2961180274282548e-03 
146.000000 2.2961180270758543e-03 
146.200000 2.2961180267381132e-03 
146.400000 2.2961180264146515e-03 
146.600000 2.2961180261051061e-03 
146.800000 2.2961180258090851e-03 
147.000000 2.2961180255262567e-03 
147.200000 2.2961180252562882e-03 
147.400000 2.2961180249989332e-03 
147.600000 2.2961180247539782e-03 
147.800000 2.2961180245211830e-03 
148.000000 2.2961180243002556e-03 
148.200000 2.2961180240909044e-03 
148.400000 2.2961180238928068e-03 
148.600000 2.2961180237056292e-03 
148.800000 2.2961180235290574e-03 
149.000000 2.2961180233627343e-03 
149.200000 2.2961180232063030e-03 
149.400000 2.2961180230594022e-03 
149.600000 2.2961180229217138e-03 
149.800000 2.2961180227928468e-03 
