0.000000 8.4341572298147361e-03 
0.200000 8.4341867832552781e-03 
0.400000 8.4343864673029918e-03 
0.600000 8.4349561456558125e-03 
0.800000 8.4360724204811683e-03 
1.000000 8.4378903910285255e-03 
1.200000 8.4405452094862294e-03 
1.400000 8.4441535151384087e-03 
1.600000 8.4488128113681307e-03 
1.800000 8.4546099334516251e-03 
2.000000 8.4616351184639144e-03 
2.200000 8.4699724957897592e-03 
2.400000 8.4797000214952012e-03 
2.600000 8.4908901851851980e-03 
2.800000 8.5036106307427480e-03 
3.000000 8.5179246930860101e-03 
3.200000 8.5338919817767086e-03 
3.400000 8.5515712641038646e-03 
3.600000 8.5710203943076286e-03 
3.800000 8.5922902718433922e-03 
4.000000 8.6154281212634399e-03 
4.200000 8.6404786838413326e-03 
4.400000 8.6674848249536536e-03 
4.600000 8.6964884650633303e-03 
4.800000 8.7275315843760980e-03 
5.000000 8.7606564238906851e-03 
5.200000 8.7959053895013198e-03 
5.400000 8.8333216062873969e-03 
5.600000 8.8729490516399907e-03 
5.800000 8.9148326993062736e-03 
6.000000 8.9590185888073683e-03 
6.200000 9.0055539694273747e-03 
6.400000 9.0544872598282821e-03 
6.600000 9.1058681713341218e-03 
6.800000 9.1597479180529733e-03 
7.000000 9.2161793403480359e-03 
7.200000 9.2752170568026829e-03 
7.400000 9.3369176441364093e-03 
7.600000 9.4013399892140873e-03 
7.800000 9.4685453909382142e-03 
8.000000 9.5385976271208442e-03 
8.200000 9.6115631969614437e-03 
8.400000 9.6875114635147190e-03 
8.600000 9.7665148207904760e-03 
8.800000 9.8486488509223011e-03 
9.000000 9.9339925196244103e-03 
9.200000 1.0022628362841672e-02 
9.400000 1.0114642679079414e-02 
9.600000 1.0210125751598648e-02 
9.800000 1.0309172074608691e-02 
10.000000 1.0411880588998118e-02 
10.200000 1.0518354926820433e-02 
10.400000 1.0628703679096222e-02 
10.600000 1.0743040724584589e-02 
10.800000 1.0861485494348575e-02 
11.000000 1.0984163306561268e-02 
11.200000 1.1111205696620413e-02 
11.400000 1.1242750767349775e-02 
11.600000 1.1378943553723646e-02 
11.800000 1.1519936403268918e-02 
12.000000 1.1665889378919518e-02 
12.200000 1.1816970677493183e-02 
12.400000 1.1973357064477094e-02 
12.600000 1.2135234330026480e-02 
12.800000 1.2302797763526925e-02 
13.000000 1.2476252646187191e-02 
13.200000 1.2655814761135080e-02 
13.400000 1.2841710919169981e-02 
13.600000 1.3034179508697763e-02 
13.800000 1.3233471044138261e-02 
14.000000 1.3439848735158964e-02 
14.200000 1.3653589061915772e-02 
14.400000 1.3874982355468119e-02 
14.600000 1.4104333379902944e-02 
14.800000 1.4341961910735702e-02 
15.000000 1.4588203305541345e-02 
15.200000 1.4843409058745167e-02 
15.400000 1.5107947333074429e-02 
15.600000 1.5382203459434475e-02 
15.800000 1.5666580394213578e-02 
16.000000 1.5961499121778303e-02 
16.200000 1.6267398988423755e-02 
16.400000 1.6584737951456666e-02 
16.600000 1.6913992725583488e-02 
16.800000 1.7255658804662753e-02 
17.000000 1.7610250338237137e-02 
17.200000 1.7978299833055798e-02 
17.400000 1.8360357652444568e-02 
17.600000 1.8756991280648033e-02 
17.800000 1.9168784316225550e-02 
18.000000 1.9596335155249240e-02 
18.200000 2.0040255321664948e-02 
18.400000 2.0501167399008320e-02 
18.600000 2.0979702514204328e-02 
18.800000 2.1476497321729616e-02 
19.000000 2.1992190434252056e-02 
19.200000 2.2527418244246086e-02 
19.400000 2.3082810080655228e-02 
19.600000 2.3658982645539669e-02 
19.800000 2.4256533677878042e-02 
20.000000 2.4876034795972217e-02 
20.200000 2.5518023476165930e-02 
20.400000 2.6182994134938058e-02 
20.600000 2.6871388292910581e-02 
20.800000 2.7583583814647358e-02 
21.000000 2.8319883236644205e-02 
21.200000 2.9080501218127549e-02 
21.400000 2.9865551175233415e-02 
21.600000 3.0675031188756707e-02 
21.800000 3.1508809308681412e-02 
22.000000 3.2366608414719861e-02 
22.200000 3.3247990830402988e-02 
22.400000 3.4152342927954327e-02 
22.600000 3.5078860001063771e-02 
22.800000 3.6026531721290042e-02 
23.000000 3.6994128529465313e-02 
23.200000 3.7980189344241987e-02 
23.400000 3.8983010993709703e-02 
23.600000 4.0000639790716497e-02 
23.800000 4.1030865676052804e-02 
24.000000 4.2071219343869995e-02 
24.200000 4.3118972739188841e-02 
24.400000 4.4171143276712149e-02 
24.600000 4.5224502072882825e-02 
24.800000 4.6275586409355009e-02 
25.000000 4.7320716556891539e-02 
25.200000 4.8356016986040258e-02 
25.400000 4.9377441877866093e-02 
25.600000 5.0380804728290769e-02 
25.800000 5.1361811717867446e-02 
26.000000 5.2316098400141071e-02 
26.200000 5.3239269151527553e-02 
26.400000 5.4126938729100946e-02 
26.600000 5.4974775204525102e-02 
26.800000 5.5778543486624393e-02 
27.000000 5.6534148614540043e-02 
27.200000 5.7237677999683781e-02 
27.400000 5.7885441817826511e-02 
27.600000 5.8474010801400848e-02 
27.800000 5.9000250753885382e-02 
28.000000 5.9461353199263114e-02 
28.200000 5.9854861685588463e-02 
28.400000 6.0178693377704214e-02 
28.600000 6.0431155695057963e-02 
28.800000 6.0610957871494488e-02 
29.000000 6.0717217430396278e-02 
29.200000 6.0749461676812604e-02 
29.400000 6.0707624405252125e-02 
29.600000 6.0592038105433968e-02 
29.800000 6.0403422017164754e-02 
30.000000 6.0142866439103514e-02 
30.200000 5.9811813734609968e-02 
30.400000 5.9412036501890322e-02 
30.600000 5.8945613386397561e-02 
30.800000 5.8414903012407739e-02 
31.000000 5.7822516499503714e-02 
31.200000 5.7171289010155120e-02 
31.400000 5.6464250748351992e-02 
31.600000 5.5704597798046838e-02 
31.800000 5.4895663155433587e-02 
32.000000 5.4040888272239081e-02 
32.200000 5.3143795389336557e-02 
32.400000 5.2207960902094487e-02 
32.600000 5.1236989961708744e-02 
32.800000 5.0234492480952776e-02 
33.000000 4.9204060678751313e-02 
33.200000 4.8149248266075390e-02 
33.400000 4.7073551346087025e-02 
33.600000 4.5980391074345067e-02 
33.800000 4.4873098100301358e-02 
34.000000 4.3754898789247973e-02 
34.200000 4.2628903204320071e-02 
34.400000 4.1498094811015941e-02 
34.600000 4.0365321851907172e-02 
34.800000 3.9233290326657767e-02 
35.000000 3.8104558502034813e-02 
35.200000 3.6981532868157210e-02 
35.400000 3.5866465450651107e-02 
35.600000 3.4761452383527451e-02 
35.800000 3.3668433644334077e-02 
36.000000 3.2589193851308207e-02 
36.200000 3.1525364021742622e-02 
36.400000 3.0478424191418250e-02 
36.600000 2.9449706796628859e-02 
36.800000 2.8440400722890048e-02 
37.000000 2.7451555927742413e-02 
37.200000 2.6484088549023791e-02 
37.400000 2.5538786414459343e-02 
37.600000 2.4616314873302587e-02 
37.800000 2.3717222875943484e-02 
38.000000 2.2841949232783803e-02 
38.200000 2.1990828989189512e-02 
38.400000 2.1164099858865748e-02 
38.600000 2.0361908663515470e-02 
38.800000 1.9584317732061211e-02 
39.000000 1.8831311217981480e-02 
39.200000 1.8102801298403880e-02 
39.400000 1.7398634223458505e-02 
39.600000 1.6718596189013547e-02 
39.800000 1.6062419010249691e-02 
40.000000 1.5429785577589518e-02 
40.200000 1.4820335080254226e-02 
40.400000 1.4233667986175827e-02 
40.600000 1.3669350770150517e-02 
40.800000 1.3126920384980305e-02 
41.000000 1.2605888472915923e-02 
41.200000 1.2105745317007003e-02 
41.400000 1.1625963533984788e-02 
41.600000 1.1166001512068920e-02 
41.800000 1.0725306598614502e-02 
42.000000 1.0303318043814576e-02 
42.200000 9.8994697077647489e-03 
42.400000 9.5131925390910168e-03 
42.600000 9.1439168340632804e-03 
42.800000 8.7910742856727748e-03 
43.000000 8.4540998325652473e-03 
43.200000 8.1324333180003115e-03 
43.400000 7.8255209691733725e-03 
43.600000 7.5328167072957397e-03 
43.800000 7.2537832987986141e-03 
44.000000 6.9878933579207237e-03 
44.200000 6.7346302107606053e-03 
44.400000 6.4934886306448857e-03 
44.600000 6.2639754543833345e-03 
44.800000 6.0456100886614513e-03 
45.000000 5.8379249154734015e-03 
45.200000 5.6404656051230089e-03 
45.400000 5.4527913449295730e-03 
45.600000 5.2744749913714410e-03 
45.800000 5.1051031529898748e-03 
46.000000 4.9442762109622538e-03 
46.200000 4.7916082838412796e-03 
46.400000 4.6467271425487278e-03 
46.600000 4.5092740813114564e-03 
46.800000 4.3789037498355365e-03 
47.000000 4.2552839516338007e-03 
47.200000 4.1380954130553838e-03 
47.400000 4.0270315272110113e-03 
47.600000 3.9217980766507341e-03 
47.800000 3.8221129383270457e-03 
48.000000 3.7277057740698330e-03 
48.200000 3.6383177095096948e-03 
48.400000 3.5537010041117702e-03 
48.600000 3.4736187147251666e-03 
48.800000 3.3978443548112222e-03 
49.000000 3.3261615512888833e-03 
49.200000 3.2583637007249596e-03 
49.400000 3.1942536264022124e-03 
49.600000 3.1336432376173349e-03 
49.800000 3.0763531923943166e-03 
50.000000 3.0222125646448498e-03 
50.200000 2.9710585166666270e-03 
50.400000 2.9227359777414322e-03 
50.600000 2.8770973294768866e-03 
50.800000 2.8340020984291307e-03 
51.000000 2.7933166564462057e-03 
51.200000 2.7549139290844282e-03 
51.400000 2.7186731123710582e-03 
51.600000 2.6844793981155562e-03 
51.800000 2.6522237079085868e-03 
52.000000 2.6218024358914405e-03 
52.200000 2.5931172003288779e-03 
52.400000 2.5660746039739639e-03 
52.600000 2.5405860031755966e-03 
52.800000 2.5165672856452253e-03 
53.000000 2.4939386567708471e-03 
53.200000 2.4726244343409045e-03 
53.400000 2.4525528515201372e-03 
53.600000 2.4336558679014324e-03 
53.800000 2.4158689884431549e-03 
54.000000 2.3991310900896095e-03 
54.200000 2.3833842558626914e-03 
54.400000 2.3685736162059666e-03 
54.600000 2.3546471973567205e-03 
54.800000 2.3415557765184558e-03 
55.000000 2.3292527436040906e-03 
55.200000 2.3176939693195851e-03 
55.400000 2.3068376793584566e-03 
55.600000 2.2966443344790899e-03 
55.800000 2.2870765162392543e-03 
56.000000 2.2780988181655341e-03 
56.200000 2.2696777421395160e-03 
56.400000 2.2617815997863786e-03 
56.600000 2.2543804186571518e-03 
56.800000 2.2474458530007757e-03 
57.000000 2.2409510989274332e-03 
57.200000 2.2348708137709650e-03 
57.400000 2.2291810394634531e-03 
57.600000 2.2238591297415971e-03 
57.800000 2.2188836810102600e-03 
58.000000 2.2142344666949238e-03 
58.200000 2.2098923749207453e-03 
58.400000 2.2058393493620144e-03 
58.600000 2.2020583331120798e-03 
58.800000 2.1985332154292347e-03 
59.000000 2.1952487812204155e-03 
59.200000 2.1921906631300159e-03 
59.400000 2.1893452961066254e-03 
59.600000 2.1866998743262627e-03 
59.800000 2.1842423103555207e-03 
60.000000 2.1819611964436721e-03 
60.200000 2.1798457678373767e-03 
60.400000 2.1778858680165411e-03 
60.600000 2.1760719157547822e-03 
60.800000 2.1743948739120361e-03 
61.000000 2.1728462198714361e-03 
61.200000 2.1714179175366891e-03 
61.400000 2.1701023908102211e-03 
61.600000 2.1688924984758955e-03 
61.800000 2.1677815104144452e-03 
62.000000 2.1667630850823469e-03 
62.200000 2.1658312481892604e-03 
62.400000 2.1649803725115363e-03 
62.600000 2.1642051587827771e-03 
62.800000 2.1635006176055917e-03 
63.000000 2.1628620523308430e-03 
63.200000 2.1622850428540752e-03 
63.400000 2.1617654302809189e-03 
63.600000 2.1612993024159571e-03 
63.800000 2.1608829800316221e-03 
64.000000 2.1605130038761721e-03 
64.200000 2.1601861223817537e-03 
64.400000 2.1598992800355224e-03 
64.600000 2.1596496063788491e-03 
64.800000 2.1594344056013372e-03 
65.000000 2.1592511466981493e-03 
65.200000 2.1590974541607173e-03 
65.400000 2.1589710991725686e-03 
65.600000 2.1588699912835135e-03 
65.800000 2.1587921705364496e-03 
66.000000 2.1587358000230601e-03 
66.200000 2.1586991588453822e-03 
66.400000 2.1586806354614162e-03 
66.600000 2.1586787213947931e-03 
66.800000 2.1586920052884245e-03 
67.000000 2.1587191672842953e-03 
67.200000 2.1587589737116046e-03 
67.400000 2.1588102720669568e-03 
67.600000 2.1588719862708980e-03 
67.800000 2.1589431121858591e-03 
68.000000 2.1590227133818276e-03 
68.200000 2.1591099171360210e-03 
68.400000 2.1592039106544071e-03 
68.600000 2.1593039375028553e-03 
68.800000 2.1594092942366829e-03 
69.000000 2.1595193272182550e-03 
69.200000 2.1596334296119413e-03 
69.400000 2.1597510385474084e-03 
69.600000 2.1598716324418205e-03 
69.800000 2.1599947284725515e-03 
70.000000 2.1601198801921555e-03 
70.200000 2.1602466752780694e-03 
70.400000 2.1603747334095779e-03 
70.600000 2.1605037042652341e-03 
70.800000 2.1606332656342250e-03 
71.000000 2.1607631216354040e-03 
71.200000 2.1608930010383427e-03 
71.400000 2.1610226556805332e-03 
71.600000 2.1611518589757898e-03 
71.800000 2.1612804045087640e-03 
72.000000 2.1614081047108525e-03 
72.200000 2.1615347896131259e-03 
72.400000 2.1616603056718747e-03 
72.600000 2.1617845146630990e-03 
72.800000 2.1619072926418346e-03 
73.000000 2.1620285289630195e-03 
73.200000 2.1621481253602049e-03 
73.400000 2.1622659950793024e-03 
73.600000 2.1623820620640124e-03 
73.800000 2.1624962601900386e-03 
74.000000 2.1626085325458723e-03 
74.200000 2.1627188307567938e-03 
74.400000 2.1628271143503352e-03 
74.600000 2.1629333501605569e-03 
74.800000 2.1630375117690269e-03 
75.000000 2.1631395789804683e-03 
75.200000 2.1632395373311656e-03 
75.400000 2.1633373776280738e-03 
75.600000 2.1634330955171712e-03 
75.800000 2.1635266910792631e-03 
76.000000 2.1636181684515448e-03 
76.200000 2.1637075354736775e-03 
76.400000 2.1637948033569618e-03 
76.600000 2.1638799863749033e-03 
76.800000 2.1639631015745410e-03 
77.000000 2.1640441685067927e-03 
77.200000 2.1641232089750231e-03 
77.400000 2.1642002468006726e-03 
77.600000 2.1642753076049626e-03 
77.800000 2.1643484186056362e-03 
78.000000 2.1644196084280240e-03 
78.200000 2.1644889069294963e-03 
78.400000 2.1645563450363625e-03 
78.600000 2.1646219545926894e-03 
78.800000 2.1646857682202916e-03 
79.000000 2.1647478191890177e-03 
79.200000 2.1648081412969054e-03 
79.400000 2.1648667687595414e-03 
79.600000 2.1649237361080361e-03 
79.800000 2.1649790780950517e-03 
80.000000 2.1650328296085129e-03 
80.200000 2.1650850255923153e-03 
80.400000 2.1651357009737572e-03 
80.600000 2.1651848905971699e-03 
80.800000 2.1652326291634570e-03 
81.000000 2.1652789511748785e-03 
81.200000 2.1653238908852378e-03 
81.400000 2.1653674822545406e-03 
81.600000 2.1654097589082683e-03 
81.800000 2.1654507541007521e-03 
82.000000 2.1654905006823042e-03 
82.200000 2.1655290310701901e-03 
82.400000 2.1655663772226462e-03 
82.600000 2.1656025706162331e-03 
82.800000 2.1656376422260044e-03 
83.000000 2.1656716225083687e-03 
83.200000 2.1657045413863503e-03 
83.400000 2.1657364282373303e-03 
83.600000 2.1657673118828020e-03 
83.800000 2.1657972205800899e-03 
84.000000 2.1658261820159176e-03 
84.200000 2.1658542233017044e-03 
84.400000 2.1658813709702993e-03 
84.600000 2.1659076509741811e-03 
84.800000 2.1659330886849839e-03 
85.000000 2.1659577088941812e-03 
85.200000 2.1659815358148569e-03 
85.400000 2.1660045930844639e-03 
85.600000 2.1660269037685016e-03 
85.800000 2.1660484903649620e-03 
86.000000 2.1660693748095936e-03 
86.200000 2.1660895784817264e-03 
86.400000 2.1661091222107852e-03 
86.600000 2.1661280262832349e-03 
86.800000 2.1661463104501676e-03 
87.000000 2.1661639939350233e-03 
87.200000 2.1661810954419648e-03 
87.400000 2.1661976331644327e-03 
87.600000 2.1662136247939307e-03 
87.800000 2.1662290875291328e-03 
88.000000 2.1662440380851330e-03 
88.200000 2.1662584927028875e-03 
88.400000 2.1662724671587313e-03 
88.600000 2.1662859767740631e-03 
88.800000 2.1662990364250071e-03 
89.000000 2.1663116605521522e-03 
89.200000 2.1663238631704045e-03 
89.400000 2.1663356578786718e-03 
89.600000 2.1663470578696725e-03 
89.800000 2.1663580759396220e-03 
90.000000 2.1663687244978186e-03 
90.200000 2.1663790155763253e-03 
90.400000 2.1663889608394458e-03 
90.600000 2.1663985715930788e-03 
90.800000 2.1664078587940372e-03 
91.000000 2.1664168330592739e-03 
91.200000 2.1664255046748948e-03 
91.400000 2.1664338836050669e-03 
91.600000 2.1664419795008679e-03 
91.800000 2.1664498017088542e-03 
92.000000 2.1664573592796105e-03 
92.200000 2.1664646609761071e-03 
92.400000 2.1664717152817805e-03 
92.600000 2.1664785304086939e-03 
92.800000 2.1664851143052832e-03 
93.000000 2.1664914746641404e-03 
93.200000 2.1664976189294705e-03 
93.400000 2.1665035543045226e-03 
93.600000 2.1665092877587492e-03 
93.800000 2.1665148260348508e-03 
94.000000 2.1665201756556470e-03 
94.200000 2.1665253429307822e-03 
94.400000 2.1665303339632241e-03 
94.600000 2.1665351546556687e-03 
94.800000 2.1665398107167575e-03 
95.000000 2.1665443076671108e-03 
95.200000 2.1665486508451602e-03 
95.400000 2.1665528454130338e-03 
95.600000 2.1665568963619357e-03 
95.800000 2.1665608085177025e-03 
96.000000 2.1665645865460935e-03 
96.200000 2.1665682349577744e-03 
96.400000 2.1665717581134552e-03 
96.600000 2.1665751602286177e-03 
96.800000 2.1665784453782973e-03 
97.000000 2.1665816175015710e-03 
97.200000 2.1665846804060120e-03 
97.400000 2.1665876377720012e-03 
97.600000 2.1665904931568759e-03 
97.800000 2.1665932499989682e-03 
98.000000 2.1665959116215186e-03 
98.200000 2.1665984812364852e-03 
98.400000 2.1666009619482076e-03 
98.600000 2.1666033567569951e-03 
98.800000 2.1666056685625576e-03 
99.000000 2.1666079001673583e-03 
99.200000 2.1666100542798586e-03 
99.400000 2.1666121335176584e-03 
99.600000 2.1666141404105069e-03 
99.800000 2.1666160774032684e-03 
100.000000 2.1666179468587555e-03 
100.200000 2.1666197510605083e-03 
100.400000 2.1666214922154005e-03 
100.600000 2.1666231724562232e-03 
100.800000 2.1666247938442748e-03 
101.000000 2.1666263583716241e-03 
101.200000 2.1666278679635469e-03 
101.400000 2.1666293244807003e-03 
101.600000 2.1666307297213971e-03 
101.800000 2.1666320854236234e-03 
102.000000 2.1666333932670815e-03 
102.200000 2.1666346548752332e-03 
102.400000 2.1666358718170999e-03 
102.600000 2.1666370456091600e-03 
102.800000 2.1666381777171208e-03 
103.000000 2.1666392695575748e-03 
103.200000 2.1666403224997553e-03 
103.400000 2.1666413378670559e-03 
103.600000 2.1666423169386154e-03 
103.800000 2.1666432609507712e-03 
104.000000 2.1666441710985521e-03 
104.200000 2.1666450485370503e-03 
104.400000 2.1666458943827519e-03 
104.600000 2.1666467097148511e-03 
104.800000 2.1666474955765180e-03 
105.000000 2.1666482529760695e-03 
105.200000 2.1666489828881812e-03 
105.400000 2.1666496862550299e-03 
105.600000 2.1666503639872913e-03 
105.800000 2.1666510169653353e-03 
106.000000 2.1666516460401310e-03 
106.200000 2.1666522520342462e-03 
106.400000 2.1666528357428983e-03 
106.600000 2.1666533979347079e-03 
106.800000 2.1666539393527442e-03 
107.000000 2.1666544607152308e-03 
107.200000 2.1666549627165138e-03 
107.400000 2.1666554460277525e-03 
107.600000 2.1666559112977317e-03 
107.800000 2.1666563591536290e-03 
108.000000 2.1666567902016948e-03 
108.200000 2.1666572050279445e-03 
108.400000 2.1666576041988617e-03 
108.600000 2.1666579882620263e-03 
108.800000 2.1666583577467312e-03 
109.000000 2.1666587131646095e-03 
109.200000 2.1666590550101974e-03 
109.400000 2.1666593837615118e-03 
109.600000 2.1666596998806075e-03 
109.800000 2.1666600038140367e-03 
110.000000 2.1666602959934554e-03 
110.200000 2.1666605768360407e-03 
110.400000 2.1666608467450052e-03 
110.600000 2.1666611061100399e-03 
110.800000 2.1666613553077462e-03 
111.000000 2.1666615947021025e-03 
111.200000 2.1666618246448301e-03 
111.400000 2.1666620454758390e-03 
111.600000 2.1666622575235630e-03 
111.800000 2.1666624611054088e-03 
112.000000 2.1666626565280374e-03 
112.200000 2.1666628440877725e-03 
112.400000 2.1666630240708886e-03 
112.600000 2.1666631967540199e-03 
112.800000 2.1666633624043597e-03 
113.000000 2.1666635212800561e-03 
113.200000 2.1666636736305069e-03 
113.400000 2.1666638196965599e-03 
113.600000 2.1666639597109046e-03 
113.800000 2.1666640938982516e-03 
114.000000 2.1666642224756347e-03 
114.200000 2.1666643456526762e-03 
114.400000 2.1666644636317346e-03 
114.600000 2.1666645766082859e-03 
114.800000 2.1666646847710185e-03 
115.000000 2.1666647883021388e-03 
115.200000 2.1666648873775291e-03 
115.400000 2.1666649821669897e-03 
115.600000 2.1666650728344272e-03 
115.800000 2.1666651595380151e-03 
116.000000 2.1666652424304472e-03 
116.200000 2.1666653216590457e-03 
116.400000 2.1666653973659812e-03 
116.600000 2.1666654696884564e-03 
116.800000 2.1666655387587879e-03 
117.000000 2.1666656047046695e-03 
117.200000 2.1666656676492487e-03 
117.400000 2.1666657277113195e-03 
117.600000 2.1666657850054182e-03 
117.800000 2.1666658396420095e-03 
118.000000 2.1666658917276422e-03 
118.200000 2.1666659413649742e-03 
118.400000 2.1666659886530248e-03 
118.600000 2.1666660336871917e-03 
118.800000 2.1666660765594548e-03 
119.000000 2.1666661173584314e-03 
119.200000 2.1666661561695120e-03 
119.400000 2.1666661930749799e-03 
119.600000 2.1666662281540606e-03 
119.800000 2.1666662614831301e-03 
120.000000 2.1666662931356644e-03 
120.200000 2.1666663231824802e-03 
120.400000 2.1666663516917172e-03 
120.600000 2.1666663787289916e-03 
120.800000 2.1666664043574549e-03 
121.000000 2.1666664286378971e-03 
121.200000 2.1666664516287841e-03 
121.400000 2.1666664733863824e-03 
121.600000 2.1666664939648233e-03 
121.800000 2.1666665134161748e-03 
122.000000 2.1666665317904622e-03 
122.200000 2.1666665491358408e-03 
122.400000 2.1666665654985796e-03 
122.600000 2.1666665809231237e-03 
122.800000 2.1666665954522542e-03 
123.000000 2.1666666091269791e-03 
123.200000 2.1666666219867835e-03 
123.400000 2.1666666340695172e-03 
123.600000 2.1666666454115803e-03 
123.800000 2.1666666560478933e-03 
124.000000 2.1666666660119533e-03 
124.200000 2.1666666753359684e-03 
124.400000 2.1666666840507828e-03 
124.600000 2.1666666921860236e-03 
124.800000 2.1666666997700963e-03 
125.000000 2.1666667068302001e-03 
125.200000 2.1666667133924799e-03 
125.400000 2.1666667194819200e-03 
125.600000 2.1666667251224927e-03 
125.800000 2.1666667303372068e-03 
126.000000 2.1666667351480083e-03 
126.200000 2.1666667395759901e-03 
126.400000 2.1666667436412790e-03 
126.600000 2.1666667473631963e-03 
126.800000 2.1666667507601878e-03 
127.000000 2.1666667538498964e-03 
127.200000 2.1666667566492040e-03 
127.400000 2.1666667591742528e-03 
127.600000 2.1666667614404574e-03 
127.800000 2.1666667634625452e-03 
128.000000 2.1666667652545804e-03 
128.200000 2.1666667668299899e-03 
128.400000 2.1666667682016067e-03 
128.600000 2.1666667693816455e-03 
128.800000 2.1666667703817677e-03 
129.000000 2.1666667712130971e-03 
129.200000 2.1666667718862310e-03 
129.400000 2.1666667724112455e-03 
129.600000 2.1666667727977830e-03 
129.800000 2.1666667730549883e-03 
130.000000 2.1666667731915588e-03 
130.200000 2.1666667732157755e-03 
130.400000 2.1666667731355099e-03 
130.600000 2.1666667729582601e-03 
130.800000 2.1666667726911205e-03 
131.000000 2.1666667723408287e-03 
131.200000 2.1666667719138005e-03 
131.400000 2.1666667714161010e-03 
131.600000 2.1666667708534820e-03 
131.800000 2.1666667702313989e-03 
132.000000 2.1666667695550011e-03 
132.200000 2.1666667688291803e-03 
132.400000 2.1666667680585359e-03 
132.600000 2.1666667672474624e-03 
132.800000 2.1666667664000817e-03 
133.000000 2.1666667655202256e-03 
133.200000 2.1666667646116043e-03 
133.400000 2.1666667636776574e-03 
133.600000 2.1666667627216374e-03 
133.800000 2.1666667617466096e-03 
134.000000 2.1666667607554207e-03 
134.200000 2.1666667597507920e-03 
134.400000 2.1666667587352498e-03 
134.600000 2.1666667577111436e-03 
134.800000 2.1666667566807136e-03 
135.000000 2.1666667556460052e-03 
135.200000 2.1666667546089849e-03 
135.400000 2.1666667535714195e-03 
135.600000 2.1666667525350081e-03 
135.800000 2.1666667515013046e-03 
136.000000 2.1666667504717540e-03 
136.200000 2.1666667494476878e-03 
136.400000 2.1666667484303475e-03 
136.600000 2.1666667474208724e-03 
136.800000 2.1666667464203073e-03 
137.000000 2.1666667454296284e-03 
137.200000 2.1666667444496983e-03 
137.400000 2.1666667434813254e-03 
137.600000 2.1666667425252312e-03 
137.800000 2.1666667415820924e-03 
138.000000 2.1666667406524927e-03 
138.200000 2.1666667397369586e-03 
138.400000 2.1666667388359705e-03 
138.600000 2.1666667379499505e-03 
138.800000 2.1666667370792620e-03 
139.000000 2.1666667362242272e-03 
139.200000 2.1666667353851124e-03 
139.400000 2.1666667345621583e-03 
139.600000 2.1666667337555397e-03 
139.800000 2.1666667329654299e-03 
140.000000 2.1666667321919423e-03 
140.200000 2.1666667314351610e-03 
140.400000 2.1666667306951388e-03 
140.600000 2.1666667299719078e-03 
140.800000 2.1666667292654764e-03 
141.000000 2.1666667285758006e-03 
141.200000 2.1666667279028485e-03 
141.400000 2.1666667272465631e-03 
141.600000 2.1666667266068309e-03 
141.800000 2.1666667259835860e-03 
142.000000 2.1666667253766839e-03 
142.200000 2.1666667247860084e-03 
142.400000 2.1666667242113990e-03 
142.600000 2.1666667236527053e-03 
142.800000 2.1666667231097685e-03 
143.000000 2.1666667225824026e-03 
143.200000 2.1666667220704124e-03 
143.400000 2.1666667215736232e-03 
143.600000 2.1666667210918232e-03 
143.800000 2.1666667206248174e-03 
144.000000 2.1666667201723838e-03 
144.200000 2.1666667197343149e-03 
144.400000 2.1666667193103806e-03 
144.600000 2.1666667189003813e-03 
144.800000 2.1666667185040920e-03 
145.000000 2.1666667181212849e-03 
145.200000 2.1666667177517780e-03 
145.400000 2.1666667173953209e-03 
145.600000 2.1666667170517147e-03 
145.800000 2.1666667167207247e-03 
146.000000 2.1666667164021601e-03 
146.200000 2.1666667160957897e-03 
146.400000 2.1666667158013585e-03 
146.600000 2.1666667155187031e-03 
146.800000 2.1666667152475576e-03 
147.000000 2.1666667149877151e-03 
147.200000 2.1666667147389775e-03 
147.400000 2.1666667145012306e-03 
147.600000 2.1666667142743795e-03 
147.800000 2.1666667140582884e-03 
148.000000 2.1666667138527892e-03 
148.200000 2.1666667136576814e-03 
148.400000 2.1666667134727564e-03 
148.600000 2.1666667132977649e-03 
148.800000 2.1666667131324778e-03 
149.000000 2.1666667129766103e-03 
149.200000 2.1666667128299151e-03 
149.400000 2.1666667126921074e-03 
149.600000 2.1666667125629217e-03 
149.800000 2.1666667124420713e-03 
