0.000000 1.1546037758532735e-02 
0.200000 1.1546064394117756e-02 
0.400000 1.1546257033654478e-02 
0.600000 1.1546800785856563e-02 
0.800000 1.1547859776041714e-02 
1.000000 1.1549579042414122e-02 
1.200000 1.1552086215863877e-02 
1.400000 1.1555493024037156e-02 
1.600000 1.1559896620734139e-02 
1.800000 1.1565385602086560e-02 
2.000000 1.1572055292723239e-02 
2.200000 1.1579996954116779e-02 
2.400000 1.1589298722408941e-02 
2.600000 1.1600046364183223e-02 
2.800000 1.1612322915962325e-02 
3.000000 1.1626210755272976e-02 
3.200000 1.1641792127440513e-02 
3.400000 1.1659150262009416e-02 
3.600000 1.1678373626729736e-02 
3.800000 1.1699545076215394e-02 
4.000000 1.1722746147415308e-02 
4.200000 1.1748058548644911e-02 
4.400000 1.1775565092368791e-02 
4.600000 1.1805350973626068e-02 
4.800000 1.1837504555683080e-02 
5.000000 1.1872117805271643e-02 
5.200000 1.1909286763864602e-02 
5.400000 1.1949111925479382e-02 
5.600000 1.1991698431729338e-02 
5.800000 1.2037156307669064e-02 
6.000000 1.2085600943678516e-02 
6.200000 1.2137153274069491e-02 
6.400000 1.2191939613224980e-02 
6.600000 1.2250091878294565e-02 
6.800000 1.2311747844750387e-02 
7.000000 1.2377051531741425e-02 
7.200000 1.2446153574904860e-02 
7.400000 1.2519211716838678e-02 
7.600000 1.2596391234905779e-02 
7.800000 1.2677865345156678e-02 
8.000000 1.2763815666341235e-02 
8.200000 1.2854432679398793e-02 
8.400000 1.2949916212954039e-02 
8.600000 1.3050475929280755e-02 
8.800000 1.3156331838064928e-02 
9.000000 1.3267714992641289e-02 
9.200000 1.3384867974459029e-02 
9.400000 1.3508045610752370e-02 
9.600000 1.3637515690089193e-02 
9.800000 1.3773559737875621e-02 
10.000000 1.3916473841539049e-02 
10.200000 1.4066569527757540e-02 
10.400000 1.4224174726457451e-02 
10.600000 1.4389634790475198e-02 
10.800000 1.4563313578648452e-02 
11.000000 1.4745594615388493e-02 
11.200000 1.4936882321847943e-02 
11.400000 1.5137603319544626e-02 
11.600000 1.5348207813217314e-02 
11.800000 1.5569171078143070e-02 
12.000000 1.5800995018653750e-02 
12.200000 1.6044209810437578e-02 
12.400000 1.6299375660820216e-02 
12.600000 1.6567084660789343e-02 
12.800000 1.6847962740413256e-02 
13.000000 1.7142671730725850e-02 
13.200000 1.7451911537936540e-02 
13.400000 1.7776422425983939e-02 
13.600000 1.8116987408728968e-02 
13.800000 1.8474434754744053e-02 
14.000000 1.8849640600936395e-02 
14.200000 1.9243531672880371e-02 
14.400000 1.9657088107564318e-02 
14.600000 2.0091346377020623e-02 
14.800000 2.0547402298069332e-02 
15.000000 2.1026414117993154e-02 
15.200000 2.1529605670190494e-02 
15.400000 2.2058269575902987e-02 
15.600000 2.2613770473769786e-02 
15.800000 2.3197548251229230e-02 
16.000000 2.3811121248411581e-02 
16.200000 2.4456089397063157e-02 
16.400000 2.5134137251950191e-02 
16.600000 2.5847036865406191e-02 
16.800000 2.6596650446459917e-02 
17.000000 2.7384932737899818e-02 
17.200000 2.8213933034491049e-02 
17.400000 2.9085796755580377e-02 
17.600000 3.0002766474969432e-02 
17.800000 3.0967182295130000e-02 
18.000000 3.1981481446449730e-02 
18.200000 3.3048196974714068e-02 
18.400000 3.4169955369423827e-02 
18.600000 3.5349472972361254e-02 
18.800000 3.6589550994049209e-02 
19.000000 3.7893068955122032e-02 
19.200000 3.9262976360280283e-02 
19.400000 4.0702282406220321e-02 
19.600000 4.2214043521683772e-02 
19.800000 4.3801348538548800e-02 
20.000000 4.5467301298981938e-02 
20.200000 4.7215000516024536e-02 
20.400000 4.9047516724764345e-02 
20.600000 5.0967866188895879e-02 
20.800000 5.2978981665351539e-02 
21.000000 5.5083679977725848e-02 
21.200000 5.7284626407873469e-02 
21.400000 5.9584295985764396e-02 
21.600000 6.1984931839695681e-02 
21.800000 6.4488500862076817e-02 
22.000000 6.7096647049090394e-02 
22.200000 6.9810642984098989e-02 
22.400000 7.2631340052149634e-02 
22.600000 7.5559118093146374e-02 
22.800000 7.8593835320414043e-02 
23.000000 8.1734779444672029e-02 
23.200000 8.4980621045669821e-02 
23.400000 8.8329370318877887e-02 
23.600000 9.1778338386836078e-02 
23.800000 9.5324104397708220e-02 
24.000000 9.8962489631283790e-02 
24.200000 1.0268853979027484e-01 
24.400000 1.0649651656797696e-01 
24.600000 1.1037989944993822e-01 
24.800000 1.1433139852676931e-01 
25.000000 1.1834297886971602e-01 
25.200000 1.2240589675478537e-01 
25.400000 1.2651074772257243e-01 
25.600000 1.3064752613957853e-01 
25.800000 1.3480569559522432e-01 
26.000000 1.3897426914105365e-01 
26.200000 1.4314189806988162e-01 
26.400000 1.4729696765777703e-01 
26.600000 1.5142769806491119e-01 
26.800000 1.5552224842389073e-01 
27.000000 1.5956882204531397e-01 
27.200000 1.6355577064473922e-01 
27.400000 1.6747169554407246e-01 
27.600000 1.7130554392039415e-01 
27.800000 1.7504669835923059e-01 
28.000000 1.7868505820707989e-01 
28.200000 1.8221111149669819e-01 
28.400000 1.8561599652407557e-01 
28.600000 1.8889155247351089e-01 
28.800000 1.9203035880256294e-01 
29.000000 1.9502576339911329e-01 
29.200000 1.9787189979757708e-01 
29.400000 2.0056369398197166e-01 
29.600000 2.0309686150440481e-01 
29.800000 2.0546789580519978e-01 
30.000000 2.0767404873470205e-01 
30.200000 2.0971330434787580e-01 
30.400000 2.1158434707414209e-01 
30.600000 2.1328652536077497e-01 
30.800000 2.1481981185354210e-01 
31.000000 2.1618476111882531e-01 
31.200000 2.1738246583274878e-01 
31.400000 2.1841451227049627e-01 
31.600000 2.1928293582809794e-01 
31.800000 2.1999017720414732e-01 
32.000000 2.2053903976415551e-01 
32.200000 2.2093264850873656e-01 
32.400000 2.2117441097130172e-01 
32.600000 2.2126798028302405e-01 
32.800000 2.2121722056408302e-01 
33.000000 2.2102617473104552e-01 
33.200000 2.2069903475111796e-01 
33.400000 2.2024011432461563e-01 
33.600000 2.1965382393702038e-01 
33.800000 2.1894464819066181e-01 
34.000000 2.1811712530263938e-01 
34.200000 2.1717582863915991e-01 
34.400000 2.1612535014611109e-01 
34.600000 2.1497028553043507e-01 
34.800000 2.1371522104596521e-01 
35.000000 2.1236472173979981e-01 
35.200000 2.1092332102047753e-01 
35.400000 2.0939551141635190e-01 
35.600000 2.0778573640108702e-01 
35.800000 2.0609838317265727e-01 
36.000000 2.0433777628209127e-01 
36.200000 2.0250817201826565e-01 
36.400000 2.0061375346484023e-01 
36.600000 1.9865862615493945e-01 
36.800000 1.9664681425811933e-01 
37.000000 1.9458225724244535e-01 
37.200000 1.9246880696214055e-01 
37.400000 1.9031022512809179e-01 
37.600000 1.8811018112463720e-01 
37.800000 1.8587225014145170e-01 
38.000000 1.8359991159401345e-01 
38.200000 1.8129654781017038e-01 
38.400000 1.7896544296372335e-01 
38.600000 1.7660978223881191e-01 
38.800000 1.7423265121118775e-01 
39.000000 1.7183703543441156e-01 
39.200000 1.6942582022045241e-01 
39.400000 1.6700179060537143e-01 
39.600000 1.6456763149161144e-01 
39.800000 1.6212592795907077e-01 
40.000000 1.5967916573753574e-01 
40.200000 1.5722973183335257e-01 
40.400000 1.5477991530332841e-01 
40.600000 1.5233190816892447e-01 
40.800000 1.4988780646377972e-01 
41.000000 1.4744961140751625e-01 
41.200000 1.4501923069872993e-01 
41.400000 1.4259847991991825e-01 
41.600000 1.4018908404703376e-01 
41.800000 1.3779267905623729e-01 
42.000000 1.3541081362038293e-01 
42.200000 1.3304495088769280e-01 
42.400000 1.3069647033510515e-01 
42.600000 1.2836666968876476e-01 
42.800000 1.2605676690420861e-01 
43.000000 1.2376790219886712e-01 
43.200000 1.2150114012963720e-01 
43.400000 1.1925747170841849e-01 
43.600000 1.1703781654872437e-01 
43.800000 1.1484302503662311e-01 
44.000000 1.1267388051957333e-01 
44.200000 1.1053110150690942e-01 
44.400000 1.0841534387604523e-01 
44.600000 1.0632720307872993e-01 
44.800000 1.0426721634200092e-01 
45.000000 1.0223586485878049e-01 
45.200000 1.0023357596338549e-01 
45.400000 9.8260725287531159e-02 
45.600000 9.6317638892737756e-02 
45.800000 9.4404595375363609e-02 
46.000000 9.2521827940809570e-02 
46.200000 9.0669526443743709e-02 
46.400000 8.8847839391517663e-02 
46.600000 8.7056875908224987e-02 
46.800000 8.5296707657147836e-02 
47.000000 8.3567370719631009e-02 
47.200000 8.1868867428662243e-02 
47.400000 8.0201168155719565e-02 
47.600000 7.8564213049676729e-02 
47.800000 7.6957913726788604e-02 
48.000000 7.5382154911004751e-02 
48.200000 7.3836796024052492e-02 
48.400000 7.2321672724933311e-02 
48.600000 7.0836598398644882e-02 
48.800000 6.9381365594116340e-02 
49.000000 6.7955747411483594e-02 
49.200000 6.6559498838988915e-02 
49.400000 6.5192358039897633e-02 
49.600000 6.3854047589958246e-02 
49.800000 6.2544275666023968e-02 
50.000000 6.1262737186555560e-02 
50.200000 6.0009114904804567e-02 
50.400000 5.8783080455550710e-02 
50.600000 5.7584295356336961e-02 
50.800000 5.6412411964188114e-02 
51.000000 5.5267074388865023e-02 
51.200000 5.4147919363725622e-02 
51.400000 5.3054577075315114e-02 
51.600000 5.1986671952819086e-02 
51.800000 5.0943823418543172e-02 
52.000000 4.9925646600588458e-02 
52.200000 4.8931753008906426e-02 
52.400000 4.7961751175919901e-02 
52.600000 4.7015247262893189e-02 
52.800000 4.6091845633231904e-02 
53.000000 4.5191149393887325e-02 
53.200000 4.4312760906024956e-02 
53.400000 4.3456282266104200e-02 
53.600000 4.2621315758503191e-02 
53.800000 4.1807464280796208e-02 
54.000000 4.1014331742780658e-02 
54.200000 4.0241523440318804e-02 
54.400000 3.9488646405042398e-02 
54.600000 3.8755309730939519e-02 
54.800000 3.8041124878821803e-02 
55.000000 3.7345705959636800e-02 
55.200000 3.6668669997568903e-02 
55.400000 3.6009637173845498e-02 
55.600000 3.5368231052129995e-02 
55.800000 3.4744078786361481e-02 
56.000000 3.4136811311876368e-02 
56.200000 3.3546063520604949e-02 
56.400000 3.2971474421127557e-02 
56.600000 3.2412687284330367e-02 
56.800000 3.1869349775386122e-02 
57.000000 3.1341114072747887e-02 
57.200000 3.0827636974830010e-02 
57.400000 3.0328579995011502e-02 
57.600000 2.9843609445580906e-02 
57.800000 2.9372396511214587e-02 
58.000000 2.8914617312554552e-02 
58.200000 2.8469952960431338e-02 
58.400000 2.8038089601252428e-02 
58.600000 2.7618718454055155e-02 
58.800000 2.7211535839703510e-02 
59.000000 2.6816243202683412e-02 
59.200000 2.6432547125936044e-02 
59.400000 2.6060159339144445e-02 
59.600000 2.5698796720872445e-02 
59.800000 2.5348181294938443e-02 
60.000000 2.5008040221384184e-02 
60.200000 2.4678105782386540e-02 
60.400000 2.4358115363442762e-02 
60.600000 2.4047811430141407e-02 
60.800000 2.3746941500821375e-02 
61.000000 2.3455258115402396e-02 
61.200000 2.3172518800658105e-02 
61.400000 2.2898486032191162e-02 
61.600000 2.2632927193354326e-02 
61.800000 2.2375614531352252e-02 
62.000000 2.2126325110744111e-02 
62.200000 2.1884840764557902e-02 
62.400000 2.1650948043217245e-02 
62.600000 2.1424438161468523e-02 
62.800000 2.1205106943488771e-02 
63.000000 2.0992754766345628e-02 
63.200000 2.0787186501968664e-02 
63.400000 2.0588211457787921e-02 
63.600000 2.0395643316180719e-02 
63.800000 2.0209300072867996e-02 
64.000000 2.0029003974385569e-02 
64.200000 1.9854581454756409e-02 
64.400000 1.9685863071476142e-02 
64.600000 1.9522683440924872e-02 
64.800000 1.9364881173304319e-02 
65.000000 1.9212298807200712e-02 
65.200000 1.9064782743863685e-02 
65.400000 1.8922183181287022e-02 
65.600000 1.8784354048173607e-02 
65.800000 1.8651152937859947e-02 
66.000000 1.8522441042272252e-02 
66.200000 1.8398083085981707e-02 
66.400000 1.8277947260421888e-02 
66.600000 1.8161905158326781e-02 
66.800000 1.8049831708446130e-02 
67.000000 1.7941605110588340e-02 
67.200000 1.7837106771040272e-02 
67.400000 1.7736221238408328e-02 
67.600000 1.7638836139923203e-02 
67.800000 1.7544842118246539e-02 
68.000000 1.7454132768816036e-02 
68.200000 1.7366604577762290e-02 
68.400000 1.7282156860428305e-02 
68.600000 1.7200691700519917e-02 
68.800000 1.7122113889912548e-02 
69.000000 1.7046330869140647e-02 
69.200000 1.6973252668587922e-02 
69.400000 1.6902791850401382e-02 
69.600000 1.6834863451145578e-02 
69.800000 1.6769384925213033e-02 
70.000000 1.6706276089007387e-02 
70.200000 1.6645459065908474e-02 
70.400000 1.6586858232034148e-02 
70.600000 1.6530400162807241e-02 
70.800000 1.6476013580335437e-02 
71.000000 1.6423629301612928e-02 
71.200000 1.6373180187548995e-02 
71.400000 1.6324601092827271e-02 
71.600000 1.6277828816601895e-02 
71.800000 1.6232802054030441e-02 
72.000000 1.6189461348648061e-02 
72.200000 1.6147749045580365e-02 
72.400000 1.6107609245598339e-02 
72.600000 1.6068987760011831e-02 
72.800000 1.6031832066400967e-02 
73.000000 1.5996091265182664e-02 
73.200000 1.5961716037009341e-02 
73.400000 1.5928658600995994e-02 
73.600000 1.5896872673770865e-02 
73.800000 1.5866313429344824e-02 
74.000000 1.5836937459794767e-02 
74.200000 1.5808702736752989e-02 
74.400000 1.5781568573698872e-02 
74.600000 1.5755495589043524e-02 
74.800000 1.5730445670000585e-02 
75.000000 1.5706381937237057e-02 
75.200000 1.5683268710294032e-02 
75.400000 1.5661071473769786e-02 
75.600000 1.5639756844256714e-02 
75.800000 1.5619292538023816e-02 
76.000000 1.5599647339433528e-02 
76.200000 1.5580791070085493e-02 
76.400000 1.5562694558676846e-02 
76.600000 1.5545329611569495e-02 
76.800000 1.5528668984053471e-02 
77.000000 1.5512686352297871e-02 
77.200000 1.5497356285978000e-02 
77.400000 1.5482654221568299e-02 
77.600000 1.5468556436291652e-02 
77.800000 1.5455040022713364e-02 
78.000000 1.5442082863969813e-02 
78.200000 1.5429663609621681e-02 
78.400000 1.5417761652119298e-02 
78.600000 1.5406357103871855e-02 
78.800000 1.5395430774907567e-02 
79.000000 1.5384964151115494e-02 
79.200000 1.5374939373057702e-02 
79.400000 1.5365339215340725e-02 
79.600000 1.5356147066536988e-02 
79.800000 1.5347346909643912e-02 
80.000000 1.5338923303071026e-02 
80.200000 1.5330861362144539e-02 
80.400000 1.5323146741118813e-02 
80.600000 1.5315765615683846e-02 
80.800000 1.5308704665959181e-02 
81.000000 1.5301951059963745e-02 
81.200000 1.5295492437550689e-02 
81.400000 1.5289316894798535e-02 
81.600000 1.5283412968847537e-02 
81.800000 1.5277769623171544e-02 
82.000000 1.5272376233276180e-02 
82.200000 1.5267222572813034e-02 
82.400000 1.5262298800100256e-02 
82.600000 1.5257595445041135e-02 
82.800000 1.5253103396429607e-02 
83.000000 1.5248813889635265e-02 
83.200000 1.5244718494657737e-02 
83.400000 1.5240809104541449e-02 
83.600000 1.5237077924142783e-02 
83.800000 1.5233517459240033e-02 
84.000000 1.5230120505978087e-02 
84.200000 1.5226880140639554e-02 
84.400000 1.5223789709733414e-02 
84.600000 1.5220842820393848e-02 
84.800000 1.5218033331080433e-02 
85.000000 1.5215355342572949e-02 
85.200000 1.5212803189251476e-02 
85.400000 1.5210371430655850e-02 
85.600000 1.5208054843315867e-02 
85.800000 1.5205848412845471e-02 
86.000000 1.5203747326293706e-02 
86.200000 1.5201746964745046e-02 
86.400000 1.5199842896162805e-02 
86.600000 1.5198030868468304e-02 
86.800000 1.5196306802849538e-02 
87.000000 1.5194666787292803e-02 
87.200000 1.5193107070330815e-02 
87.400000 1.5191624055001150e-02 
87.600000 1.5190214293009223e-02 
87.800000 1.5188874479089402e-02 
88.000000 1.5187601445558569e-02 
88.200000 1.5186392157056899e-02 
88.400000 1.5185243705469847e-02 
88.600000 1.5184153305026036e-02 
88.800000 1.5183118287565420e-02 
89.000000 1.5182136097973723e-02 
89.200000 1.5181204289776457e-02 
89.400000 1.5180320520889069e-02 
89.600000 1.5179482549517414e-02 
89.800000 1.5178688230204324e-02 
90.000000 1.5177935510017950e-02 
90.200000 1.5177222424876497e-02 
90.400000 1.5176547096006451e-02 
90.600000 1.5175907726528571e-02 
90.800000 1.5175302598168577e-02 
91.000000 1.5174730068088123e-02 
91.200000 1.5174188565832261e-02 
91.400000 1.5173676590389602e-02 
91.600000 1.5173192707361050e-02 
91.800000 1.5172735546234646e-02 
92.000000 1.5172303797761704e-02 
92.200000 1.5171896211431652e-02 
92.400000 1.5171511593042126e-02 
92.600000 1.5171148802360836e-02 
92.800000 1.5170806750876835e-02 
93.000000 1.5170484399636905e-02 
93.200000 1.5170180757165360e-02 
93.400000 1.5169894877463881e-02 
93.600000 1.5169625858088580e-02 
93.800000 1.5169372838301633e-02 
94.000000 1.5169134997294866e-02 
94.200000 1.5168911552483079e-02 
94.400000 1.5168701757864103e-02 
94.600000 1.5168504902443833e-02 
94.800000 1.5168320308723152e-02 
95.000000 1.5168147331245566e-02 
95.200000 1.5167985355202213e-02 
95.400000 1.5167833795093200e-02 
95.600000 1.5167692093442476e-02 
95.800000 1.5167559719564721e-02 
96.000000 1.5167436168382129e-02 
96.200000 1.5167320959289464e-02 
96.400000 1.5167213635065097e-02 
96.600000 1.5167113760827250e-02 
96.800000 1.5167020923032697e-02 
97.000000 1.5166934728516848e-02 
97.200000 1.5166854803574248e-02 
97.400000 1.5166780793076241e-02 
97.600000 1.5166712359626527e-02 
97.800000 1.5166649182751719e-02 
98.000000 1.5166590958125734e-02 
98.200000 1.5166537396827311e-02 
98.400000 1.5166488224628925e-02 
98.600000 1.5166443181315789e-02 
98.800000 1.5166402020034050e-02 
99.000000 1.5166364506667125e-02 
99.200000 1.5166330419238590e-02 
99.400000 1.5166299547340886e-02 
99.600000 1.5166271691588955e-02 
99.800000 1.5166246663097670e-02 
100.000000 1.5166224282981800e-02 
100.200000 1.5166204381878151e-02 
100.400000 1.5166186799488638e-02 
100.600000 1.5166171384143591e-02 
100.800000 1.5166157992384442e-02 
101.000000 1.5166146488564626e-02 
101.200000 1.5166136744468971e-02 
101.400000 1.5166128638949432e-02 
101.600000 1.5166122057577626e-02 
101.800000 1.5166116892313121e-02 
102.000000 1.5166113041186292e-02 
102.200000 1.5166110407996215e-02 
102.400000 1.5166108902021719e-02 
102.600000 1.5166108437746127e-02 
102.800000 1.5166108934594778e-02 
103.000000 1.5166110316683927e-02 
103.200000 1.5166112512582063e-02 
103.400000 1.5166115455082039e-02 
103.600000 1.5166119080983656e-02 
103.800000 1.5166123330886688e-02 
104.000000 1.5166128148993607e-02 
104.200000 1.5166133482921621e-02 
104.400000 1.5166139283523289e-02 
104.600000 1.5166145504716342e-02 
104.800000 1.5166152103321014e-02 
105.000000 1.5166159038905353e-02 
105.200000 1.5166166273638360e-02 
105.400000 1.5166173772149651e-02 
105.600000 1.5166181501396146e-02 
105.800000 1.5166189430535503e-02 
106.000000 1.5166197530805316e-02 
106.200000 1.5166205775408769e-02 
106.400000 1.5166214139405255e-02 
106.600000 1.5166222599607024e-02 
106.800000 1.5166231134480642e-02 
107.000000 1.5166239724053822e-02 
107.200000 1.5166248349825842e-02 
107.400000 1.5166256994683902e-02 
107.600000 1.5166265642822753e-02 
107.800000 1.5166274279668572e-02 
108.000000 1.5166282891807100e-02 
108.200000 1.5166291466915047e-02 
108.400000 1.5166299993695103e-02 
108.600000 1.5166308461814699e-02 
108.800000 1.5166316861847270e-02 
109.000000 1.5166325185217299e-02 
109.200000 1.5166333424147771e-02 
109.400000 1.5166341571610517e-02 
109.600000 1.5166349621279497e-02 
109.800000 1.5166357567485871e-02 
110.000000 1.5166365405176378e-02 
110.200000 1.5166373129873094e-02 
110.400000 1.5166380737636143e-02 
110.600000 1.5166388225027784e-02 
110.800000 1.5166395589078984e-02 
111.000000 1.5166402827257413e-02 
111.200000 1.5166409937437611e-02 
111.400000 1.5166416917872400e-02 
111.600000 1.5166423767166360e-02 
111.800000 1.5166430484250334e-02 
112.000000 1.5166437068357748e-02 
112.200000 1.5166443519002211e-02 
112.400000 1.5166449835956221e-02 
112.600000 1.5166456019231347e-02 
112.800000 1.5166462069059240e-02 
113.000000 1.5166467985874375e-02 
113.200000 1.5166473770297010e-02 
113.400000 1.5166479423117848e-02 
113.600000 1.5166484945283273e-02 
113.800000 1.5166490337881672e-02 
114.000000 1.5166495602130172e-02 
114.200000 1.5166500739362930e-02 
114.400000 1.5166505751019478e-02 
114.600000 1.5166510638634223e-02 
114.800000 1.5166515403826355e-02 
115.000000 1.5166520048290465e-02 
115.200000 1.5166524573788127e-02 
115.400000 1.5166528982139266e-02 
115.600000 1.5166533275215005e-02 
115.800000 1.5166537454930290e-02 
116.000000 1.5166541523237348e-02 
116.200000 1.5166545482119577e-02 
116.400000 1.5166549333585787e-02 
116.600000 1.5166553079664882e-02 
116.800000 1.5166556722400812e-02 
117.000000 1.5166560263848420e-02 
117.200000 1.5166563706068602e-02 
117.400000 1.5166567051124962e-02 
117.600000 1.5166570301079783e-02 
117.800000 1.5166573457991035e-02 
118.000000 1.5166576523909122e-02 
118.200000 1.5166579500874175e-02 
118.400000 1.5166582390913367e-02 
118.600000 1.5166585196038860e-02 
118.800000 1.5166587918245279e-02 
119.000000 1.5166590559508175e-02 
119.200000 1.5166593121781933e-02 
119.400000 1.5166595606998436e-02 
119.600000 1.5166598017065540e-02 
119.800000 1.5166600353865807e-02 
120.000000 1.5166602619255537e-02 
120.200000 1.5166604815063392e-02 
120.400000 1.5166606943090048e-02 
120.600000 1.5166609005106907e-02 
120.800000 1.5166611002856016e-02 
121.000000 1.5166612938049034e-02 
121.200000 1.5166614812366886e-02 
121.400000 1.5166616627459698e-02 
121.600000 1.5166618384946080e-02 
121.800000 1.5166620086413264e-02 
122.000000 1.5166621733416690e-02 
122.200000 1.5166623327480186e-02 
122.400000 1.5166624870095617e-02 
122.600000 1.5166626362723350e-02 
122.800000 1.5166627806791799e-02 
123.000000 1.5166629203698191e-02 
123.200000 1.5166630554807969e-02 
123.400000 1.5166631861455854e-02 
123.600000 1.5166633124945327e-02 
123.800000 1.5166634346549433e-02 
124.000000 1.5166635527510722e-02 
124.200000 1.5166636669041824e-02 
124.400000 1.5166637772325721e-02 
124.600000 1.5166638838516110e-02 
124.800000 1.5166639868737725e-02 
125.000000 1.5166640864086990e-02 
125.200000 1.5166641825632050e-02 
125.400000 1.5166642754413651e-02 
125.600000 1.5166643651445207e-02 
125.800000 1.5166644517713591e-02 
126.000000 1.5166645354179198e-02 
126.200000 1.5166646161776888e-02 
126.400000 1.5166646941416105e-02 
126.600000 1.5166647693981414e-02 
126.800000 1.5166648420333252e-02 
127.000000 1.5166649121308043e-02 
127.200000 1.5166649797718916e-02 
127.400000 1.5166650450356150e-02 
127.600000 1.5166651079987643e-02 
127.800000 1.5166651687359358e-02 
128.000000 1.5166652273195915e-02 
128.200000 1.5166652838200944e-02 
128.400000 1.5166653383057661e-02 
128.600000 1.5166653908429275e-02 
128.800000 1.5166654414959542e-02 
129.000000 1.5166654903273204e-02 
129.200000 1.5166655373976256e-02 
129.400000 1.5166655827656680e-02 
129.600000 1.5166656264884833e-02 
129.800000 1.5166656686213701e-02 
130.000000 1.5166657092179604e-02 
130.200000 1.5166657483302386e-02 
130.400000 1.5166657860085952e-02 
130.600000 1.5166658223018711e-02 
130.800000 1.5166658572573915e-02 
131.000000 1.5166658909210077e-02 
131.200000 1.5166659233371472e-02 
131.400000 1.5166659545488341e-02 
131.600000 1.5166659845977344e-02 
131.800000 1.5166660135241995e-02 
132.000000 1.5166660413673056e-02 
132.200000 1.5166660681648564e-02 
132.400000 1.5166660939534790e-02 
132.600000 1.5166661187685945e-02 
132.800000 1.5166661426444857e-02 
133.000000 1.5166661656143349e-02 
133.200000 1.5166661877102234e-02 
133.400000 1.5166662089632068e-02 
133.600000 1.5166662294033153e-02 
133.800000 1.5166662490595853e-02 
134.000000 1.5166662679600923e-02 
134.200000 1.5166662861319961e-02 
134.400000 1.5166663036015285e-02 
134.600000 1.5166663203940740e-02 
134.800000 1.5166663365341452e-02 
135.000000 1.5166663520454503e-02 
135.200000 1.5166663669508739e-02 
135.400000 1.5166663812725490e-02 
135.600000 1.5166663950318411e-02 
135.800000 1.5166664082494086e-02 
136.000000 1.5166664209451727e-02 
136.200000 1.5166664331384081e-02 
136.400000 1.5166664448477030e-02 
136.600000 1.5166664560910110e-02 
136.800000 1.5166664668856630e-02 
137.000000 1.5166664772483868e-02 
137.200000 1.5166664871953459e-02 
137.400000 1.5166664967421051e-02 
137.600000 1.5166665059037176e-02 
137.800000 1.5166665146946888e-02 
138.000000 1.5166665231290146e-02 
138.200000 1.5166665312202031e-02 
138.400000 1.5166665389812773e-02 
138.600000 1.5166665464247941e-02 
138.800000 1.5166665535628803e-02 
139.000000 1.5166665604071958e-02 
139.200000 1.5166665669690133e-02 
139.400000 1.5166665732591835e-02 
139.600000 1.5166665792881720e-02 
139.800000 1.5166665850660491e-02 
140.000000 1.5166665906025407e-02 
140.200000 1.5166665959069991e-02 
140.400000 1.5166666009884453e-02 
140.600000 1.5166666058555612e-02 
140.800000 1.5166666105167120e-02 
141.000000 1.5166666149799560e-02 
141.200000 1.5166666192530487e-02 
141.400000 1.5166666233434557e-02 
141.600000 1.5166666272583597e-02 
141.800000 1.5166666310046813e-02 
142.000000 1.5166666345890735e-02 
142.200000 1.5166666380179437e-02 
142.400000 1.5166666412974407e-02 
142.600000 1.5166666444334892e-02 
142.800000 1.5166666474317752e-02 
143.000000 1.5166666502977910e-02 
143.200000 1.5166666530367861e-02 
143.400000 1.5166666556538219e-02 
143.600000 1.5166666581537624e-02 
143.800000 1.5166666605412771e-02 
144.000000 1.5166666628208592e-02 
144.200000 1.5166666649968134e-02 
144.400000 1.5166666670732673e-02 
144.600000 1.5166666690541728e-02 
144.800000 1.5166666709433224e-02 
145.000000 1.5166666727443332e-02 
145.200000 1.5166666744607015e-02 
145.400000 1.5166666760957579e-02 
145.600000 1.5166666776527060e-02 
145.800000 1.5166666791346308e-02 
146.000000 1.5166666805444899e-02 
146.200000 1.5166666818851279e-02 
146.400000 1.5166666831592710e-02 
146.600000 1.5166666843695475e-02 
146.800000 1.5166666855184920e-02 
147.000000 1.5166666866085034e-02 
147.200000 1.5166666876416476e-02 
147.400000 1.5166666886196762e-02 
147.600000 1.5166666895444670e-02 
147.800000 1.5166666904178653e-02 
148.000000 1.5166666912417316e-02 
148.200000 1.5166666920179166e-02 
148.400000 1.5166666927482577e-02 
148.600000 1.5166666934345716e-02 
148.800000 1.5166666940786569e-02 
149.000000 1.5166666946822773e-02 
149.200000 1.5166666952471836e-02 
149.400000 1.5166666957750657e-02 
149.600000 1.5166666962675962e-02 
149.800000 1.5166666967264049e-02 
