0.000000 1.1412799903757398e-02 
0.200000 1.1412852235469673e-02 
0.400000 1.1413107266393005e-02 
0.600000 1.1413742924856333e-02 
0.800000 1.1414916865246712e-02 
1.000000 1.1416770900973920e-02 
1.200000 1.1419428453279427e-02 
1.400000 1.1422995633454116e-02 
1.600000 1.1427566374510313e-02 
1.800000 1.1433230126783456e-02 
2.000000 1.1440080406334997e-02 
2.200000 1.1448206241981835e-02 
2.400000 1.1457694019346395e-02 
2.600000 1.1468628902476179e-02 
2.800000 1.1481092835039531e-02 
3.000000 1.1495166903993966e-02 
3.200000 1.1510932136958592e-02 
3.400000 1.1528471878689783e-02 
3.600000 1.1547871994862150e-02 
3.800000 1.1569213288350059e-02 
4.000000 1.1592575725301476e-02 
4.200000 1.1618039847069172e-02 
4.400000 1.1645687278517405e-02 
4.600000 1.1675602540487953e-02 
4.800000 1.1707873281847617e-02 
5.000000 1.1742590741086016e-02 
5.200000 1.1779850592097841e-02 
5.400000 1.1819752621971671e-02 
5.600000 1.1862401660787312e-02 
5.800000 1.1907907356305565e-02 
6.000000 1.1956384689615619e-02 
6.200000 1.2007954033192360e-02 
6.400000 1.2062741248611140e-02 
6.600000 1.2120877891800890e-02 
6.800000 1.2182501269279169e-02 
7.000000 1.2247755022764106e-02 
7.200000 1.2316789451331576e-02 
7.400000 1.2389762029279099e-02 
7.600000 1.2466837728016584e-02 
7.800000 1.2548189416105427e-02 
8.000000 1.2633998522786667e-02 
8.200000 1.2724455262206025e-02 
8.400000 1.2819759254742484e-02 
8.600000 1.2920119981417812e-02 
8.800000 1.3025757352614442e-02 
9.000000 1.3136902271383788e-02 
9.200000 1.3253797192535312e-02 
9.400000 1.3376696882853667e-02 
9.600000 1.3505869078302601e-02 
9.800000 1.3641595015320163e-02 
10.000000 1.3784170651411366e-02 
10.200000 1.3933907474841554e-02 
10.400000 1.4091133495725088e-02 
10.600000 1.4256194240103036e-02 
10.800000 1.4429453848201889e-02 
11.000000 1.4611296247801549e-02 
11.200000 1.4802126350883958e-02 
11.400000 1.5002371374186124e-02 
11.600000 1.5212482268336854e-02 
11.800000 1.5432935176680823e-02 
12.000000 1.5664233007296576e-02 
12.200000 1.5906907106499939e-02 
12.400000 1.6161519026280508e-02 
12.600000 1.6428662383735637e-02 
12.800000 1.6708964836065737e-02 
13.000000 1.7003090172790520e-02 
13.200000 1.7311740498269640e-02 
13.400000 1.7635658543365757e-02 
13.600000 1.7975630090402803e-02 
13.800000 1.8332486504727283e-02 
14.000000 1.8707107381458483e-02 
14.200000 1.9100423299183752e-02 
14.400000 1.9513418679877315e-02 
14.600000 1.9947134749396526e-02 
14.800000 2.0402672588640973e-02 
15.000000 2.0881196265969799e-02 
15.200000 2.1383936039375218e-02 
15.400000 2.1912191608151277e-02 
15.600000 2.2467335395734103e-02 
15.800000 2.3050815838294738e-02 
16.000000 2.3664160646612170e-02 
16.200000 2.4308980006296600e-02 
16.400000 2.4986969672732645e-02 
16.600000 2.5699913909845426e-02 
16.800000 2.6449688214272810e-02 
17.000000 2.7238261757745432e-02 
17.200000 2.8067699469611955e-02 
17.400000 2.8940163671844061e-02 
17.600000 2.9857915167205151e-02 
17.800000 3.0823313668537897e-02 
18.000000 3.1838817445580057e-02 
18.200000 3.2906982051572997e-02 
18.400000 3.4030457979726939e-02 
18.600000 3.5211987086391637e-02 
18.800000 3.6454397605305285e-02 
19.000000 3.7760597566685317e-02 
19.200000 3.9133566425519191e-02 
19.400000 4.0576344696335226e-02 
19.600000 4.2092021388664413e-02 
19.800000 4.3683719038031456e-02 
20.000000 4.5354576133455546e-02 
20.200000 4.7107726754615192e-02 
20.400000 4.8946277251989613e-02 
20.600000 5.0873279831661268e-02 
20.800000 5.2891702944680180e-02 
21.000000 5.5004398429740788e-02 
21.200000 5.7214065417952945e-02 
21.400000 5.9523211080472968e-02 
21.600000 6.1934108383460550e-02 
21.800000 6.4448751109771413e-02 
22.000000 6.7068806512226922e-02 
22.200000 6.9795566077116719e-02 
22.400000 7.2629894996512123e-02 
22.600000 7.5572181070821878e-02 
22.800000 7.8622283884607416e-02 
23.000000 8.1779485214259706e-02 
23.200000 8.5042441730378560e-02 
23.400000 8.8409141144463965e-02 
23.600000 9.1876863012575721e-02 
23.800000 9.5442145441742759e-02 
24.000000 9.9100758941945671e-02 
24.200000 1.0284768862227568e-01 
24.400000 1.0667712584031691e-01 
24.600000 1.1058247027641177e-01 
24.800000 1.1455634321894163e-01 
25.000000 1.1859061261530332e-01 
25.200000 1.2267643017071042e-01 
25.400000 1.2680428047111253e-01 
25.600000 1.3096404177788837e-01 
25.800000 1.3514505780331459e-01 
26.000000 1.3933621944174468e-01 
26.200000 1.4352605511740096e-01 
26.400000 1.4770282813103575e-01 
26.600000 1.5185463915867381e-01 
26.800000 1.5596953188810150e-01 
27.000000 1.6003559968155978e-01 
27.200000 1.6404109113119808e-01 
27.400000 1.6797451242785402e-01 
27.600000 1.7182472459030107e-01 
27.800000 1.7558103379357398e-01 
28.000000 1.7923327328067998e-01 
28.200000 1.8277187562865779e-01 
28.400000 1.8618793445292214e-01 
28.600000 1.8947325495802450e-01 
28.800000 1.9262039306408216e-01 
29.000000 1.9562268314304584e-01 
29.200000 1.9847425467693477e-01 
29.400000 2.0117003839270706e-01 
29.600000 2.0370576262981985e-01 
29.800000 2.0607794085378239e-01 
30.000000 2.0828385134128491e-01 
30.200000 2.1032151013145414e-01 
30.400000 2.1218963836638990e-01 
30.600000 2.1388762513694612e-01 
30.800000 2.1541548691191550e-01 
31.000000 2.1677382456603914e-01 
31.200000 2.1796377894051933e-01 
31.400000 2.1898698577439607e-01 
31.600000 2.1984553074165991e-01 
31.800000 2.2054190522184719e-01 
32.000000 2.2107896332511257e-01 
32.200000 2.2145988058968660e-01 
32.400000 2.2168811467276739e-01 
32.600000 2.2176736826702709e-01 
32.800000 2.2170155439541145e-01 
33.000000 2.2149476416732644e-01 
33.200000 2.2115123701985853e-01 
33.400000 2.2067533341824919e-01 
33.600000 2.2007150994986838e-01 
33.800000 2.1934429671481934e-01 
34.000000 2.1849827689313725e-01 
34.200000 2.1753806835251119e-01 
34.400000 2.1646830715055795e-01 
34.600000 2.1529363278100083e-01 
34.800000 2.1401867501280183e-01 
35.000000 2.1264804217447497e-01 
35.200000 2.1118631074172692e-01 
35.400000 2.0963801609457566e-01 
35.600000 2.0800764431947694e-01 
35.800000 2.0629962494236123e-01 
36.000000 2.0451832448922092e-01 
36.200000 2.0266804078179260e-01 
36.400000 2.0075299788646386e-01 
36.600000 1.9877734164474259e-01 
36.800000 1.9674513572308561e-01 
37.000000 1.9466035812864035e-01 
37.200000 1.9252689814528620e-01 
37.400000 1.9034855365133144e-01 
37.600000 1.8812902878625362e-01 
37.800000 1.8587193193904095e-01 
38.000000 1.8358077403502371e-01 
38.200000 1.8125896710163236e-01 
38.400000 1.7890982309640521e-01 
38.600000 1.7653655298281895e-01 
38.800000 1.7414226604128255e-01 
39.000000 1.7172996940391738e-01 
39.200000 1.6930256780272973e-01 
39.400000 1.6686286352143939e-01 
39.600000 1.6441355654168094e-01 
39.800000 1.6195724487459512e-01 
40.000000 1.5949642506897790e-01 
40.200000 1.5703349288727028e-01 
40.400000 1.5457074414067357e-01 
40.600000 1.5211037567472063e-01 
40.800000 1.4965448649658925e-01 
41.000000 1.4720507903548052e-01 
41.200000 1.4476406052735372e-01 
41.400000 1.4233324451534465e-01 
41.600000 1.3991435245724596e-01 
41.800000 1.3750901543145974e-01 
42.000000 1.3511877593293839e-01 
42.200000 1.3274508975072116e-01 
42.400000 1.3038932791880736e-01 
42.600000 1.2805277873225465e-01 
42.800000 1.2573664982055036e-01 
43.000000 1.2344207027051710e-01 
43.200000 1.2117009279119932e-01 
43.400000 1.1892169591341577e-01 
43.600000 1.1669778621691354e-01 
43.800000 1.1449920057830448e-01 
44.000000 1.1232670843325990e-01 
44.200000 1.1018101404670479e-01 
44.400000 1.0806275878506465e-01 
44.600000 1.0597252338493784e-01 
44.800000 1.0391083021283838e-01 
45.000000 1.0187814551103162e-01 
45.200000 9.9874881624766779e-02 
45.400000 9.7901399206556647e-02 
45.600000 9.5958009393478733e-02 
45.800000 9.4044975953789828e-02 
46.000000 9.2162517399483487e-02 
46.200000 9.0310809061715541e-02 
46.400000 8.8489985126357668e-02 
46.600000 8.6700140627213179e-02 
46.800000 8.4941333394751142e-02 
47.000000 8.3213585958476097e-02 
47.200000 8.1516887401336335e-02 
47.400000 7.9851195164819033e-02 
47.600000 7.8216436803650410e-02 
47.800000 7.6612511689225296e-02 
48.000000 7.5039292661132392e-02 
48.200000 7.3496627626342570e-02 
48.400000 7.1984341105809091e-02 
48.600000 7.0502235728430354e-02 
48.800000 6.9050093672465118e-02 
49.000000 6.7627678054666560e-02 
49.200000 6.6234734267519454e-02 
49.400000 6.4870991265109784e-02 
49.600000 6.3536162798249002e-02 
49.800000 6.2229948599604144e-02 
50.000000 6.0952035519644399e-02 
50.200000 5.9702098614322602e-02 
50.400000 5.8479802185459999e-02 
50.600000 5.7284800774877381e-02 
50.800000 5.6116740113352805e-02 
51.000000 5.4975258025540479e-02 
51.200000 5.3859985292017437e-02 
51.400000 5.2770546469641987e-02 
51.600000 5.1706560671448507e-02 
51.800000 5.0667642307296951e-02 
52.000000 4.9653401786517871e-02 
52.200000 4.8663446183795360e-02 
52.400000 4.7697379869522931e-02 
52.600000 4.6754805105871426e-02 
52.800000 4.5835322609792339e-02 
53.000000 4.4938532084171423e-02 
53.200000 4.4064032718330884e-02 
53.400000 4.3211423659060347e-02 
53.600000 4.2380304453335710e-02 
53.800000 4.1570275463867712e-02 
54.000000 4.0780938258592393e-02 
54.200000 4.0011895975190351e-02 
54.400000 3.9262753661702170e-02 
54.600000 3.8533118594271352e-02 
54.800000 3.7822600573022717e-02 
55.000000 3.7130812197055316e-02 
55.200000 3.6457369119497741e-02 
55.400000 3.5801890283544753e-02 
55.600000 3.5163998140366824e-02 
55.800000 3.4543318849750274e-02 
56.000000 3.3939482464302326e-02 
56.200000 3.3352123098019271e-02 
56.400000 3.2780879079992609e-02 
56.600000 3.2225393093996552e-02 
56.800000 3.1685312304674029e-02 
57.000000 3.1160288471008036e-02 
57.200000 3.0649978047742634e-02 
57.400000 3.0154042275385328e-02 
57.600000 2.9672147259405118e-02 
57.800000 2.9203964039205662e-02 
58.000000 2.8749168647436495e-02 
58.200000 2.8307442160179660e-02 
58.400000 2.7878470738521406e-02 
58.600000 2.7461945662003606e-02 
58.800000 2.7057563354421939e-02 
59.000000 2.6665025402422306e-02 
59.200000 2.6284038567320291e-02 
59.400000 2.5914314790556229e-02 
59.600000 2.5555571193175065e-02 
59.800000 2.5207530069702326e-02 
60.000000 2.4869918876773412e-02 
60.200000 2.4542470216853331e-02 
60.400000 2.4224921817369578e-02 
60.600000 2.3917016505565526e-02 
60.800000 2.3618502179365994e-02 
61.000000 2.3329131774533673e-02 
61.200000 2.3048663228381769e-02 
61.400000 2.2776859440292292e-02 
61.600000 2.2513488229281207e-02 
61.800000 2.2258322288837524e-02 
62.000000 2.2011139139250215e-02 
62.200000 2.1771721077630590e-02 
62.400000 2.1539855125822582e-02 
62.600000 2.1315332976387130e-02 
62.800000 2.1097950936833941e-02 
63.000000 2.0887509872267507e-02 
63.200000 2.0683815146605503e-02 
63.400000 2.0486676562516435e-02 
63.600000 2.0295908300218862e-02 
63.800000 2.0111328855276504e-02 
64.000000 1.9932760975512217e-02 
64.200000 1.9760031597164867e-02 
64.400000 1.9592971780396883e-02 
64.600000 1.9431416644263351e-02 
64.800000 1.9275205301240068e-02 
65.000000 1.9124180791406827e-02 
65.200000 1.8978190016375494e-02 
65.400000 1.8837083673045499e-02 
65.600000 1.8700716187268342e-02 
65.800000 1.8568945647493632e-02 
66.000000 1.8441633738467619e-02 
66.200000 1.8318645675049990e-02 
66.400000 1.8199850136210709e-02 
66.600000 1.8085119199263804e-02 
66.800000 1.7974328274394092e-02 
67.000000 1.7867356039524919e-02 
67.200000 1.7764084375577017e-02 
67.400000 1.7664398302159819e-02 
67.600000 1.7568185913738283e-02 
67.800000 1.7475338316311578e-02 
68.000000 1.7385749564641395e-02 
68.200000 1.7299316600059466e-02 
68.400000 1.7215939188887055e-02 
68.600000 1.7135519861493514e-02 
68.800000 1.7057963852018486e-02 
69.000000 1.6983179038782929e-02 
69.200000 1.6911075885408952e-02 
69.400000 1.6841567382668496e-02 
69.600000 1.6774568991078008e-02 
69.800000 1.6709998584255887e-02 
70.000000 1.6647776393056059e-02 
70.200000 1.6587824950489934e-02 
70.400000 1.6530069037448764e-02 
70.600000 1.6474435629235770e-02 
70.800000 1.6420853842915511e-02 
71.000000 1.6369254885489126e-02 
71.200000 1.6319572002899466e-02 
71.400000 1.6271740429871517e-02 
71.600000 1.6225697340592617e-02 
71.800000 1.6181381800233170e-02 
72.000000 1.6138734717310713e-02 
72.200000 1.6097698796897181e-02 
72.400000 1.6058218494670474e-02 
72.600000 1.6020239971806884e-02 
72.800000 1.5983711050714958e-02 
73.000000 1.5948581171606937e-02 
73.200000 1.5914801349904247e-02 
73.400000 1.5882324134474563e-02 
73.600000 1.5851103566694193e-02 
73.800000 1.5821095140331979e-02 
74.000000 1.5792255762248700e-02 
74.200000 1.5764543713905229e-02 
74.400000 1.5737918613674306e-02 
74.600000 1.5712341379947353e-02 
74.800000 1.5687774195030514e-02 
75.000000 1.5664180469819995e-02 
75.200000 1.5641524809251420e-02 
75.400000 1.5619772978511869e-02 
75.600000 1.5598891870008024e-02 
75.800000 1.5578849471080493e-02 
76.000000 1.5559614832454913e-02 
76.200000 1.5541158037420597e-02 
76.400000 1.5523450171727810e-02 
76.600000 1.5506463294192205e-02 
76.800000 1.5490170407997456e-02 
77.000000 1.5474545432686461e-02 
77.200000 1.5459563176829196e-02 
77.400000 1.5445199311358231e-02 
77.600000 1.5431430343560967e-02 
77.800000 1.5418233591717697e-02 
78.000000 1.5405587160375312e-02 
78.200000 1.5393469916245852e-02 
78.400000 1.5381861464718751e-02 
78.600000 1.5370742126976903e-02 
78.800000 1.5360092917704623e-02 
79.000000 1.5349895523378017e-02 
79.200000 1.5340132281125525e-02 
79.400000 1.5330786158149709e-02 
79.600000 1.5321840731697721e-02 
79.800000 1.5313280169570908e-02 
80.000000 1.5305089211162628e-02 
80.200000 1.5297253149013916e-02 
80.400000 1.5289757810875510e-02 
80.600000 1.5282589542267756e-02 
80.800000 1.5275735189525326e-02 
81.000000 1.5269182083319031e-02 
81.200000 1.5262918022643115e-02 
81.400000 1.5256931259257603e-02 
81.600000 1.5251210482577056e-02 
81.800000 1.5245744804994665e-02 
82.000000 1.5240523747632104e-02 
82.200000 1.5235537226505839e-02 
82.400000 1.5230775539099644e-02 
82.600000 1.5226229351334728e-02 
82.800000 1.5221889684927168e-02 
83.000000 1.5217747905124172e-02 
83.200000 1.5213795708809550e-02 
83.400000 1.5210025112969821e-02 
83.600000 1.5206428443511917e-02 
83.800000 1.5202998324423596e-02 
84.000000 1.5199727667268710e-02 
84.200000 1.5196609661007464e-02 
84.400000 1.5193637762135313e-02 
84.600000 1.5190805685130617e-02 
84.800000 1.5188107393203981e-02 
85.000000 1.5185537089340792e-02 
85.200000 1.5183089207630165e-02 
85.400000 1.5180758404871273e-02 
85.600000 1.5178539552451256e-02 
85.800000 1.5176427728485702e-02 
86.000000 1.5174418210215866e-02 
86.200000 1.5172506466655107e-02 
86.400000 1.5170688151476975e-02 
86.600000 1.5168959096139465e-02 
86.800000 1.5167315303238112e-02 
87.000000 1.5165752940080868e-02 
87.200000 1.5164268332479830e-02 
87.400000 1.5162857958752012e-02 
87.600000 1.5161518443924684e-02 
87.800000 1.5160246554137708e-02 
88.000000 1.5159039191238760e-02 
88.200000 1.5157893387564009e-02 
88.400000 1.5156806300899977e-02 
88.600000 1.5155775209620893e-02 
88.800000 1.5154797507995909e-02 
89.000000 1.5153870701661196e-02 
89.200000 1.5152992403251866e-02 
89.400000 1.5152160328189114e-02 
89.600000 1.5151372290616942e-02 
89.800000 1.5150626199485024e-02 
90.000000 1.5149920054771704e-02 
90.200000 1.5149251943844181e-02 
90.400000 1.5148620037950320e-02 
90.600000 1.5148022588838406e-02 
90.800000 1.5147457925500889e-02 
91.000000 1.5146924451037474e-02 
91.200000 1.5146420639634853e-02 
91.400000 1.5145945033657748e-02 
91.600000 1.5145496240848697e-02 
91.800000 1.5145072931632742e-02 
92.000000 1.5144673836523360e-02 
92.200000 1.5144297743626181e-02 
92.400000 1.5143943496237801e-02 
92.600000 1.5143609990535246e-02 
92.800000 1.5143296173354987e-02 
93.000000 1.5143001040055819e-02 
93.200000 1.5142723632465447e-02 
93.400000 1.5142463036905800e-02 
93.600000 1.5142218382295292e-02 
93.800000 1.5141988838325437e-02 
94.000000 1.5141773613708736e-02 
94.200000 1.5141571954495421e-02 
94.400000 1.5141383142457178e-02 
94.600000 1.5141206493534412e-02 
94.800000 1.5141041356346134e-02 
95.000000 1.5140887110758628e-02 
95.200000 1.5140743166512361e-02 
95.400000 1.5140608961903839e-02 
95.600000 1.5140483962520934e-02 
95.800000 1.5140367660029826e-02 
96.000000 1.5140259571011071e-02 
96.200000 1.5140159235843704e-02 
96.400000 1.5140066217635206e-02 
96.600000 1.5139980101195365e-02 
96.800000 1.5139900492053202e-02 
97.000000 1.5139827015514289e-02 
97.200000 1.5139759315757877e-02 
97.400000 1.5139697054971457e-02 
97.600000 1.5139639912522335e-02 
97.800000 1.5139587584163731e-02 
98.000000 1.5139539781274960e-02 
98.200000 1.5139496230133498e-02 
98.400000 1.5139456671218614e-02 
98.600000 1.5139420858544935e-02 
98.800000 1.5139388559024169e-02 
99.000000 1.5139359551855231e-02 
99.200000 1.5139333627940121e-02 
99.400000 1.5139310589325857e-02 
99.600000 1.5139290248670403e-02 
99.800000 1.5139272428732253e-02 
100.000000 1.5139256961882572e-02 
100.200000 1.5139243689638811e-02 
100.400000 1.5139232462219035e-02 
100.600000 1.5139223138116411e-02 
100.800000 1.5139215583692278e-02 
101.000000 1.5139209672787961e-02 
101.200000 1.5139205286353756e-02 
101.400000 1.5139202312095153e-02 
101.600000 1.5139200644134437e-02 
101.800000 1.5139200182688566e-02 
102.000000 1.5139200833761331e-02 
102.200000 1.5139202508849639e-02 
102.400000 1.5139205124663683e-02 
102.600000 1.5139208602859798e-02 
102.800000 1.5139212869785782e-02 
103.000000 1.5139217856238460e-02 
103.200000 1.5139223497232124e-02 
103.400000 1.5139229731778179e-02 
103.600000 1.5139236502675346e-02 
103.800000 1.5139243756309284e-02 
104.000000 1.5139251442462538e-02 
104.200000 1.5139259514132874e-02 
104.400000 1.5139267927360847e-02 
104.600000 1.5139276641065293e-02 
104.800000 1.5139285616887295e-02 
105.000000 1.5139294819041164e-02 
105.200000 1.5139304214173199e-02 
105.400000 1.5139313771227176e-02 
105.600000 1.5139323461316313e-02 
105.800000 1.5139333257601882e-02 
106.000000 1.5139343135177763e-02 
106.200000 1.5139353070960645e-02 
106.400000 1.5139363043585756e-02 
106.600000 1.5139373033308015e-02 
106.800000 1.5139383021908162e-02 
107.000000 1.5139392992603386e-02 
107.200000 1.5139402929962924e-02 
107.400000 1.5139412819827657e-02 
107.600000 1.5139422649234072e-02 
107.800000 1.5139432406342142e-02 
108.000000 1.5139442080366938e-02 
108.200000 1.5139451661513526e-02 
108.400000 1.5139461140916098e-02 
108.600000 1.5139470510579303e-02 
108.800000 1.5139479763323409e-02 
109.000000 1.5139488892732341e-02 
109.200000 1.5139497893104165e-02 
109.400000 1.5139506759404455e-02 
109.600000 1.5139515487222328e-02 
109.800000 1.5139524072728590e-02 
110.000000 1.5139532512636599e-02 
110.200000 1.5139540804164721e-02 
110.400000 1.5139548945001477e-02 
110.600000 1.5139556933272288e-02 
110.800000 1.5139564767508083e-02 
111.000000 1.5139572446615934e-02 
111.200000 1.5139579969851172e-02 
111.400000 1.5139587336791206e-02 
111.600000 1.5139594547310665e-02 
111.800000 1.5139601601558346e-02 
112.000000 1.5139608499935260e-02 
112.200000 1.5139615243073976e-02 
112.400000 1.5139621831819435e-02 
112.600000 1.5139628267210456e-02 
112.800000 1.5139634550462999e-02 
113.000000 1.5139640682954029e-02 
113.200000 1.5139646666206191e-02 
113.400000 1.5139652501874289e-02 
113.600000 1.5139658191731409e-02 
113.800000 1.5139663737657152e-02 
114.000000 1.5139669141625657e-02 
114.200000 1.5139674405694973e-02 
114.400000 1.5139679531996957e-02 
114.600000 1.5139684522727664e-02 
114.800000 1.5139689380138899e-02 
115.000000 1.5139694106529602e-02 
115.200000 1.5139698704238570e-02 
115.400000 1.5139703175637249e-02 
115.600000 1.5139707523123090e-02 
115.800000 1.5139711749113473e-02 
116.000000 1.5139715856040134e-02 
116.200000 1.5139719846343746e-02 
116.400000 1.5139723722469349e-02 
116.600000 1.5139727486861737e-02 
116.800000 1.5139731141961169e-02 
117.000000 1.5139734690199960e-02 
117.200000 1.5139738133998722e-02 
117.400000 1.5139741475763437e-02 
117.600000 1.5139744717882394e-02 
117.800000 1.5139747862723516e-02 
118.000000 1.5139750912632161e-02 
118.200000 1.5139753869928690e-02 
118.400000 1.5139756736906937e-02 
118.600000 1.5139759515831856e-02 
118.800000 1.5139762208938579e-02 
119.000000 1.5139764818430636e-02 
119.200000 1.5139767346478763e-02 
119.400000 1.5139769795219964e-02 
119.600000 1.5139772166756561e-02 
119.800000 1.5139774463155266e-02 
120.000000 1.5139776686446598e-02 
120.200000 1.5139778838624291e-02 
120.400000 1.5139780921644896e-02 
120.600000 1.5139782937427357e-02 
120.800000 1.5139784887852789e-02 
121.000000 1.5139786774764260e-02 
121.200000 1.5139788599966649e-02 
121.400000 1.5139790365226769e-02 
121.600000 1.5139792072273294e-02 
121.800000 1.5139793722796885e-02 
122.000000 1.5139795318450184e-02 
122.200000 1.5139796860848372e-02 
122.400000 1.5139798351569166e-02 
122.600000 1.5139799792153090e-02 
122.800000 1.5139801184103898e-02 
123.000000 1.5139802528889015e-02 
123.200000 1.5139803827939828e-02 
123.400000 1.5139805082652179e-02 
123.600000 1.5139806294386708e-02 
123.800000 1.5139807464469437e-02 
124.000000 1.5139808594192403e-02 
124.200000 1.5139809684813786e-02 
124.400000 1.5139810737558853e-02 
124.600000 1.5139811753620338e-02 
124.800000 1.5139812734158892e-02 
125.000000 1.5139813680303852e-02 
125.200000 1.5139814593153623e-02 
125.400000 1.5139815473776529e-02 
125.600000 1.5139816323211108e-02 
125.800000 1.5139817142466745e-02 
126.000000 1.5139817932524573e-02 
126.200000 1.5139818694337712e-02 
126.400000 1.5139819428831922e-02 
126.600000 1.5139820136906431e-02 
126.800000 1.5139820819434244e-02 
127.000000 1.5139821477262866e-02 
127.200000 1.5139822111214932e-02 
127.400000 1.5139822722088650e-02 
127.600000 1.5139823310658534e-02 
127.800000 1.5139823877675740e-02 
128.000000 1.5139824423868950e-02 
128.200000 1.5139824949944699e-02 
128.400000 1.5139825456587890e-02 
128.600000 1.5139825944462646e-02 
128.800000 1.5139826414212465e-02 
129.000000 1.5139826866460876e-02 
129.200000 1.5139827301812240e-02 
129.400000 1.5139827720851727e-02 
129.600000 1.5139828124146231e-02 
129.800000 1.5139828512244873e-02 
130.000000 1.5139828885679161e-02 
130.200000 1.5139829244963777e-02 
130.400000 1.5139829590596902e-02 
130.600000 1.5139829923060578e-02 
130.800000 1.5139830242821549e-02 
131.000000 1.5139830550331131e-02 
131.200000 1.5139830846026164e-02 
131.400000 1.5139831130329094e-02 
131.600000 1.5139831403648435e-02 
131.800000 1.5139831666379533e-02 
132.000000 1.5139831918904209e-02 
132.200000 1.5139832161592042e-02 
132.400000 1.5139832394799961e-02 
132.600000 1.5139832618873120e-02 
132.800000 1.5139832834144985e-02 
133.000000 1.5139833040938003e-02 
133.200000 1.5139833239563295e-02 
133.400000 1.5139833430321832e-02 
133.600000 1.5139833613504234e-02 
133.800000 1.5139833789391016e-02 
134.000000 1.5139833958253196e-02 
134.200000 1.5139834120352500e-02 
134.400000 1.5139834275941432e-02 
134.600000 1.5139834425264174e-02 
134.800000 1.5139834568555777e-02 
135.000000 1.5139834706043680e-02 
135.200000 1.5139834837947046e-02 
135.400000 1.5139834964477440e-02 
135.600000 1.5139835085839007e-02 
135.800000 1.5139835202228634e-02 
136.000000 1.5139835313836237e-02 
136.200000 1.5139835420844964e-02 
136.400000 1.5139835523431544e-02 
136.600000 1.5139835621766235e-02 
136.800000 1.5139835716013256e-02 
137.000000 1.5139835806330916e-02 
137.200000 1.5139835892871841e-02 
137.400000 1.5139835975783047e-02 
137.600000 1.5139836055206328e-02 
137.800000 1.5139836131278171e-02 
138.000000 1.5139836204130199e-02 
138.200000 1.5139836273889174e-02 
138.400000 1.5139836340677145e-02 
138.600000 1.5139836404611733e-02 
138.800000 1.5139836465806120e-02 
139.000000 1.5139836524369369e-02 
139.200000 1.5139836580406511e-02 
139.400000 1.5139836634018560e-02 
139.600000 1.5139836685302747e-02 
139.800000 1.5139836734352688e-02 
140.000000 1.5139836781258426e-02 
140.200000 1.5139836826106779e-02 
140.400000 1.5139836868980945e-02 
140.600000 1.5139836909961161e-02 
140.800000 1.5139836949124651e-02 
141.000000 1.5139836986545460e-02 
141.200000 1.5139837022295046e-02 
141.400000 1.5139837056441854e-02 
141.600000 1.5139837089051769e-02 
141.800000 1.5139837120188284e-02 
142.000000 1.5139837149912006e-02 
142.200000 1.5139837178281572e-02 
142.400000 1.5139837205352936e-02 
142.600000 1.5139837231180234e-02 
142.800000 1.5139837255815023e-02 
143.000000 1.5139837279307065e-02 
143.200000 1.5139837301704175e-02 
143.400000 1.5139837323051946e-02 
143.600000 1.5139837343394398e-02 
143.800000 1.5139837362773795e-02 
144.000000 1.5139837381230441e-02 
144.200000 1.5139837398803100e-02 
144.400000 1.5139837415528956e-02 
144.600000 1.5139837431443285e-02 
144.800000 1.5139837446580123e-02 
145.000000 1.5139837460971804e-02 
145.200000 1.5139837474649500e-02 
145.400000 1.5139837487642936e-02 
145.600000 1.5139837499980704e-02 
145.800000 1.5139837511690154e-02 
146.000000 1.5139837522797534e-02 
146.200000 1.5139837533327980e-02 
146.400000 1.5139837543305799e-02 
146.600000 1.5139837552754006e-02 
146.800000 1.5139837561694999e-02 
147.000000 1.5139837570149540e-02 
147.200000 1.5139837578135017e-02 
147.400000 1.5139837585667301e-02 
147.600000 1.5139837592762877e-02 
147.800000 1.5139837599438160e-02 
148.000000 1.5139837605709321e-02 
148.200000 1.5139837611592780e-02 
148.400000 1.5139837617104548e-02 
148.600000 1.5139837622260429e-02 
148.800000 1.5139837627076116e-02 
149.000000 1.5139837631566910e-02 
149.200000 1.5139837635747846e-02 
149.400000 1.5139837639633511e-02 
149.600000 1.5139837643238181e-02 
149.800000 1.5139837646575869e-02 
