0.000000 1.4247840920984589e-01 
0.200000 1.4245021033485172e-01 
0.400000 1.4242840666582779e-01 
0.600000 1.4241239773947378e-01 
0.800000 1.4240159077347658e-01 
1.000000 1.4239537268309177e-01 
1.200000 1.4239308535704143e-01 
1.400000 1.4239386177099678e-01 
1.600000 1.4239705687522142e-01 
1.800000 1.4240100470335204e-01 
2.000000 1.4240389574812273e-01 
2.200000 1.4240150949146535e-01 
2.400000 1.4239393607568751e-01 
2.600000 1.4238175332685088e-01 
2.800000 1.4236582926989172e-01 
3.000000 1.4234717428382382e-01 
3.200000 1.4232679739084431e-01 
3.400000 1.4230542530170731e-01 
3.600000 1.4227425362419777e-01 
3.800000 1.4224421555693001e-01 
4.000000 1.4221536672672808e-01 
4.200000 1.4218748251646585e-01 
4.400000 1.4216000875912471e-01 
4.600000 1.4213221265417741e-01 
4.800000 1.4210329733941063e-01 
5.000000 1.4207249254187315e-01 
5.200000 1.4203899098805761e-01 
5.400000 1.4200231482702286e-01 
5.600000 1.4196230475115967e-01 
5.800000 1.4191895612905692e-01 
6.000000 1.4187235891517469e-01 
6.200000 1.4182264948830681e-01 
6.400000 1.4176997456789975e-01 
6.600000 1.4171445094556545e-01 
6.800000 1.4165617482067783e-01 
7.000000 1.4159510093773364e-01 
7.200000 1.4153107154737643e-01 
7.400000 1.4146389060532538e-01 
7.600000 1.4139334035127848e-01 
7.800000 1.4131919558559258e-01 
8.000000 1.4124123449229664e-01 
8.200000 1.4115924625641185e-01 
8.400000 1.4107303311729547e-01 
8.600000 1.4098241374062892e-01 
8.800000 1.4088721638684198e-01 
9.000000 1.4078726630826466e-01 
9.200000 1.4068237631112224e-01 
9.400000 1.4057233990248719e-01 
9.600000 1.4045692653610709e-01 
9.800000 1.4033587579738716e-01 
10.000000 1.4020889082613019e-01 
10.200000 1.4007564907899694e-01 
10.400000 1.3993580647919646e-01 
10.600000 1.3978900182409881e-01 
10.800000 1.3963484653777525e-01 
11.000000 1.3947292274741319e-01 
11.200000 1.3930278340217650e-01 
11.400000 1.3912395119978449e-01 
11.600000 1.3893591651899762e-01 
11.800000 1.3873813503826993e-01 
12.000000 1.3853002501693346e-01 
12.200000 1.3831096427140965e-01 
12.400000 1.3808028677244066e-01 
12.600000 1.3783727905621002e-01 
12.800000 1.3758117667787473e-01 
13.000000 1.3731116075832406e-01 
13.200000 1.3702635454556866e-01 
13.400000 1.3672581971858799e-01 
13.600000 1.3640855242165340e-01 
13.800000 1.3607347924265500e-01 
14.000000 1.3571945284198139e-01 
14.200000 1.3534524726855446e-01 
14.400000 1.3494955289397070e-01 
14.600000 1.3453097095753341e-01 
14.800000 1.3408800780546637e-01 
15.000000 1.3361906891785225e-01 
15.200000 1.3312245282094104e-01 
15.400000 1.3259634501410067e-01 
15.600000 1.3203881205097834e-01 
15.800000 1.3144779594867295e-01 
16.000000 1.3082110912919542e-01 
16.200000 1.3015643011444589e-01 
16.400000 1.2945130021265738e-01 
16.600000 1.2870312145521345e-01 
16.800000 1.2790915607997499e-01 
17.000000 1.2706652786858474e-01 
17.200000 1.2617222565064112e-01 
17.400000 1.2522310929735458e-01 
17.600000 1.2421591852057479e-01 
17.800000 1.2314728477403469e-01 
18.000000 1.2201374652839569e-01 
18.200000 1.2081176815907069e-01 
18.400000 1.1953776264964033e-01 
18.600000 1.1818811827141484e-01 
18.800000 1.1675922935904781e-01 
19.000000 1.1524753126152365e-01 
19.200000 1.1364953950583678e-01 
19.400000 1.1196189316192939e-01 
19.600000 1.1018140234033413e-01 
19.800000 1.0830509967747748e-01 
20.000000 1.0633029556616014e-01 
20.200000 1.0425463675840130e-01 
20.400000 1.0207616780538520e-01 
20.600000 9.9793394602828989e-02 
20.800000 9.7405349085545434e-02 
21.000000 9.4911653873209545e-02 
21.200000 9.2312585423433458e-02 
21.400000 8.9609134019671188e-02 
21.600000 8.6803058729890914e-02 
21.800000 8.3896935339173861e-02 
22.000000 8.0894195206206221e-02 
22.200000 7.7799153032932833e-02 
22.400000 7.4617021679849072e-02 
22.600000 7.1353912407838394e-02 
22.800000 6.8016819276696339e-02 
23.000000 6.4613586868785711e-02 
23.200000 6.1152861014318161e-02 
23.400000 5.7644022749974044e-02 
23.600000 5.4097106317229193e-02 
23.800000 5.0522702572079914e-02 
24.000000 4.6931849704543449e-02 
24.200000 4.3335913626775358e-02 
24.400000 3.9746460759000124e-02 
24.600000 3.6175126203922048e-02 
24.800000 3.2633480439150042e-02 
25.000000 2.9132897669418734e-02 
25.200000 2.5684428867244535e-02 
25.400000 2.2298682302529960e-02 
25.600000 1.8985714034825851e-02 
25.800000 1.5754930437638204e-02 
26.000000 1.2615004368202065e-02 
26.200000 9.5738061132882857e-03 
26.400000 6.6383497573665462e-03 
26.600000 3.8147551556639847e-03 
26.800000 1.1082252691463346e-03 
27.000000 -1.4769617559976522e-03 
27.200000 -3.9374466964127164e-03 
27.400000 -6.2707707315572403e-03 
27.600000 -8.4753456687627349e-03 
27.800000 -1.0550414415786524e-02 
28.000000 -1.2496003276622036e-02 
28.200000 -1.4312867669730389e-02 
28.400000 -1.6002432847668224e-02 
28.600000 -1.7566731138082048e-02 
28.800000 -1.9008337136292575e-02 
29.000000 -2.0330302163018121e-02 
29.200000 -2.1536089165074879e-02 
29.400000 -2.2629509087079613e-02 
29.600000 -2.3614659584263120e-02 
29.800000 -2.4495866786920173e-02 
30.000000 -2.5277630669840900e-02 
30.200000 -2.5964574431064258e-02 
30.400000 -2.6561398146214055e-02 
30.600000 -2.7072836840871917e-02 
30.800000 -2.7503623015649681e-02 
31.000000 -2.7858453567072727e-02 
31.200000 -2.8141960973005142e-02 
31.400000 -2.8358688552379552e-02 
31.600000 -2.8513069564947369e-02 
31.800000 -2.8609409885881121e-02 
32.000000 -2.8651873970692909e-02 
32.200000 -2.8644473816163640e-02 
32.400000 -2.8591060621667386e-02 
32.600000 -2.8495318860413066e-02 
32.800000 -2.8360762480395707e-02 
33.000000 -2.8190732969004484e-02 
33.200000 -2.7988399032363998e-02 
33.400000 -2.7756757658957187e-02 
33.600000 -2.7498636356747264e-02 
33.800000 -2.7216696372654003e-02 
34.000000 -2.6913436722643957e-02 
34.200000 -2.6591198878963052e-02 
34.400000 -2.6252171978810024e-02 
34.600000 -2.5898398434396563e-02 
34.800000 -2.5531779839597923e-02 
35.000000 -2.5154083081400769e-02 
35.200000 -2.4766946576996518e-02 
35.400000 -2.4371886567713885e-02 
35.600000 -2.3970303411527449e-02 
35.800000 -2.3563487824018514e-02 
36.000000 -2.3152627026060246e-02 
36.200000 -2.2738810763300255e-02 
36.400000 -2.2323037168698379e-02 
36.600000 -2.1906218445313819e-02 
36.800000 -2.1489186351055622e-02 
37.000000 -2.1072697471630542e-02 
37.200000 -2.0657438271903084e-02 
37.400000 -2.0244029918863760e-02 
37.600000 -1.9833032872604905e-02 
37.800000 -1.9424951244186528e-02 
38.000000 -1.9020236921175993e-02 
38.200000 -1.8619293463783937e-02 
38.400000 -1.8222479775924505e-02 
38.600000 -1.7830113556671912e-02 
38.800000 -1.7442474538885255e-02 
39.000000 -1.7059807522242953e-02 
39.200000 -1.6682325208735693e-02 
39.400000 -1.6310210849148465e-02 
39.600000 -1.5943620709090445e-02 
39.800000 -1.5582686363444787e-02 
40.000000 -1.5227516828281773e-02 
40.200000 -1.4878200538846892e-02 
40.400000 -1.4534807182490284e-02 
40.600000 -1.4197389395045362e-02 
40.800000 -1.3865984328825798e-02 
41.000000 -1.3540615100416709e-02 
41.200000 -1.3221292125919548e-02 
41.400000 -1.2908014350959479e-02 
41.600000 -1.2600770382714760e-02 
41.800000 -1.2299539530494952e-02 
42.000000 -1.2004292761407076e-02 
42.200000 -1.1714993577086913e-02 
42.400000 -1.1431598817229577e-02 
42.600000 -1.1154059395246579e-02 
42.800000 -1.0882320971178000e-02 
43.000000 -1.0616324566573188e-02 
43.200000 -1.0356007125788630e-02 
43.400000 -1.0101302027858861e-02 
43.600000 -9.8521395528121114e-03 
43.800000 -9.6084473061053277e-03 
44.000000 -9.3701506044837901e-03 
44.200000 -9.1371728264244556e-03 
44.400000 -8.9094357301162108e-03 
44.600000 -8.6868597415856175e-03 
44.800000 -8.4693642155876936e-03 
45.000000 -8.2568676713970224e-03 
45.200000 -8.0492880058807004e-03 
45.400000 -7.8465426855522102e-03 
45.600000 -7.6485489196071177e-03 
45.800000 -7.4552238155942141e-03 
46.000000 -7.2664845191049432e-03 
46.200000 -7.0822483391989599e-03 
46.400000 -6.9024328604522234e-03 
46.600000 -6.7269560432716702e-03 
46.800000 -6.5557363131228952e-03 
47.000000 -6.3886926400846811e-03 
47.200000 -6.2257446092894853e-03 
47.400000 -6.0668124833614667e-03 
47.600000 -5.9118172573720401e-03 
47.800000 -5.7606807072616562e-03 
48.000000 -5.6133254321758391e-03 
48.200000 -5.4696748913193038e-03 
48.400000 -5.3296534359612985e-03 
48.600000 -5.1931863369309994e-03 
48.800000 -5.0601998081524074e-03 
49.000000 -4.9306210265423062e-03 
49.200000 -4.8043781486773185e-03 
49.400000 -4.6814003244959324e-03 
49.600000 -4.5616177084251974e-03 
49.800000 -4.4449614680627386e-03 
50.000000 -4.3313637908012209e-03 
50.200000 -4.2207578885164881e-03 
50.400000 -4.1130780005323858e-03 
50.600000 -4.0082593950522410e-03 
50.800000 -3.9062383692741037e-03 
51.000000 -3.8069522481668505e-03 
51.200000 -3.7103393822179587e-03 
51.400000 -3.6163391441920989e-03 
51.600000 -3.5248919250318034e-03 
51.800000 -3.4359391288325686e-03 
52.000000 -3.3494231673212582e-03 
52.200000 -3.2652874535677584e-03 
52.400000 -3.1834763951678474e-03 
52.600000 -3.1039353869344588e-03 
52.800000 -3.0266108031958561e-03 
53.000000 -2.9514499895909596e-03 
53.200000 -2.8784012545887694e-03 
53.400000 -2.8074138607167287e-03 
53.600000 -2.7384380154367172e-03 
53.800000 -2.6714248618302239e-03 
54.000000 -2.6063264690657367e-03 
54.200000 -2.5430958226354550e-03 
54.400000 -2.4816868144728332e-03 
54.600000 -2.4220542328728112e-03 
54.800000 -2.3641537523061418e-03 
55.000000 -2.3079419231487180e-03 
55.200000 -2.2533761612257008e-03 
55.400000 -2.2004147373576449e-03 
55.600000 -2.1490167667728849e-03 
55.800000 -2.0991421984745962e-03 
56.000000 -2.0507518045908557e-03 
56.200000 -2.0038071695713394e-03 
56.400000 -1.9582706794933485e-03 
56.600000 -1.9141055112004562e-03 
56.800000 -1.8712756215246706e-03 
57.000000 -1.8297457364138819e-03 
57.200000 -1.7894813400910342e-03 
57.400000 -1.7504486642143935e-03 
57.600000 -1.7126146769950723e-03 
57.800000 -1.6759470723727993e-03 
58.000000 -1.6404142591587290e-03 
58.200000 -1.6059853502182475e-03 
58.400000 -1.5726301516443414e-03 
58.600000 -1.5403191520358961e-03 
58.800000 -1.5090235116732992e-03 
59.000000 -1.4787150518059400e-03 
59.200000 -1.4493662440190347e-03 
59.400000 -1.4209501995454121e-03 
59.600000 -1.3934406586337683e-03 
59.800000 -1.3668119800453460e-03 
60.000000 -1.3410391304957414e-03 
60.200000 -1.3160976742343650e-03 
60.400000 -1.2919637626261915e-03 
60.600000 -1.2686141238223564e-03 
60.800000 -1.2460260524544409e-03 
61.000000 -1.2241773994678268e-03 
61.200000 -1.2030465619606370e-03 
61.400000 -1.1826124730975399e-03 
61.600000 -1.1628545921307937e-03 
61.800000 -1.1437528945135028e-03 
62.000000 -1.1252878620109652e-03 
62.200000 -1.1074404729886633e-03 
62.400000 -1.0901921927155001e-03 
62.600000 -1.0735249638304661e-03 
62.800000 -1.0574211968276404e-03 
63.000000 -1.0418637606550638e-03 
63.200000 -1.0268359734468824e-03 
63.400000 -1.0123215932928073e-03 
63.600000 -9.9830480917229708e-04 
63.800000 -9.8477023191898688e-04 
64.000000 -9.7170288535960297e-04 
64.200000 -9.5908819751591018e-04 
64.400000 -9.4691199188883662e-04 
64.600000 -9.3516047893256460e-04 
64.800000 -9.2382024755489900e-04 
65.000000 -9.1287825677754258e-04 
65.200000 -9.0232182748814505e-04 
65.400000 -8.9213863430570584e-04 
65.600000 -8.8231669759240849e-04 
65.800000 -8.7284437549819960e-04 
66.000000 -8.6371035623544062e-04 
66.200000 -8.5490365036333671e-04 
66.400000 -8.4641358326881938e-04 
66.600000 -8.3822978769906159e-04 
66.800000 -8.3034219648606133e-04 
67.000000 -8.2274103530446951e-04 
67.200000 -8.1541681561826673e-04 
67.400000 -8.0836032770088134e-04 
67.600000 -8.0156263381279264e-04 
67.800000 -7.9501506146195666e-04 
68.000000 -7.8870919676012757e-04 
68.200000 -7.8263687800151499e-04 
68.400000 -7.7679018922631460e-04 
68.600000 -7.7116145399987179e-04 
68.800000 -7.6574322926582783e-04 
69.000000 -7.6052829930666616e-04 
69.200000 -7.5550966984217621e-04 
69.400000 -7.5068056224368573e-04 
69.600000 -7.4603440784694330e-04 
69.800000 -7.4156484237411502e-04 
70.000000 -7.3726570047807222e-04 
70.200000 -7.3313101042565137e-04 
70.400000 -7.2915498882591967e-04 
70.600000 -7.2533203553093450e-04 
70.800000 -7.2165672860350499e-04 
71.000000 -7.1812381942128883e-04 
71.200000 -7.1472822786786822e-04 
71.400000 -7.1146503761349011e-04 
71.600000 -7.0832949156506009e-04 
71.800000 -7.0531698732209658e-04 
72.000000 -7.0242307280809352e-04 
72.200000 -6.9964344200935252e-04 
72.400000 -6.9697393071702085e-04 
72.600000 -6.9441051247860069e-04 
72.800000 -6.9194929460363042e-04 
73.000000 -6.8958651422919293e-04 
73.200000 -6.8731853449609248e-04 
73.400000 -6.8514184086982538e-04 
73.600000 -6.8305303750859636e-04 
73.800000 -6.8104884365257495e-04 
74.000000 -6.7912609026567899e-04 
74.200000 -6.7728171660618591e-04 
74.400000 -6.7551276693730150e-04 
74.600000 -6.7381638738306382e-04 
74.800000 -6.7218982274463296e-04 
75.000000 -6.7063041351578950e-04 
75.200000 -6.6913559284215163e-04 
75.400000 -6.6770288375932185e-04 
75.600000 -6.6632989627488787e-04 
75.800000 -6.6501432468644289e-04 
76.000000 -6.6375394492212969e-04 
76.200000 -6.6254661193736186e-04 
76.400000 -6.6139025717678462e-04 
76.600000 -6.6028288621125530e-04 
76.800000 -6.5922257620981001e-04 
77.000000 -6.5820747377697691e-04 
77.200000 -6.5723579258594733e-04 
77.400000 -6.5630581124703075e-04 
77.600000 -6.5541587116847017e-04 
77.800000 -6.5456437446342192e-04 
78.000000 -6.5374978198302208e-04 
78.200000 -6.5297061134196588e-04 
78.400000 -6.5222543503181546e-04 
78.600000 -6.5151287854199602e-04 
78.800000 -6.5083161864291222e-04 
79.000000 -6.5018038163246888e-04 
79.200000 -6.4955794159778785e-04 
79.400000 -6.4896311885163233e-04 
79.600000 -6.4839477833047304e-04 
79.800000 -6.4785182802405694e-04 
80.000000 -6.4733321756340473e-04 
80.200000 -6.4683793668347811e-04 
80.400000 -6.4636501390244461e-04 
80.600000 -6.4591351511653072e-04 
80.800000 -6.4548254231781843e-04 
81.000000 -6.4507123229870511e-04 
81.200000 -6.4467875543797182e-04 
81.400000 -6.4430431448003755e-04 
81.600000 -6.4394714341249604e-04 
81.800000 -6.4360650632281496e-04 
82.000000 -6.4328169632716509e-04 
82.200000 -6.4297203450264240e-04 
82.400000 -6.4267686890955023e-04 
82.600000 -6.4239557354178745e-04 
82.800000 -6.4212754747045020e-04 
83.000000 -6.4187221383597143e-04 
83.200000 -6.4162901902862363e-04 
83.400000 -6.4139743178149439e-04 
83.600000 -6.4117694235667905e-04 
83.800000 -6.4096706175914564e-04 
84.000000 -6.4076732092906152e-04 
84.200000 -6.4057727001476383e-04 
84.400000 -6.4039647766116897e-04 
84.600000 -6.4022453026119086e-04 
84.800000 -6.4006103133207315e-04 
85.000000 -6.3990560083309472e-04 
85.200000 -6.3975787455500255e-04 
85.400000 -6.3961750350976371e-04 
85.600000 -6.3948415330595393e-04 
85.800000 -6.3935750364327998e-04 
86.000000 -6.3923724772389084e-04 
86.200000 -6.3912309174874588e-04 
86.400000 -6.3901475439260419e-04 
86.600000 -6.3891196631440245e-04 
86.800000 -6.3881446970889821e-04 
87.000000 -6.3872201781546567e-04 
87.200000 -6.3863437452277988e-04 
87.400000 -6.3855131388875636e-04 
87.600000 -6.3847261978962344e-04 
87.800000 -6.3839808548919741e-04 
88.000000 -6.3832751329141041e-04 
88.200000 -6.3826071412517726e-04 
88.400000 -6.3819750725383623e-04 
88.600000 -6.3813771989656293e-04 
88.800000 -6.3808118693554905e-04 
89.000000 -6.3802775056100852e-04 
89.200000 -6.3797725999474586e-04 
89.400000 -6.3792957122322386e-04 
89.600000 -6.3788454667759037e-04 
89.800000 -6.3784205497139507e-04 
90.000000 -6.3780197065888694e-04 
90.200000 -6.3776417398973134e-04 
90.400000 -6.3772855065982043e-04 
90.600000 -6.3769499157195070e-04 
90.800000 -6.3766339263921640e-04 
91.000000 -6.3763365456242366e-04 
91.200000 -6.3760568261483908e-04 
91.400000 -6.3757938645760126e-04 
91.600000 -6.3755467997645560e-04 
91.800000 -6.3753148102827645e-04 
92.000000 -6.3750971135755757e-04 
92.200000 -6.3748929636602003e-04 
92.400000 -6.3747016499472731e-04 
92.600000 -6.3745224952696522e-04 
92.800000 -6.3743548547236933e-04 
93.000000 -6.3741981144448817e-04 
93.200000 -6.3740516895305355e-04 
93.400000 -6.3739150236773179e-04 
93.600000 -6.3737875869816080e-04 
93.800000 -6.3736688756847043e-04 
94.000000 -6.3735584102591475e-04 
94.200000 -6.3734557347874810e-04 
94.400000 -6.3733604155468554e-04 
94.600000 -6.3732720404684889e-04 
94.800000 -6.3731902174927330e-04 
95.000000 -6.3731145745327816e-04 
95.200000 -6.3730447577862309e-04 
95.400000 -6.3729804312874505e-04 
95.600000 -6.3729212758515535e-04 
95.800000 -6.3728669886566058e-04 
96.000000 -6.3728172821569951e-04 
96.200000 -6.3727718836469049e-04 
96.400000 -6.3727305342153873e-04 
96.600000 -6.3726929883327343e-04 
96.800000 -6.3726590135210898e-04 
97.000000 -6.3726283889436325e-04 
97.200000 -6.3726009057388233e-04 
97.400000 -6.3725763656627410e-04 
97.600000 -6.3725545812702566e-04 
97.800000 -6.3725353749931324e-04 
98.000000 -6.3725185788043870e-04 
98.200000 -6.3725040334926264e-04 
98.400000 -6.3724915888450223e-04 
98.600000 -6.3724811025089867e-04 
98.800000 -6.3724724400477523e-04 
99.000000 -6.3724654746097342e-04 
99.200000 -6.3724600859822733e-04 
99.400000 -6.3724561609736219e-04 
99.600000 -6.3724535926716619e-04 
99.800000 -6.3724522802240807e-04 
100.000000 -6.3724521285174474e-04 
100.200000 -6.3724530478930647e-04 
100.400000 -6.3724549538781566e-04 
100.600000 -6.3724577669683341e-04 
100.800000 -6.3724614121250106e-04 
101.000000 -6.3724658191273431e-04 
101.200000 -6.3724709216261138e-04 
101.400000 -6.3724766573444724e-04 
101.600000 -6.3724829678903083e-04 
101.800000 -6.3724897983548356e-04 
102.000000 -6.3724970973105116e-04 
102.200000 -6.3725048164084419e-04 
102.400000 -6.3725129105508815e-04 
102.600000 -6.3725213372409911e-04 
102.800000 -6.3725300570890292e-04 
103.000000 -6.3725390329876647e-04 
103.200000 -6.3725482304070880e-04 
103.400000 -6.3725576171141246e-04 
103.600000 -6.3725671629781544e-04 
103.800000 -6.3725768401342447e-04 
104.000000 -6.3725866225213673e-04 
104.200000 -6.3725964859041168e-04 
104.400000 -6.3726064078743067e-04 
104.600000 -6.3726163676377373e-04 
104.800000 -6.3726263458902671e-04 
105.000000 -6.3726363248976792e-04 
105.200000 -6.3726462881631696e-04 
105.400000 -6.3726562207317566e-04 
105.600000 -6.3726661084392844e-04 
105.800000 -6.3726759388128829e-04 
106.000000 -6.3726857001187437e-04 
106.200000 -6.3726953815459314e-04 
106.400000 -6.3727049736068270e-04 
106.600000 -6.3727144673736413e-04 
106.800000 -6.3727238549289578e-04 
107.000000 -6.3727331291402872e-04 
107.200000 -6.3727422835638259e-04 
107.400000 -6.3727513124324509e-04 
107.600000 -6.3727602106936065e-04 
107.800000 -6.3727689738849597e-04 
108.000000 -6.3727775981178847e-04 
108.200000 -6.3727860799597108e-04 
108.400000 -6.3727944165534872e-04 
108.600000 -6.3728026054502007e-04 
108.800000 -6.3728106446846872e-04 
109.000000 -6.3728185326645398e-04 
109.200000 -6.3728262680673442e-04 
109.400000 -6.3728338502650611e-04 
109.600000 -6.3728412783904675e-04 
109.800000 -6.3728485524418982e-04 
110.000000 -6.3728556721819735e-04 
110.200000 -6.3728626380485376e-04 
110.400000 -6.3728694504443933e-04 
110.600000 -6.3728761101575215e-04 
110.800000 -6.3728826178686970e-04 
111.000000 -6.3728889749210121e-04 
111.200000 -6.3728951823766727e-04 
111.400000 -6.3729012417065856e-04 
111.600000 -6.3729071544289806e-04 
111.800000 -6.3729129220976150e-04 
112.000000 -6.3729185465497690e-04 
112.200000 -6.3729240296535317e-04 
112.400000 -6.3729293732180808e-04 
112.600000 -6.3729345794225761e-04 
112.800000 -6.3729396502563290e-04 
113.000000 -6.3729445878775437e-04 
113.200000 -6.3729493944809923e-04 
113.400000 -6.3729540723986289e-04 
113.600000 -6.3729586237186442e-04 
113.800000 -6.3729630509072599e-04 
114.000000 -6.3729673561852690e-04 
114.200000 -6.3729715420098726e-04 
114.400000 -6.3729756106668117e-04 
114.600000 -6.3729795646125936e-04 
114.800000 -6.3729834061145019e-04 
115.000000 -6.3729871376425745e-04 
115.200000 -6.3729907614999692e-04 
115.400000 -6.3729942800976047e-04 
115.600000 -6.3729976957883905e-04 
115.800000 -6.3730010108373897e-04 
116.000000 -6.3730042276759213e-04 
116.200000 -6.3730073485743916e-04 
116.400000 -6.3730103758422030e-04 
116.600000 -6.3730133116259718e-04 
116.800000 -6.3730161582505052e-04 
117.000000 -6.3730189179023872e-04 
117.200000 -6.3730215928557016e-04 
117.400000 -6.3730241850654124e-04 
117.600000 -6.3730266968162197e-04 
117.800000 -6.3730291301183212e-04 
118.000000 -6.3730314871034838e-04 
118.200000 -6.3730337696754624e-04 
118.400000 -6.3730359798858105e-04 
118.600000 -6.3730381197284885e-04 
118.800000 -6.3730401910287726e-04 
119.000000 -6.3730421955918160e-04 
119.200000 -6.3730441355477896e-04 
119.400000 -6.3730460124421240e-04 
119.600000 -6.3730478282074399e-04 
119.800000 -6.3730495844305235e-04 
120.000000 -6.3730512829632963e-04 
120.200000 -6.3730529254214796e-04 
120.400000 -6.3730545133356548e-04 
120.600000 -6.3730560482482684e-04 
120.800000 -6.3730575320009725e-04 
121.000000 -6.3730589657933628e-04 
121.200000 -6.3730603513004885e-04 
121.400000 -6.3730616899134590e-04 
121.600000 -6.3730629830723723e-04 
121.800000 -6.3730642321219860e-04 
122.000000 -6.3730654384533403e-04 
122.200000 -6.3730666032257854e-04 
122.400000 -6.3730677278688724e-04 
122.600000 -6.3730688135946872e-04 
122.800000 -6.3730698615834663e-04 
123.000000 -6.3730708729835273e-04 
123.200000 -6.3730718491213784e-04 
123.400000 -6.3730727909128149e-04 
123.600000 -6.3730736995645104e-04 
123.800000 -6.3730745760305629e-04 
124.000000 -6.3730754215368668e-04 
124.200000 -6.3730762368029159e-04 
124.400000 -6.3730770230257389e-04 
124.600000 -6.3730777810747097e-04 
124.800000 -6.3730785118277372e-04 
125.000000 -6.3730792162883243e-04 
125.200000 -6.3730798952357087e-04 
125.400000 -6.3730805495374604e-04 
125.600000 -6.3730811800563614e-04 
125.800000 -6.3730817875476409e-04 
126.000000 -6.3730823727609076e-04 
126.200000 -6.3730829364983671e-04 
126.400000 -6.3730834794076263e-04 
126.600000 -6.3730840022312163e-04 
126.800000 -6.3730845056697571e-04 
127.000000 -6.3730849904063830e-04 
127.200000 -6.3730854570056422e-04 
127.400000 -6.3730859061988249e-04 
127.600000 -6.3730863385052378e-04 
127.800000 -6.3730867545389730e-04 
128.000000 -6.3730871548555584e-04 
128.200000 -6.3730875399588965e-04 
128.400000 -6.3730879105187987e-04 
128.600000 -6.3730882669353617e-04 
128.800000 -6.3730886096927120e-04 
129.000000 -6.3730889393086299e-04 
129.200000 -6.3730892562901403e-04 
129.400000 -6.3730895610605853e-04 
129.600000 -6.3730898540128450e-04 
129.800000 -6.3730901356052333e-04 
130.000000 -6.3730904063549060e-04 
130.200000 -6.3730906664126452e-04 
130.400000 -6.3730909163528526e-04 
130.600000 -6.3730911565068604e-04 
130.800000 -6.3730913871577061e-04 
131.000000 -6.3730916088309414e-04 
131.200000 -6.3730918215702814e-04 
131.400000 -6.3730920260091778e-04 
131.600000 -6.3730922222628855e-04 
131.800000 -6.3730924107054804e-04 
132.000000 -6.3730925915438108e-04 
132.200000 -6.3730927652146802e-04 
132.400000 -6.3730929319235491e-04 
132.600000 -6.3730930917709622e-04 
132.800000 -6.3730932452069067e-04 
133.000000 -6.3730933924004141e-04 
133.200000 -6.3730935336930861e-04 
133.400000 -6.3730936691052537e-04 
133.600000 -6.3730937991499093e-04 
133.800000 -6.3730939236759931e-04 
134.000000 -6.3730940431590971e-04 
134.200000 -6.3730941576806838e-04 
134.400000 -6.3730942675126884e-04 
134.600000 -6.3730943726788419e-04 
134.800000 -6.3730944736110906e-04 
135.000000 -6.3730945702061836e-04 
135.200000 -6.3730946627785917e-04 
135.400000 -6.3730947514807623e-04 
135.600000 -6.3730948365417484e-04 
135.800000 -6.3730949178758545e-04 
136.000000 -6.3730949957828409e-04 
136.200000 -6.3730950704357636e-04 
136.400000 -6.3730951418372594e-04 
136.600000 -6.3730952102492022e-04 
136.800000 -6.3730952757906634e-04 
137.000000 -6.3730953384066868e-04 
137.200000 -6.3730953983364563e-04 
137.400000 -6.3730954556913411e-04 
137.600000 -6.3730955105276849e-04 
137.800000 -6.3730955630215275e-04 
138.000000 -6.3730956132385108e-04 
138.200000 -6.3730956611441486e-04 
138.400000 -6.3730957070774058e-04 
138.600000 -6.3730957509156028e-04 
138.800000 -6.3730957928450488e-04 
139.000000 -6.3730958329086262e-04 
139.200000 -6.3730958711744057e-04 
139.400000 -6.3730959078216187e-04 
139.600000 -6.3730959426756134e-04 
139.800000 -6.3730959760833344e-04 
140.000000 -6.3730960079090571e-04 
140.200000 -6.3730960383839852e-04 
140.400000 -6.3730960673801657e-04 
140.600000 -6.3730960951325494e-04 
140.800000 -6.3730961216306586e-04 
141.000000 -6.3730961468010106e-04 
141.200000 -6.3730961709883294e-04 
141.400000 -6.3730961939061082e-04 
141.600000 -6.3730962157730608e-04 
141.800000 -6.3730962366669724e-04 
142.000000 -6.3730962565976962e-04 
142.200000 -6.3730962755669668e-04 
142.400000 -6.3730962936432017e-04 
142.600000 -6.3730963109016187e-04 
142.800000 -6.3730963272769919e-04 
143.000000 -6.3730963429447368e-04 
143.200000 -6.3730963578253336e-04 
143.400000 -6.3730963719837996e-04 
143.600000 -6.3730963854273515e-04 
143.800000 -6.3730963983042732e-04 
144.000000 -6.3730964104721788e-04 
144.200000 -6.3730964220955200e-04 
144.400000 -6.3730964331649986e-04 
144.600000 -6.3730964436325976e-04 
144.800000 -6.3730964535581996e-04 
145.000000 -6.3730964629825360e-04 
145.200000 -6.3730964719751343e-04 
145.400000 -6.3730964804007556e-04 
145.600000 -6.3730964884970570e-04 
145.800000 -6.3730964960845987e-04 
146.000000 -6.3730965033718945e-04 
146.200000 -6.3730965102402198e-04 
146.400000 -6.3730965167985848e-04 
146.600000 -6.3730965230458791e-04 
146.800000 -6.3730965288165409e-04 
147.000000 -6.3730965343517659e-04 
147.200000 -6.3730965395125683e-04 
147.400000 -6.3730965442507920e-04 
147.600000 -6.3730965485889191e-04 
147.800000 -6.3730965527124261e-04 
148.000000 -6.3730965565471365e-04 
148.200000 -6.3730965603365358e-04 
148.400000 -6.3730965644798188e-04 
148.600000 -6.3730965683198026e-04 
148.800000 -6.3730965715065591e-04 
149.000000 -6.3730965742507528e-04 
149.200000 -6.3730965765605718e-04 
149.400000 -6.3730965786019250e-04 
149.600000 -6.3730965803876494e-04 
149.800000 -6.3730965818536989e-04 
