0.000000 1.4305314058033403e-01 
0.200000 1.4302529791847363e-01 
0.400000 1.4300454042957000e-01 
0.600000 1.4299022261480232e-01 
0.800000 1.4298147522706672e-01 
1.000000 1.4297763349955095e-01 
1.200000 1.4297793962805549e-01 
1.400000 1.4298141068435011e-01 
1.600000 1.4298711403116382e-01 
1.800000 1.4299371135590955e-01 
2.000000 1.4299924101381067e-01 
2.200000 1.4299871481288062e-01 
2.400000 1.4299222110066023e-01 
2.600000 1.4297955132857099e-01 
2.800000 1.4296223723599832e-01 
3.000000 1.4294166794456098e-01 
3.200000 1.4291921663588525e-01 
3.400000 1.4289597903817208e-01 
3.600000 1.4286342270460295e-01 
3.800000 1.4283308346510082e-01 
4.000000 1.4280506596059317e-01 
4.200000 1.4277903049171747e-01 
4.400000 1.4275424993864494e-01 
4.600000 1.4272969556719650e-01 
4.800000 1.4270433887833589e-01 
5.000000 1.4267722442843600e-01 
5.200000 1.4264746544866258e-01 
5.400000 1.4261451400328828e-01 
5.600000 1.4257823748473586e-01 
5.800000 1.4253871883753000e-01 
6.000000 1.4249612991220995e-01 
6.200000 1.4245072768253109e-01 
6.400000 1.4240275357701115e-01 
6.600000 1.4235238797015271e-01 
6.800000 1.4229975632585956e-01 
7.000000 1.4224482666771332e-01 
7.200000 1.4218742417982866e-01 
7.400000 1.4212731985038463e-01 
7.600000 1.4206426817091966e-01 
7.800000 1.4199802394401928e-01 
8.000000 1.4192835779982405e-01 
8.200000 1.4185506536242465e-01 
8.400000 1.4177796825078892e-01 
8.600000 1.4169691395899908e-01 
8.800000 1.4161176599101188e-01 
9.000000 1.4152238711632525e-01 
9.200000 1.4142862641164478e-01 
9.400000 1.4133030931401491e-01 
9.600000 1.4122723256088798e-01 
9.800000 1.4111915980650647e-01 
10.000000 1.4100581632736520e-01 
10.200000 1.4088690152364602e-01 
10.400000 1.4076209434159881e-01 
10.600000 1.4063105872273218e-01 
10.800000 1.4049343482226506e-01 
11.000000 1.4034883759143502e-01 
11.200000 1.4019685679768790e-01 
11.400000 1.4003705537441569e-01 
11.600000 1.3986896660414283e-01 
11.800000 1.3969209096288882e-01 
12.000000 1.3950589282655557e-01 
12.200000 1.3930979706481872e-01 
12.400000 1.3910318558567181e-01 
12.600000 1.3888539390977261e-01 
12.800000 1.3865570796933990e-01 
13.000000 1.3841336108909164e-01 
13.200000 1.3815753094067273e-01 
13.400000 1.3788733622220373e-01 
13.600000 1.3760183298426765e-01 
13.800000 1.3730001076082066e-01 
14.000000 1.3698078823803128e-01 
14.200000 1.3664300846652411e-01 
14.400000 1.3628543359900935e-01 
14.600000 1.3590673913268547e-01 
14.800000 1.3550550774493164e-01 
15.000000 1.3508022279682674e-01 
15.200000 1.3462926157236810e-01 
15.400000 1.3415088834299460e-01 
15.600000 1.3364324736538946e-01 
15.800000 1.3310435593571923e-01 
16.000000 1.3253209765510476e-01 
16.200000 1.3192421610424099e-01 
16.400000 1.3127830912384364e-01 
16.600000 1.3059182395817259e-01 
16.800000 1.2986205355302483e-01 
17.000000 1.2908613432786309e-01 
17.200000 1.2826104576745989e-01 
17.400000 1.2738361220144911e-01 
17.600000 1.2645050714267603e-01 
17.800000 1.2545826055139808e-01 
18.000000 1.2440326937683366e-01 
18.200000 1.2328181169625341e-01 
18.400000 1.2209006473650763e-01 
18.600000 1.2082412702492396e-01 
18.800000 1.1948004487558261e-01 
19.000000 1.1805384337698577e-01 
19.200000 1.1654156201434962e-01 
19.400000 1.1493929502707023e-01 
19.600000 1.1324323656709634e-01 
19.800000 1.1144973068258313e-01 
20.000000 1.0955532609051366e-01 
20.200000 1.0755683561371343e-01 
20.400000 1.0545140002967290e-01 
20.600000 1.0323655590637393e-01 
20.800000 1.0091030677769064e-01 
21.000000 9.8471196742764389e-02 
21.200000 9.5918385269788464e-02 
21.400000 9.3251721660849274e-02 
21.600000 9.0471817316276404e-02 
21.800000 8.7580113649777469e-02 
22.000000 8.4578943279051466e-02 
22.200000 8.1471581978983854e-02 
22.400000 7.8262288858195750e-02 
22.600000 7.4956332320718855e-02 
22.800000 7.1559999612646918e-02 
23.000000 6.8080588125943309e-02 
23.200000 6.4526377127945622e-02 
23.400000 6.0906579185519449e-02 
23.600000 5.7231271230942626e-02 
23.800000 5.3511305938457432e-02 
24.000000 4.9758204810129270e-02 
24.200000 4.5984035068339146e-02 
24.400000 4.2201273081772128e-02 
24.600000 3.8422657578003339e-02 
24.800000 3.4661036288088476e-02 
25.000000 3.0929209906059629e-02 
25.200000 2.7239777315595015e-02 
25.400000 2.3604985935722467e-02 
25.600000 2.0036590776299712e-02 
25.800000 1.6545725391475252e-02 
26.000000 1.3142787402949940e-02 
26.200000 9.8373406691890652e-03 
26.400000 6.6380355374892064e-03 
26.600000 3.5525479703116813e-03 
26.800000 5.8753771767794394e-04 
27.000000 -2.2513748584287452e-03 
27.200000 -4.9596141945834615e-03 
27.400000 -7.5336384645605659e-03 
27.600000 -9.9709136549240851e-03 
27.800000 -1.2269874610769116e-02 
28.000000 -1.4429875024197680e-02 
28.200000 -1.6451128400126414e-02 
28.400000 -1.8334642028541626e-02 
28.600000 -2.0082145929975370e-02 
28.800000 -2.1696018631530700e-02 
29.000000 -2.3179211484473883e-02 
29.200000 -2.4535173060034721e-02 
29.400000 -2.5767774966313994e-02 
29.600000 -2.6881240224356673e-02 
29.800000 -2.7880075132946658e-02 
30.000000 -2.8769005346386711e-02 
30.200000 -2.9552916694017606e-02 
30.400000 -3.0236801088864396e-02 
30.600000 -3.0825707710219641e-02 
30.800000 -3.1324699503864295e-02 
31.000000 -3.1738814923746528e-02 
31.200000 -3.2073034743488216e-02 
31.400000 -3.2332253690130042e-02 
31.600000 -3.2521256598439852e-02 
31.800000 -3.2644698746287171e-02 
32.000000 -3.2707090010006490e-02 
32.200000 -3.2712782469546231e-02 
32.400000 -3.2665961094731855e-02 
32.600000 -3.2570637153542359e-02 
32.800000 -3.2430643999650122e-02 
33.000000 -3.2249634916991843e-02 
33.200000 -3.2031082723319171e-02 
33.400000 -3.1778280860134178e-02 
33.600000 -3.1494345723108497e-02 
33.800000 -3.1182220013491413e-02 
34.000000 -3.0844676916300939e-02 
34.200000 -3.0484324935332208e-02 
34.400000 -3.0103613237095095e-02 
34.600000 -2.9704837376118176e-02 
34.800000 -2.9290145292104053e-02 
35.000000 -2.8861543485522723e-02 
35.200000 -2.8420903292421751e-02 
35.400000 -2.7969967191625811e-02 
35.600000 -2.7510355088303351e-02 
35.800000 -2.7043570527455651e-02 
36.000000 -2.6571006799192998e-02 
36.200000 -2.6093952904725881e-02 
36.400000 -2.5613599358446260e-02 
36.600000 -2.5131043806999598e-02 
36.800000 -2.4647296450780731e-02 
37.000000 -2.4163285257493450e-02 
37.200000 -2.3679860960925614e-02 
37.400000 -2.3197801840946108e-02 
37.600000 -2.2717818283350399e-02 
37.800000 -2.2240557120146942e-02 
38.000000 -2.1766605752821799e-02 
38.200000 -2.1296496062472803e-02 
38.400000 -2.0830708111941654e-02 
38.600000 -2.0369673645834030e-02 
38.800000 -1.9913779395469733e-02 
39.000000 -1.9463370195833052e-02 
39.200000 -1.9018751922415755e-02 
39.400000 -1.8580194255685412e-02 
39.600000 -1.8147933281274342e-02 
39.800000 -1.7722173933797991e-02 
40.000000 -1.7303092292223876e-02 
40.200000 -1.6890837734376968e-02 
40.400000 -1.6485534958077946e-02 
40.600000 -1.6087285876190655e-02 
40.800000 -1.5696171392379554e-02 
41.000000 -1.5312253064290626e-02 
41.200000 -1.4935574660451451e-02 
41.400000 -1.4566163616900607e-02 
41.600000 -1.4204032399368988e-02 
41.800000 -1.3849179776311227e-02 
42.000000 -1.3501592008005797e-02 
42.200000 -1.3161243956664459e-02 
42.400000 -1.2828100122013741e-02 
42.600000 -1.2502115606847386e-02 
42.800000 -1.2183237016527432e-02 
43.000000 -1.1871403296501548e-02 
43.200000 -1.1566546511343812e-02 
43.400000 -1.1268592568932784e-02 
43.600000 -1.0977461893002166e-02 
43.800000 -1.0693070047140624e-02 
44.000000 -1.0415328313361311e-02 
44.200000 -1.0144144227795721e-02 
44.400000 -9.8794220763195884e-03 
44.600000 -9.6210633525559142e-03 
44.800000 -9.3689671806164720e-03 
45.000000 -9.1230307047872050e-03 
45.200000 -8.8831494483307405e-03 
45.400000 -8.6492176432892420e-03 
45.600000 -8.4211285332866093e-03 
45.800000 -8.1987746510442661e-03 
46.000000 -7.9820480722826714e-03 
46.200000 -7.7708406475987535e-03 
46.400000 -7.5650442138769092e-03 
46.600000 -7.3645507864668891e-03 
46.800000 -7.1692527336761902e-03 
47.000000 -6.9790429346966443e-03 
47.200000 -6.7938149221286603e-03 
47.400000 -6.6134630102322178e-03 
47.600000 -6.4378824100370241e-03 
47.800000 -6.2669693320324960e-03 
48.000000 -6.1006210777408698e-03 
48.200000 -5.9387361205881922e-03 
48.400000 -5.7812141772615455e-03 
48.600000 -5.6279562700430608e-03 
48.800000 -5.4788647809623642e-03 
49.000000 -5.3338434983881827e-03 
49.200000 -5.1927976566392559e-03 
49.400000 -5.0556339693039187e-03 
49.600000 -4.9222606565435117e-03 
49.800000 -4.7925874672711255e-03 
50.000000 -4.6665256963252799e-03 
50.200000 -4.5439881971634927e-03 
50.400000 -4.4248893906400077e-03 
50.600000 -4.3091452699716287e-03 
50.800000 -4.1966734024784236e-03 
51.000000 -4.0873929282423394e-03 
51.200000 -3.9812245560638948e-03 
51.400000 -3.8780905570239416e-03 
51.600000 -3.7779147557836790e-03 
51.800000 -3.6806225199815107e-03 
52.000000 -3.5861407478698648e-03 
52.200000 -3.4943978543821030e-03 
52.400000 -3.4053237558919064e-03 
52.600000 -3.3188498536814298e-03 
52.800000 -3.2349090164919547e-03 
53.000000 -3.1534355620381621e-03 
53.200000 -3.0743652378193848e-03 
53.400000 -2.9976352012762858e-03 
53.600000 -2.9231839993195952e-03 
53.800000 -2.8509515474941655e-03 
54.000000 -2.7808791086843948e-03 
54.200000 -2.7129092715899028e-03 
54.400000 -2.6469859289350445e-03 
54.600000 -2.5830542555673602e-03 
54.800000 -2.5210606864097818e-03 
55.000000 -2.4609528943936726e-03 
55.200000 -2.4026797684116585e-03 
55.400000 -2.3461913912333904e-03 
55.600000 -2.2914390176396043e-03 
55.800000 -2.2383750524870016e-03 
56.000000 -2.1869530290940520e-03 
56.200000 -2.1371275876622686e-03 
56.400000 -2.0888544539463955e-03 
56.600000 -2.0420904181419758e-03 
56.800000 -1.9967933138898553e-03 
57.000000 -1.9529219977584972e-03 
57.200000 -1.9104363286571030e-03 
57.400000 -1.8692971477587139e-03 
57.600000 -1.8294662586104682e-03 
57.800000 -1.7909064074717873e-03 
58.000000 -1.7535812640163406e-03 
58.200000 -1.7174554022347660e-03 
58.400000 -1.6824942817157129e-03 
58.600000 -1.6486642291323600e-03 
58.800000 -1.6159324200452213e-03 
59.000000 -1.5842668610542218e-03 
59.200000 -1.5536363721375124e-03 
59.400000 -1.5240105693621678e-03 
59.600000 -1.4953598478476895e-03 
59.800000 -1.4676553650002991e-03 
60.000000 -1.4408690241080185e-03 
60.200000 -1.4149734580800530e-03 
60.400000 -1.3899420135778731e-03 
60.600000 -1.3657487354591588e-03 
60.800000 -1.3423683512696419e-03 
61.000000 -1.3197762563088092e-03 
61.200000 -1.2979484987124187e-03 
61.400000 -1.2768617649434183e-03 
61.600000 -1.2564933654434299e-03 
61.800000 -1.2368212206389645e-03 
62.000000 -1.2178238471094033e-03 
62.200000 -1.1994803440580418e-03 
62.400000 -1.1817703799899895e-03 
62.600000 -1.1646741796792273e-03 
62.800000 -1.1481725113142577e-03 
63.000000 -1.1322466739433629e-03 
63.200000 -1.1168784850521182e-03 
63.400000 -1.1020502685122543e-03 
63.600000 -1.0877448425986869e-03 
63.800000 -1.0739455083520963e-03 
64.000000 -1.0606360380868221e-03 
64.200000 -1.0478006641330764e-03 
64.400000 -1.0354240678006055e-03 
64.600000 -1.0234913685520375e-03 
64.800000 -1.0119881133433817e-03 
65.000000 -1.0009002662446434e-03 
65.200000 -9.9021419818545037e-04 
65.400000 -9.7991667688739070e-04 
65.600000 -9.6999485711986994e-04 
65.800000 -9.6043627097347484e-04 
66.000000 -9.5122881847004015e-04 
66.200000 -9.4236075824617044e-04 
66.400000 -9.3382069851813410e-04 
66.600000 -9.2559758813130083e-04 
66.800000 -9.1768070789623180e-04 
67.000000 -9.1005966200505273e-04 
67.200000 -9.0272436966722797e-04 
67.400000 -8.9566505692989518e-04 
67.600000 -8.8887224863092029e-04 
67.800000 -8.8233676054499249e-04 
68.000000 -8.7604969170760466e-04 
68.200000 -8.7000241684719731e-04 
68.400000 -8.6418657904495377e-04 
68.600000 -8.5859408249369662e-04 
68.800000 -8.5321708547421438e-04 
69.000000 -8.4804799340257309e-04 
69.200000 -8.4307945213291796e-04 
69.400000 -8.3830434129446990e-04 
69.600000 -8.3371576788161816e-04 
69.800000 -8.2930705991011294e-04 
70.000000 -8.2507176026259260e-04 
70.200000 -8.2100362066474947e-04 
70.400000 -8.1709659575279758e-04 
70.600000 -8.1334483739171903e-04 
70.800000 -8.0974268895576962e-04 
71.000000 -8.0628467991614161e-04 
71.200000 -8.0296552044209490e-04 
71.400000 -7.9978009618997953e-04 
71.600000 -7.9672346314514642e-04 
71.800000 -7.9379084269556865e-04 
72.000000 -7.9097761675162720e-04 
72.200000 -7.8827932294492364e-04 
72.400000 -7.8569165007361108e-04 
72.600000 -7.8321043354406816e-04 
72.800000 -7.8083165097905111e-04 
73.000000 -7.7855141792192856e-04 
73.200000 -7.7636598366326304e-04 
73.400000 -7.7427172712536685e-04 
73.600000 -7.7226515296701520e-04 
73.800000 -7.7034288764725456e-04 
74.000000 -7.6850167566392541e-04 
74.200000 -7.6673837590782168e-04 
74.400000 -7.6504995808172188e-04 
74.600000 -7.6343349920083431e-04 
74.800000 -7.6188618023938920e-04 
75.000000 -7.6040528278948499e-04 
75.200000 -7.5898818589841682e-04 
75.400000 -7.5763236295335601e-04 
75.600000 -7.5633537859393779e-04 
75.800000 -7.5509488581659845e-04 
76.000000 -7.5390862308033491e-04 
76.200000 -7.5277441152579033e-04 
76.400000 -7.5169015227478930e-04 
76.600000 -7.5065382376297840e-04 
76.800000 -7.4966347923110382e-04 
77.000000 -7.4871724420143976e-04 
77.200000 -7.4781331407950541e-04 
77.400000 -7.4694995180994012e-04 
77.600000 -7.4612548559255254e-04 
77.800000 -7.4533830669502171e-04 
78.000000 -7.4458686728175183e-04 
78.200000 -7.4386967835600448e-04 
78.400000 -7.4318530771502050e-04 
78.600000 -7.4253237804013106e-04 
78.800000 -7.4190956495402000e-04 
79.000000 -7.4131559518211126e-04 
79.200000 -7.4074924480001941e-04 
79.400000 -7.4020933746611617e-04 
79.600000 -7.3969474278294534e-04 
79.800000 -7.3920437464251171e-04 
80.000000 -7.3873718965122154e-04 
80.200000 -7.3829218564048366e-04 
80.400000 -7.3786840014545413e-04 
80.600000 -7.3746490900503808e-04 
80.800000 -7.3708082496839328e-04 
81.000000 -7.3671529635249700e-04 
81.200000 -7.3636750575935273e-04 
81.400000 -7.3603666880157903e-04 
81.600000 -7.3572203289416077e-04 
81.800000 -7.3542287609752732e-04 
82.000000 -7.3513850595017388e-04 
82.200000 -7.3486825842095788e-04 
82.400000 -7.3461149677559595e-04 
82.600000 -7.3436761062327383e-04 
82.800000 -7.3413601487879593e-04 
83.000000 -7.3391614880993772e-04 
83.200000 -7.3370747514939910e-04 
83.400000 -7.3350947912990266e-04 
83.600000 -7.3332166770923024e-04 
83.800000 -7.3314356865662733e-04 
84.000000 -7.3297472977102568e-04 
84.200000 -7.3281471815696969e-04 
84.400000 -7.3266311939863826e-04 
84.600000 -7.3251953687687027e-04 
84.800000 -7.3238359105422951e-04 
85.000000 -7.3225491882854266e-04 
85.200000 -7.3213317285687751e-04 
85.400000 -7.3201802092145996e-04 
85.600000 -7.3190914536527818e-04 
85.800000 -7.3180624246478587e-04 
86.000000 -7.3170902191925513e-04 
86.200000 -7.3161720625058296e-04 
86.400000 -7.3153053033093995e-04 
86.600000 -7.3144874086406020e-04 
86.800000 -7.3137159590150325e-04 
87.000000 -7.3129886435483599e-04 
87.200000 -7.3123032559743728e-04 
87.400000 -7.3116576899581731e-04 
87.600000 -7.3110499350268615e-04 
87.800000 -7.3104780727326069e-04 
88.000000 -7.3099402724313006e-04 
88.200000 -7.3094347880041377e-04 
88.400000 -7.3089599541010380e-04 
88.600000 -7.3085141826986777e-04 
88.800000 -7.3080959598296330e-04 
89.000000 -7.3077038427224461e-04 
89.200000 -7.3073364561801468e-04 
89.400000 -7.3069924898942762e-04 
89.600000 -7.3066706961188999e-04 
89.800000 -7.3063698863937154e-04 
90.000000 -7.3060889290145481e-04 
90.200000 -7.3058267469695154e-04 
90.400000 -7.3055823149649479e-04 
90.600000 -7.3053546575392592e-04 
90.800000 -7.3051428469007862e-04 
91.000000 -7.3049460005296385e-04 
91.200000 -7.3047632792294648e-04 
91.400000 -7.3045938854387343e-04 
91.600000 -7.3044370613007531e-04 
91.800000 -7.3042920862852190e-04 
92.000000 -7.3041582764777485e-04 
92.200000 -7.3040349822061507e-04 
92.400000 -7.3039215865741691e-04 
92.600000 -7.3038175041648806e-04 
92.800000 -7.3037221796221768e-04 
93.000000 -7.3036350859046612e-04 
93.200000 -7.3035557233461224e-04 
93.400000 -7.3034836181663787e-04 
93.600000 -7.3034183213705611e-04 
93.800000 -7.3033594076449965e-04 
94.000000 -7.3033064738716597e-04 
94.200000 -7.3032591385115142e-04 
94.400000 -7.3032170404192104e-04 
94.600000 -7.3031798378558194e-04 
94.800000 -7.3031472073731285e-04 
95.000000 -7.3031188433201472e-04 
95.200000 -7.3030944567461370e-04 
95.400000 -7.3030737746680036e-04 
95.600000 -7.3030565389933799e-04 
95.800000 -7.3030425062378668e-04 
96.000000 -7.3030314465355461e-04 
96.200000 -7.3030231431685244e-04 
96.400000 -7.3030173914569868e-04 
96.600000 -7.3030139988072840e-04 
96.800000 -7.3030127835593123e-04 
97.000000 -7.3030135748198416e-04 
97.200000 -7.3030162114760822e-04 
97.400000 -7.3030205422191380e-04 
97.600000 -7.3030264246714410e-04 
97.800000 -7.3030337249987282e-04 
98.000000 -7.3030423175610842e-04 
98.200000 -7.3030520844184765e-04 
98.400000 -7.3030629149802018e-04 
98.600000 -7.3030747054416562e-04 
98.800000 -7.3030873587513062e-04 
99.000000 -7.3031007838710721e-04 
99.200000 -7.3031148957686254e-04 
99.400000 -7.3031296149006497e-04 
99.600000 -7.3031448671217331e-04 
99.800000 -7.3031605829626534e-04 
100.000000 -7.3031766978714358e-04 
100.200000 -7.3031931519142168e-04 
100.400000 -7.3032098888320407e-04 
100.600000 -7.3032268567027603e-04 
100.800000 -7.3032440073408228e-04 
101.000000 -7.3032612958363191e-04 
101.200000 -7.3032786809803379e-04 
101.400000 -7.3032961242733285e-04 
101.600000 -7.3033135904080476e-04 
101.800000 -7.3033310468639118e-04 
102.000000 -7.3033484636619850e-04 
102.200000 -7.3033658131373830e-04 
102.400000 -7.3033830702898261e-04 
102.600000 -7.3034002119074654e-04 
102.800000 -7.3034172171161649e-04 
103.000000 -7.3034340668404196e-04 
103.200000 -7.3034507436338381e-04 
103.400000 -7.3034672321845712e-04 
103.600000 -7.3034835181540886e-04 
103.800000 -7.3034995891614607e-04 
104.000000 -7.3035154339251562e-04 
104.200000 -7.3035310426648042e-04 
104.400000 -7.3035464065787647e-04 
104.600000 -7.3035615182438784e-04 
104.800000 -7.3035763709577983e-04 
105.000000 -7.3035909593256038e-04 
105.200000 -7.3036052787137096e-04 
105.400000 -7.3036193252198900e-04 
105.600000 -7.3036330959004581e-04 
105.800000 -7.3036465884553786e-04 
106.000000 -7.3036598012993226e-04 
106.200000 -7.3036727334214319e-04 
106.400000 -7.3036853843083671e-04 
106.600000 -7.3036977542774439e-04 
106.800000 -7.3037098436638803e-04 
107.000000 -7.3037216537710087e-04 
107.200000 -7.3037331858463728e-04 
107.400000 -7.3037444417482084e-04 
107.600000 -7.3037554237792568e-04 
107.800000 -7.3037661341273513e-04 
108.000000 -7.3037765758410256e-04 
108.200000 -7.3037867517491278e-04 
108.400000 -7.3037966650965624e-04 
108.600000 -7.3038063194035691e-04 
108.800000 -7.3038157181911506e-04 
109.000000 -7.3038248652685517e-04 
109.200000 -7.3038337645685292e-04 
109.400000 -7.3038424200955882e-04 
109.600000 -7.3038508361156912e-04 
109.800000 -7.3038590166801115e-04 
110.000000 -7.3038669662948280e-04 
110.200000 -7.3038746892457179e-04 
110.400000 -7.3038821899203826e-04 
110.600000 -7.3038894728538056e-04 
110.800000 -7.3038965424172125e-04 
111.000000 -7.3039034032908179e-04 
111.200000 -7.3039100598551454e-04 
111.400000 -7.3039165166828568e-04 
111.600000 -7.3039227782976945e-04 
111.800000 -7.3039288491894006e-04 
112.000000 -7.3039347338246796e-04 
112.200000 -7.3039404364980826e-04 
112.400000 -7.3039459618619296e-04 
112.600000 -7.3039513140765733e-04 
112.800000 -7.3039564975834609e-04 
113.000000 -7.3039615166001215e-04 
113.200000 -7.3039663754171508e-04 
113.400000 -7.3039710781529904e-04 
113.600000 -7.3039756288762608e-04 
113.800000 -7.3039800317153958e-04 
114.000000 -7.3039842906453406e-04 
114.200000 -7.3039884095811580e-04 
114.400000 -7.3039923923877426e-04 
114.600000 -7.3039962428021743e-04 
114.800000 -7.3039999645635456e-04 
115.000000 -7.3040035614400922e-04 
115.200000 -7.3040070368930732e-04 
115.400000 -7.3040103943762535e-04 
115.600000 -7.3040136374830089e-04 
115.800000 -7.3040167694691377e-04 
116.000000 -7.3040197937024320e-04 
116.200000 -7.3040227133909508e-04 
116.400000 -7.3040255315417330e-04 
116.600000 -7.3040282514700433e-04 
116.800000 -7.3040308759352718e-04 
117.000000 -7.3040334080734515e-04 
117.200000 -7.3040358506065717e-04 
117.400000 -7.3040382063929016e-04 
117.600000 -7.3040404782155621e-04 
117.800000 -7.3040426685899718e-04 
118.000000 -7.3040447801765024e-04 
118.200000 -7.3040468154761395e-04 
118.400000 -7.3040487770289347e-04 
118.600000 -7.3040506671826627e-04 
118.800000 -7.3040524881553409e-04 
119.000000 -7.3040542423184751e-04 
119.200000 -7.3040559317658765e-04 
119.400000 -7.3040575588145112e-04 
119.600000 -7.3040591254167758e-04 
119.800000 -7.3040606335439406e-04 
120.000000 -7.3040620852739963e-04 
120.200000 -7.3040634824535211e-04 
120.400000 -7.3040648269852293e-04 
120.600000 -7.3040661206372204e-04 
120.800000 -7.3040673651397076e-04 
121.000000 -7.3040685621401924e-04 
121.200000 -7.3040697133020666e-04 
121.400000 -7.3040708204432508e-04 
121.600000 -7.3040718848071257e-04 
121.800000 -7.3040729078870797e-04 
122.000000 -7.3040738912694830e-04 
122.200000 -7.3040748364455038e-04 
122.400000 -7.3040757445869131e-04 
122.600000 -7.3040766171026533e-04 
122.800000 -7.3040774552476234e-04 
123.000000 -7.3040782602899063e-04 
123.200000 -7.3040790333486066e-04 
123.400000 -7.3040797757179671e-04 
123.600000 -7.3040804883136440e-04 
123.800000 -7.3040811724413290e-04 
124.000000 -7.3040818289794168e-04 
124.200000 -7.3040824590834413e-04 
124.400000 -7.3040830636190296e-04 
124.600000 -7.3040836435838558e-04 
124.800000 -7.3040841998776862e-04 
125.000000 -7.3040847334382430e-04 
125.200000 -7.3040852449798854e-04 
125.400000 -7.3040857355127775e-04 
125.600000 -7.3040862057448253e-04 
125.800000 -7.3040866563985757e-04 
126.000000 -7.3040870883052389e-04 
126.200000 -7.3040875021385121e-04 
126.400000 -7.3040878986755514e-04 
126.600000 -7.3040882784748684e-04 
126.800000 -7.3040886422605367e-04 
127.000000 -7.3040889904901762e-04 
127.200000 -7.3040893239820215e-04 
127.400000 -7.3040896432554486e-04 
127.600000 -7.3040899487537142e-04 
127.800000 -7.3040902411143638e-04 
128.000000 -7.3040905209358770e-04 
128.200000 -7.3040907885364714e-04 
128.400000 -7.3040910445693746e-04 
128.600000 -7.3040912893549553e-04 
128.800000 -7.3040915235024484e-04 
129.000000 -7.3040917472313310e-04 
129.200000 -7.3040919610876942e-04 
129.400000 -7.3040921655206925e-04 
129.600000 -7.3040923608553437e-04 
129.800000 -7.3040925474736340e-04 
130.000000 -7.3040927257202876e-04 
130.200000 -7.3040928959075546e-04 
130.400000 -7.3040930584324787e-04 
130.600000 -7.3040932136591435e-04 
130.800000 -7.3040933616823345e-04 
131.000000 -7.3040935029113074e-04 
131.200000 -7.3040936377862659e-04 
131.400000 -7.3040937663920030e-04 
131.600000 -7.3040938890035073e-04 
131.800000 -7.3040940059117265e-04 
132.000000 -7.3040941174255802e-04 
132.200000 -7.3040942236706624e-04 
132.400000 -7.3040943249750440e-04 
132.600000 -7.3040944213941666e-04 
132.800000 -7.3040945133050900e-04 
133.000000 -7.3040946007576352e-04 
133.200000 -7.3040946841312210e-04 
133.400000 -7.3040947633544462e-04 
133.600000 -7.3040948388219257e-04 
133.800000 -7.3040949106045056e-04 
134.000000 -7.3040949789402593e-04 
134.200000 -7.3040950438282848e-04 
134.400000 -7.3040951056098369e-04 
134.600000 -7.3040951642889401e-04 
134.800000 -7.3040952200097153e-04 
135.000000 -7.3040952730366038e-04 
135.200000 -7.3040953233681483e-04 
135.400000 -7.3040953710599987e-04 
135.600000 -7.3040954163804128e-04 
135.800000 -7.3040954594540825e-04 
136.000000 -7.3040955002557501e-04 
136.200000 -7.3040955389441775e-04 
136.400000 -7.3040955756877718e-04 
136.600000 -7.3040956105027005e-04 
136.800000 -7.3040956434101273e-04 
137.000000 -7.3040956746298763e-04 
137.200000 -7.3040957041925481e-04 
137.400000 -7.3040957322188099e-04 
137.600000 -7.3040957587224009e-04 
137.800000 -7.3040957836668224e-04 
138.000000 -7.3040958073729984e-04 
138.200000 -7.3040958297071468e-04 
138.400000 -7.3040958509905385e-04 
138.600000 -7.3040958709401360e-04 
138.800000 -7.3040958897389874e-04 
139.000000 -7.3040959075767325e-04 
139.200000 -7.3040959243713538e-04 
139.400000 -7.3040959401858563e-04 
139.600000 -7.3040959551148865e-04 
139.800000 -7.3040959691352686e-04 
140.000000 -7.3040959823651719e-04 
140.200000 -7.3040959948519890e-04 
140.400000 -7.3040960065708788e-04 
140.600000 -7.3040960176083691e-04 
140.800000 -7.3040960279818767e-04 
141.000000 -7.3040960376972303e-04 
141.200000 -7.3040960468302718e-04 
141.400000 -7.3040960552981510e-04 
141.600000 -7.3040960633534435e-04 
141.800000 -7.3040960709210706e-04 
142.000000 -7.3040960779030550e-04 
142.200000 -7.3040960844461544e-04 
142.400000 -7.3040960906766567e-04 
142.600000 -7.3040960964083912e-04 
142.800000 -7.3040961018122630e-04 
143.000000 -7.3040961068351201e-04 
143.200000 -7.3040961114544112e-04 
143.400000 -7.3040961158234857e-04 
143.600000 -7.3040961198442278e-04 
143.800000 -7.3040961236688767e-04 
144.000000 -7.3040961271953614e-04 
144.200000 -7.3040961303998120e-04 
144.400000 -7.3040961334151777e-04 
144.600000 -7.3040961361656859e-04 
144.800000 -7.3040961387682568e-04 
145.000000 -7.3040961411651589e-04 
145.200000 -7.3040961433389756e-04 
145.400000 -7.3040961453438302e-04 
145.600000 -7.3040961471910332e-04 
145.800000 -7.3040961489027195e-04 
146.000000 -7.3040961505398128e-04 
146.200000 -7.3040961519241221e-04 
146.400000 -7.3040961532565285e-04 
146.600000 -7.3040961544769412e-04 
146.800000 -7.3040961555813355e-04 
147.000000 -7.3040961565060819e-04 
147.200000 -7.3040961574272895e-04 
147.400000 -7.3040961583002717e-04 
147.600000 -7.3040961590033204e-04 
147.800000 -7.3040961596471804e-04 
148.000000 -7.3040961602453131e-04 
148.200000 -7.3040961607467175e-04 
148.400000 -7.3040961612127336e-04 
148.600000 -7.3040961616600147e-04 
148.800000 -7.3040961620023104e-04 
149.000000 -7.3040961622992256e-04 
149.200000 -7.3040961625740058e-04 
149.400000 -7.3040961629307344e-04 
149.600000 -7.3040961631840040e-04 
149.800000 -7.3040961635137402e-04 
