0.000000 1.4248602003636979e-01 
0.200000 1.4245506795198404e-01 
0.400000 1.4243093199331502e-01 
0.600000 1.4241300281366476e-01 
0.800000 1.4240068753226509e-01 
1.000000 1.4239337662175811e-01 
1.200000 1.4239042649401934e-01 
1.400000 1.4239113188307140e-01 
1.600000 1.4239470649532604e-01 
1.800000 1.4239947638998940e-01 
2.000000 1.4240352324643590e-01 
2.200000 1.4240248498691022e-01 
2.400000 1.4239627109243569e-01 
2.600000 1.4238532962486805e-01 
2.800000 1.4237044612705319e-01 
3.000000 1.4235258159534803e-01 
3.200000 1.4233273632031207e-01 
3.400000 1.4231166020719943e-01 
3.600000 1.4228021800799218e-01 
3.800000 1.4224986640909221e-01 
4.000000 1.4222072049648904e-01 
4.200000 1.4219264033818235e-01 
4.400000 1.4216510602193921e-01 
4.600000 1.4213743320592909e-01 
4.800000 1.4210885502509418e-01 
5.000000 1.4207856866981239e-01 
5.200000 1.4204576841583716e-01 
5.400000 1.4200987546644983e-01 
5.600000 1.4197067170421651e-01 
5.800000 1.4192812733628335e-01 
6.000000 1.4188231393852013e-01 
6.200000 1.4183335888344317e-01 
6.400000 1.4178140585296317e-01 
6.600000 1.4172657997250127e-01 
6.800000 1.4166898163983865e-01 
7.000000 1.4160860211809612e-01 
7.200000 1.4154530661399589e-01 
7.400000 1.4147890389257745e-01 
7.600000 1.4140917974530209e-01 
7.800000 1.4133590959414499e-01 
8.000000 1.4125887075558596e-01 
8.200000 1.4117784990559668e-01 
8.400000 1.4109264649309017e-01 
8.600000 1.4100307563545444e-01 
8.800000 1.4090896404838904e-01 
9.000000 1.4081013845313584e-01 
9.200000 1.4070641520931848e-01 
9.400000 1.4059759272120687e-01 
9.600000 1.4048344639323040e-01 
9.800000 1.4036372221388327e-01 
10.000000 1.4023812918296430e-01 
10.200000 1.4010635115590475e-01 
10.400000 1.3996805070056995e-01 
10.600000 1.3982287367017143e-01 
10.800000 1.3967043829207504e-01 
11.000000 1.3951033332652163e-01 
11.200000 1.3934211848096556e-01 
11.400000 1.3916532358930533e-01 
11.600000 1.3897944675295926e-01 
11.800000 1.3878395196769944e-01 
12.000000 1.3857826647874849e-01 
12.200000 1.3836177783590098e-01 
12.400000 1.3813383059544571e-01 
12.600000 1.3789372273155132e-01 
12.800000 1.3764070207254386e-01 
13.000000 1.3737396282205017e-01 
13.200000 1.3709264213154038e-01 
13.400000 1.3679581647909944e-01 
13.600000 1.3648249776466326e-01 
13.800000 1.3615162930092584e-01 
14.000000 1.3580208153857976e-01 
14.200000 1.3543264745115335e-01 
14.400000 1.3504203756226529e-01 
14.600000 1.3462887458150596e-01 
14.800000 1.3419168770522427e-01 
15.000000 1.3372890667919535e-01 
15.200000 1.3323885573239158e-01 
15.400000 1.3271974749042936e-01 
15.600000 1.3216967700936333e-01 
15.800000 1.3158661608998723e-01 
16.000000 1.3096840807501797e-01 
16.200000 1.3031276334717656e-01 
16.400000 1.2961725576026517e-01 
16.600000 1.2887932025762305e-01 
16.800000 1.2809625196475249e-01 
17.000000 1.2726520706303857e-01 
17.200000 1.2638320575473361e-01 
17.400000 1.2544713764401982e-01 
17.600000 1.2445376985010492e-01 
17.800000 1.2339975815442195e-01 
18.000000 1.2228166146039054e-01 
18.200000 1.2109595981304111e-01 
18.400000 1.1983907619021750e-01 
18.600000 1.1850740223584721e-01 
18.800000 1.1709732806501727e-01 
19.000000 1.1560527622990691e-01 
19.200000 1.1402773989380344e-01 
19.400000 1.1236132521426345e-01 
19.600000 1.1060279788118665e-01 
19.800000 1.0874913368531081e-01 
20.000000 1.0679757289919367e-01 
20.200000 1.0474567813179525e-01 
20.400000 1.0259139516235039e-01 
20.600000 1.0033311607045214e-01 
20.800000 9.7969743761241457e-02 
21.000000 9.5500756744701931e-02 
21.200000 9.2926272782453800e-02 
21.400000 9.0247109780244639e-02 
21.600000 8.7464842102355167e-02 
21.800000 8.4581850335864073e-02 
22.000000 8.1601362459222115e-02 
22.200000 7.8527484385990332e-02 
22.400000 7.5365217973155652e-02 
22.600000 7.2120464807236107e-02 
22.800000 6.8800014408085808e-02 
23.000000 6.5411515908859630e-02 
23.200000 6.1963432764464810e-02 
23.400000 5.8464980587296100e-02 
23.600000 5.4926048781681502e-02 
23.800000 5.1357107218816034e-02 
24.000000 4.7769099731976739e-02 
24.200000 4.4173326690391312e-02 
24.400000 4.0581319303563346e-02 
24.600000 3.7004708595942071e-02 
24.800000 3.3455092160520339e-02 
25.000000 2.9943901841727905e-02 
25.200000 2.6482275413728606e-02 
25.400000 2.3080935117720358e-02 
25.600000 1.9750075616275176e-02 
25.800000 1.6499263534706987e-02 
26.000000 1.3337350312989882e-02 
26.200000 1.0272399613086014e-02 
26.400000 7.3116300402996659e-03 
26.600000 4.4613734670603256e-03 
26.800000 1.7270488116130078e-03 
27.000000 -8.8684926318138846e-04 
27.200000 -3.3767475949597614e-03 
27.400000 -5.7399788417842323e-03 
27.600000 -7.9747542115214953e-03 
27.800000 -1.0080126077962936e-02 
28.000000 -1.2055942046950818e-02 
28.200000 -1.3902792070621839e-02 
28.400000 -1.5621950196919809e-02 
28.600000 -1.7215312491537182e-02 
28.800000 -1.8685332585906433e-02 
29.000000 -2.0034956194322384e-02 
29.200000 -2.1267555811224859e-02 
29.400000 -2.2386866652746917e-02 
29.600000 -2.3396924750001658e-02 
29.800000 -2.4302007942005210e-02 
30.000000 -2.5106580357818209e-02 
30.200000 -2.5815240826299046e-02 
30.400000 -2.6432675510877246e-02 
30.600000 -2.6963614939396141e-02 
30.800000 -2.7412795487510966e-02 
31.000000 -2.7784925278664163e-02 
31.200000 -2.8084654385265750e-02 
31.400000 -2.8316549153384107e-02 
31.600000 -2.8485070425582792e-02 
31.800000 -2.8594555403079425e-02 
32.000000 -2.8649202866010248e-02 
32.200000 -2.8653061459213425e-02 
32.400000 -2.8610020747443676e-02 
32.600000 -2.8523804747840553e-02 
32.800000 -2.8397967656655754e-02 
33.000000 -2.8235891500602905e-02 
33.200000 -2.8040785459522988e-02 
33.400000 -2.7815686625840497e-02 
33.600000 -2.7563461984915549e-02 
33.800000 -2.7286811420989099e-02 
34.000000 -2.6988271572142508e-02 
34.200000 -2.6670220376868281e-02 
34.400000 -2.6334882172355301e-02 
34.600000 -2.5984333220901545e-02 
34.800000 -2.5620507556188055e-02 
35.000000 -2.5245203054811982e-02 
35.200000 -2.4860087650853513e-02 
35.400000 -2.4466705622563811e-02 
35.600000 -2.4066483890381352e-02 
35.800000 -2.3660738274441706e-02 
36.000000 -2.3250679667845497e-02 
36.200000 -2.2837420089336757e-02 
36.400000 -2.2421978585265567e-02 
36.600000 -2.2005286956530923e-02 
36.800000 -2.1588195291466161e-02 
37.000000 -2.1171477289717577e-02 
37.200000 -2.0755835366473352e-02 
37.400000 -2.0341905529573046e-02 
37.600000 -1.9930262025297851e-02 
37.800000 -1.9521421750979318e-02 
38.000000 -1.9115848434971328e-02 
38.200000 -1.8713956586319636e-02 
38.400000 -1.8316115218239226e-02 
38.600000 -1.7922651350583074e-02 
38.800000 -1.7533853297741930e-02 
39.000000 -1.7149973749246372e-02 
39.200000 -1.6771232650860168e-02 
39.400000 -1.6397819894602039e-02 
39.600000 -1.6029897826302764e-02 
39.800000 -1.5667603579486822e-02 
40.000000 -1.5311051244558338e-02 
40.200000 -1.4960333882097804e-02 
40.400000 -1.4615525388977618e-02 
40.600000 -1.4276682225974335e-02 
40.800000 -1.3943845015091688e-02 
41.000000 -1.3617040014822862e-02 
41.200000 -1.3296280481017081e-02 
41.400000 -1.2981567920871795e-02 
41.600000 -1.2672893247314132e-02 
41.800000 -1.2370237840318016e-02 
42.000000 -1.2073574521951208e-02 
42.200000 -1.1782868450983058e-02 
42.400000 -1.1498077943030510e-02 
42.600000 -1.1219155221653287e-02 
42.800000 -1.0946047105476531e-02 
43.000000 -1.0678695636208074e-02 
43.200000 -1.0417038652093646e-02 
43.400000 -1.0161010310956287e-02 
43.600000 -9.9105415668299113e-03 
43.800000 -9.6655606038600905e-03 
44.000000 -9.4259932308642658e-03 
44.200000 -9.1917632397998106e-03 
44.400000 -8.9627927310449440e-03 
44.600000 -8.7390024083087159e-03 
44.800000 -8.5203118455906557e-03 
45.000000 -8.3066397286734317e-03 
45.200000 -8.0979040733447916e-03 
45.400000 -7.8940224220920840e-03 
45.600000 -7.6949120215271116e-03 
45.800000 -7.5004899818762738e-03 
46.000000 -7.3106734203332302e-03 
46.200000 -7.1253795896523697e-03 
46.400000 -6.9445259932155723e-03 
46.600000 -6.7680304879549069e-03 
46.800000 -6.5958113761482307e-03 
47.000000 -6.4277874870757867e-03 
47.200000 -6.2638782495226253e-03 
47.400000 -6.1040037560305405e-03 
47.600000 -5.9480848195414548e-03 
47.800000 -5.7960430232877891e-03 
48.000000 -5.6478007644253508e-03 
48.200000 -5.5032812922481827e-03 
48.400000 -5.3624087411537069e-03 
48.600000 -5.2251081592208648e-03 
48.800000 -5.0913055326541057e-03 
49.000000 -4.9609278064230017e-03 
49.200000 -4.8339029016882251e-03 
49.400000 -4.7101597302136172e-03 
49.600000 -4.5896282059710997e-03 
49.800000 -4.4722392544501305e-03 
50.000000 -4.3579248197129355e-03 
50.200000 -4.2466178694935963e-03 
50.400000 -4.1382523985767639e-03 
50.600000 -4.0327634305465793e-03 
50.800000 -3.9300870181832731e-03 
51.000000 -3.8301602425485637e-03 
51.200000 -3.7329212109745574e-03 
51.400000 -3.6383090540091367e-03 
51.600000 -3.5462639214736830e-03 
51.800000 -3.4567269777267123e-03 
52.000000 -3.3696403961873261e-03 
52.200000 -3.2849473532047813e-03 
52.400000 -3.2025920213819004e-03 
52.600000 -3.1225195623681701e-03 
52.800000 -3.0446761192325367e-03 
53.000000 -2.9690088083366706e-03 
53.200000 -2.8954657109949988e-03 
53.400000 -2.8239958646682911e-03 
53.600000 -2.7545492539655797e-03 
53.800000 -2.6870768013851909e-03 
54.000000 -2.6215303577801496e-03 
54.200000 -2.5578626926671122e-03 
54.400000 -2.4960274843865704e-03 
54.600000 -2.4359793100277027e-03 
54.800000 -2.3776736352974503e-03 
55.000000 -2.3210668042478039e-03 
55.200000 -2.2661160288661442e-03 
55.400000 -2.2127793786080735e-03 
55.600000 -2.1610157698545990e-03 
55.800000 -2.1107849553202163e-03 
56.000000 -2.0620475133006633e-03 
56.200000 -2.0147648370320292e-03 
56.400000 -1.9688991238847875e-03 
56.600000 -1.9244133645772987e-03 
56.800000 -1.8812713323749231e-03 
57.000000 -1.8394375722018130e-03 
57.200000 -1.7988773898563876e-03 
57.400000 -1.7595568411352402e-03 
57.600000 -1.7214427209376326e-03 
57.800000 -1.6845025524800383e-03 
58.000000 -1.6487045764037173e-03 
58.200000 -1.6140177399666389e-03 
58.400000 -1.5804116862411371e-03 
58.600000 -1.5478567433071660e-03 
58.800000 -1.5163239134820955e-03 
59.000000 -1.4857848626519538e-03 
59.200000 -1.4562119094775755e-03 
59.400000 -1.4275780148327449e-03 
59.600000 -1.3998567711245025e-03 
59.800000 -1.3730223917544360e-03 
60.000000 -1.3470497005743098e-03 
60.200000 -1.3219141214404970e-03 
60.400000 -1.2975916677769872e-03 
60.600000 -1.2740589322367338e-03 
60.800000 -1.2512930764129598e-03 
61.000000 -1.2292718206032074e-03 
61.200000 -1.2079734336506651e-03 
61.400000 -1.1873767228617466e-03 
61.600000 -1.1674610240004629e-03 
61.800000 -1.1482061913353006e-03 
62.000000 -1.1295925878206936e-03 
62.200000 -1.1116010752757199e-03 
62.400000 -1.0942130047385881e-03 
62.600000 -1.0774102068592112e-03 
62.800000 -1.0611749823688996e-03 
63.000000 -1.0454900927090657e-03 
63.200000 -1.0303387506832087e-03 
63.400000 -1.0157046112191370e-03 
63.600000 -1.0015717622724324e-03 
63.800000 -9.8792471580464586e-04 
64.000000 -9.7474839883320008e-04 
64.200000 -9.6202814466588016e-04 
64.400000 -9.4974968413030769e-04 
64.600000 -9.3789913702728434e-04 
64.800000 -9.2646300361373668e-04 
65.000000 -9.1542815621994955e-04 
65.200000 -9.0478183099258758e-04 
65.400000 -8.9451161972566723e-04 
65.600000 -8.8460546182026617e-04 
65.800000 -8.7505163635155647e-04 
66.000000 -8.6583875426578943e-04 
66.200000 -8.5695575070580954e-04 
66.400000 -8.4839187735514382e-04 
66.600000 -8.4013669504787863e-04 
66.800000 -8.3218006642624825e-04 
67.000000 -8.2451214864284750e-04 
67.200000 -8.1712338632970727e-04 
67.400000 -8.1000450454596362e-04 
67.600000 -8.0314650195155435e-04 
67.800000 -7.9654064401094710e-04 
68.000000 -7.9017845640501350e-04 
68.200000 -7.8405171845564309e-04 
68.400000 -7.7815245677925055e-04 
68.600000 -7.7247293894733282e-04 
68.800000 -7.6700566735565801e-04 
69.000000 -7.6174337318271612e-04 
69.200000 -7.5667901039536828e-04 
69.400000 -7.5180574998923860e-04 
69.600000 -7.4711697426533413e-04 
69.800000 -7.4260627117013478e-04 
70.000000 -7.3826742894189668e-04 
70.200000 -7.3409443059477969e-04 
70.400000 -7.3008144878027731e-04 
70.600000 -7.2622284055129382e-04 
70.800000 -7.2251314237835318e-04 
71.000000 -7.1894706517910273e-04 
71.200000 -7.1551948948919697e-04 
71.400000 -7.1222546076273735e-04 
71.600000 -7.0906018474069937e-04 
71.800000 -7.0601902291067553e-04 
72.000000 -7.0309748814343515e-04 
72.200000 -7.0029124032119222e-04 
72.400000 -6.9759608216670571e-04 
72.600000 -6.9500795510218233e-04 
72.800000 -6.9252293521133296e-04 
73.000000 -6.9013722935198224e-04 
73.200000 -6.8784717128560213e-04 
73.400000 -6.8564921796666206e-04 
73.600000 -6.8353994583122968e-04 
73.800000 -6.8151604732168830e-04 
74.000000 -6.7957432733919271e-04 
74.200000 -6.7771169989169766e-04 
74.400000 -6.7592518477672253e-04 
74.600000 -6.7421190435391215e-04 
74.800000 -6.7256908044149855e-04 
75.000000 -6.7099403120457479e-04 
75.200000 -6.6948416823364026e-04 
75.400000 -6.6803699358630730e-04 
75.600000 -6.6665009701409594e-04 
75.800000 -6.6532115315890566e-04 
76.000000 -6.6404791895029180e-04 
76.200000 -6.6282823090319659e-04 
76.400000 -6.6166000268391006e-04 
76.600000 -6.6054122254278341e-04 
76.800000 -6.5946995100951006e-04 
77.000000 -6.5844431851399404e-04 
77.200000 -6.5746252309431541e-04 
77.400000 -6.5652282822718788e-04 
77.600000 -6.5562356071755673e-04 
77.800000 -6.5476310852753683e-04 
78.000000 -6.5393991883913594e-04 
78.200000 -6.5315249603842968e-04 
78.400000 -6.5239939983690459e-04 
78.600000 -6.5167924340582550e-04 
78.800000 -6.5099069156124983e-04 
79.000000 -6.5033245905941200e-04 
79.200000 -6.4970330888246969e-04 
79.400000 -6.4910205057724241e-04 
79.600000 -6.4852753869076157e-04 
79.800000 -6.4797867118925739e-04 
80.000000 -6.4745438799684862e-04 
80.200000 -6.4695366954557049e-04 
80.400000 -6.4647553530275403e-04 
80.600000 -6.4601904246978231e-04 
80.800000 -6.4558328465283421e-04 
81.000000 -6.4516739052631472e-04 
81.200000 -6.4477052266161128e-04 
81.400000 -6.4439187627548383e-04 
81.600000 -6.4403067808540410e-04 
81.800000 -6.4368618517077203e-04 
82.000000 -6.4335768388305153e-04 
82.200000 -6.4304448881741944e-04 
82.400000 -6.4274594173309441e-04 
82.600000 -6.4246141060361750e-04 
82.800000 -6.4219028865969419e-04 
83.000000 -6.4193199345215918e-04 
83.200000 -6.4168596595631788e-04 
83.400000 -6.4145166969514084e-04 
83.600000 -6.4122858994885429e-04 
83.800000 -6.4101623286637321e-04 
84.000000 -6.4081412477867000e-04 
84.200000 -6.4062181134851709e-04 
84.400000 -6.4043885691780766e-04 
84.600000 -6.4026484375995230e-04 
84.800000 -6.4009937140887402e-04 
85.000000 -6.3994205599792603e-04 
85.200000 -6.3979252962099997e-04 
85.400000 -6.3965043976812325e-04 
85.600000 -6.3951544863881382e-04 
85.800000 -6.3938723266267206e-04 
86.000000 -6.3926548190781224e-04 
86.200000 -6.3914989954194645e-04 
86.400000 -6.3904020133160461e-04 
86.600000 -6.3893611517013005e-04 
86.800000 -6.3883738054762440e-04 
87.000000 -6.3874374815039991e-04 
87.200000 -6.3865497937316135e-04 
87.400000 -6.3857084591982527e-04 
87.600000 -6.3849112938141328e-04 
87.800000 -6.3841562083842562e-04 
88.000000 -6.3834412047554523e-04 
88.200000 -6.3827643724293642e-04 
88.400000 -6.3821238844713468e-04 
88.600000 -6.3815179946994510e-04 
88.800000 -6.3809450338747631e-04 
89.000000 -6.3804034070963356e-04 
89.200000 -6.3798915902935766e-04 
89.400000 -6.3794081273657599e-04 
89.600000 -6.3789516276796521e-04 
89.800000 -6.3785207629695612e-04 
90.000000 -6.3781142651905126e-04 
90.200000 -6.3777309232641161e-04 
90.400000 -6.3773695816786435e-04 
90.600000 -6.3770291372744481e-04 
90.800000 -6.3767085376497529e-04 
91.000000 -6.3764067784319312e-04 
91.200000 -6.3761229017904320e-04 
91.400000 -6.3758559942223708e-04 
91.600000 -6.3756051846174805e-04 
91.800000 -6.3753696424182632e-04 
92.000000 -6.3751485759457743e-04 
92.200000 -6.3749412308420489e-04 
92.400000 -6.3747468879726821e-04 
92.600000 -6.3745648627080292e-04 
92.800000 -6.3743945024848092e-04 
93.000000 -6.3742351861520441e-04 
93.200000 -6.3740863221040805e-04 
93.400000 -6.3739473473667374e-04 
93.600000 -6.3738177259436979e-04 
93.800000 -6.3736969479942507e-04 
94.000000 -6.3735845282582998e-04 
94.200000 -6.3734800054641300e-04 
94.400000 -6.3733829404698239e-04 
94.600000 -6.3732929162721441e-04 
94.800000 -6.3732095363508434e-04 
95.000000 -6.3731324236779296e-04 
95.200000 -6.3730612202248654e-04 
95.400000 -6.3729955859413712e-04 
95.600000 -6.3729351977612203e-04 
95.800000 -6.3728797489738531e-04 
96.000000 -6.3728289485322914e-04 
96.200000 -6.3727825202063160e-04 
96.400000 -6.3727402018149554e-04 
96.600000 -6.3727017449159012e-04 
96.800000 -6.3726669136918157e-04 
97.000000 -6.3726354848095412e-04 
97.200000 -6.3726072464981992e-04 
97.400000 -6.3725819980473691e-04 
97.600000 -6.3725595495744275e-04 
97.800000 -6.3725397210633028e-04 
98.000000 -6.3725223423204136e-04 
98.200000 -6.3725072521481768e-04 
98.400000 -6.3724942981395472e-04 
98.600000 -6.3724833361199218e-04 
98.800000 -6.3724742298312126e-04 
99.000000 -6.3724668505917015e-04 
99.200000 -6.3724610766359435e-04 
99.400000 -6.3724567931511961e-04 
99.600000 -6.3724538917290380e-04 
99.800000 -6.3724522701168185e-04 
100.000000 -6.3724518319668855e-04 
100.200000 -6.3724524861842602e-04 
100.400000 -6.3724541471259916e-04 
100.600000 -6.3724567340156524e-04 
100.800000 -6.3724601710246631e-04 
101.000000 -6.3724643865847863e-04 
101.200000 -6.3724693134115801e-04 
101.400000 -6.3724748884604748e-04 
101.600000 -6.3724810522453740e-04 
101.800000 -6.3724877492334769e-04 
102.000000 -6.3724949269541170e-04 
102.200000 -6.3725025365379134e-04 
102.400000 -6.3725105319806241e-04 
102.600000 -6.3725188702402902e-04 
102.800000 -6.3725275110555063e-04 
103.000000 -6.3725364169705395e-04 
103.200000 -6.3725455527968711e-04 
103.400000 -6.3725548856390091e-04 
103.600000 -6.3725643850415237e-04 
103.800000 -6.3725740225622357e-04 
104.000000 -6.3725837716548106e-04 
104.200000 -6.3725936075938877e-04 
104.400000 -6.3726035076258625e-04 
104.600000 -6.3726134505604631e-04 
104.800000 -6.3726234168098167e-04 
105.000000 -6.3726333881092279e-04 
105.200000 -6.3726433478628053e-04 
105.400000 -6.3726532805440106e-04 
105.600000 -6.3726631720576604e-04 
105.800000 -6.3726730091865497e-04 
106.000000 -6.3726827802505770e-04 
106.200000 -6.3726924741931701e-04 
106.400000 -6.3727020811744223e-04 
106.600000 -6.3727115921582977e-04 
106.800000 -6.3727209989726530e-04 
107.000000 -6.3727302942832159e-04 
107.200000 -6.3727394714897106e-04 
107.400000 -6.3727485247425109e-04 
107.600000 -6.3727574485983318e-04 
107.800000 -6.3727662387550593e-04 
108.000000 -6.3727748908420923e-04 
108.200000 -6.3727834015602641e-04 
108.400000 -6.3727917678856050e-04 
108.600000 -6.3727999873249008e-04 
108.800000 -6.3728080575678470e-04 
109.000000 -6.3728159770948950e-04 
109.200000 -6.3728237446325497e-04 
109.400000 -6.3728313591143726e-04 
109.600000 -6.3728388198674296e-04 
109.800000 -6.3728461265469272e-04 
110.000000 -6.3728532792973330e-04 
110.200000 -6.3728602781482069e-04 
110.400000 -6.3728671234952738e-04 
110.600000 -6.3728738160290926e-04 
110.800000 -6.3728803566401315e-04 
111.000000 -6.3728867463055255e-04 
111.200000 -6.3728929862882228e-04 
111.400000 -6.3728990777933703e-04 
111.600000 -6.3729050224186484e-04 
111.800000 -6.3729108218202324e-04 
112.000000 -6.3729164776372971e-04 
112.200000 -6.3729219917143393e-04 
112.400000 -6.3729273659557384e-04 
112.600000 -6.3729326024505872e-04 
112.800000 -6.3729377031090939e-04 
113.000000 -6.3729426700959158e-04 
113.200000 -6.3729475057230922e-04 
113.400000 -6.3729522121061533e-04 
113.600000 -6.3729567914719287e-04 
113.800000 -6.3729612462810892e-04 
114.000000 -6.3729655787005124e-04 
114.200000 -6.3729697911209249e-04 
114.400000 -6.3729738858820523e-04 
114.600000 -6.3729778654415814e-04 
114.800000 -6.3729817319935211e-04 
115.000000 -6.3729854881247605e-04 
115.200000 -6.3729891360839175e-04 
115.400000 -6.3729926783416546e-04 
115.600000 -6.3729961170889970e-04 
115.800000 -6.3729994548514246e-04 
116.000000 -6.3730026937505735e-04 
116.200000 -6.3730058362324732e-04 
116.400000 -6.3730088845628807e-04 
116.600000 -6.3730118409485031e-04 
116.800000 -6.3730147077479399e-04 
117.000000 -6.3730174870721412e-04 
117.200000 -6.3730201810522497e-04 
117.400000 -6.3730227920190397e-04 
117.600000 -6.3730253220666000e-04 
117.800000 -6.3730277731693236e-04 
118.000000 -6.3730301474494017e-04 
118.200000 -6.3730324469109256e-04 
118.400000 -6.3730346735854648e-04 
118.600000 -6.3730368293757333e-04 
118.800000 -6.3730389162874185e-04 
119.000000 -6.3730409361388574e-04 
119.200000 -6.3730428908465031e-04 
119.400000 -6.3730447821753328e-04 
119.600000 -6.3730466118268325e-04 
119.800000 -6.3730483817209943e-04 
120.000000 -6.3730500934290613e-04 
120.200000 -6.3730517487008143e-04 
120.400000 -6.3730533490390789e-04 
120.600000 -6.3730548961948158e-04 
120.800000 -6.3730563915889715e-04 
121.000000 -6.3730578369299018e-04 
121.200000 -6.3730592335929648e-04 
121.400000 -6.3730605830097931e-04 
121.600000 -6.3730618866094518e-04 
121.800000 -6.3730631457732667e-04 
122.000000 -6.3730643619642341e-04 
122.200000 -6.3730655362782135e-04 
122.400000 -6.3730666702554312e-04 
122.600000 -6.3730677649504602e-04 
122.800000 -6.3730688216895315e-04 
123.000000 -6.3730698416174930e-04 
123.200000 -6.3730708258780827e-04 
123.400000 -6.3730717756201039e-04 
123.600000 -6.3730726918965336e-04 
123.800000 -6.3730735759429114e-04 
124.000000 -6.3730744285751817e-04 
124.200000 -6.3730752508416033e-04 
124.400000 -6.3730760438904938e-04 
124.600000 -6.3730768085017153e-04 
124.800000 -6.3730775456167371e-04 
125.000000 -6.3730782562312904e-04 
125.200000 -6.3730789411666627e-04 
125.400000 -6.3730796011535196e-04 
125.600000 -6.3730802372244377e-04 
125.800000 -6.3730808501214625e-04 
126.000000 -6.3730814405701941e-04 
126.200000 -6.3730820093434171e-04 
126.400000 -6.3730825570683380e-04 
126.600000 -6.3730830847066877e-04 
126.800000 -6.3730835926958246e-04 
127.000000 -6.3730840817675938e-04 
127.200000 -6.3730845527132374e-04 
127.400000 -6.3730850059499217e-04 
127.600000 -6.3730854422689581e-04 
127.800000 -6.3730858621061093e-04 
128.000000 -6.3730862661723342e-04 
128.200000 -6.3730866549244897e-04 
128.400000 -6.3730870288686292e-04 
128.600000 -6.3730873886132244e-04 
128.800000 -6.3730877346559328e-04 
129.000000 -6.3730880673661117e-04 
129.200000 -6.3730883873211464e-04 
129.400000 -6.3730886950463805e-04 
129.600000 -6.3730889908353294e-04 
129.800000 -6.3730892751307638e-04 
130.000000 -6.3730895483763567e-04 
130.200000 -6.3730898109951029e-04 
130.400000 -6.3730900634179771e-04 
130.600000 -6.3730903058623056e-04 
130.800000 -6.3730905387835574e-04 
131.000000 -6.3730907626158295e-04 
131.200000 -6.3730909775459171e-04 
131.400000 -6.3730911839270793e-04 
131.600000 -6.3730913821787721e-04 
131.800000 -6.3730915725170034e-04 
132.000000 -6.3730917551649280e-04 
132.200000 -6.3730919305610145e-04 
132.400000 -6.3730920989028828e-04 
132.600000 -6.3730922603931484e-04 
132.800000 -6.3730924154728474e-04 
133.000000 -6.3730925641734826e-04 
133.200000 -6.3730927068389454e-04 
133.400000 -6.3730928437644163e-04 
133.600000 -6.3730929750030474e-04 
133.800000 -6.3730931009441799e-04 
134.000000 -6.3730932215839975e-04 
134.200000 -6.3730933373579851e-04 
134.400000 -6.3730934483564178e-04 
134.600000 -6.3730935546828932e-04 
134.800000 -6.3730936565979668e-04 
135.000000 -6.3730937542538779e-04 
135.200000 -6.3730938478606669e-04 
135.400000 -6.3730939375159640e-04 
135.600000 -6.3730940234059397e-04 
135.800000 -6.3730941056371754e-04 
136.000000 -6.3730941845382971e-04 
136.200000 -6.3730942599236895e-04 
136.400000 -6.3730943322042044e-04 
136.600000 -6.3730944012082430e-04 
136.800000 -6.3730944674573325e-04 
137.000000 -6.3730945308305281e-04 
137.200000 -6.3730945914357989e-04 
137.400000 -6.3730946494165025e-04 
137.600000 -6.3730947049028819e-04 
137.800000 -6.3730947580425273e-04 
138.000000 -6.3730948087765277e-04 
138.200000 -6.3730948572387341e-04 
138.400000 -6.3730949037109352e-04 
138.600000 -6.3730949480380467e-04 
138.800000 -6.3730949904754891e-04 
139.000000 -6.3730950309962009e-04 
139.200000 -6.3730950696606892e-04 
139.400000 -6.3730951068088210e-04 
139.600000 -6.3730951420785942e-04 
139.800000 -6.3730951758510235e-04 
140.000000 -6.3730952081146597e-04 
140.200000 -6.3730952389776802e-04 
140.400000 -6.3730952682782005e-04 
140.600000 -6.3730952963066134e-04 
140.800000 -6.3730953231680432e-04 
141.000000 -6.3730953486800662e-04 
141.200000 -6.3730953730471718e-04 
141.400000 -6.3730953962931602e-04 
141.600000 -6.3730954185148986e-04 
141.800000 -6.3730954397146072e-04 
142.000000 -6.3730954598371914e-04 
142.200000 -6.3730954790269106e-04 
142.400000 -6.3730954973795911e-04 
142.600000 -6.3730955148590118e-04 
142.800000 -6.3730955313879428e-04 
143.000000 -6.3730955472843936e-04 
143.200000 -6.3730955623563651e-04 
143.400000 -6.3730955767276470e-04 
143.600000 -6.3730955903895659e-04 
143.800000 -6.3730956033828529e-04 
144.000000 -6.3730956157185409e-04 
144.200000 -6.3730956274905132e-04 
144.400000 -6.3730956387042514e-04 
144.600000 -6.3730956492664276e-04 
144.800000 -6.3730956593868737e-04 
145.000000 -6.3730956689674045e-04 
145.200000 -6.3730956779827624e-04 
145.400000 -6.3730956866477062e-04 
145.600000 -6.3730956947878614e-04 
145.800000 -6.3730957025901619e-04 
146.000000 -6.3730957098982743e-04 
146.200000 -6.3730957169014224e-04 
146.400000 -6.3730957235604707e-04 
146.600000 -6.3730957298376023e-04 
146.800000 -6.3730957358342638e-04 
147.000000 -6.3730957413742767e-04 
147.200000 -6.3730957466318766e-04 
147.400000 -6.3730957513988273e-04 
147.600000 -6.3730957558915530e-04 
147.800000 -6.3730957600879878e-04 
148.000000 -6.3730957639902136e-04 
148.200000 -6.3730957678589939e-04 
148.400000 -6.3730957720598697e-04 
148.600000 -6.3730957759833978e-04 
148.800000 -6.3730957791938853e-04 
149.000000 -6.3730957819618100e-04 
149.200000 -6.3730957843053521e-04 
149.400000 -6.3730957864217841e-04 
149.600000 -6.3730957881670547e-04 
149.800000 -6.3730957897476653e-04 
