0.000000 7.0187854070988794e-03 
0.200000 7.0188895511770610e-03 
0.400000 7.0194915916780062e-03 
0.600000 7.0211331773058572e-03 
0.800000 7.0242892446510065e-03 
1.000000 7.0293764476796871e-03 
1.200000 7.0367605394030964e-03 
1.400000 7.0467586742563350e-03 
1.600000 7.0596500803383104e-03 
1.800000 7.0756923925359263e-03 
2.000000 7.0951303308389741e-03 
2.200000 7.1181898986999656e-03 
2.400000 7.1450820998726263e-03 
2.600000 7.1760060395372454e-03 
2.800000 7.2111516937683083e-03 
3.000000 7.2507021195485702e-03 
3.200000 7.2948360828022918e-03 
3.400000 7.3437335190143010e-03 
3.600000 7.3975770422530611e-03 
3.800000 7.4565409044221112e-03 
4.000000 7.5208014743299483e-03 
4.200000 7.5905385542321298e-03 
4.400000 7.6659373544811296e-03 
4.600000 7.7471901652961346e-03 
4.800000 7.8344986164139915e-03 
5.000000 7.9280741351454524e-03 
5.200000 8.0281397806761176e-03 
5.400000 8.1349314983994551e-03 
5.600000 8.2486992917233156e-03 
5.800000 8.3697083517850594e-03 
6.000000 8.4982400824195111e-03 
6.200000 8.6345934221910645e-03 
6.400000 8.7790863480398072e-03 
6.600000 8.9320566310466844e-03 
6.800000 9.0938633723295133e-03 
7.000000 9.2648887973506028e-03 
7.200000 9.4455397217017966e-03 
7.400000 9.6362495575893093e-03 
7.600000 9.8374801399789529e-03 
7.800000 1.0049723707228276e-02 
8.000000 1.0273504988231038e-02 
8.200000 1.0509383346244357e-02 
8.400000 1.0757955140304278e-02 
8.600000 1.1019856273259894e-02 
8.800000 1.1295764746826809e-02 
9.000000 1.1586403452296322e-02 
9.200000 1.1892543152170344e-02 
9.400000 1.2215005711875454e-02 
9.600000 1.2554667470959326e-02 
9.800000 1.2912462921738097e-02 
10.000000 1.3289388566863247e-02 
10.200000 1.3686507033153697e-02 
10.400000 1.4104951459523153e-02 
10.600000 1.4545930164147082e-02 
10.800000 1.5010731602102432e-02 
11.000000 1.5500729627468190e-02 
11.200000 1.6017389019643925e-02 
11.400000 1.6562271327377271e-02 
11.600000 1.7137041035574237e-02 
11.800000 1.7743472028278834e-02 
12.000000 1.8383454395147630e-02 
12.200000 1.9059001544094959e-02 
12.400000 1.9772257627545933e-02 
12.600000 2.0525505268324130e-02 
12.800000 2.1321173564761268e-02 
13.000000 2.2161846352812323e-02 
13.200000 2.3050270691707564e-02 
13.400000 2.3989365529341843e-02 
13.600000 2.4982230479826791e-02 
13.800000 2.6032154654203023e-02 
14.000000 2.7142625457541432e-02 
14.200000 2.8317337243672351e-02 
14.400000 2.9560199714617846e-02 
14.600000 3.0875345913729601e-02 
14.800000 3.2267139650033333e-02 
15.000000 3.3740182158928461e-02 
15.200000 3.5299317779173278e-02 
15.400000 3.6949638395880863e-02 
15.600000 3.8696486368055338e-02 
15.800000 4.0545455624126328e-02 
16.000000 4.2502390581314421e-02 
16.200000 4.4573382510186499e-02 
16.400000 4.6764762936895542e-02 
16.600000 4.9083093647555719e-02 
16.800000 5.1535152840590313e-02 
17.000000 5.4127916955363842e-02 
17.200000 5.6868537701568307e-02 
17.400000 5.9764313819287547e-02 
17.600000 6.2822657120240100e-02 
17.800000 6.6051052397597038e-02 
18.000000 6.9457010848754483e-02 
18.200000 7.3048016733390869e-02 
18.400000 7.6831467093307640e-02 
18.600000 8.0814604488891939e-02 
18.800000 8.5004442862427337e-02 
19.000000 8.9407686821627544e-02 
19.200000 9.4030644843749567e-02 
19.400000 9.8879137131416134e-02 
19.600000 1.0395839909964802e-01 
19.800000 1.0927298173420318e-01 
20.000000 1.1482665032623182e-01 
20.200000 1.2062228334723778e-01 
20.400000 1.2666177347040847e-01 
20.600000 1.3294593295670112e-01 
20.800000 1.3947440579229417e-01 
21.000000 1.4624558907429328e-01 
21.200000 1.5325656617973674e-01 
21.400000 1.6050305420671820e-01 
21.600000 1.6797936803517216e-01 
21.800000 1.7567840311231786e-01 
22.000000 1.8359163872169376e-01 
22.200000 1.9170916304892646e-01 
22.400000 2.0001972082151778e-01 
22.600000 2.0851078369070289e-01 
22.800000 2.1716864286300927e-01 
23.000000 2.2597852280573250e-01 
23.200000 2.3492471417533134e-01 
23.400000 2.4399072348424372e-01 
23.600000 2.5315943646258993e-01 
23.800000 2.6241329161603155e-01 
24.000000 2.7173446015430397e-01 
24.200000 2.8110502828328238e-01 
24.400000 2.9050717782531377e-01 
24.600000 2.9992336125716140e-01 
24.800000 3.0933646752229793e-01 
25.000000 3.1872997536693487e-01 
25.200000 3.2808809144298845e-01 
25.400000 3.3739587098801482e-01 
25.600000 3.4663931950175059e-01 
25.800000 3.5580547446132416e-01 
26.000000 3.6488246672443037e-01 
26.200000 3.7385956183771391e-01 
26.400000 3.8272718197650457e-01 
26.600000 3.9147690967775212e-01 
26.800000 4.0010147488138420e-01 
27.000000 4.0859472706255240e-01 
27.200000 4.1695159441879104e-01 
27.400000 4.2516803217637561e-01 
27.600000 4.3324096210633828e-01 
27.800000 4.4116820530192274e-01 
28.000000 4.4894841017640313e-01 
28.200000 4.5658097750421262e-01 
28.400000 4.6406598416028472e-01 
28.600000 4.7140410702310970e-01 
28.800000 4.7859654830555465e-01 
29.000000 4.8564496337281560e-01 
29.200000 4.9255139190563441e-01 
29.400000 4.9931819307519321e-01 
29.600000 5.0594798521784379e-01 
29.800000 5.1244359033630404e-01 
30.000000 5.1880798361082325e-01 
30.200000 5.2504424797995286e-01 
30.400000 5.3115553374595847e-01 
30.600000 5.3714502307400191e-01 
30.800000 5.4301589918572413e-01 
31.000000 5.4877131999547391e-01 
31.200000 5.5441439589957409e-01 
31.400000 5.5994817140363407e-01 
31.600000 5.6537561025869187e-01 
31.800000 5.7069958377182162e-01 
32.000000 5.7592286195937459e-01 
32.200000 5.8104810721954103e-01 
32.400000 5.8607787021429603e-01 
32.600000 5.9101458766753068e-01 
32.800000 5.9586058180542878e-01 
33.000000 6.0061806118592798e-01 
33.200000 6.0528912268566848e-01 
33.400000 6.0987575443456365e-01 
33.600000 6.1437983950955066e-01 
33.800000 6.1880316021983162e-01 
34.000000 6.2314740283572889e-01 
34.200000 6.2741416263191807e-01 
34.400000 6.3160494913318110e-01 
34.600000 6.3572119146688755e-01 
34.800000 6.3976424374103025e-01 
35.000000 6.4373539037998573e-01 
35.200000 6.4763585136204660e-01 
35.400000 6.5146678731350371e-01 
35.600000 6.5522930442337313e-01 
35.800000 6.5892445915117670e-01 
36.000000 6.6255326270734760e-01 
36.200000 6.6611668529198886e-01 
36.400000 6.6961566008301554e-01 
36.600000 6.7305108696917104e-01 
36.800000 6.7642383602709932e-01 
37.000000 6.7973475074483380e-01 
37.200000 6.8298465099639682e-01 
37.400000 6.8617433577442000e-01 
37.600000 6.8930458568905273e-01 
37.800000 6.9237616524278045e-01 
38.000000 6.9538982489151968e-01 
38.200000 6.9834630290296407e-01 
38.400000 7.0124632702360024e-01 
38.600000 7.0409061596582301e-01 
38.800000 7.0687988072672092e-01 
39.000000 7.0961482574986778e-01 
39.200000 7.1229614994133206e-01 
39.400000 7.1492454755072898e-01 
39.600000 7.1750070892778328e-01 
39.800000 7.2002532116452267e-01 
40.000000 7.2249906863266711e-01 
40.200000 7.2492263342541330e-01 
40.400000 7.2729669571228672e-01 
40.600000 7.2962193401518738e-01 
40.800000 7.3189902541341978e-01 
41.000000 7.3412864568488845e-01 
41.200000 7.3631146939016057e-01 
41.400000 7.3844816990579987e-01 
41.600000 7.4053941941271650e-01 
41.800000 7.4258588884502152e-01 
42.000000 7.4458824780437571e-01 
42.200000 7.4654716444448421e-01 
42.400000 7.4846330532994909e-01 
42.600000 7.5033733527345337e-01 
42.800000 7.5216991715478643e-01 
43.000000 7.5396171172501691e-01 
43.200000 7.5571337739876032e-01 
43.400000 7.5742557003725708e-01 
43.600000 7.5909894272466250e-01 
43.800000 7.6073414553979612e-01 
44.000000 7.6233182532526367e-01 
44.200000 7.6389262545575842e-01 
44.400000 7.6541718560711924e-01 
44.600000 7.6690614152748471e-01 
44.800000 7.6836012481183569e-01 
45.000000 7.6977976268096560e-01 
45.200000 7.7116567776580880e-01 
45.400000 7.7251848789796973e-01 
45.600000 7.7383880590710474e-01 
45.800000 7.7512723942574102e-01 
46.000000 7.7638439070205412e-01 
46.200000 7.7761085642094985e-01 
46.400000 7.7880722753376441e-01 
46.600000 7.7997408909687982e-01 
46.800000 7.8111202011933489e-01 
47.000000 7.8222159341960884e-01 
47.200000 7.8330337549162243e-01 
47.400000 7.8435792637993251e-01 
47.600000 7.8538579956412813e-01 
47.800000 7.8638754185232662e-01 
48.000000 7.8736369328368283e-01 
48.200000 7.8831478703974867e-01 
48.400000 7.8924134936455803e-01 
48.600000 7.9014389949324126e-01 
48.800000 7.9102294958893460e-01 
49.000000 7.9187900468782435e-01 
49.200000 7.9271256265205692e-01 
49.400000 7.9352411413027724e-01 
49.600000 7.9431414252556487e-01 
49.800000 7.9508312397047964e-01 
50.000000 7.9583152730901052e-01 
50.200000 7.9655981408507492e-01 
50.400000 7.9726843853741547e-01 
50.600000 7.9795784760052479e-01 
50.800000 7.9862848091139671e-01 
51.000000 7.9928077082183324e-01 
51.200000 7.9991514241600392e-01 
51.400000 8.0053201353307202e-01 
51.600000 8.0113179479456476e-01 
51.800000 8.0171488963627968e-01 
52.000000 8.0228169434449326e-01 
52.200000 8.0283259809617891e-01 
52.400000 8.0336798300308798e-01 
52.600000 8.0388822415937988e-01 
52.800000 8.0439368969265435e-01 
53.000000 8.0488474081813510e-01 
53.200000 8.0536173189580540e-01 
53.400000 8.0582501049031918e-01 
53.600000 8.0627491743346669e-01 
53.800000 8.0671178688901735e-01 
54.000000 8.0713594641979736e-01 
54.200000 8.0754771705678108e-01 
54.400000 8.0794741337004883e-01 
54.600000 8.0833534354149084e-01 
54.800000 8.0871180943904064e-01 
55.000000 8.0907710669235122e-01 
55.200000 8.0943152476974400e-01 
55.400000 8.0977534705632126e-01 
55.600000 8.1010885093307816e-01 
55.800000 8.1043230785694620e-01 
56.000000 8.1074598344160820e-01 
56.200000 8.1105013753899546e-01 
56.400000 8.1134502432137923e-01 
56.600000 8.1163089236390951e-01 
56.800000 8.1190798472756120e-01 
57.000000 8.1217653904237119e-01 
57.200000 8.1243678759087279e-01 
57.400000 8.1268895739167668e-01 
57.600000 8.1293327028308493e-01 
57.800000 8.1316994300671330e-01 
58.000000 8.1339918729099858e-01 
58.200000 8.1362120993458453e-01 
58.400000 8.1383621288945784e-01 
58.600000 8.1404439334386669e-01 
58.800000 8.1424594380485682e-01 
59.000000 8.1444105218049268e-01 
59.200000 8.1462990186161055e-01 
59.400000 8.1481267180313544e-01 
59.600000 8.1498953660487650e-01 
59.800000 8.1516066659176645e-01 
60.000000 8.1532622789354836e-01 
60.200000 8.1548638252379546e-01 
60.400000 8.1564128845832717e-01 
60.600000 8.1579109971290487e-01 
60.800000 8.1593596642024990e-01 
61.000000 8.1607603490629155e-01 
61.200000 8.1621144776570242e-01 
61.400000 8.1634234393659300e-01 
61.600000 8.1646885877446496e-01 
61.800000 8.1659112412529589e-01 
62.000000 8.1670926839781433e-01 
62.200000 8.1682341663491387e-01 
62.400000 8.1693369058418475e-01 
62.600000 8.1704020876760075e-01 
62.800000 8.1714308655026879e-01 
63.000000 8.1724243620830916e-01 
63.200000 8.1733836699582696e-01 
63.400000 8.1743098521092417e-01 
63.600000 8.1752039426083833e-01 
63.800000 8.1760669472611913e-01 
64.000000 8.1768998442386231e-01 
64.200000 8.1777035847003365e-01 
64.400000 8.1784790934081408e-01 
64.600000 8.1792272693302914e-01 
64.800000 8.1799489862361485e-01 
65.000000 8.1806450932813890e-01 
65.200000 8.1813164155838103e-01 
65.400000 8.1819637547895474e-01 
65.600000 8.1825878896300552e-01 
65.800000 8.1831895764694562e-01 
66.000000 8.1837695498425589e-01 
66.200000 8.1843285229836593e-01 
66.400000 8.1848671883457436e-01 
66.600000 8.1853862181106829e-01 
66.800000 8.1858862646900499e-01 
67.000000 8.1863679612167672e-01 
67.200000 8.1868319220277419e-01 
67.400000 8.1872787431372895e-01 
67.600000 8.1877090027017430e-01 
67.800000 8.1881232614749744e-01 
68.000000 8.1885220632552036e-01 
68.200000 8.1889059353230209e-01 
68.400000 8.1892753888705827e-01 
68.600000 8.1896309194224093e-01 
68.800000 8.1899730072475252e-01 
69.000000 8.1903021177631619e-01 
69.200000 8.1906187019302057e-01 
69.400000 8.1909231966403107e-01 
69.600000 8.1912160250948896e-01 
69.800000 8.1914975971760084e-01 
70.000000 8.1917683098093541e-01 
70.200000 8.1920285473193288e-01 
70.400000 8.1922786817763660e-01 
70.600000 8.1925190733365660e-01 
70.800000 8.1927500705738066e-01 
71.000000 8.1929720108043036e-01 
71.200000 8.1931852204040312e-01 
71.400000 8.1933900151185557e-01 
71.600000 8.1935867003661411e-01 
71.800000 8.1937755715333938e-01 
72.000000 8.1939569142642599e-01 
72.200000 8.1941310047421834e-01 
72.400000 8.1942981099653955e-01 
72.600000 8.1944584880157512e-01 
72.800000 8.1946123883209954e-01 
73.000000 8.1947600519106134e-01 
73.200000 8.1949017116655398e-01 
73.400000 8.1950375925614760e-01 
73.600000 8.1951679119063714e-01 
73.800000 8.1952928795717706e-01 
74.000000 8.1954126982183761e-01 
74.200000 8.1955275635159475e-01 
74.400000 8.1956376643573559e-01 
74.600000 8.1957431830673710e-01 
74.800000 8.1958442956057820e-01 
75.000000 8.1959411717653519e-01 
75.200000 8.1960339753644795e-01 
75.400000 8.1961228644348083e-01 
75.600000 8.1962079914036945e-01 
75.800000 8.1962895032719907e-01 
76.000000 8.1963675417867188e-01 
76.200000 8.1964422436093187e-01 
76.400000 8.1965137404790600e-01 
76.600000 8.1965821593721355e-01 
76.800000 8.1966476226561613e-01 
77.000000 8.1967102482404719e-01 
77.200000 8.1967701497220713e-01 
77.400000 8.1968274365276605e-01 
77.600000 8.1968822140513875e-01 
77.800000 8.1969345837887198e-01 
78.000000 8.1969846434665750e-01 
78.200000 8.1970324871695499e-01 
78.400000 8.1970782054624081e-01 
78.600000 8.1971218855092265e-01 
78.800000 8.1971636111887514e-01 
79.000000 8.1972034632064739e-01 
79.200000 8.1972415192033443e-01 
79.400000 8.1972778538611180e-01 
79.600000 8.1973125390047419e-01 
79.800000 8.1973456437013481e-01 
80.000000 8.1973772343564577e-01 
80.200000 8.1974073748071141e-01 
80.400000 8.1974361264121620e-01 
80.600000 8.1974635481397029e-01 
80.800000 8.1974896966519351e-01 
81.000000 8.1975146263870535e-01 
81.200000 8.1975383896389720e-01 
81.400000 8.1975610366341400e-01 
81.600000 8.1975826156061216e-01 
81.800000 8.1976031728676890e-01 
82.000000 8.1976227528806922e-01 
82.200000 8.1976413983235574e-01 
82.400000 8.1976591501566254e-01 
82.600000 8.1976760476853661e-01 
82.800000 8.1976921286215731e-01 
83.000000 8.1977074291424001e-01 
83.200000 8.1977219839474658e-01 
83.400000 8.1977358263142353e-01 
83.600000 8.1977489881512744e-01 
83.800000 8.1977615000498660e-01 
84.000000 8.1977733913339068e-01 
84.200000 8.1977846901079854e-01 
84.400000 8.1977954233039363e-01 
84.600000 8.1978056167256297e-01 
84.800000 8.1978152950924499e-01 
85.000000 8.1978244820810542e-01 
85.200000 8.1978332003658372e-01 
85.400000 8.1978414716577563e-01 
85.600000 8.1978493167421529e-01 
85.800000 8.1978567555147897e-01 
86.000000 8.1978638070170207e-01 
86.200000 8.1978704894694587e-01 
86.400000 8.1978768203044661e-01 
86.600000 8.1978828161976003e-01 
86.800000 8.1978884930977780e-01 
87.000000 8.1978938662563972e-01 
87.200000 8.1978989502554633e-01 
87.400000 8.1979037590346093e-01 
87.600000 8.1979083059170699e-01 
87.800000 8.1979126036348660e-01 
88.000000 8.1979166643529178e-01 
88.200000 8.1979204996922794e-01 
88.400000 8.1979241207525133e-01 
88.600000 8.1979275381333094e-01 
88.800000 8.1979307619551478e-01 
89.000000 8.1979338018792214e-01 
89.200000 8.1979366671266796e-01 
89.400000 8.1979393664970424e-01 
89.600000 8.1979419083860050e-01 
89.800000 8.1979443008023889e-01 
90.000000 8.1979465513846306e-01 
90.200000 8.1979486674165303e-01 
90.400000 8.1979506558423820e-01 
90.600000 8.1979525232815553e-01 
90.800000 8.1979542760423774e-01 
91.000000 8.1979559201357777e-01 
91.200000 8.1979574612879436e-01 
91.400000 8.1979589049528701e-01 
91.600000 8.1979602563241838e-01 
91.800000 8.1979615203465850e-01 
92.000000 8.1979627017267420e-01 
92.200000 8.1979638049438996e-01 
92.400000 8.1979648342598976e-01 
92.600000 8.1979657937288397e-01 
92.800000 8.1979666872063972e-01 
93.000000 8.1979675183587042e-01 
93.200000 8.1979682906708662e-01 
93.400000 8.1979690074551481e-01 
93.600000 8.1979696718588480e-01 
93.800000 8.1979702868717619e-01 
94.000000 8.1979708553333464e-01 
94.200000 8.1979713799397236e-01 
94.400000 8.1979718632502030e-01 
94.600000 8.1979723076935551e-01 
94.800000 8.1979727155742432e-01 
95.000000 8.1979730890779878e-01 
95.200000 8.1979734302774732e-01 
95.400000 8.1979737411376763e-01 
95.600000 8.1979740235208387e-01 
95.800000 8.1979742791913246e-01 
96.000000 8.1979745098203993e-01 
96.200000 8.1979747169905159e-01 
96.400000 8.1979749021997295e-01 
96.600000 8.1979750668655793e-01 
96.800000 8.1979752123291438e-01 
97.000000 8.1979753398586142e-01 
97.200000 8.1979754506529567e-01 
97.400000 8.1979755458451875e-01 
97.600000 8.1979756265057513e-01 
97.800000 8.1979756936454340e-01 
98.000000 8.1979757482184779e-01 
98.200000 8.1979757911252837e-01 
98.400000 8.1979758232151456e-01 
98.600000 8.1979758452889007e-01 
98.800000 8.1979758581011308e-01 
99.000000 8.1979758623628252e-01 
99.200000 8.1979758587433826e-01 
99.400000 8.1979758478727349e-01 
99.600000 8.1979758303435224e-01 
99.800000 8.1979758067128861e-01 
100.000000 8.1979757775043727e-01 
100.200000 8.1979757432096301e-01 
100.400000 8.1979757042902068e-01 
100.600000 8.1979756611789800e-01 
100.800000 8.1979756142817573e-01 
101.000000 8.1979755639787588e-01 
101.200000 8.1979755106258123e-01 
101.400000 8.1979754545559569e-01 
101.600000 8.1979753960803459e-01 
101.800000 8.1979753354897433e-01 
102.000000 8.1979752730553745e-01 
102.200000 8.1979752090302160e-01 
102.400000 8.1979751436498727e-01 
102.600000 8.1979750771336024e-01 
102.800000 8.1979750096852466e-01 
103.000000 8.1979749414940273e-01 
103.200000 8.1979748727354951e-01 
103.400000 8.1979748035721900e-01 
103.600000 8.1979747341544529e-01 
103.800000 8.1979746646211793e-01 
104.000000 8.1979745951003802e-01 
104.200000 8.1979745257099068e-01 
104.400000 8.1979744565580537e-01 
104.600000 8.1979743877440536e-01 
104.800000 8.1979743193587429e-01 
105.000000 8.1979742514849674e-01 
105.200000 8.1979741841980780e-01 
105.400000 8.1979741175665777e-01 
105.600000 8.1979740516521982e-01 
105.800000 8.1979739865107137e-01 
106.000000 8.1979739221920356e-01 
106.200000 8.1979738587407613e-01 
106.400000 8.1979737961964005e-01 
106.600000 8.1979737345938086e-01 
106.800000 8.1979736739634645e-01 
107.000000 8.1979736143317139e-01 
107.200000 8.1979735557211120e-01 
107.400000 8.1979734981507191e-01 
107.600000 8.1979734416362215e-01 
107.800000 8.1979733861902870e-01 
108.000000 8.1979733318227643e-01 
108.200000 8.1979732785408232e-01 
108.400000 8.1979732263492555e-01 
108.600000 8.1979731752505736e-01 
108.800000 8.1979731252451893e-01 
109.000000 8.1979730763317038e-01 
109.200000 8.1979730285068497e-01 
109.400000 8.1979729817658376e-01 
109.600000 8.1979729361023601e-01 
109.800000 8.1979728915087646e-01 
110.000000 8.1979728479762271e-01 
110.200000 8.1979728054947310e-01 
110.400000 8.1979727640533073e-01 
110.600000 8.1979727236400968e-01 
110.800000 8.1979726842423772e-01 
111.000000 8.1979726458467439e-01 
111.200000 8.1979726084391080e-01 
111.400000 8.1979725720048191e-01 
111.600000 8.1979725365287681e-01 
111.800000 8.1979725019953387e-01 
112.000000 8.1979724683886201e-01 
112.200000 8.1979724356923189e-01 
112.400000 8.1979724038899204e-01 
112.600000 8.1979723729646803e-01 
112.800000 8.1979723428997331e-01 
113.000000 8.1979723136779936e-01 
113.200000 8.1979722852823778e-01 
113.400000 8.1979722576956893e-01 
113.600000 8.1979722309007652e-01 
113.800000 8.1979722048804249e-01 
114.000000 8.1979721796175642e-01 
114.200000 8.1979721550951079e-01 
114.400000 8.1979721312960929e-01 
114.600000 8.1979721082036827e-01 
114.800000 8.1979720858011429e-01 
115.000000 8.1979720640719211e-01 
115.200000 8.1979720429996128e-01 
115.400000 8.1979720225680075e-01 
115.600000 8.1979720027610925e-01 
115.800000 8.1979719835630638e-01 
116.000000 8.1979719649583260e-01 
116.200000 8.1979719469315149e-01 
116.400000 8.1979719294674924e-01 
116.600000 8.1979719125513906e-01 
116.800000 8.1979718961685677e-01 
117.000000 8.1979718803046420e-01 
117.200000 8.1979718649455036e-01 
117.400000 8.1979718500772625e-01 
117.600000 8.1979718356863518e-01 
117.800000 8.1979718217594288e-01 
118.000000 8.1979718082834496e-01 
118.200000 8.1979717952456055e-01 
118.400000 8.1979717826333875e-01 
118.600000 8.1979717704345378e-01 
118.800000 8.1979717586370815e-01 
119.000000 8.1979717472292990e-01 
119.200000 8.1979717361997395e-01 
119.400000 8.1979717255372264e-01 
119.600000 8.1979717152308629e-01 
119.800000 8.1979717052699463e-01 
120.000000 8.1979716956441195e-01 
120.200000 8.1979716863432273e-01 
120.400000 8.1979716773573774e-01 
120.600000 8.1979716686768911e-01 
120.800000 8.1979716602924280e-01 
121.000000 8.1979716521947943e-01 
121.200000 8.1979716443750827e-01 
121.400000 8.1979716368246369e-01 
121.600000 8.1979716295349858e-01 
121.800000 8.1979716224978905e-01 
122.000000 8.1979716157053584e-01 
122.200000 8.1979716091496380e-01 
122.400000 8.1979716028231431e-01 
122.600000 8.1979715967184907e-01 
122.800000 8.1979715908285644e-01 
123.000000 8.1979715851463986e-01 
123.200000 8.1979715796652342e-01 
123.400000 8.1979715743785431e-01 
123.600000 8.1979715692799005e-01 
123.800000 8.1979715643631945e-01 
124.000000 8.1979715596223957e-01 
124.200000 8.1979715550516452e-01 
124.400000 8.1979715506453110e-01 
124.600000 8.1979715463979541e-01 
124.800000 8.1979715423041755e-01 
125.000000 8.1979715383588625e-01 
125.200000 8.1979715345569892e-01 
125.400000 8.1979715308937084e-01 
125.600000 8.1979715273643317e-01 
125.800000 8.1979715239643103e-01 
126.000000 8.1979715206891990e-01 
126.200000 8.1979715175347323e-01 
126.400000 8.1979715144967558e-01 
126.600000 8.1979715115712493e-01 
126.800000 8.1979715087543559e-01 
127.000000 8.1979715060422675e-01 
127.200000 8.1979715034313705e-01 
127.400000 8.1979715009181298e-01 
127.600000 8.1979714984990981e-01 
127.800000 8.1979714961710204e-01 
128.000000 8.1979714939306425e-01 
128.200000 8.1979714917749169e-01 
128.400000 8.1979714897008149e-01 
128.600000 8.1979714877054655e-01 
128.800000 8.1979714857860364e-01 
129.000000 8.1979714839398554e-01 
129.200000 8.1979714821642691e-01 
129.400000 8.1979714804567683e-01 
129.600000 8.1979714788148894e-01 
129.800000 8.1979714772362822e-01 
130.000000 8.1979714757186384e-01 
130.200000 8.1979714742597409e-01 
130.400000 8.1979714728575026e-01 
130.600000 8.1979714715098206e-01 
130.800000 8.1979714702147166e-01 
131.000000 8.1979714689702543e-01 
131.200000 8.1979714677745619e-01 
131.400000 8.1979714666258863e-01 
131.600000 8.1979714655224545e-01 
131.800000 8.1979714644626056e-01 
132.000000 8.1979714634447265e-01 
132.200000 8.1979714624672362e-01 
132.400000 8.1979714615286625e-01 
132.600000 8.1979714606275533e-01 
132.800000 8.1979714597624564e-01 
133.000000 8.1979714589320696e-01 
133.200000 8.1979714581350449e-01 
133.400000 8.1979714573701545e-01 
133.600000 8.1979714566361894e-01 
133.800000 8.1979714559319505e-01 
134.000000 8.1979714552563165e-01 
134.200000 8.1979714546081695e-01 
134.400000 8.1979714539865378e-01 
134.600000 8.1979714533903336e-01 
134.800000 8.1979714528186276e-01 
135.000000 8.1979714522704172e-01 
135.200000 8.1979714517448476e-01 
135.400000 8.1979714512410284e-01 
135.600000 8.1979714507581314e-01 
135.800000 8.1979714502953172e-01 
136.000000 8.1979714498518019e-01 
136.200000 8.1979714494268474e-01 
136.400000 8.1979714490197253e-01 
136.600000 8.1979714486297317e-01 
136.800000 8.1979714482562072e-01 
137.000000 8.1979714478984744e-01 
137.200000 8.1979714475559418e-01 
137.400000 8.1979714472279641e-01 
137.600000 8.1979714469140030e-01 
137.800000 8.1979714466134768e-01 
138.000000 8.1979714463258568e-01 
138.200000 8.1979714460506148e-01 
138.400000 8.1979714457872765e-01 
138.600000 8.1979714455353503e-01 
138.800000 8.1979714452943819e-01 
139.000000 8.1979714450639285e-01 
139.200000 8.1979714448435281e-01 
139.400000 8.1979714446328000e-01 
139.600000 8.1979714444313667e-01 
139.800000 8.1979714442388363e-01 
140.000000 8.1979714440548235e-01 
140.200000 8.1979714438790141e-01 
140.400000 8.1979714437110385e-01 
140.600000 8.1979714435505835e-01 
140.800000 8.1979714433973516e-01 
141.000000 8.1979714432510120e-01 
141.200000 8.1979714431113182e-01 
141.400000 8.1979714429779582e-01 
141.600000 8.1979714428506822e-01 
141.800000 8.1979714427292472e-01 
142.000000 8.1979714426133987e-01 
142.200000 8.1979714425028682e-01 
142.400000 8.1979714423974825e-01 
142.600000 8.1979714422970007e-01 
142.800000 8.1979714422012273e-01 
143.000000 8.1979714421099525e-01 
143.200000 8.1979714420229910e-01 
143.400000 8.1979714419401473e-01 
143.600000 8.1979714418612515e-01 
143.800000 8.1979714417861493e-01 
144.000000 8.1979714417146576e-01 
144.200000 8.1979714416466321e-01 
144.400000 8.1979714415819271e-01 
144.600000 8.1979714415203908e-01 
144.800000 8.1979714414619054e-01 
145.000000 8.1979714414063320e-01 
145.200000 8.1979714413535476e-01 
145.400000 8.1979714413034255e-01 
145.600000 8.1979714412558713e-01 
145.800000 8.1979714412107407e-01 
146.000000 8.1979714411679794e-01 
146.200000 8.1979714411274407e-01 
146.400000 8.1979714410890503e-01 
146.600000 8.1979714410527049e-01 
146.800000 8.1979714410183246e-01 
147.000000 8.1979714409858251e-01 
147.200000 8.1979714409551585e-01 
147.400000 8.1979714409262427e-01 
147.600000 8.1979714408990190e-01 
147.800000 8.1979714408734128e-01 
148.000000 8.1979714408493753e-01 
148.200000 8.1979714408268178e-01 
148.400000 8.1979714408056592e-01 
148.600000 8.1979714407858384e-01 
148.800000 8.1979714407673132e-01 
149.000000 8.1979714407500237e-01 
149.200000 8.1979714407338888e-01 
149.400000 8.1979714407188975e-01 
149.600000 8.1979714407049786e-01 
149.800000 8.1979714406920967e-01 
