0.000000 6.9917403489021110e-03 
0.200000 6.9918813906900065e-03 
0.400000 6.9925882384096819e-03 
0.600000 6.9943928002554881e-03 
0.800000 6.9977614853504854e-03 
1.000000 7.0030981510226537e-03 
1.200000 7.0107624417592241e-03 
1.400000 7.0210754874789495e-03 
1.600000 7.0343148713179022e-03 
1.800000 7.0507351435484186e-03 
2.000000 7.0705767959631923e-03 
2.200000 7.0940622892143165e-03 
2.400000 7.1213996368405556e-03 
2.600000 7.1527850606208513e-03 
2.800000 7.1884066905440686e-03 
3.000000 7.2284461494161040e-03 
3.200000 7.2730808384420531e-03 
3.400000 7.3224910640336347e-03 
3.600000 7.3768591398217179e-03 
3.800000 7.4363600580333753e-03 
4.000000 7.5011691623230849e-03 
4.200000 7.5714653757921789e-03 
4.400000 7.6474345582087837e-03 
4.600000 7.7292691115745807e-03 
4.800000 7.8171704288891898e-03 
5.000000 7.9113505611792204e-03 
5.200000 8.0120334738675338e-03 
5.400000 8.1194558391903954e-03 
5.600000 8.2338685835061723e-03 
5.800000 8.3555378144051992e-03 
6.000000 8.4847464205364993e-03 
6.200000 8.6217949060199122e-03 
6.400000 8.7670024118963671e-03 
6.600000 8.9207079737321886e-03 
6.800000 9.0832723433042582e-03 
7.000000 9.2550793709416500e-03 
7.200000 9.4365379694413259e-03 
7.400000 9.6280836230759372e-03 
7.600000 9.8301804744495205e-03 
7.800000 1.0043323105923109e-02 
8.000000 1.0268038921288835e-02 
8.200000 1.0504890176570690e-02 
8.400000 1.0754476313699975e-02 
8.600000 1.1017436570651717e-02 
8.800000 1.1294452441398763e-02 
9.000000 1.1586250607333596e-02 
9.200000 1.1893605872539298e-02 
9.400000 1.2217344447253269e-02 
9.600000 1.2558347363612483e-02 
9.800000 1.2917554160445596e-02 
10.000000 1.3295966729309751e-02 
10.200000 1.3694653493298825e-02 
10.400000 1.4114753800339407e-02 
10.600000 1.4557482641849031e-02 
10.800000 1.5024135626811876e-02 
11.000000 1.5516094274101866e-02 
11.200000 1.6034831558979862e-02 
11.400000 1.6581917814454242e-02 
11.600000 1.7159026882652733e-02 
11.800000 1.7767942631908264e-02 
12.000000 1.8410565876718386e-02 
12.200000 1.9088921496099219e-02 
12.400000 1.9805165896784799e-02 
12.600000 2.0561594771853865e-02 
12.800000 2.1360651143970368e-02 
13.000000 2.2204933666404018e-02 
13.200000 2.3097205140275225e-02 
13.400000 2.4040401209820109e-02 
13.600000 2.5037639175522878e-02 
13.800000 2.6092226847843358e-02 
14.000000 2.7207671357276496e-02 
14.200000 2.8387687823038906e-02 
14.400000 2.9636207750540568e-02 
14.600000 3.0957387009796559e-02 
14.800000 3.2355613233235485e-02 
15.000000 3.3835512437712885e-02 
15.200000 3.5401954631109261e-02 
15.400000 3.7060058174514070e-02 
15.600000 3.8815192598549382e-02 
15.800000 4.0672979559030119e-02 
16.000000 4.2639291584937948e-02 
16.200000 4.4720248233639424e-02 
16.400000 4.6922209243299373e-02 
16.600000 4.9251764245977339e-02 
16.800000 5.1715718581344661e-02 
17.000000 5.4321074738144161e-02 
17.200000 5.7075008946198359e-02 
17.400000 5.9984842448440635e-02 
17.600000 6.3058007003537503e-02 
17.800000 6.6302004208944193e-02 
18.000000 6.9724358292529723e-02 
18.200000 7.3332562101559737e-02 
18.400000 7.7134016122886728e-02 
18.600000 8.1135960500886575e-02 
18.800000 8.5345400176286890e-02 
19.000000 8.9769023455713901e-02 
19.200000 9.4413114531483655e-02 
19.400000 9.9283460703980683e-02 
19.600000 1.0438525530990098e-01 
19.800000 1.0972299762187601e-01 
20.000000 1.1530039125049986e-01 
20.200000 1.2112024283922528e-01 
20.400000 1.2718436308384004e-01 
20.600000 1.3349347231782205e-01 
20.800000 1.4004711307002449e-01 
21.000000 1.4684357210654314e-01 
21.200000 1.5387981450028757e-01 
21.400000 1.6115143221800199e-01 
21.600000 1.6865260956465242e-01 
21.800000 1.7637610757300298e-01 
22.000000 1.8431326907021423e-01 
22.200000 1.9245404569773680e-01 
22.400000 2.0078704761601396e-01 
22.600000 2.0929961600845320e-01 
22.800000 2.1797791783309120e-01 
23.000000 2.2680706158354849e-01 
23.200000 2.3577123214520260e-01 
23.400000 2.4485384220162354e-01 
23.600000 2.5403769709284668e-01 
23.800000 2.6330516958027944e-01 
24.000000 2.7263838065707890e-01 
24.200000 2.8201938237368307e-01 
24.400000 2.9143033863352541e-01 
24.600000 3.0085370005221262e-01 
24.800000 3.1027236925388385e-01 
25.000000 3.1966985338271703e-01 
25.200000 3.2903040111111376e-01 
25.400000 3.3833912200026750e-01 
25.600000 3.4758208668321816e-01 
25.800000 3.5674640696508086e-01 
26.000000 3.6582029554219592e-01 
26.200000 3.7479310560737539e-01 
26.400000 3.8365535111319743e-01 
26.600000 3.9239870889534123e-01 
26.800000 4.0101600420493322e-01 
27.000000 4.0950118145900638e-01 
27.200000 4.1784926219278695e-01 
27.400000 4.2605629229081493e-01 
27.600000 4.3411928059378513e-01 
27.800000 4.4203613093356098e-01 
28.000000 4.4980556955114853e-01 
28.200000 4.5742706971238656e-01 
28.400000 4.6490077516499811e-01 
28.600000 4.7222742388896455e-01 
28.800000 4.7940827338937392e-01 
29.000000 4.8644502857539818e-01 
29.200000 4.9333977306784449e-01 
29.400000 5.0009490458630745e-01 
29.600000 5.0671307488959982e-01 
29.800000 5.1319713458268090e-01 
30.000000 5.1955008296145377e-01 
30.200000 5.2577502294442535e-01 
30.400000 5.3187512103699075e-01 
30.600000 5.3785357218973695e-01 
30.800000 5.4371356934493242e-01 
31.000000 5.4945827741442799e-01 
31.200000 5.5509081139532657e-01 
31.400000 5.6061421830567193e-01 
31.600000 5.6603146260892079e-01 
31.800000 5.7134541479171608e-01 
32.000000 5.7655884276262381e-01 
32.200000 5.8167440574860441e-01 
32.400000 5.8669465037971480e-01 
32.600000 5.9162200866965831e-01 
32.800000 5.9645879761929232e-01 
33.000000 6.0120722019103079e-01 
33.200000 6.0586936742388131e-01 
33.400000 6.1044722148043118e-01 
33.600000 6.1494265943864368e-01 
33.800000 6.1935745766197181e-01 
34.000000 6.2369329660096684e-01 
34.200000 6.2795176589825519e-01 
34.400000 6.3213436968588677e-01 
34.600000 6.3624253198013869e-01 
34.800000 6.4027760209336837e-01 
35.000000 6.4424085999569625e-01 
35.200000 6.4813352157129334e-01 
35.400000 6.5195674372448298e-01 
35.600000 6.5571162930045068e-01 
35.800000 6.5939923179334403e-01 
36.000000 6.6302055982197561e-01 
36.200000 6.6657658135930609e-01 
36.400000 6.7006822770730423e-01 
36.600000 6.7349639721320087e-01 
36.800000 6.7686195872689248e-01 
37.000000 6.8016575480237640e-01 
37.200000 6.8340860464848663e-01 
37.400000 6.8659130683636971e-01 
37.600000 6.8971464177247910e-01 
37.800000 6.9277937394716627e-01 
38.000000 6.9578625396970839e-01 
38.200000 6.9873602040112393e-01 
38.400000 7.0162940139651908e-01 
38.600000 7.0446711616870183e-01 
38.800000 7.0724987628481584e-01 
39.000000 7.0997838680758640e-01 
39.200000 7.1265334729242891e-01 
39.400000 7.1527545265136083e-01 
39.600000 7.1784539389422675e-01 
39.800000 7.2036385875732234e-01 
40.000000 7.2283153222900054e-01 
40.200000 7.2524909698132700e-01 
40.400000 7.2761723371644260e-01 
40.600000 7.2993662143565974e-01 
40.800000 7.3220793763894776e-01 
41.000000 7.3443185846186043e-01 
41.200000 7.3660905875660476e-01 
41.400000 7.3874021212339347e-01 
41.600000 7.4082599089780576e-01 
41.800000 7.4286706609952680e-01 
42.000000 7.4486410734730835e-01 
42.200000 7.4681778274474053e-01 
42.400000 7.4872875874094058e-01 
42.600000 7.5059769997004600e-01 
42.800000 7.5242526907291962e-01 
43.000000 7.5421212650433511e-01 
43.200000 7.5595893032849693e-01 
43.400000 7.5766633600553579e-01 
43.600000 7.5933499617136613e-01 
43.800000 7.6096556041303454e-01 
44.000000 7.6255867504151154e-01 
44.200000 7.6411498286363055e-01 
44.400000 7.6563512295470326e-01 
44.600000 7.6711973043318948e-01 
44.800000 7.6856943623863427e-01 
45.000000 7.6998486691386658e-01 
45.200000 7.7136664439245883e-01 
45.400000 7.7271538579216925e-01 
45.600000 7.7403170321509407e-01 
45.800000 7.7531620355504860e-01 
46.000000 7.7656948831271100e-01 
46.200000 7.7779215341889085e-01 
46.400000 7.7898478906622215e-01 
46.600000 7.8014797954953841e-01 
46.800000 7.8128230311510438e-01 
47.000000 7.8238833181881073e-01 
47.200000 7.8346663139339623e-01 
47.400000 7.8451776112472815e-01 
47.600000 7.8554227373709118e-01 
47.800000 7.8654071528745462e-01 
48.000000 7.8751362506859290e-01 
48.200000 7.8846153552094855e-01 
48.400000 7.8938497215309211e-01 
48.600000 7.9028445347059773e-01 
48.800000 7.9116049091316132e-01 
49.000000 7.9201358879972139e-01 
49.200000 7.9284424428140843e-01 
49.400000 7.9365294730205005e-01 
49.600000 7.9444018056602317e-01 
49.800000 7.9520641951317106e-01 
50.000000 7.9595213230059503e-01 
50.200000 7.9667777979097643e-01 
50.400000 7.9738381554725346e-01 
50.600000 7.9807068583334162e-01 
50.800000 7.9873882962066156e-01 
51.000000 7.9938867860021900e-01 
51.200000 8.0002065719994042e-01 
51.400000 8.0063518260709032e-01 
51.600000 8.0123266479542521e-01 
51.800000 8.0181350655692918e-01 
52.000000 8.0237810353781813e-01 
52.200000 8.0292684427862404e-01 
52.400000 8.0346011025810860e-01 
52.600000 8.0397827594078597e-01 
52.800000 8.0448170882784265e-01 
53.000000 8.0497076951123203e-01 
53.200000 8.0544581173075747e-01 
53.400000 8.0590718243391291e-01 
53.600000 8.0635522183833097e-01 
53.800000 8.0679026349662952e-01 
54.000000 8.0721263436346458e-01 
54.200000 8.0762265486465479e-01 
54.400000 8.0802063896819387e-01 
54.600000 8.0840689425696755e-01 
54.800000 8.0878172200308662e-01 
55.000000 8.0914541724360556e-01 
55.200000 8.0949826885758147e-01 
55.400000 8.0984055964425661e-01 
55.600000 8.1017256640229396e-01 
55.800000 8.1049456000990416e-01 
56.000000 8.1080680550579731e-01 
56.200000 8.1110956217078323e-01 
56.400000 8.1140308360999158e-01 
56.600000 8.1168761783552634e-01 
56.800000 8.1196340734955230e-01 
57.000000 8.1223068922764030e-01 
57.200000 8.1248969520234715e-01 
57.400000 8.1274065174690402e-01 
57.600000 8.1298378015897821e-01 
57.800000 8.1321929664439085e-01 
58.000000 8.1344741240076590e-01 
58.200000 8.1366833370101666e-01 
58.400000 8.1388226197660896e-01 
58.600000 8.1408939390057578e-01 
58.800000 8.1428992147017176e-01 
59.000000 8.1448403208917719e-01 
59.200000 8.1467190864976391e-01 
59.400000 8.1485372961388680e-01 
59.600000 8.1502966909417141e-01 
59.800000 8.1519989693424155e-01 
60.000000 8.1536457878844826e-01 
60.200000 8.1552387620099775e-01 
60.400000 8.1567794668440041e-01 
60.600000 8.1582694379723464e-01 
60.800000 8.1597101722120413e-01 
61.000000 8.1611031283745639e-01 
61.200000 8.1624497280212083e-01 
61.400000 8.1637513562106689e-01 
61.600000 8.1650093622387132e-01 
61.800000 8.1662250603692921e-01 
62.000000 8.1673997305573842e-01 
62.200000 8.1685346191633945e-01 
62.400000 8.1696309396584665e-01 
62.600000 8.1706898733212852e-01 
62.800000 8.1717125699257531e-01 
63.000000 8.1727001484195605e-01 
63.200000 8.1736536975937568e-01 
63.400000 8.1745742767428742e-01 
63.600000 8.1754629163159431e-01 
63.800000 8.1763206185581316e-01 
64.000000 8.1771483581427151e-01 
64.200000 8.1779470827941436e-01 
64.400000 8.1787177139009748e-01 
64.600000 8.1794611471198875e-01 
64.800000 8.1801782529698852e-01 
65.000000 8.1808698774171540e-01 
65.200000 8.1815368424502177e-01 
65.400000 8.1821799466458922e-01 
65.600000 8.1827999657255646e-01 
65.800000 8.1833976531020391e-01 
66.000000 8.1839737404170976e-01 
66.200000 8.1845289380695019e-01 
66.400000 8.1850639357338462e-01 
66.600000 8.1855794028699391e-01 
66.800000 8.1860759892230517e-01 
67.000000 8.1865543253149486e-01 
67.200000 8.1870150229257732e-01 
67.400000 8.1874586755668943e-01 
67.600000 8.1878858589447367e-01 
67.800000 8.1882971314156794e-01 
68.000000 8.1886930344321118e-01 
68.200000 8.1890740929797212e-01 
68.400000 8.1894408160060428e-01 
68.600000 8.1897936968404639e-01 
68.800000 8.1901332136056593e-01 
69.000000 8.1904598296205522e-01 
69.200000 8.1907739937950186e-01 
69.400000 8.1910761410163102e-01 
69.600000 8.1913666925271422e-01 
69.800000 8.1916460562960913e-01 
70.000000 8.1919146273795962e-01 
70.200000 8.1921727882764728e-01 
70.400000 8.1924209092743128e-01 
70.600000 8.1926593487885513e-01 
70.800000 8.1928884536937385e-01 
71.000000 8.1931085596474440e-01 
71.200000 8.1933199914067423e-01 
71.400000 8.1935230631377143e-01 
71.600000 8.1937180787172970e-01 
71.800000 8.1939053320287025e-01 
72.000000 8.1940851072494159e-01 
72.200000 8.1942576791327104e-01 
72.400000 8.1944233132822875e-01 
72.600000 8.1945822664202439e-01 
72.800000 8.1947347866489728e-01 
73.000000 8.1948811137059308e-01 
73.200000 8.1950214792129572e-01 
73.400000 8.1951561069188517e-01 
73.600000 8.1952852129361242e-01 
73.800000 8.1954090059717688e-01 
74.000000 8.1955276875520799e-01 
74.200000 8.1956414522420129e-01 
74.400000 8.1957504878586296e-01 
74.600000 8.1958549756790755e-01 
74.800000 8.1959550906432899e-01 
75.000000 8.1960510015512222e-01 
75.200000 8.1961428712550133e-01 
75.400000 8.1962308568458808e-01 
75.600000 8.1963151098361164e-01 
75.800000 8.1963957763361617e-01 
76.000000 8.1964729972269013e-01 
76.200000 8.1965469083272291e-01 
76.400000 8.1966176405569457e-01 
76.600000 8.1966853200953504e-01 
76.800000 8.1967500685350947e-01 
77.000000 8.1968120030320879e-01 
77.200000 8.1968712364509067e-01 
77.400000 8.1969278775063059e-01 
77.600000 8.1969820309003794e-01 
77.800000 8.1970337974561802e-01 
78.000000 8.1970832742471889e-01 
78.200000 8.1971305547230278e-01 
78.400000 8.1971757288317337e-01 
78.600000 8.1972188831382664e-01 
78.800000 8.1972601009394175e-01 
79.000000 8.1972994623755446e-01 
79.200000 8.1973370445387583e-01 
79.400000 8.1973729215780267e-01 
79.600000 8.1974071648009361e-01 
79.800000 8.1974398427724693e-01 
80.000000 8.1974710214107249e-01 
80.200000 8.1975007640796316e-01 
80.400000 8.1975291316789378e-01 
80.600000 8.1975561827313514e-01 
80.800000 8.1975819734667588e-01 
81.000000 8.1976065579041424e-01 
81.200000 8.1976299879306413e-01 
81.400000 8.1976523133781931e-01 
81.600000 8.1976735820977642e-01 
81.800000 8.1976938400311417e-01 
82.000000 8.1977131312803886e-01 
82.200000 8.1977314981751137e-01 
82.400000 8.1977489813375726e-01 
82.600000 8.1977656197454540e-01 
82.800000 8.1977814507928193e-01 
83.000000 8.1977965103488992e-01 
83.200000 8.1978108328150423e-01 
83.400000 8.1978244511795184e-01 
83.600000 8.1978373970708207e-01 
83.800000 8.1978497008088524e-01 
84.000000 8.1978613914546650e-01 
84.200000 8.1978724968582262e-01 
84.400000 8.1978830437047545e-01 
84.600000 8.1978930575593334e-01 
84.800000 8.1979025629101110e-01 
85.000000 8.1979115832098526e-01 
85.200000 8.1979201409161451e-01 
85.400000 8.1979282575302159e-01 
85.600000 8.1979359536341889e-01 
85.800000 8.1979432489272952e-01 
86.000000 8.1979501622606477e-01 
86.200000 8.1979567116707042e-01 
86.400000 8.1979629144117339e-01 
86.600000 8.1979687869869067e-01 
86.800000 8.1979743451783693e-01 
87.000000 8.1979796040762698e-01 
87.200000 8.1979845781065641e-01 
87.400000 8.1979892810579558e-01 
87.600000 8.1979937261078129e-01 
87.800000 8.1979979258469582e-01 
88.000000 8.1980018923039266e-01 
88.200000 8.1980056369678045e-01 
88.400000 8.1980091708106539e-01 
88.600000 8.1980125043088237e-01 
88.800000 8.1980156474636035e-01 
89.000000 8.1980186098210439e-01 
89.200000 8.1980214004910090e-01 
89.400000 8.1980240281653927e-01 
89.600000 8.1980265011359910e-01 
89.800000 8.1980288273112012e-01 
90.000000 8.1980310142324286e-01 
90.200000 8.1980330690897596e-01 
90.400000 8.1980349987369805e-01 
90.600000 8.1980368097059630e-01 
90.800000 8.1980385082206653e-01 
91.000000 8.1980401002104564e-01 
91.200000 8.1980415913227367e-01 
91.400000 8.1980429869355231e-01 
91.600000 8.1980442921690400e-01 
91.800000 8.1980455118971107e-01 
92.000000 8.1980466507580296e-01 
92.200000 8.1980477131650220e-01 
92.400000 8.1980487033161820e-01 
92.600000 8.1980496252041657e-01 
92.800000 8.1980504826252854e-01 
93.000000 8.1980512791884419e-01 
93.200000 8.1980520183235062e-01 
93.400000 8.1980527032894657e-01 
93.600000 8.1980533371821840e-01 
93.800000 8.1980539229419080e-01 
94.000000 8.1980544633602859e-01 
94.200000 8.1980549610872999e-01 
94.400000 8.1980554186377774e-01 
94.600000 8.1980558383976254e-01 
94.800000 8.1980562226299769e-01 
95.000000 8.1980565734806898e-01 
95.200000 8.1980568929840170e-01 
95.400000 8.1980571830679017e-01 
95.600000 8.1980574455588584e-01 
95.800000 8.1980576821868800e-01 
96.000000 8.1980578945900751e-01 
96.200000 8.1980580843189710e-01 
96.400000 8.1980582528408152e-01 
96.600000 8.1980584015435132e-01 
96.800000 8.1980585317395405e-01 
97.000000 8.1980586446696058e-01 
97.200000 8.1980587415061557e-01 
97.400000 8.1980588233567087e-01 
97.600000 8.1980588912670715e-01 
97.800000 8.1980589462244147e-01 
98.000000 8.1980589891601674e-01 
98.200000 8.1980590209527926e-01 
98.400000 8.1980590424304989e-01 
98.600000 8.1980590543737242e-01 
98.800000 8.1980590575175605e-01 
99.000000 8.1980590525541375e-01 
99.200000 8.1980590401346620e-01 
99.400000 8.1980590208717274e-01 
99.600000 8.1980589953411664e-01 
99.800000 8.1980589640839763e-01 
100.000000 8.1980589276081650e-01 
100.200000 8.1980588863905246e-01 
100.400000 8.1980588408781374e-01 
100.600000 8.1980587914901182e-01 
100.800000 8.1980587386190429e-01 
101.000000 8.1980586826322543e-01 
101.200000 8.1980586238734143e-01 
101.400000 8.1980585626637059e-01 
101.600000 8.1980584993029804e-01 
101.800000 8.1980584340710427e-01 
102.000000 8.1980583672287510e-01 
102.200000 8.1980582990188922e-01 
102.400000 8.1980582296675053e-01 
102.600000 8.1980581593845259e-01 
102.800000 8.1980580883648591e-01 
103.000000 8.1980580167891959e-01 
103.200000 8.1980579448248225e-01 
103.400000 8.1980578726263831e-01 
103.600000 8.1980578003366678e-01 
103.800000 8.1980577280872935e-01 
104.000000 8.1980576559992413e-01 
104.200000 8.1980575841836945e-01 
104.400000 8.1980575127424848e-01 
104.600000 8.1980574417686691e-01 
104.800000 8.1980573713471871e-01 
105.000000 8.1980573015551905e-01 
105.200000 8.1980572324626100e-01 
105.400000 8.1980571641326028e-01 
105.600000 8.1980570966220712e-01 
105.800000 8.1980570299818367e-01 
106.000000 8.1980569642572787e-01 
106.200000 8.1980568994885705e-01 
106.400000 8.1980568357109662e-01 
106.600000 8.1980567729553311e-01 
106.800000 8.1980567112481806e-01 
107.000000 8.1980566506121899e-01 
107.200000 8.1980565910663705e-01 
107.400000 8.1980565326263100e-01 
107.600000 8.1980564753044971e-01 
107.800000 8.1980564191104277e-01 
108.000000 8.1980563640509929e-01 
108.200000 8.1980563101304949e-01 
108.400000 8.1980562573509619e-01 
108.600000 8.1980562057123241e-01 
108.800000 8.1980561552124864e-01 
109.000000 8.1980561058476165e-01 
109.200000 8.1980560576122186e-01 
109.400000 8.1980560104992439e-01 
109.600000 8.1980559645003570e-01 
109.800000 8.1980559196058911e-01 
110.000000 8.1980558758051070e-01 
110.200000 8.1980558330861775e-01 
110.400000 8.1980557914363938e-01 
110.600000 8.1980557508422347e-01 
110.800000 8.1980557112893970e-01 
111.000000 8.1980556727629506e-01 
111.200000 8.1980556352473677e-01 
111.400000 8.1980555987266590e-01 
111.600000 8.1980555631843688e-01 
111.800000 8.1980555286036672e-01 
112.000000 8.1980554949674189e-01 
112.200000 8.1980554622582358e-01 
112.400000 8.1980554304584974e-01 
112.600000 8.1980553995504690e-01 
112.800000 8.1980553695162517e-01 
113.000000 8.1980553403378709e-01 
113.200000 8.1980553119973409e-01 
113.400000 8.1980552844766519e-01 
113.600000 8.1980552577578425e-01 
113.800000 8.1980552318229694e-01 
114.000000 8.1980552066542012e-01 
114.200000 8.1980551822337544e-01 
114.400000 8.1980551585440931e-01 
114.600000 8.1980551355676878e-01 
114.800000 8.1980551132873114e-01 
115.000000 8.1980550916857753e-01 
115.200000 8.1980550707462252e-01 
115.400000 8.1980550504518956e-01 
115.600000 8.1980550307863309e-01 
115.800000 8.1980550117333162e-01 
116.000000 8.1980549932767810e-01 
116.200000 8.1980549754010323e-01 
116.400000 8.1980549580905371e-01 
116.600000 8.1980549413300619e-01 
116.800000 8.1980549251046586e-01 
117.000000 8.1980549093996391e-01 
117.200000 8.1980548942005782e-01 
117.400000 8.1980548794933350e-01 
117.600000 8.1980548652640672e-01 
117.800000 8.1980548514992180e-01 
118.000000 8.1980548381854823e-01 
118.200000 8.1980548253098873e-01 
118.400000 8.1980548128596764e-01 
118.600000 8.1980548008224641e-01 
118.800000 8.1980547891860589e-01 
119.000000 8.1980547779385904e-01 
119.200000 8.1980547670684789e-01 
119.400000 8.1980547565643969e-01 
119.600000 8.1980547464153108e-01 
119.800000 8.1980547366104262e-01 
120.000000 8.1980547271392568e-01 
120.200000 8.1980547179915531e-01 
120.400000 8.1980547091573353e-01 
120.600000 8.1980547006268534e-01 
120.800000 8.1980546923906750e-01 
121.000000 8.1980546844395474e-01 
121.200000 8.1980546767645046e-01 
121.400000 8.1980546693568002e-01 
121.600000 8.1980546622079264e-01 
121.800000 8.1980546553096489e-01 
122.000000 8.1980546486539019e-01 
122.200000 8.1980546422328593e-01 
122.400000 8.1980546360389739e-01 
122.600000 8.1980546300647883e-01 
122.800000 8.1980546243032071e-01 
123.000000 8.1980546187472192e-01 
123.200000 8.1980546133900611e-01 
123.400000 8.1980546082251959e-01 
123.600000 8.1980546032462132e-01 
123.800000 8.1980545984469488e-01 
124.000000 8.1980545938213734e-01 
124.200000 8.1980545893637158e-01 
124.400000 8.1980545850682762e-01 
124.600000 8.1980545809296068e-01 
124.800000 8.1980545769423796e-01 
125.000000 8.1980545731014443e-01 
125.200000 8.1980545694018214e-01 
125.400000 8.1980545658386839e-01 
125.600000 8.1980545624073309e-01 
125.800000 8.1980545591032128e-01 
126.000000 8.1980545559219564e-01 
126.200000 8.1980545528592641e-01 
126.400000 8.1980545499110657e-01 
126.600000 8.1980545470733468e-01 
126.800000 8.1980545443422181e-01 
127.000000 8.1980545417139661e-01 
127.200000 8.1980545391849757e-01 
127.400000 8.1980545367516855e-01 
127.600000 8.1980545344107925e-01 
127.800000 8.1980545321589604e-01 
128.000000 8.1980545299930296e-01 
128.200000 8.1980545279099182e-01 
128.400000 8.1980545259066950e-01 
128.600000 8.1980545239804714e-01 
128.800000 8.1980545221284640e-01 
129.000000 8.1980545203480404e-01 
129.200000 8.1980545186365450e-01 
129.400000 8.1980545169915142e-01 
129.600000 8.1980545154105311e-01 
129.800000 8.1980545138912109e-01 
130.000000 8.1980545124313842e-01 
130.200000 8.1980545110287939e-01 
130.400000 8.1980545096813362e-01 
130.600000 8.1980545083870404e-01 
130.800000 8.1980545071438571e-01 
131.000000 8.1980545059499643e-01 
131.200000 8.1980545048034992e-01 
131.400000 8.1980545037026920e-01 
131.600000 8.1980545026458462e-01 
131.800000 8.1980545016312933e-01 
132.000000 8.1980545006574723e-01 
132.200000 8.1980544997228433e-01 
132.400000 8.1980544988259241e-01 
132.600000 8.1980544979652814e-01 
132.800000 8.1980544971395475e-01 
133.000000 8.1980544963473834e-01 
133.200000 8.1980544955875312e-01 
133.400000 8.1980544948587353e-01 
133.600000 8.1980544941598399e-01 
133.800000 8.1980544934896238e-01 
134.000000 8.1980544928470667e-01 
134.200000 8.1980544922310528e-01 
134.400000 8.1980544916405484e-01 
134.600000 8.1980544910745912e-01 
134.800000 8.1980544905322328e-01 
135.000000 8.1980544900125085e-01 
135.200000 8.1980544895145879e-01 
135.400000 8.1980544890375828e-01 
135.600000 8.1980544885806728e-01 
135.800000 8.1980544881430817e-01 
136.000000 8.1980544877239936e-01 
136.200000 8.1980544873227645e-01 
136.400000 8.1980544869386440e-01 
136.600000 8.1980544865709326e-01 
136.800000 8.1980544862189730e-01 
137.000000 8.1980544858821625e-01 
137.200000 8.1980544855598891e-01 
137.400000 8.1980544852515458e-01 
137.600000 8.1980544849565984e-01 
137.800000 8.1980544846744996e-01 
138.000000 8.1980544844047210e-01 
138.200000 8.1980544841467362e-01 
138.400000 8.1980544839001279e-01 
138.600000 8.1980544836643865e-01 
138.800000 8.1980544834390545e-01 
139.000000 8.1980544832237401e-01 
139.200000 8.1980544830180280e-01 
139.400000 8.1980544828214941e-01 
139.600000 8.1980544826337776e-01 
139.800000 8.1980544824545010e-01 
140.000000 8.1980544822832924e-01 
140.200000 8.1980544821199142e-01 
140.400000 8.1980544819639123e-01 
140.600000 8.1980544818150569e-01 
140.800000 8.1980544816730072e-01 
141.000000 8.1980544815375078e-01 
141.200000 8.1980544814082446e-01 
141.400000 8.1980544812849909e-01 
141.600000 8.1980544811674838e-01 
141.800000 8.1980544810554323e-01 
142.000000 8.1980544809486733e-01 
142.200000 8.1980544808469380e-01 
142.400000 8.1980544807500078e-01 
142.600000 8.1980544806576860e-01 
142.800000 8.1980544805697886e-01 
143.000000 8.1980544804861299e-01 
143.200000 8.1980544804064903e-01 
143.400000 8.1980544803306965e-01 
143.600000 8.1980544802586330e-01 
143.800000 8.1980544801900690e-01 
144.000000 8.1980544801249011e-01 
144.200000 8.1980544800629729e-01 
144.400000 8.1980544800041200e-01 
144.600000 8.1980544799482369e-01 
144.800000 8.1980544798951660e-01 
145.000000 8.1980544798448240e-01 
145.200000 8.1980544797970556e-01 
145.400000 8.1980544797517574e-01 
145.600000 8.1980544797088428e-01 
145.800000 8.1980544796681931e-01 
146.000000 8.1980544796297017e-01 
146.200000 8.1980544795932653e-01 
146.400000 8.1980544795588239e-01 
146.600000 8.1980544795262600e-01 
146.800000 8.1980544794954946e-01 
147.000000 8.1980544794664600e-01 
147.200000 8.1980544794391208e-01 
147.400000 8.1980544794134025e-01 
147.600000 8.1980544793892096e-01 
147.800000 8.1980544793665233e-01 
148.000000 8.1980544793452337e-01 
148.200000 8.1980544793253063e-01 
148.400000 8.1980544793066790e-01 
148.600000 8.1980544792892518e-01 
148.800000 8.1980544792730048e-01 
149.000000 8.1980544792578836e-01 
149.200000 8.1980544792438037e-01 
149.400000 8.1980544792307619e-01 
149.600000 8.1980544792186993e-01 
149.800000 8.1980544792075793e-01 
