0.000000 5.1575913766011761e-01 
0.200000 5.1576201622600515e-01 
0.400000 5.1576864344998707e-01 
0.600000 5.1577751179251952e-01 
0.800000 5.1578727797532342e-01 
1.000000 5.1579672256335418e-01 
1.200000 5.1580472507563857e-01 
1.400000 5.1581023891638256e-01 
1.600000 5.1581226974396832e-01 
1.800000 5.1580985644705524e-01 
2.000000 5.1580205710531812e-01 
2.200000 5.1578835838406956e-01 
2.400000 5.1576855157045698e-01 
2.600000 5.1574249103058412e-01 
2.800000 5.1571006814075426e-01 
3.000000 5.1567119334604250e-01 
3.200000 5.1562578626657507e-01 
3.400000 5.1557377077024757e-01 
3.600000 5.1551594997449135e-01 
3.800000 5.1545280503288315e-01 
4.000000 5.1538415811770033e-01 
4.200000 5.1530975880972985e-01 
4.400000 5.1522926194474861e-01 
4.600000 5.1514230022019625e-01 
4.800000 5.1504849423092558e-01 
5.000000 5.1494746907188527e-01 
5.200000 5.1483886492284903e-01 
5.400000 5.1472234362177705e-01 
5.600000 5.1459758480631890e-01 
5.800000 5.1446427671599471e-01 
6.000000 5.1432210894616914e-01 
6.200000 5.1417076637732606e-01 
6.400000 5.1400992156818992e-01 
6.600000 5.1383922730839260e-01 
6.800000 5.1365831606068502e-01 
7.000000 5.1346677455103618e-01 
7.200000 5.1326413556400508e-01 
7.400000 5.1304989334778917e-01 
7.600000 5.1282351055050168e-01 
7.800000 5.1258441796447451e-01 
8.000000 5.1233201466164124e-01 
8.200000 5.1206566675906751e-01 
8.400000 5.1178470560190592e-01 
8.600000 5.1148842470257672e-01 
8.800000 5.1117607626492911e-01 
9.000000 5.1084686698338788e-01 
9.200000 5.1049995393558378e-01 
9.400000 5.1013444028862975e-01 
9.600000 5.0974937096926698e-01 
9.800000 5.0934372860033617e-01 
10.000000 5.0891643045691670e-01 
10.200000 5.0846632432683259e-01 
10.400000 5.0799218382753908e-01 
10.600000 5.0749270319481188e-01 
10.800000 5.0696649250154280e-01 
11.000000 5.0641207295359592e-01 
11.200000 5.0582787192313028e-01 
11.400000 5.0521221740194588e-01 
11.600000 5.0456333194753833e-01 
11.800000 5.0387932628552556e-01 
12.000000 5.0315819245779037e-01 
12.200000 5.0239779670662710e-01 
12.400000 5.0159587205066347e-01 
12.600000 5.0075001065174496e-01 
12.800000 4.9985765596814369e-01 
13.000000 4.9891609477053839e-01 
13.200000 4.9792244901282678e-01 
13.400000 4.9687366761117713e-01 
13.600000 4.9576651817326128e-01 
13.800000 4.9459757880987137e-01 
14.000000 4.9336323012571615e-01 
14.200000 4.9205964752924308e-01 
14.400000 4.9068279394740733e-01 
14.600000 4.8922841313827309e-01 
14.800000 4.8769202378677062e-01 
15.000000 4.8606891459724494e-01 
15.200000 4.8435414071950617e-01 
15.400000 4.8254252178442747e-01 
15.600000 4.8062864188995796e-01 
15.800000 4.7860685191217917e-01 
16.000000 4.7647127454977251e-01 
16.200000 4.7421581254365675e-01 
16.400000 4.7183416053701754e-01 
16.600000 4.6931982106873715e-01 
16.800000 4.6666612520940065e-01 
17.000000 4.6386625835305922e-01 
17.200000 4.6091329166682971e-01 
17.400000 4.5780021968106172e-01 
17.600000 4.5452000445822666e-01 
17.800000 4.5106562671249995e-01 
18.000000 4.4743014416502097e-01 
18.200000 4.4360675731143034e-01 
18.400000 4.3958888262702212e-01 
18.600000 4.3537023307421691e-01 
18.800000 4.3094490557733767e-01 
19.000000 4.2630747490725629e-01 
19.200000 4.2145309317588692e-01 
19.400000 4.1637759387667572e-01 
19.600000 4.1107759913138436e-01 
19.800000 4.0555062852246504e-01 
20.000000 3.9979520761181669e-01 
20.200000 3.9381097398207376e-01 
20.400000 3.8759877839887691e-01 
20.600000 3.8116077849558083e-01 
20.800000 3.7450052224106273e-01 
21.000000 3.6762301838257044e-01 
21.200000 3.6053479107502978e-01 
21.400000 3.5324391602930677e-01 
21.600000 3.4576003574500958e-01 
21.800000 3.3809435174628327e-01 
22.000000 3.3025959220932810e-01 
22.200000 3.2226995395255936e-01 
22.400000 3.1414101843789710e-01 
22.600000 3.0588964218140130e-01 
22.800000 2.9753382276249557e-01 
23.000000 2.8909254241701943e-01 
23.200000 2.8058559196008726e-01 
23.400000 2.7203337847025982e-01 
23.600000 2.6345672073886722e-01 
23.800000 2.5487663691560480e-01 
24.000000 2.4631412903976238e-01 
24.200000 2.3778996922261822e-01 
24.400000 2.2932449213791825e-01 
24.600000 2.2093739819336047e-01 
24.800000 2.1264757131566930e-01 
25.000000 2.0447291471298093e-01 
25.200000 1.9643020731424535e-01 
25.400000 1.8853498286301110e-01 
25.600000 1.8080143289932166e-01 
25.800000 1.7324233413329312e-01 
26.000000 1.6586900002800248e-01 
26.200000 1.5869125579224286e-01 
26.400000 1.5171743545390495e-01 
26.600000 1.4495439925358211e-01 
26.800000 1.3840756927056524e-01 
27.000000 1.3208098096882756e-01 
27.200000 1.2597734822353693e-01 
27.400000 1.2009813934995174e-01 
27.600000 1.1444366169468473e-01 
27.800000 1.0901315245140890e-01 
28.000000 1.0380487351572044e-01 
28.200000 9.8816208383993923e-02 
28.400000 9.4043759316446610e-02 
28.600000 8.9483443214357500e-02 
28.800000 8.5130584895923012e-02 
29.000000 8.0980006686691114e-02 
29.200000 7.7026113462650592e-02 
29.400000 7.3262972491958678e-02 
29.600000 6.9684387611622184e-02 
29.800000 6.6283967445958714e-02 
30.000000 6.3055187523230430e-02 
30.200000 5.9991446275162626e-02 
30.400000 5.7086115011616138e-02 
30.600000 5.4332582050380343e-02 
30.800000 5.1724291251356309e-02 
31.000000 4.9254775256881739e-02 
31.200000 4.6917683777469202e-02 
31.400000 4.4706807286654028e-02 
31.600000 4.2616096501821826e-02 
31.800000 4.0639678031658848e-02 
32.000000 3.8771866566890502e-02 
32.200000 3.7007173980825217e-02 
32.400000 3.5340315691298342e-02 
32.600000 3.3766214617133271e-02 
32.800000 3.2280003041303205e-02 
33.000000 3.0877022670449908e-02 
33.200000 2.9552823157104256e-02 
33.400000 2.8303159327431823e-02 
33.600000 2.7123987334121424e-02 
33.800000 2.6011459931514134e-02 
34.000000 2.4961921048530133e-02 
34.200000 2.3971899814594775e-02 
34.400000 2.3038104174745826e-02 
34.600000 2.2157414212479402e-02 
34.800000 2.1326875282726761e-02 
35.000000 2.0543691042625118e-02 
35.200000 1.9805216454435677e-02 
35.400000 1.9108950823016325e-02 
35.600000 1.8452530919602916e-02 
35.800000 1.7833724234225554e-02 
36.000000 1.7250422390782543e-02 
36.200000 1.6700634751543597e-02 
36.400000 1.6182482231553365e-02 
36.600000 1.5694191337969940e-02 
36.800000 1.5234088444726528e-02 
37.000000 1.4800594308946174e-02 
37.200000 1.4392218832213106e-02 
37.400000 1.4007556067023429e-02 
37.600000 1.3645279466445647e-02 
37.800000 1.3304137373150747e-02 
38.000000 1.2982948742474102e-02 
38.200000 1.2680599092991383e-02 
38.400000 1.2396036677188693e-02 
38.600000 1.2128268864138743e-02 
38.800000 1.1876358725631550e-02 
39.000000 1.1639421816909700e-02 
39.200000 1.1416623143006788e-02 
39.400000 1.1207174301651374e-02 
39.600000 1.1010330793761985e-02 
39.800000 1.0825389492698789e-02 
40.000000 1.0651686263642442e-02 
40.200000 1.0488593724722717e-02 
40.400000 1.0335519141810698e-02 
40.600000 1.0191902449204088e-02 
40.800000 1.0057214388771420e-02 
41.000000 9.9309547604663692e-03 
41.200000 9.8126507774745769e-03 
41.400000 9.7018555196068459e-03 
41.600000 9.5981464788981868e-03 
41.800000 9.5011241917134052e-03 
42.000000 9.4104109519876928e-03 
42.200000 9.3256496005516606e-03 
42.400000 9.2465023857931147e-03 
42.600000 9.1726498912025611e-03 
42.800000 9.1037900256247580e-03 
43.000000 9.0396370723043375e-03 
43.200000 8.9799207930613672e-03 
43.400000 8.9243855841683716e-03 
43.600000 8.8727896807220801e-03 
43.800000 8.8249044065101031e-03 
44.000000 8.7805134665691238e-03 
44.200000 8.7394122798135302e-03 
44.400000 8.7014073492841272e-03 
44.600000 8.6663156677280872e-03 
44.800000 8.6339641563690402e-03 
45.000000 8.6041891348675233e-03 
45.200000 8.5768358206010399e-03 
45.400000 8.5517578555159533e-03 
45.600000 8.5288168589154265e-03 
45.800000 8.5078820046544396e-03 
46.000000 8.4888296213109539e-03 
46.200000 8.4715428139942872e-03 
46.400000 8.4559111065369563e-03 
46.600000 8.4418301028968603e-03 
46.800000 8.4292011666695851e-03 
47.000000 8.4179311176812207e-03 
47.200000 8.4079319446955254e-03 
47.400000 8.3991205333298260e-03 
47.600000 8.3914184083295987e-03 
47.800000 8.3847514894047227e-03 
48.000000 8.3790498598772852e-03 
48.200000 8.3742475474389740e-03 
48.400000 8.3702823163544632e-03 
48.600000 8.3670954704911284e-03 
48.800000 8.3646316665882316e-03 
49.000000 8.3628387372161606e-03 
49.200000 8.3616675229056733e-03 
49.400000 8.3610717129604974e-03 
49.600000 8.3610076944912633e-03 
49.800000 8.3614344092368086e-03 
50.000000 8.3623132177639836e-03 
50.200000 8.3636077706587715e-03 
50.400000 8.3652838863436628e-03 
50.600000 8.3673094351770332e-03 
50.800000 8.3696542295078509e-03 
51.000000 8.3722899193791490e-03 
51.200000 8.3751898935876361e-03 
51.400000 8.3783291858249009e-03 
51.600000 8.3816843856393246e-03 
51.800000 8.3852335539719349e-03 
52.000000 8.3889561430327466e-03 
52.200000 8.3928329202961355e-03 
52.400000 8.3968458964059495e-03 
52.600000 8.4009782567913832e-03 
52.800000 8.4052142968060201e-03 
53.000000 8.4095393602107524e-03 
53.200000 8.4139397808318857e-03 
53.400000 8.4184028272341355e-03 
53.600000 8.4229166502556106e-03 
53.800000 8.4274702332610002e-03 
54.000000 8.4320533449754476e-03 
54.200000 8.4366564947694900e-03 
54.400000 8.4412708902709584e-03 
54.600000 8.4458883971874569e-03 
54.800000 8.4505015012274250e-03 
55.000000 8.4551032720145258e-03 
55.200000 8.4596873288946568e-03 
55.400000 8.4642478085409801e-03 
55.600000 8.4687793342657618e-03 
55.800000 8.4732769869531859e-03 
56.000000 8.4777362775315772e-03 
56.200000 8.4821531209079652e-03 
56.400000 8.4865238112900050e-03 
56.600000 8.4908449988265189e-03 
56.800000 8.4951136674992159e-03 
57.000000 8.4993271142029397e-03 
57.200000 8.5034829289539187e-03 
57.400000 8.5075789761690206e-03 
57.600000 8.5116133769621658e-03 
57.800000 8.5155844924053176e-03 
58.000000 8.5194909077065811e-03 
58.200000 8.5233314172567694e-03 
58.400000 8.5271050105022745e-03 
58.600000 8.5308108586006938e-03 
58.800000 8.5344483018196596e-03 
59.000000 8.5380168376412210e-03 
59.200000 8.5415161095348663e-03 
59.400000 8.5449458963655096e-03 
59.600000 8.5483061024037351e-03 
59.800000 8.5515967479066046e-03 
60.000000 8.5548179602406172e-03 
60.200000 8.5579699655176349e-03 
60.400000 8.5610530807182315e-03 
60.600000 8.5640677062761850e-03 
60.800000 8.5670143191007176e-03 
61.000000 8.5698934660133654e-03 
61.200000 8.5727057575778007e-03 
61.400000 8.5754518623016654e-03 
61.600000 8.5781325011913146e-03 
61.800000 8.5807484426405501e-03 
62.000000 8.5833004976353638e-03 
62.200000 8.5857895152584695e-03 
62.400000 8.5882163784769643e-03 
62.600000 8.5905820001983373e-03 
62.800000 8.5928873195803401e-03 
63.000000 8.5951332985810605e-03 
63.200000 8.5973209187355550e-03 
63.400000 8.5994511781477996e-03 
63.600000 8.6015250886852784e-03 
63.800000 8.6035436733652368e-03 
64.000000 8.6055079639223916e-03 
64.200000 8.6074189985476165e-03 
64.400000 8.6092778197881387e-03 
64.600000 8.6110854726003314e-03 
64.800000 8.6128430025465188e-03 
65.000000 8.6145514541273571e-03 
65.200000 8.6162118692420797e-03 
65.400000 8.6178252857697351e-03 
65.600000 8.6193927362636404e-03 
65.800000 8.6209152467532843e-03 
66.000000 8.6223938356465822e-03 
66.200000 8.6238295127272786e-03 
66.400000 8.6252232782414052e-03 
66.600000 8.6265761220671883e-03 
66.800000 8.6278890229643020e-03 
67.000000 8.6291629478965678e-03 
67.200000 8.6303988514241248e-03 
67.400000 8.6315976751609406e-03 
67.600000 8.6327603472927759e-03 
67.800000 8.6338877821527469e-03 
68.000000 8.6349808798499867e-03 
68.200000 8.6360405259484716e-03 
68.400000 8.6370675911925099e-03 
68.600000 8.6380629312754250e-03 
68.800000 8.6390273866496312e-03 
69.000000 8.6399617823741150e-03 
69.200000 8.6408669279970426e-03 
69.400000 8.6417436174714129e-03 
69.600000 8.6425926291011871e-03 
69.800000 8.6434147255151847e-03 
70.000000 8.6442106536679022e-03 
70.200000 8.6449811448636067e-03 
70.400000 8.6457269148033384e-03 
70.600000 8.6464486636522921e-03 
70.800000 8.6471470761260889e-03 
71.000000 8.6478228215943458e-03 
71.200000 8.6484765542001081e-03 
71.400000 8.6491089129941776e-03 
71.600000 8.6497205220818288e-03 
71.800000 8.6503119907825037e-03 
72.000000 8.6508839137994144e-03 
72.200000 8.6514368713996436e-03 
72.400000 8.6519714296026916e-03 
72.600000 8.6524881403765349e-03 
72.800000 8.6529875418412550e-03 
73.000000 8.6534701584781680e-03 
73.200000 8.6539365013445259e-03 
73.400000 8.6543870682928258e-03 
73.600000 8.6548223441938882e-03 
73.800000 8.6552428011632595e-03 
74.000000 8.6556488987902247e-03 
74.200000 8.6560410843689525e-03 
74.400000 8.6564197931314601e-03 
74.600000 8.6567854484812766e-03 
74.800000 8.6571384622279798e-03 
75.000000 8.6574792348224350e-03 
75.200000 8.6578081555907429e-03 
75.400000 8.6581256029693542e-03 
75.600000 8.6584319447378499e-03 
75.800000 8.6587275382516392e-03 
76.000000 8.6590127306728354e-03 
76.200000 8.6592878591995985e-03 
76.400000 8.6595532512937640e-03 
76.600000 8.6598092249060184e-03 
76.800000 8.6600560886993944e-03 
77.000000 8.6602941422698494e-03 
77.200000 8.6605236763644400e-03 
77.400000 8.6607449730967088e-03 
77.600000 8.6609583061595542e-03 
77.800000 8.6611639410343264e-03 
78.000000 8.6613621351977147e-03 
78.200000 8.6615531383251038e-03 
78.400000 8.6617371924906008e-03 
78.600000 8.6619145323638073e-03 
78.800000 8.6620853854035579e-03 
79.000000 8.6622499720477829e-03 
79.200000 8.6624085059001221e-03 
79.400000 8.6625611939132492e-03 
79.600000 8.6627082365684574e-03 
79.800000 8.6628498280517611e-03 
80.000000 8.6629861564266539e-03 
80.200000 8.6631174038031625e-03 
80.400000 8.6632437465035874e-03 
80.600000 8.6633653552245157e-03 
80.800000 8.6634823951952517e-03 
81.000000 8.6635950263334229e-03 
81.200000 8.6637034033963129e-03 
81.400000 8.6638076761290650e-03 
81.600000 8.6639079894099153e-03 
81.800000 8.6640044833912865e-03 
82.000000 8.6640972936382083e-03 
82.200000 8.6641865512630135e-03 
82.400000 8.6642723830570537e-03 
82.600000 8.6643549116191612e-03 
82.800000 8.6644342554804497e-03 
83.000000 8.6645105292270166e-03 
83.200000 8.6645838436183991e-03 
83.400000 8.6646543057039664e-03 
83.600000 8.6647220189355542e-03 
83.800000 8.6647870832778449e-03 
84.000000 8.6648495953152941e-03 
84.200000 8.6649096483566775e-03 
84.400000 8.6649673325362581e-03 
84.600000 8.6650227349132098e-03 
84.800000 8.6650759395672811e-03 
85.000000 8.6651270276924229e-03 
85.200000 8.6651760776879482e-03 
85.400000 8.6652231652467829e-03 
85.600000 8.6652683634414578e-03 
85.800000 8.6653117428076541e-03 
86.000000 8.6653533714255698e-03 
86.200000 8.6653933149985485e-03 
86.400000 8.6654316369299475e-03 
86.600000 8.6654683983973767e-03 
86.800000 8.6655036584250347e-03 
87.000000 8.6655374739540020e-03 
87.200000 8.6655698999102797e-03 
87.400000 8.6656009892706522e-03 
87.600000 8.6656307931272641e-03 
87.800000 8.6656593607495613e-03 
88.000000 8.6656867396447696e-03 
88.200000 8.6657129756164304e-03 
88.400000 8.6657381128213661e-03 
88.600000 8.6657621938243980e-03 
88.800000 8.6657852596521284e-03 
89.000000 8.6658073498444652e-03 
89.200000 8.6658285025049027e-03 
89.400000 8.6658487543489308e-03 
89.600000 8.6658681407515755e-03 
89.800000 8.6658866957926781e-03 
90.000000 8.6659044523011933e-03 
90.200000 8.6659214418980095e-03 
90.400000 8.6659376950375972e-03 
90.600000 8.6659532410479582e-03 
90.800000 8.6659681081695718e-03 
91.000000 8.6659823235931323e-03 
91.200000 8.6659959134959292e-03 
91.400000 8.6660089030771680e-03 
91.600000 8.6660213165919743e-03 
91.800000 8.6660331773845967e-03 
92.000000 8.6660445079202696e-03 
92.200000 8.6660553298162635e-03 
92.400000 8.6660656638716249e-03 
92.600000 8.6660755300960960e-03 
92.800000 8.6660849477383246e-03 
93.000000 8.6660939353127645e-03 
93.200000 8.6661025106257242e-03 
93.400000 8.6661106908009385e-03 
93.600000 8.6661184923038249e-03 
93.800000 8.6661259309650952e-03 
94.000000 8.6661330220037611e-03 
94.200000 8.6661397800491830e-03 
94.400000 8.6661462191620648e-03 
94.600000 8.6661523528556786e-03 
94.800000 8.6661581941151460e-03 
95.000000 8.6661637554172818e-03 
95.200000 8.6661690487486662e-03 
95.400000 8.6661740856237499e-03 
95.600000 8.6661788771023006e-03 
95.800000 8.6661834338062592e-03 
96.000000 8.6661877659354822e-03 
96.200000 8.6661918832835888e-03 
96.400000 8.6661957952531028e-03 
96.600000 8.6661995108699881e-03 
96.800000 8.6662030387973221e-03 
97.000000 8.6662063873495336e-03 
97.200000 8.6662095645046264e-03 
97.400000 8.6662125779175935e-03 
97.600000 8.6662154349320137e-03 
97.800000 8.6662181425921376e-03 
98.000000 8.6662207076539845e-03 
98.200000 8.6662231365964397e-03 
98.400000 8.6662254356317785e-03 
98.600000 8.6662276107155427e-03 
98.800000 8.6662296675568667e-03 
99.000000 8.6662316116275125e-03 
99.200000 8.6662334481710877e-03 
99.400000 8.6662351822118476e-03 
99.600000 8.6662368185632666e-03 
99.800000 8.6662383618360834e-03 
100.000000 8.6662398164460541e-03 
100.200000 8.6662411866218481e-03 
100.400000 8.6662424764120498e-03 
100.600000 8.6662436896924825e-03 
100.800000 8.6662448301726737e-03 
101.000000 8.6662459014026673e-03 
101.200000 8.6662469067792409e-03 
101.400000 8.6662478495517815e-03 
101.600000 8.6662487328285822e-03 
101.800000 8.6662495595816996e-03 
102.000000 8.6662503326534190e-03 
102.200000 8.6662510547604842e-03 
102.400000 8.6662517284995903e-03 
102.600000 8.6662523563524052e-03 
102.800000 8.6662529406896210e-03 
103.000000 8.6662534837760770e-03 
103.200000 8.6662539877746976e-03 
103.400000 8.6662544547505636e-03 
103.600000 8.6662548866753373e-03 
103.800000 8.6662552854306681e-03 
104.000000 8.6662556528121128e-03 
104.200000 8.6662559905326276e-03 
104.400000 8.6662563002258344e-03 
104.600000 8.6662565834497683e-03 
104.800000 8.6662568416895278e-03 
105.000000 8.6662570763605777e-03 
105.200000 8.6662572888116188e-03 
105.400000 8.6662574803273128e-03 
105.600000 8.6662576521312606e-03 
105.800000 8.6662578053882354e-03 
106.000000 8.6662579412070100e-03 
106.200000 8.6662580606423709e-03 
106.400000 8.6662581646979216e-03 
106.600000 8.6662582543278414e-03 
106.800000 8.6662583304392485e-03 
107.000000 8.6662583938941686e-03 
107.200000 8.6662584455116168e-03 
107.400000 8.6662584860692522e-03 
107.600000 8.6662585163053939e-03 
107.800000 8.6662585369206655e-03 
108.000000 8.6662585485797455e-03 
108.200000 8.6662585519127547e-03 
108.400000 8.6662585475171024e-03 
108.600000 8.6662585359586538e-03 
108.800000 8.6662585177734730e-03 
109.000000 8.6662584934687897e-03 
109.200000 8.6662584635246644e-03 
109.400000 8.6662584283949840e-03 
109.600000 8.6662583885088722e-03 
109.800000 8.6662583442715622e-03 
110.000000 8.6662582960657149e-03 
110.200000 8.6662582442524720e-03 
110.400000 8.6662581891724499e-03 
110.600000 8.6662581311463677e-03 
110.800000 8.6662580704766935e-03 
111.000000 8.6662580074478926e-03 
111.200000 8.6662579423273933e-03 
111.400000 8.6662578753667618e-03 
111.600000 8.6662578068020194e-03 
111.800000 8.6662577368547093e-03 
112.000000 8.6662576657325005e-03 
112.200000 8.6662575936298277e-03 
112.400000 8.6662575207286287e-03 
112.600000 8.6662574471990227e-03 
112.800000 8.6662573731995443e-03 
113.000000 8.6662572988783944e-03 
113.200000 8.6662572243732475e-03 
113.400000 8.6662571498122530e-03 
113.600000 8.6662570753145741e-03 
113.800000 8.6662570009902583e-03 
114.000000 8.6662569269415728e-03 
114.200000 8.6662568532627719e-03 
114.400000 8.6662567800407497e-03 
114.600000 8.6662567073555619e-03 
114.800000 8.6662566352805493e-03 
115.000000 8.6662565638828213e-03 
115.200000 8.6662564932236848e-03 
115.400000 8.6662564233587654e-03 
115.600000 8.6662563543386303e-03 
115.800000 8.6662562862087570e-03 
116.000000 8.6662562190099688e-03 
116.200000 8.6662561527789100e-03 
116.400000 8.6662560875478342e-03 
116.600000 8.6662560233452708e-03 
116.800000 8.6662559601961685e-03 
117.000000 8.6662558981218211e-03 
117.200000 8.6662558371405976e-03 
117.400000 8.6662557772677340e-03 
117.600000 8.6662557185155920e-03 
117.800000 8.6662556608940559e-03 
118.000000 8.6662556044103875e-03 
118.200000 8.6662555490697821e-03 
118.400000 8.6662554948751299e-03 
118.600000 8.6662554418274144e-03 
118.800000 8.6662553899256971e-03 
119.000000 8.6662553391674748e-03 
119.200000 8.6662552895485599e-03 
119.400000 8.6662552410632712e-03 
119.600000 8.6662551937047444e-03 
119.800000 8.6662551474646545e-03 
120.000000 8.6662551023336930e-03 
120.200000 8.6662550583014985e-03 
120.400000 8.6662550153567292e-03 
120.600000 8.6662549734871901e-03 
120.800000 8.6662549326798222e-03 
121.000000 8.6662548929210201e-03 
121.200000 8.6662548541964323e-03 
121.400000 8.6662548164911438e-03 
121.600000 8.6662547797897345e-03 
121.800000 8.6662547440763595e-03 
122.000000 8.6662547093348738e-03 
122.200000 8.6662546755486014e-03 
122.400000 8.6662546427007346e-03 
122.600000 8.6662546107741621e-03 
122.800000 8.6662545797516338e-03 
123.000000 8.6662545496156308e-03 
123.200000 8.6662545203486790e-03 
123.400000 8.6662544919331001e-03 
123.600000 8.6662544643512276e-03 
123.800000 8.6662544375853846e-03 
124.000000 8.6662544116177676e-03 
124.200000 8.6662543864308144e-03 
124.400000 8.6662543620068949e-03 
124.600000 8.6662543383285301e-03 
124.800000 8.6662543153783068e-03 
125.000000 8.6662542931389887e-03 
125.200000 8.6662542715933589e-03 
125.400000 8.6662542507244793e-03 
125.600000 8.6662542305156499e-03 
125.800000 8.6662542109501271e-03 
126.000000 8.6662541920115490e-03 
126.200000 8.6662541736837826e-03 
126.400000 8.6662541559507141e-03 
126.600000 8.6662541387966998e-03 
126.800000 8.6662541222062243e-03 
127.000000 8.6662541061640810e-03 
127.200000 8.6662540906551067e-03 
127.400000 8.6662540756646464e-03 
127.600000 8.6662540611782361e-03 
127.800000 8.6662540471815312e-03 
128.000000 8.6662540336606766e-03 
128.200000 8.6662540206019090e-03 
128.400000 8.6662540079918537e-03 
128.600000 8.6662539958173735e-03 
128.800000 8.6662539840655674e-03 
129.000000 8.6662539727237926e-03 
129.200000 8.6662539617798524e-03 
129.400000 8.6662539512215604e-03 
129.600000 8.6662539410372122e-03 
129.800000 8.6662539312152859e-03 
130.000000 8.6662539217445024e-03 
130.200000 8.6662539126140126e-03 
130.400000 8.6662539038130215e-03 
130.600000 8.6662538953311032e-03 
130.800000 8.6662538871580316e-03 
131.000000 8.6662538792839586e-03 
131.200000 8.6662538716992515e-03 
131.400000 8.6662538643943639e-03 
131.600000 8.6662538573602267e-03 
131.800000 8.6662538505879114e-03 
132.000000 8.6662538440687026e-03 
132.200000 8.6662538377941661e-03 
132.400000 8.6662538317561020e-03 
132.600000 8.6662538259465530e-03 
132.800000 8.6662538203576486e-03 
133.000000 8.6662538149819852e-03 
133.200000 8.6662538098121657e-03 
133.400000 8.6662538048411179e-03 
133.600000 8.6662538000618940e-03 
133.800000 8.6662537954678171e-03 
134.000000 8.6662537910524237e-03 
134.200000 8.6662537868093786e-03 
134.400000 8.6662537827325789e-03 
134.600000 8.6662537788160972e-03 
134.800000 8.6662537750542192e-03 
135.000000 8.6662537714412881e-03 
135.200000 8.6662537679720857e-03 
135.400000 8.6662537646412206e-03 
135.600000 8.6662537614437905e-03 
135.800000 8.6662537583747593e-03 
136.000000 8.6662537554295198e-03 
136.200000 8.6662537526034332e-03 
136.400000 8.6662537498920708e-03 
136.600000 8.6662537472911826e-03 
136.800000 8.6662537447965895e-03 
137.000000 8.6662537424042584e-03 
137.200000 8.6662537401104075e-03 
137.400000 8.6662537379112881e-03 
137.600000 8.6662537358032348e-03 
137.800000 8.6662537337827746e-03 
138.000000 8.6662537318465925e-03 
138.200000 8.6662537299913404e-03 
138.400000 8.6662537282139462e-03 
138.600000 8.6662537265114869e-03 
138.800000 8.6662537248808347e-03 
139.000000 8.6662537233193390e-03 
139.200000 8.6662537218241912e-03 
139.400000 8.6662537203928067e-03 
139.600000 8.6662537190226943e-03 
139.800000 8.6662537177114082e-03 
140.000000 8.6662537164565647e-03 
140.200000 8.6662537152559140e-03 
140.400000 8.6662537141073571e-03 
140.600000 8.6662537130087480e-03 
140.800000 8.6662537119580399e-03 
141.000000 8.6662537109533661e-03 
141.200000 8.6662537099928359e-03 
141.400000 8.6662537090746120e-03 
141.600000 8.6662537081970848e-03 
141.800000 8.6662537073584553e-03 
142.000000 8.6662537065571935e-03 
142.200000 8.6662537057918595e-03 
142.400000 8.6662537050607915e-03 
142.600000 8.6662537043627544e-03 
142.800000 8.6662537036963274e-03 
143.000000 8.6662537030601072e-03 
143.200000 8.6662537024529696e-03 
143.400000 8.6662537018736864e-03 
143.600000 8.6662537013210833e-03 
143.800000 8.6662537007940552e-03 
144.000000 8.6662537002915874e-03 
144.200000 8.6662536998125903e-03 
144.400000 8.6662536993562349e-03 
144.600000 8.6662536989214455e-03 
144.800000 8.6662536985074139e-03 
145.000000 8.6662536981132344e-03 
145.200000 8.6662536977381611e-03 
145.400000 8.6662536973813754e-03 
145.600000 8.6662536970421034e-03 
145.800000 8.6662536967196217e-03 
146.000000 8.6662536964132609e-03 
146.200000 8.6662536961222732e-03 
146.400000 8.6662536958461572e-03 
146.600000 8.6662536955842678e-03 
146.800000 8.6662536953361676e-03 
147.000000 8.6662536951013086e-03 
147.200000 8.6662536948793126e-03 
147.400000 8.6662536946696591e-03 
147.600000 8.6662536944718937e-03 
147.800000 8.6662536942855167e-03 
148.000000 8.6662536941100911e-03 
148.200000 8.6662536939451258e-03 
148.400000 8.6662536937902410e-03 
148.600000 8.6662536936449441e-03 
148.800000 8.6662536935088446e-03 
149.000000 8.6662536933815575e-03 
149.200000 8.6662536932627324e-03 
149.400000 8.6662536931518663e-03 
149.600000 8.6662536930487075e-03 
149.800000 8.6662536929528328e-03 
