0.000000 6.4865133980686511e-03 
0.200000 6.4865741851814224e-03 
0.400000 6.4869142107797564e-03 
0.600000 6.4878340994417938e-03 
0.800000 6.4895990410252045e-03 
1.000000 6.4924406594727285e-03 
1.200000 6.4965576330875191e-03 
1.400000 6.5021180602553470e-03 
1.600000 6.5092634510239217e-03 
1.800000 6.5181188151666051e-03 
2.000000 6.5288059043630700e-03 
2.200000 6.5414350918782454e-03 
2.400000 6.5561070733819839e-03 
2.600000 6.5729146354997232e-03 
2.800000 6.5919420043797040e-03 
3.000000 6.6132666888302589e-03 
3.200000 6.6369617065433345e-03 
3.400000 6.6631004919577904e-03 
3.600000 6.6917540987275672e-03 
3.800000 6.7229819786215738e-03 
4.000000 6.7568394202661792e-03 
4.200000 6.7933798536245222e-03 
4.400000 6.8326550701406329e-03 
4.600000 6.8747169610947805e-03 
4.800000 6.9196176144928571e-03 
5.000000 6.9674106827671235e-03 
5.200000 7.0181507292156244e-03 
5.400000 7.0718943926146261e-03 
5.600000 7.1286988037320706e-03 
5.800000 7.1886202305505159e-03 
6.000000 7.2517185527265458e-03 
6.200000 7.3180571672390449e-03 
6.400000 7.3877029565833849e-03 
6.600000 7.4607264814044155e-03 
6.800000 7.5372023807888178e-03 
7.000000 7.6172094936181045e-03 
7.200000 7.7008311047627055e-03 
7.400000 7.7881552916100848e-03 
7.600000 7.8792754662558601e-03 
7.800000 7.9742906437383042e-03 
8.000000 8.0733056738725040e-03 
8.200000 8.1764316102395061e-03 
8.400000 8.2837860828949075e-03 
8.600000 8.3954935677138433e-03 
8.800000 8.5116857570613838e-03 
9.000000 8.6325021739573002e-03 
9.200000 8.7580902326972899e-03 
9.400000 8.8886058605708133e-03 
9.600000 9.0242139760348169e-03 
9.800000 9.1650889638463483e-03 
10.000000 9.3114152065461708e-03 
10.200000 9.4633876135905761e-03 
10.400000 9.6212121806091271e-03 
10.600000 9.7851065920652527e-03 
10.800000 9.9553008354804108e-03 
11.000000 1.0132037833095683e-02 
11.200000 1.0315574081088713e-02 
11.400000 1.0506180309748453e-02 
11.600000 1.0704142157848630e-02 
11.800000 1.0909760841122574e-02 
12.000000 1.1123353841663231e-02 
12.200000 1.1345255595736941e-02 
12.400000 1.1575818166739483e-02 
12.600000 1.1815411914131803e-02 
12.800000 1.2064426134601918e-02 
13.000000 1.2323269672677219e-02 
13.200000 1.2592371485344938e-02 
13.400000 1.2872181144488317e-02 
13.600000 1.3163169261741074e-02 
13.800000 1.3465827816259573e-02 
14.000000 1.3780670363041165e-02 
14.200000 1.4108232094524387e-02 
14.400000 1.4449069729978080e-02 
14.600000 1.4803761196297645e-02 
14.800000 1.5172905064380574e-02 
15.000000 1.5557119702463092e-02 
15.200000 1.5957042099163422e-02 
15.400000 1.6373326307038673e-02 
15.600000 1.6806641452059436e-02 
15.800000 1.7257669251804893e-02 
16.000000 1.7727100980163297e-02 
16.200000 1.8215633813139419e-02 
16.400000 1.8723966488481542e-02 
16.600000 1.9252794209789797e-02 
16.800000 1.9802802726482022e-02 
17.000000 2.0374661523100291e-02 
17.200000 2.0969016055573528e-02 
17.400000 2.1586478979212374e-02 
17.600000 2.2227620323791011e-02 
17.800000 2.2892956584693733e-02 
18.000000 2.3582938717637083e-02 
18.200000 2.4297939046955441e-02 
18.400000 2.5038237124643488e-02 
18.600000 2.5804004609497715e-02 
18.800000 2.6595289272851735e-02 
19.000000 2.7411998278207683e-02 
19.200000 2.8253880927568378e-02 
19.400000 2.9120511115588468e-02 
19.600000 3.0011269781888322e-02 
19.800000 3.0925327702143141e-02 
20.000000 3.1861629006450093e-02 
20.200000 3.2818875857431380e-02 
20.400000 3.3795514757489473e-02 
20.600000 3.4789724982269066e-02 
20.800000 3.5799409652618019e-02 
21.000000 3.6822189957249417e-02 
21.200000 3.7855403020666312e-02 
21.400000 3.8896103873436637e-02 
21.600000 3.9941071923251470e-02 
21.800000 4.0986822245015535e-02 
22.000000 4.2029621907120875e-02 
22.200000 4.3065511430950949e-02 
22.400000 4.4090331344972804e-02 
22.600000 4.5099753647982070e-02 
22.800000 4.6089317843905651e-02 
23.000000 4.7054471059739290e-02 
23.200000 4.7990611615759481e-02 
23.400000 4.8893135290127676e-02 
23.600000 4.9757483415191116e-02 
23.800000 5.0579191865690133e-02 
24.000000 5.1353939953878991e-02 
24.200000 5.2077598235782271e-02 
24.400000 5.2746274256834681e-02 
24.600000 5.3356355322560785e-02 
24.800000 5.3904547467401052e-02 
25.000000 5.4387909907567561e-02 
25.200000 5.4803884395940569e-02 
25.400000 5.5150319041997346e-02 
25.600000 5.5425486310879284e-02 
25.800000 5.5628095066516940e-02 
26.000000 5.5757296668443423e-02 
26.200000 5.5812685265652362e-02 
26.400000 5.5794292549786045e-02 
26.600000 5.5702577331377089e-02 
26.800000 5.5538410385300538e-02 
27.000000 5.5303055074439340e-02 
27.200000 5.4998144304218850e-02 
27.400000 5.4625654386171466e-02 
27.600000 5.4187876397661254e-02 
27.800000 5.3687385619293843e-02 
28.000000 5.3127009613533394e-02 
28.200000 5.2509795479882250e-02 
28.400000 5.1838976785839271e-02 
28.600000 5.1117940630813263e-02 
28.800000 5.0350195254109095e-02 
29.000000 4.9539338549680907e-02 
29.200000 4.8689027800999644e-02 
29.400000 4.7802950900300643e-02 
29.600000 4.6884799268634404e-02 
29.800000 4.5938242647336563e-02 
30.000000 4.4966905888327906e-02 
30.200000 4.3974347830534000e-02 
30.400000 4.2964042312948154e-02 
30.600000 4.1939361341683301e-02 
30.800000 4.0903560398822356e-02 
31.000000 3.9859765855037747e-02 
31.200000 3.8810964425704933e-02 
31.400000 3.7759994591505162e-02 
31.600000 3.6709539889089399e-02 
31.800000 3.5662123965093225e-02 
32.000000 3.4620107277397588e-02 
32.200000 3.3585685320779324e-02 
32.400000 3.2560888249745616e-02 
32.600000 3.1547581769135059e-02 
32.800000 3.0547469162738972e-02 
33.000000 2.9562094331525544e-02 
33.200000 2.8592845715794100e-02 
33.400000 2.7640960979532614e-02 
33.600000 2.6707532340209849e-02 
33.800000 2.5793512432998253e-02 
34.000000 2.4899720604846423e-02 
34.200000 2.4026849540719729e-02 
34.400000 2.3175472131581179e-02 
34.600000 2.2346048501147520e-02 
34.800000 2.1538933116021040e-02 
35.000000 2.0754381911348724e-02 
35.200000 1.9992559371620075e-02 
35.400000 1.9253545513485095e-02 
35.600000 1.8537342724497561e-02 
35.800000 1.7843882418404049e-02 
36.000000 1.7173031473950690e-02 
36.200000 1.6524598430143093e-02 
36.400000 1.5898339416431709e-02 
36.600000 1.5293963801389487e-02 
36.800000 1.4711139548095957e-02 
37.000000 1.4149498268630345e-02 
37.200000 1.3608639973819531e-02 
37.400000 1.3088137517689002e-02 
37.600000 1.2587540738944860e-02 
37.800000 1.2106380304289770e-02 
38.000000 1.1644171260471799e-02 
38.200000 1.1200416303702882e-02 
38.400000 1.0774608776495279e-02 
38.600000 1.0366235403073253e-02 
38.800000 9.9747787753551899e-03 
39.000000 9.5997196020956316e-03 
39.200000 9.2405387341540201e-03 
39.400000 8.8967189790455595e-03 
39.600000 8.5677467179575938e-03 
39.800000 8.2531133382970842e-03 
40.000000 7.9523164946082633e-03 
40.200000 7.6648612103705641e-03 
40.400000 7.3902608327833623e-03 
40.600000 7.1280378521809424e-03 
40.800000 6.8777245972092222e-03 
41.000000 6.6388638163547373e-03 
41.200000 6.4110091558547237e-03 
41.400000 6.1937255434410888e-03 
41.600000 5.9865894867973191e-03 
41.800000 5.7891892950346201e-03 
42.000000 5.6011252309330871e-03 
42.200000 5.4220096011466015e-03 
42.400000 5.2514667910430494e-03 
42.600000 5.0891332503442445e-03 
42.800000 4.9346574352464104e-03 
43.000000 4.7876997122430071e-03 
43.200000 4.6479322284371299e-03 
43.400000 4.5150387527232412e-03 
43.600000 4.3887144918329513e-03 
43.800000 4.2686658848831204e-03 
44.000000 4.1546103797292589e-03 
44.200000 4.0462761941172471e-03 
44.400000 3.9434020643385080e-03 
44.600000 3.8457369838272356e-03 
44.800000 3.7530399338928152e-03 
45.000000 3.6650796085533144e-03 
45.200000 3.5816341352283084e-03 
45.400000 3.5024907928573410e-03 
45.600000 3.4274457288356605e-03 
45.800000 3.3563036759976872e-03 
46.000000 3.2888776707328152e-03 
46.200000 3.2249887731840665e-03 
46.400000 3.1644657903583911e-03 
46.600000 3.1071450028671049e-03 
46.800000 3.0528698959142323e-03 
47.000000 3.0014908950594991e-03 
47.200000 2.9528651072010864e-03 
47.400000 2.9068560671481826e-03 
47.600000 2.8633334900874810e-03 
47.800000 2.8221730301870563e-03 
48.000000 2.7832560455277279e-03 
48.200000 2.7464693695038560e-03 
48.400000 2.7117050887926026e-03 
48.600000 2.6788603279529325e-03 
48.800000 2.6478370406817784e-03 
49.000000 2.6185418077253543e-03 
49.200000 2.5908856414173175e-03 
49.400000 2.5647837967932392e-03 
49.600000 2.5401555892105182e-03 
49.800000 2.5169242183867486e-03 
50.000000 2.4950165987540130e-03 
50.200000 2.4743631960151445e-03 
50.400000 2.4548978697772278e-03 
50.600000 2.4365577221292776e-03 
50.800000 2.4192829520239051e-03 
51.000000 2.4030167153176389e-03 
51.200000 2.3877049903199550e-03 
51.400000 2.3732964486986381e-03 
51.600000 2.3597423315860366e-03 
51.800000 2.3469963307308612e-03 
52.000000 2.3350144745385658e-03 
52.200000 2.3237550188445438e-03 
52.400000 2.3131783422647993e-03 
52.600000 2.3032468459700810e-03 
52.800000 2.2939248577318505e-03 
53.000000 2.2851785400897274e-03 
53.200000 2.2769758024936328e-03 
53.400000 2.2692862172757752e-03 
53.600000 2.2620809393111246e-03 
53.800000 2.2553326292281540e-03 
54.000000 2.2490153800345165e-03 
54.200000 2.2431046470265618e-03 
54.400000 2.2375771808543859e-03 
54.600000 2.2324109636179209e-03 
54.800000 2.2275851478734720e-03 
55.000000 2.2230799984332668e-03 
55.200000 2.2188768368444603e-03 
55.400000 2.2149579884377128e-03 
55.600000 2.2113067318388119e-03 
55.800000 2.2079072508405769e-03 
56.000000 2.2047445885355487e-03 
56.200000 2.2018046036138320e-03 
56.400000 2.1990739287329523e-03 
56.600000 2.1965399308714090e-03 
56.800000 2.1941906735789066e-03 
57.000000 2.1920148810413162e-03 
57.200000 2.1900019038800698e-03 
57.400000 2.1881416866095810e-03 
57.600000 2.1864247366788019e-03 
57.800000 2.1848420950260424e-03 
58.000000 2.1833853080788440e-03 
58.200000 2.1820464011335834e-03 
58.400000 2.1808178530517918e-03 
58.600000 2.1796925722130504e-03 
58.800000 2.1786638736665327e-03 
59.000000 2.1777254574256643e-03 
59.200000 2.1768713878528041e-03 
59.400000 2.1760960740828941e-03 
59.600000 2.1753942514373724e-03 
59.800000 2.1747609637813594e-03 
60.000000 2.1741915467796270e-03 
60.200000 2.1736816120083383e-03 
60.400000 2.1732270318815571e-03 
60.600000 2.1728239253535494e-03 
60.800000 2.1724686443589467e-03 
61.000000 2.1721577609555894e-03 
61.200000 2.1718880551352595e-03 
61.400000 2.1716565032698313e-03 
61.600000 2.1714602671616405e-03 
61.800000 2.1712966836683685e-03 
62.000000 2.1711632548736572e-03 
62.200000 2.1710576387766103e-03 
62.400000 2.1709776404742862e-03 
62.600000 2.1709212038122888e-03 
62.800000 2.1708864034801199e-03 
63.000000 2.1708714375287515e-03 
63.200000 2.1708746202891700e-03 
63.400000 2.1708943756712663e-03 
63.600000 2.1709292308240615e-03 
63.800000 2.1709778101384825e-03 
64.000000 2.1710388295752710e-03 
64.200000 2.1711110913012316e-03 
64.400000 2.1711934786180021e-03 
64.600000 2.1712849511681198e-03 
64.800000 2.1713845404039154e-03 
65.000000 2.1714913453058649e-03 
65.200000 2.1716045283369672e-03 
65.400000 2.1717233116209799e-03 
65.600000 2.1718469733329683e-03 
65.800000 2.1719748442905638e-03 
66.000000 2.1721063047356729e-03 
66.200000 2.1722407812964223e-03 
66.400000 2.1723777441198210e-03 
66.600000 2.1725167041660191e-03 
66.800000 2.1726572106556120e-03 
67.000000 2.1727988486616875e-03 
67.200000 2.1729412368390391e-03 
67.400000 2.1730840252830032e-03 
67.600000 2.1732268935110632e-03 
67.800000 2.1733695485605109e-03 
68.000000 2.1735117231959523e-03 
68.200000 2.1736531742206251e-03 
68.400000 2.1737936808860002e-03 
68.600000 2.1739330433941440e-03 
68.800000 2.1740710814879792e-03 
69.000000 2.1742076331244036e-03 
69.200000 2.1743425532259357e-03 
69.400000 2.1744757125063980e-03 
69.600000 2.1746069963666822e-03 
69.800000 2.1747363038565558e-03 
70.000000 2.1748635466991260e-03 
70.200000 2.1749886483740889e-03 
70.400000 2.1751115432568817e-03 
70.600000 2.1752321758103446e-03 
70.800000 2.1753504998260650e-03 
71.000000 2.1754664777126225e-03 
71.200000 2.1755800798279683e-03 
71.400000 2.1756912838536225e-03 
71.600000 2.1758000742081898e-03 
71.800000 2.1759064414980153e-03 
72.000000 2.1760103820028403e-03 
72.200000 2.1761118971944512e-03 
72.400000 2.1762109932864883e-03 
72.600000 2.1763076808134774e-03 
72.800000 2.1764019742376052e-03 
73.000000 2.1764938915814175e-03 
73.200000 2.1765834540850332e-03 
73.400000 2.1766706858865380e-03 
73.600000 2.1767556137239643e-03 
73.800000 2.1768382666577878e-03 
74.000000 2.1769186758125985e-03 
74.200000 2.1769968741369582e-03 
74.400000 2.1770728961801639e-03 
74.600000 2.1771467778850511e-03 
74.800000 2.1772185563958130e-03 
75.000000 2.1772882698799225e-03 
75.200000 2.1773559573633285e-03 
75.400000 2.1774216585781045e-03 
75.600000 2.1774854138217068e-03 
75.800000 2.1775472638272671e-03 
76.000000 2.1776072496441641e-03 
76.200000 2.1776654125281007e-03 
76.400000 2.1777217938403651e-03 
76.600000 2.1777764349553597e-03 
76.800000 2.1778293771762582e-03 
77.000000 2.1778806616578115e-03 
77.200000 2.1779303293362902e-03 
77.400000 2.1779784208657313e-03 
77.600000 2.1780249765602673e-03 
77.800000 2.1780700363421752e-03 
78.000000 2.1781136396949959e-03 
78.200000 2.1781558256217743e-03 
78.400000 2.1781966326076324e-03 
78.600000 2.1782360985868289e-03 
78.800000 2.1782742609135022e-03 
79.000000 2.1783111563363398e-03 
79.200000 2.1783468209764329e-03 
79.400000 2.1783812903084844e-03 
79.600000 2.1784145991447660e-03 
79.800000 2.1784467816218945e-03 
80.000000 2.1784778711900869e-03 
80.200000 2.1785079006046799e-03 
80.400000 2.1785369019198791e-03 
80.600000 2.1785649064843269e-03 
80.800000 2.1785919449385863e-03 
81.000000 2.1786180472142202e-03 
81.200000 2.1786432425344449e-03 
81.400000 2.1786675594160187e-03 
81.600000 2.1786910256725977e-03 
81.800000 2.1787136684190698e-03 
82.000000 2.1787355140769535e-03 
82.200000 2.1787565883808718e-03 
82.400000 2.1787769163856526e-03 
82.600000 2.1787965224743648e-03 
82.800000 2.1788154303669293e-03 
83.000000 2.1788336631294453e-03 
83.200000 2.1788512431838553e-03 
83.400000 2.1788681923183041e-03 
83.600000 2.1788845316977269e-03 
83.800000 2.1789002818748894e-03 
84.000000 2.1789154628016508e-03 
84.200000 2.1789300938405642e-03 
84.400000 2.1789441937765954e-03 
84.600000 2.1789577808290629e-03 
84.800000 2.1789708726636220e-03 
85.000000 2.1789834864045158e-03 
85.200000 2.1789956386466438e-03 
85.400000 2.1790073454678476e-03 
85.600000 2.1790186224410718e-03 
85.800000 2.1790294846466478e-03 
86.000000 2.1790399466843392e-03 
86.200000 2.1790500226854881e-03 
86.400000 2.1790597263249630e-03 
86.600000 2.1790690708330912e-03 
86.800000 2.1790780690073681e-03 
87.000000 2.1790867332241413e-03 
87.200000 2.1790950754500900e-03 
87.400000 2.1791031072535545e-03 
87.600000 2.1791108398156755e-03 
87.800000 2.1791182839414488e-03 
88.000000 2.1791254500704862e-03 
88.200000 2.1791323482876460e-03 
88.400000 2.1791389883334756e-03 
88.600000 2.1791453796144583e-03 
88.800000 2.1791515312129966e-03 
89.000000 2.1791574518972455e-03 
89.200000 2.1791631501307633e-03 
89.400000 2.1791686340818933e-03 
89.600000 2.1791739116329110e-03 
89.800000 2.1791789903890732e-03 
90.000000 2.1791838776873680e-03 
90.200000 2.1791885806050439e-03 
90.400000 2.1791931059679855e-03 
90.600000 2.1791974603588252e-03 
90.800000 2.1792016501248966e-03 
91.000000 2.1792056813859152e-03 
91.200000 2.1792095600415449e-03 
91.400000 2.1792132917786864e-03 
91.600000 2.1792168820785368e-03 
91.800000 2.1792203362236036e-03 
92.000000 2.1792236593043534e-03 
92.200000 2.1792268562257481e-03 
92.400000 2.1792299317135904e-03 
92.600000 2.1792328903206953e-03 
92.800000 2.1792357364328317e-03 
93.000000 2.1792384742745177e-03 
93.200000 2.1792411079146470e-03 
93.400000 2.1792436412719505e-03 
93.600000 2.1792460781202387e-03 
93.800000 2.1792484220935250e-03 
94.000000 2.1792506766909994e-03 
94.200000 2.1792528452817834e-03 
94.400000 2.1792549311096254e-03 
94.600000 2.1792569372973357e-03 
94.800000 2.1792588668511780e-03 
95.000000 2.1792607226650638e-03 
95.200000 2.1792625075245766e-03 
95.400000 2.1792642241109544e-03 
95.600000 2.1792658750048937e-03 
95.800000 2.1792674626901760e-03 
96.000000 2.1792689895572316e-03 
96.200000 2.1792704579065999e-03 
96.400000 2.1792718699521767e-03 
96.600000 2.1792732278244817e-03 
96.800000 2.1792745335737040e-03 
97.000000 2.1792757891726678e-03 
97.200000 2.1792769965197308e-03 
97.400000 2.1792781574415700e-03 
97.600000 2.1792792736957936e-03 
97.800000 2.1792803469735727e-03 
98.000000 2.1792813789021665e-03 
98.200000 2.1792823710472214e-03 
98.400000 2.1792833249151692e-03 
98.600000 2.1792842419554015e-03 
98.800000 2.1792851235624675e-03 
99.000000 2.1792859710780929e-03 
99.200000 2.1792867857932164e-03 
99.400000 2.1792875689498697e-03 
99.600000 2.1792883217431045e-03 
99.800000 2.1792890453226697e-03 
100.000000 2.1792897407948283e-03 
100.200000 2.1792904092239451e-03 
100.400000 2.1792910516340957e-03 
100.600000 2.1792916690106284e-03 
100.800000 2.1792922623015665e-03 
101.000000 2.1792928324191356e-03 
101.200000 2.1792933802410384e-03 
101.400000 2.1792939066117892e-03 
101.600000 2.1792944123440292e-03 
101.800000 2.1792948982196632e-03 
102.000000 2.1792953649910993e-03 
102.200000 2.1792958133823692e-03 
102.400000 2.1792962440901589e-03 
102.600000 2.1792966577848915e-03 
102.800000 2.1792970551117413e-03 
103.000000 2.1792974366915590e-03 
103.200000 2.1792978031218405e-03 
103.400000 2.1792981549775890e-03 
103.600000 2.1792984928121709e-03 
103.800000 2.1792988171581867e-03 
104.000000 2.1792991285281816e-03 
104.200000 2.1792994274155140e-03 
104.400000 2.1792997142949470e-03 
104.600000 2.1792999896235285e-03 
104.800000 2.1793002538410943e-03 
105.000000 2.1793005073710548e-03 
105.200000 2.1793007506209381e-03 
105.400000 2.1793009839830356e-03 
105.600000 2.1793012078349513e-03 
105.800000 2.1793014225401663e-03 
106.000000 2.1793016284485938e-03 
106.200000 2.1793018258970944e-03 
106.400000 2.1793020152098895e-03 
106.600000 2.1793021966991588e-03 
106.800000 2.1793023706654100e-03 
107.000000 2.1793025373979466e-03 
107.200000 2.1793026971753029e-03 
107.400000 2.1793028502656111e-03 
107.600000 2.1793029969270311e-03 
107.800000 2.1793031374080902e-03 
108.000000 2.1793032719480778e-03 
108.200000 2.1793034007773627e-03 
108.400000 2.1793035241177449e-03 
108.600000 2.1793036421827667e-03 
108.800000 2.1793037551780105e-03 
109.000000 2.1793038633014391e-03 
109.200000 2.1793039667436002e-03 
109.400000 2.1793040656880045e-03 
109.600000 2.1793041603112664e-03 
109.800000 2.1793042507834786e-03 
110.000000 2.1793043372683673e-03 
110.200000 2.1793044199235850e-03 
110.400000 2.1793044989008598e-03 
110.600000 2.1793045743463335e-03 
110.800000 2.1793046464006348e-03 
111.000000 2.1793047151991694e-03 
111.200000 2.1793047808722956e-03 
111.400000 2.1793048435454630e-03 
111.600000 2.1793049033394822e-03 
111.800000 2.1793049603705938e-03 
112.000000 2.1793050147507083e-03 
112.200000 2.1793050665875578e-03 
112.400000 2.1793051159847772e-03 
112.600000 2.1793051630421560e-03 
112.800000 2.1793052078557125e-03 
113.000000 2.1793052505178212e-03 
113.200000 2.1793052911174508e-03 
113.400000 2.1793053297401084e-03 
113.600000 2.1793053664681543e-03 
113.800000 2.1793054013807558e-03 
114.000000 2.1793054345541534e-03 
114.200000 2.1793054660616202e-03 
114.400000 2.1793054959736691e-03 
114.600000 2.1793055243581158e-03 
114.800000 2.1793055512801963e-03 
115.000000 2.1793055768026402e-03 
115.200000 2.1793056009857628e-03 
115.400000 2.1793056238875591e-03 
115.600000 2.1793056455637976e-03 
115.800000 2.1793056660680873e-03 
116.000000 2.1793056854519416e-03 
116.200000 2.1793057037649182e-03 
116.400000 2.1793057210545788e-03 
116.600000 2.1793057373666867e-03 
116.800000 2.1793057527451673e-03 
117.000000 2.1793057672322433e-03 
117.200000 2.1793057808684622e-03 
117.400000 2.1793057936928058e-03 
117.600000 2.1793058057426357e-03 
117.800000 2.1793058170538828e-03 
118.000000 2.1793058276610299e-03 
118.200000 2.1793058375971655e-03 
118.400000 2.1793058468940721e-03 
118.600000 2.1793058555821887e-03 
118.800000 2.1793058636908045e-03 
119.000000 2.1793058712479474e-03 
119.200000 2.1793058782805541e-03 
119.400000 2.1793058848143727e-03 
119.600000 2.1793058908741855e-03 
119.800000 2.1793058964836875e-03 
120.000000 2.1793059016656140e-03 
120.200000 2.1793059064417236e-03 
120.400000 2.1793059108328955e-03 
120.600000 2.1793059148591007e-03 
120.800000 2.1793059185394579e-03 
121.000000 2.1793059218922946e-03 
121.200000 2.1793059249351353e-03 
121.400000 2.1793059276847787e-03 
121.600000 2.1793059301572163e-03 
121.800000 2.1793059323678286e-03 
122.000000 2.1793059343312919e-03 
122.200000 2.1793059360616100e-03 
122.400000 2.1793059375722137e-03 
122.600000 2.1793059388758675e-03 
122.800000 2.1793059399848368e-03 
123.000000 2.1793059409107619e-03 
123.200000 2.1793059416648016e-03 
123.400000 2.1793059422575757e-03 
123.600000 2.1793059426992289e-03 
123.800000 2.1793059429994137e-03 
124.000000 2.1793059431673557e-03 
124.200000 2.1793059432118254e-03 
124.400000 2.1793059431411579e-03 
124.600000 2.1793059429633401e-03 
124.800000 2.1793059426859183e-03 
125.000000 2.1793059423161074e-03 
125.200000 2.1793059418607221e-03 
125.400000 2.1793059413262959e-03 
125.600000 2.1793059407189956e-03 
125.800000 2.1793059400446739e-03 
126.000000 2.1793059393089048e-03 
126.200000 2.1793059385169459e-03 
126.400000 2.1793059376738091e-03 
126.600000 2.1793059367842182e-03 
126.800000 2.1793059358526518e-03 
127.000000 2.1793059348833486e-03 
127.200000 2.1793059338803267e-03 
127.400000 2.1793059328473570e-03 
127.600000 2.1793059317880034e-03 
127.800000 2.1793059307056422e-03 
128.000000 2.1793059296034492e-03 
128.200000 2.1793059284843964e-03 
128.400000 2.1793059273513002e-03 
128.600000 2.1793059262068082e-03 
128.800000 2.1793059250533901e-03 
129.000000 2.1793059238933640e-03 
129.200000 2.1793059227289240e-03 
129.400000 2.1793059215620852e-03 
129.600000 2.1793059203947468e-03 
129.800000 2.1793059192287034e-03 
130.000000 2.1793059180655878e-03 
130.200000 2.1793059169069292e-03 
130.400000 2.1793059157541764e-03 
130.600000 2.1793059146086378e-03 
130.800000 2.1793059134715201e-03 
131.000000 2.1793059123439607e-03 
131.200000 2.1793059112269961e-03 
131.400000 2.1793059101215765e-03 
131.600000 2.1793059090285559e-03 
131.800000 2.1793059079487373e-03 
132.000000 2.1793059068828378e-03 
132.200000 2.1793059058315078e-03 
132.400000 2.1793059047953245e-03 
132.600000 2.1793059037748096e-03 
132.800000 2.1793059027704355e-03 
133.000000 2.1793059017826155e-03 
133.200000 2.1793059008116682e-03 
133.400000 2.1793058998579385e-03 
133.600000 2.1793058989216640e-03 
133.800000 2.1793058980030928e-03 
134.000000 2.1793058971023667e-03 
134.200000 2.1793058962196331e-03 
134.400000 2.1793058953549949e-03 
134.600000 2.1793058945085400e-03 
134.800000 2.1793058936802733e-03 
135.000000 2.1793058928702134e-03 
135.200000 2.1793058920783447e-03 
135.400000 2.1793058913046224e-03 
135.600000 2.1793058905489504e-03 
135.800000 2.1793058898112736e-03 
136.000000 2.1793058890914527e-03 
136.200000 2.1793058883893685e-03 
136.400000 2.1793058877048583e-03 
136.600000 2.1793058870377708e-03 
136.800000 2.1793058863879304e-03 
137.000000 2.1793058857551262e-03 
137.200000 2.1793058851391585e-03 
137.400000 2.1793058845397959e-03 
137.600000 2.1793058839568325e-03 
137.800000 2.1793058833900424e-03 
138.000000 2.1793058828391649e-03 
138.200000 2.1793058823039195e-03 
138.400000 2.1793058817840849e-03 
138.600000 2.1793058812794035e-03 
138.800000 2.1793058807895878e-03 
139.000000 2.1793058803143686e-03 
139.200000 2.1793058798534812e-03 
139.400000 2.1793058794066390e-03 
139.600000 2.1793058789735535e-03 
139.800000 2.1793058785539699e-03 
140.000000 2.1793058781475901e-03 
140.200000 2.1793058777541262e-03 
140.400000 2.1793058773733245e-03 
140.600000 2.1793058770048627e-03 
140.800000 2.1793058766484854e-03 
141.000000 2.1793058763039199e-03 
141.200000 2.1793058759708665e-03 
141.400000 2.1793058756490718e-03 
141.600000 2.1793058753382553e-03 
141.800000 2.1793058750381425e-03 
142.000000 2.1793058747484740e-03 
142.200000 2.1793058744689797e-03 
142.400000 2.1793058741994067e-03 
142.600000 2.1793058739394953e-03 
142.800000 2.1793058736889843e-03 
143.000000 2.1793058734476522e-03 
143.200000 2.1793058732152339e-03 
143.400000 2.1793058729914741e-03 
143.600000 2.1793058727761676e-03 
143.800000 2.1793058725690620e-03 
144.000000 2.1793058723699726e-03 
144.200000 2.1793058721786222e-03 
144.400000 2.1793058719948204e-03 
144.600000 2.1793058718183535e-03 
144.800000 2.1793058716490241e-03 
145.000000 2.1793058714866332e-03 
145.200000 2.1793058713309634e-03 
145.400000 2.1793058711818540e-03 
145.600000 2.1793058710391109e-03 
145.800000 2.1793058709025578e-03 
146.000000 2.1793058707720047e-03 
146.200000 2.1793058706472994e-03 
146.400000 2.1793058705282592e-03 
146.600000 2.1793058704147267e-03 
146.800000 2.1793058703065420e-03 
147.000000 2.1793058702035350e-03 
147.200000 2.1793058701055855e-03 
147.400000 2.1793058700125822e-03 
147.600000 2.1793058699244119e-03 
147.800000 2.1793058698410103e-03 
148.000000 2.1793058697622109e-03 
148.200000 2.1793058696879235e-03 
148.400000 2.1793058696179981e-03 
148.600000 2.1793058695523098e-03 
148.800000 2.1793058694906916e-03 
149.000000 2.1793058694330090e-03 
149.200000 2.1793058693791224e-03 
149.400000 2.1793058693288666e-03 
149.600000 2.1793058692821132e-03 
149.800000 2.1793058692387078e-03 
