0.000000 6.6828387348524662e-03 
0.200000 6.6829200830521279e-03 
0.400000 6.6833220841332041e-03 
0.600000 6.6843400029649508e-03 
0.800000 6.6862308944584401e-03 
1.000000 6.6892174723783100e-03 
1.200000 6.6934889687056192e-03 
1.400000 6.6992069017905781e-03 
1.600000 6.7065104685022784e-03 
1.800000 6.7155267592803533e-03 
2.000000 6.7263773600853942e-03 
2.200000 6.7391731167190652e-03 
2.400000 6.7540150821986432e-03 
2.600000 6.7709958825354147e-03 
2.800000 6.7902006036288723e-03 
3.000000 6.8117084225251716e-03 
3.200000 6.8355947109457540e-03 
3.400000 6.8619352855390173e-03 
3.600000 6.8908014772925252e-03 
3.800000 6.9222546884638971e-03 
4.000000 6.9563529679266232e-03 
4.200000 6.9931523516971799e-03 
4.400000 7.0327079220378636e-03 
4.600000 7.0750751432238392e-03 
4.800000 7.1203095503564080e-03 
5.000000 7.1684677968806123e-03 
5.200000 7.2196081097460505e-03 
5.400000 7.2737906398025239e-03 
5.600000 7.3310776929135443e-03 
5.800000 7.3915339169065434e-03 
6.000000 7.4552265288423420e-03 
6.200000 7.5222256377275917e-03 
6.400000 7.5926041299476891e-03 
6.600000 7.6664381065370277e-03 
6.800000 7.7438073639046019e-03 
7.000000 7.8247954056463141e-03 
7.200000 7.9094900742913438e-03 
7.400000 7.9979838595366087e-03 
7.600000 8.0903742888316418e-03 
7.800000 8.1867642852507978e-03 
8.000000 8.2872624801818510e-03 
8.200000 8.3919835782963140e-03 
8.400000 8.5010487925018773e-03 
8.600000 8.6145861654416990e-03 
8.800000 8.7327309561893995e-03 
9.000000 8.8556260467936212e-03 
9.200000 8.9834224034432419e-03 
9.400000 9.1162794843268440e-03 
9.600000 9.2543657580373660e-03 
9.800000 9.3978592019485271e-03 
10.000000 9.5469478129061279e-03 
10.200000 9.7018301339952713e-03 
10.400000 9.8627158237924641e-03 
10.600000 1.0029826244115251e-02 
10.800000 1.0203395083111884e-02 
11.000000 1.0383668966410319e-02 
11.200000 1.0570908087399985e-02 
11.400000 1.0765386854960231e-02 
11.600000 1.0967394528215197e-02 
11.800000 1.1177235879445776e-02 
12.000000 1.1395231842006057e-02 
12.200000 1.1621720158151286e-02 
12.400000 1.1857056012578859e-02 
12.600000 1.2101612642930111e-02 
12.800000 1.2355781923535498e-02 
13.000000 1.2619974911213144e-02 
13.200000 1.2894622329935723e-02 
13.400000 1.3180174985706285e-02 
13.600000 1.3477104092251327e-02 
13.800000 1.3785901488240252e-02 
14.000000 1.4107079717057297e-02 
14.200000 1.4441171950257077e-02 
14.400000 1.4788731718385835e-02 
14.600000 1.5150332417108926e-02 
14.800000 1.5526566550655799e-02 
15.000000 1.5918044671734178e-02 
15.200000 1.6325393971296828e-02 
15.400000 1.6749256469397570e-02 
15.600000 1.7190286750734200e-02 
15.800000 1.7649149188783034e-02 
16.000000 1.8126514597420960e-02 
16.200000 1.8623056245052335e-02 
16.400000 1.9139445168151414e-02 
16.600000 1.9676344716764035e-02 
16.800000 2.0234404268872033e-02 
17.000000 2.0814252052450778e-02 
17.200000 2.1416487020224709e-02 
17.400000 2.2041669731137605e-02 
17.600000 2.2690312204273044e-02 
17.800000 2.3362866726339530e-02 
18.000000 2.4059713614468611e-02 
18.200000 2.4781147959819508e-02 
18.400000 2.5527365406383742e-02 
18.600000 2.6298447052308015e-02 
18.800000 2.7094343599349136e-02 
19.000000 2.7914858916894245e-02 
19.200000 2.8759633232022859e-02 
19.400000 2.9628126203769516e-02 
19.600000 3.0519600187389043e-02 
19.800000 3.1433104040880767e-02 
20.000000 3.2367457869764166e-02 
20.200000 3.3321239144184993e-02 
20.400000 3.4292770653054180e-02 
20.600000 3.5280110779705838e-02 
20.800000 3.6281046590127673e-02 
21.000000 3.7293090215900944e-02 
21.200000 3.8313478986784021e-02 
21.400000 3.9339179721491625e-02 
21.600000 4.0366897518249692e-02 
21.800000 4.1393089299595842e-02 
22.000000 4.2413982259794883e-02 
22.200000 4.3425597240638693e-02 
22.400000 4.4423776926062669e-02 
22.600000 4.5404218602916893e-02 
22.800000 4.6362511090115854e-02 
23.000000 4.7294175297892399e-02 
23.200000 4.8194707749687274e-02 
23.400000 4.9059626287964266e-02 
23.600000 4.9884517097699463e-02 
23.800000 5.0665082122258051e-02 
24.000000 5.1397185919027984e-02 
24.200000 5.2076901007953411e-02 
24.400000 5.2700550804621153e-02 
24.600000 5.3264749298585365e-02 
24.800000 5.3766436733348744e-02 
25.000000 5.4202910661804882e-02 
25.200000 5.4571851884018842e-02 
25.400000 5.4871344916643083e-02 
25.600000 5.5099892788702670e-02 
25.800000 5.5256426100998519e-02 
26.000000 5.5340306420788452e-02 
26.200000 5.5351324205435426e-02 
26.400000 5.5289691555156305e-02 
26.600000 5.5156030183777204e-02 
26.800000 5.4951355066407359e-02 
27.000000 5.4677054274077826e-02 
27.200000 5.4334865538331632e-02 
27.400000 5.3926850104765417e-02 
27.600000 5.3455364435423702e-02 
27.800000 5.2923030307734382e-02 
28.000000 5.2332703834605386e-02 
28.200000 5.1687443898561926e-02 
28.400000 5.0990480454561248e-02 
28.600000 5.0245183113345825e-02 
28.800000 4.9455030371669768e-02 
29.000000 4.8623579808975831e-02 
29.200000 4.7754439523391500e-02 
29.400000 4.6851241034297358e-02 
29.600000 4.5917613834962595e-02 
29.800000 4.4957161737485589e-02 
30.000000 4.3973441113876903e-02 
30.200000 4.2969941101904788e-02 
30.400000 4.1950065812388575e-02 
30.600000 4.0917118546053628e-02 
30.800000 3.9874288002817414e-02 
31.000000 3.8824636444385434e-02 
31.200000 3.7771089752184829e-02 
31.400000 3.6716429306778986e-02 
31.600000 3.5663285601851578e-02 
31.800000 3.4614133495405208e-02 
32.000000 3.3571288992800569e-02 
32.200000 3.2536907450477659e-02 
32.400000 3.1512983085431892e-02 
32.600000 3.0501349673563681e-02 
32.800000 2.9503682319699447e-02 
33.000000 2.8521500183177052e-02 
33.200000 2.7556170045227802e-02 
33.400000 2.6608910607789540e-02 
33.600000 2.5680797417673602e-02 
33.800000 2.4772768315023057e-02 
34.000000 2.3885629310599957e-02 
34.200000 2.3020060802461426e-02 
34.400000 2.2176624048928374e-02 
34.600000 2.1355767821271521e-02 
34.800000 2.0557835166155638e-02 
35.000000 1.9783070214478470e-02 
35.200000 1.9031624979760096e-02 
35.400000 1.8303566095586910e-02 
35.600000 1.7598881447750458e-02 
35.800000 1.6917486662596619e-02 
36.000000 1.6259231418662725e-02 
36.200000 1.5623905553928173e-02 
36.400000 1.5011244945882568e-02 
36.600000 1.4420937146150999e-02 
36.800000 1.3852626755566158e-02 
37.000000 1.3305920529370723e-02 
37.200000 1.2780392205656133e-02 
37.400000 1.2275587053215241e-02 
37.600000 1.1791026137714135e-02 
37.800000 1.1326210307488871e-02 
38.000000 1.0880623902362897e-02 
38.200000 1.0453738190678430e-02 
38.400000 1.0045014541263190e-02 
38.600000 9.6539073383246077e-03 
38.800000 9.2798666483090240e-03 
39.000000 8.9223406485912701e-03 
39.200000 8.5807778285004986e-03 
39.400000 8.2546289736548772e-03 
39.600000 7.9433489448887829e-03 
39.800000 7.6463982632333357e-03 
40.000000 7.3632445124681015e-03 
40.200000 7.0933635707130923e-03 
40.400000 6.8362406823925647e-03 
40.600000 6.5913713816910776e-03 
40.800000 6.3582622783408737e-03 
41.000000 6.1364317162527415e-03 
41.200000 5.9254103151280043e-03 
41.400000 5.7247414047832956e-03 
41.600000 5.5339813614883292e-03 
41.800000 5.3526998551675087e-03 
42.000000 5.1804800158553521e-03 
42.200000 5.0169185273282214e-03 
42.400000 4.8616256553676608e-03 
42.600000 4.7142252176454553e-03 
42.800000 4.5743545017623453e-03 
43.000000 4.4416641375242235e-03 
43.200000 4.3158179291036729e-03 
43.400000 4.1964926523119167e-03 
43.600000 4.0833778218010049e-03 
43.800000 3.9761754326265875e-03 
44.000000 3.8745996802298176e-03 
44.200000 3.7783766625453289e-03 
44.400000 3.6872440676070086e-03 
44.600000 3.6009508497096242e-03 
44.800000 3.5192568968874550e-03 
45.000000 3.4419326921943279e-03 
45.200000 3.3687589710105622e-03 
45.400000 3.2995263763610193e-03 
45.600000 3.2340351140052936e-03 
45.800000 3.1720946088538452e-03 
46.000000 3.1135231640731370e-03 
46.200000 3.0581476240674889e-03 
46.400000 3.0058030423642879e-03 
46.600000 2.9563323552821491e-03 
46.800000 2.9095860621277123e-03 
47.000000 2.8654219125448578e-03 
47.200000 2.8237046015300053e-03 
47.400000 2.7843054725277920e-03 
47.600000 2.7471022289316050e-03 
47.800000 2.7119786542340370e-03 
48.000000 2.6788243410000951e-03 
48.200000 2.6475344287731316e-03 
48.400000 2.6180093509670628e-03 
48.600000 2.5901545907489965e-03 
48.800000 2.5638804458734655e-03 
49.000000 2.5391018023916290e-03 
49.200000 2.5157379171267453e-03 
49.400000 2.4937122087791840e-03 
49.600000 2.4729520575008748e-03 
49.800000 2.4533886127596177e-03 
50.000000 2.4349566092972848e-03 
50.200000 2.4175941909727111e-03 
50.400000 2.4012427422699530e-03 
50.600000 2.3858467272445372e-03 
50.800000 2.3713535356745959e-03 
51.000000 2.3577133361800196e-03 
51.200000 2.3448789360705018e-03 
51.400000 2.3328056476829844e-03 
51.600000 2.3214511609693615e-03 
51.800000 2.3107754220973472e-03 
52.000000 2.3007405178298891e-03 
52.200000 2.2913105654522267e-03 
52.400000 2.2824516080198892e-03 
52.600000 2.2741315147055898e-03 
52.800000 2.2663198860285120e-03 
53.000000 2.2589879637548724e-03 
53.200000 2.2521085452645809e-03 
53.400000 2.2456559021853521e-03 
53.600000 2.2396057031014134e-03 
53.800000 2.2339349401508026e-03 
54.000000 2.2286218593315600e-03 
54.200000 2.2236458943436835e-03 
54.400000 2.2189876037999930e-03 
54.600000 2.2146286116460539e-03 
54.800000 2.2105515506347820e-03 
55.000000 2.2067400087084875e-03 
55.200000 2.2031784781464774e-03 
55.400000 2.1998523073431695e-03 
55.600000 2.1967476550865716e-03 
55.800000 2.1938514472133160e-03 
56.000000 2.1911513355218609e-03 
56.200000 2.1886356588306996e-03 
56.400000 2.1862934060734454e-03 
56.600000 2.1841141813281218e-03 
56.800000 2.1820881706822561e-03 
57.000000 2.1802061108404597e-03 
57.200000 2.1784592593853706e-03 
57.400000 2.1768393666070705e-03 
57.600000 2.1753386488205921e-03 
57.800000 2.1739497630944927e-03 
58.000000 2.1726657833177868e-03 
58.200000 2.1714801775357551e-03 
58.400000 2.1703867864886557e-03 
58.600000 2.1693798032909788e-03 
58.800000 2.1684537541915945e-03 
59.000000 2.1676034803583071e-03 
59.200000 2.1668241206334749e-03 
59.400000 2.1661110952094034e-03 
59.600000 2.1654600901757871e-03 
59.800000 2.1648670428927978e-03 
60.000000 2.1643281281469003e-03 
60.200000 2.1638397450478497e-03 
60.400000 2.1633985046280355e-03 
60.600000 2.1630012181068133e-03 
60.800000 2.1626448857850786e-03 
61.000000 2.1623266865364735e-03 
61.200000 2.1620439678637919e-03 
61.400000 2.1617942364907175e-03 
61.600000 2.1615751494603805e-03 
61.800000 2.1613845057140350e-03 
62.000000 2.1612202381242726e-03 
62.200000 2.1610804059587650e-03 
62.400000 2.1609631877515974e-03 
62.600000 2.1608668745605243e-03 
62.800000 2.1607898635896722e-03 
63.000000 2.1607306521584588e-03 
63.200000 2.1606878319977503e-03 
63.400000 2.1606600838566014e-03 
63.600000 2.1606461724023702e-03 
63.800000 2.1606449413990375e-03 
64.000000 2.1606553091485792e-03 
64.200000 2.1606762641816690e-03 
64.400000 2.1607068611841922e-03 
64.600000 2.1607462171469795e-03 
64.800000 2.1607935077271570e-03 
65.000000 2.1608479638092889e-03 
65.200000 2.1609088682561090e-03 
65.400000 2.1609755528384949e-03 
65.600000 2.1610473953350795e-03 
65.800000 2.1611238167924436e-03 
66.000000 2.1612042789373722e-03 
66.200000 2.1612882817328822e-03 
66.400000 2.1613753610704779e-03 
66.600000 2.1614650865910867e-03 
66.800000 2.1615570596280565e-03 
67.000000 2.1616509112654127e-03 
67.200000 2.1617463005052830e-03 
67.400000 2.1618429125385701e-03 
67.600000 2.1619404571134181e-03 
67.800000 2.1620386669959630e-03 
68.000000 2.1621372965186735e-03 
68.200000 2.1622361202113128e-03 
68.400000 2.1623349315101218e-03 
68.600000 2.1624335415411072e-03 
68.800000 2.1625317779731517e-03 
69.000000 2.1626294839374787e-03 
69.200000 2.1627265170095214e-03 
69.400000 2.1628227482500722e-03 
69.600000 2.1629180613023180e-03 
69.800000 2.1630123515418089e-03 
70.000000 2.1631055252763621e-03 
70.200000 2.1631974989931072e-03 
70.400000 2.1632881986504756e-03 
70.600000 2.1633775590120374e-03 
70.800000 2.1634655230203734e-03 
71.000000 2.1635520412086281e-03 
71.200000 2.1636370711475127e-03 
71.400000 2.1637205769259849e-03 
71.600000 2.1638025286636079e-03 
71.800000 2.1638829020529191e-03 
72.000000 2.1639616779299776e-03 
72.200000 2.1640388418717070e-03 
72.400000 2.1641143838182918e-03 
72.600000 2.1641882977195236e-03 
72.800000 2.1642605812033536e-03 
73.000000 2.1643312352657620e-03 
73.200000 2.1644002639804854e-03 
73.400000 2.1644676742275243e-03 
73.600000 2.1645334754394549e-03 
73.800000 2.1645976793643841e-03 
74.000000 2.1646602998446418e-03 
74.200000 2.1647213526102844e-03 
74.400000 2.1647808550866532e-03 
74.600000 2.1648388262149186e-03 
74.800000 2.1648952862851106e-03 
75.000000 2.1649502567807392e-03 
75.200000 2.1650037602343949e-03 
75.400000 2.1650558200936327e-03 
75.600000 2.1651064605965136e-03 
75.800000 2.1651557066562311e-03 
76.000000 2.1652035837543839e-03 
76.200000 2.1652501178421237e-03 
76.400000 2.1652953352489400e-03 
76.600000 2.1653392625985129e-03 
76.800000 2.1653819267311082e-03 
77.000000 2.1654233546322880e-03 
77.200000 2.1654635733674146e-03 
77.400000 2.1655026100215408e-03 
77.600000 2.1655404916445793e-03 
77.800000 2.1655772452010206e-03 
78.000000 2.1656128975243143e-03 
78.200000 2.1656474752753505e-03 
78.400000 2.1656810049048439e-03 
78.600000 2.1657135126193850e-03 
78.800000 2.1657450243508167e-03 
79.000000 2.1657755657289168e-03 
79.200000 2.1658051620569306e-03 
79.400000 2.1658338382898159e-03 
79.600000 2.1658616190151883e-03 
79.800000 2.1658885284365202e-03 
80.000000 2.1659145903585517e-03 
80.200000 2.1659398281748208e-03 
80.400000 2.1659642648570090e-03 
80.600000 2.1659879229461152e-03 
80.800000 2.1660108245451235e-03 
81.000000 2.1660329913133899e-03 
81.200000 2.1660544444621148e-03 
81.400000 2.1660752047513668e-03 
81.600000 2.1660952924880783e-03 
81.800000 2.1661147275252248e-03 
82.000000 2.1661335292618837e-03 
82.200000 2.1661517166443010e-03 
82.400000 2.1661693081677104e-03 
82.600000 2.1661863218788917e-03 
82.800000 2.1662027753794311e-03 
83.000000 2.1662186858295543e-03 
83.200000 2.1662340699525840e-03 
83.400000 2.1662489440397448e-03 
83.600000 2.1662633239556330e-03 
83.800000 2.1662772251438049e-03 
84.000000 2.1662906626330049e-03 
84.200000 2.1663036510433998e-03 
84.400000 2.1663162045933645e-03 
84.600000 2.1663283371062439e-03 
84.800000 2.1663400620175071e-03 
85.000000 2.1663513923819390e-03 
85.200000 2.1663623408810563e-03 
85.400000 2.1663729198305548e-03 
85.600000 2.1663831411878570e-03 
85.800000 2.1663930165598164e-03 
86.000000 2.1664025572102966e-03 
86.200000 2.1664117740679422e-03 
86.400000 2.1664206777338101e-03 
86.600000 2.1664292784890739e-03 
86.800000 2.1664375863027236e-03 
87.000000 2.1664456108391084e-03 
87.200000 2.1664533614655728e-03 
87.400000 2.1664608472598823e-03 
87.600000 2.1664680770177372e-03 
87.800000 2.1664750592600810e-03 
88.000000 2.1664818022403280e-03 
88.200000 2.1664883139516072e-03 
88.400000 2.1664946021337445e-03 
88.600000 2.1665006742802887e-03 
88.800000 2.1665065376452516e-03 
89.000000 2.1665121992499787e-03 
89.200000 2.1665176658896015e-03 
89.400000 2.1665229441396130e-03 
89.600000 2.1665280403621845e-03 
89.800000 2.1665329607124099e-03 
90.000000 2.1665377111443852e-03 
90.200000 2.1665422974171682e-03 
90.400000 2.1665467251006758e-03 
90.600000 2.1665509995812612e-03 
90.800000 2.1665551260674066e-03 
91.000000 2.1665591095951322e-03 
91.200000 2.1665629550332347e-03 
91.400000 2.1665666670885372e-03 
91.600000 2.1665702503109291e-03 
91.800000 2.1665737090982326e-03 
92.000000 2.1665770477010248e-03 
92.200000 2.1665802702273526e-03 
92.400000 2.1665833806471160e-03 
92.600000 2.1665863827966931e-03 
92.800000 2.1665892803830319e-03 
93.000000 2.1665920769879895e-03 
93.200000 2.1665947760722767e-03 
93.400000 2.1665973809794231e-03 
93.600000 2.1665998949396345e-03 
93.800000 2.1666023210734965e-03 
94.000000 2.1666046623955476e-03 
94.200000 2.1666069218178440e-03 
94.400000 2.1666091021532883e-03 
94.600000 2.1666112061189246e-03 
94.800000 2.1666132363392099e-03 
95.000000 2.1666151953490288e-03 
95.200000 2.1666170855966795e-03 
95.400000 2.1666189094468806e-03 
95.600000 2.1666206691834801e-03 
95.800000 2.1666223670122149e-03 
96.000000 2.1666240050633831e-03 
96.200000 2.1666255853943620e-03 
96.400000 2.1666271099920653e-03 
96.600000 2.1666285807754116e-03 
96.800000 2.1666299995975503e-03 
97.000000 2.1666313682481629e-03 
97.200000 2.1666326884556123e-03 
97.400000 2.1666339618890353e-03 
97.600000 2.1666351901603359e-03 
97.800000 2.1666363748262499e-03 
98.000000 2.1666375173900955e-03 
98.200000 2.1666386193037153e-03 
98.400000 2.1666396819691987e-03 
98.600000 2.1666407067406227e-03 
98.800000 2.1666416949256396e-03 
99.000000 2.1666426477871554e-03 
99.200000 2.1666435665448087e-03 
99.400000 2.1666444523765027e-03 
99.600000 2.1666453064197958e-03 
99.800000 2.1666461297733630e-03 
100.000000 2.1666469234982717e-03 
100.200000 2.1666476886192808e-03 
100.400000 2.1666484261261671e-03 
100.600000 2.1666491369748343e-03 
100.800000 2.1666498220885492e-03 
101.000000 2.1666504823590203e-03 
101.200000 2.1666511186475218e-03 
101.400000 2.1666517317859312e-03 
101.600000 2.1666523225777321e-03 
101.800000 2.1666528917989912e-03 
102.000000 2.1666534401993203e-03 
102.200000 2.1666539685027833e-03 
102.400000 2.1666544774087389e-03 
102.600000 2.1666549675927495e-03 
102.800000 2.1666554397073508e-03 
103.000000 2.1666558943828247e-03 
103.200000 2.1666563322280679e-03 
103.400000 2.1666567538311948e-03 
103.600000 2.1666571597603215e-03 
103.800000 2.1666575505642459e-03 
104.000000 2.1666579267730825e-03 
104.200000 2.1666582888989244e-03 
104.400000 2.1666586374364488e-03 
104.600000 2.1666589728635316e-03 
104.800000 2.1666592956417520e-03 
105.000000 2.1666596062170341e-03 
105.200000 2.1666599050201392e-03 
105.400000 2.1666601924671810e-03 
105.600000 2.1666604689600973e-03 
105.800000 2.1666607348872048e-03 
106.000000 2.1666609906235991e-03 
106.200000 2.1666612365315884e-03 
106.400000 2.1666614729611879e-03 
106.600000 2.1666617002504686e-03 
106.800000 2.1666619187260591e-03 
107.000000 2.1666621287034019e-03 
107.200000 2.1666623304872103e-03 
107.400000 2.1666625243718369e-03 
107.600000 2.1666627106415727e-03 
107.800000 2.1666628895710281e-03 
108.000000 2.1666630614254369e-03 
108.200000 2.1666632264609968e-03 
108.400000 2.1666633849250997e-03 
108.600000 2.1666635370567286e-03 
108.800000 2.1666636830866681e-03 
109.000000 2.1666638232377866e-03 
109.200000 2.1666639577253401e-03 
109.400000 2.1666640867571817e-03 
109.600000 2.1666642105340555e-03 
109.800000 2.1666643292497490e-03 
110.000000 2.1666644430914177e-03 
110.200000 2.1666645522397682e-03 
110.400000 2.1666646568692738e-03 
110.600000 2.1666647571483562e-03 
110.800000 2.1666648532396738e-03 
111.000000 2.1666649453001875e-03 
111.200000 2.1666650334814311e-03 
111.400000 2.1666651179296967e-03 
111.600000 2.1666651987861801e-03 
111.800000 2.1666652761871291e-03 
112.000000 2.1666653502640846e-03 
112.200000 2.1666654211439551e-03 
112.400000 2.1666654889492200e-03 
112.600000 2.1666655537980473e-03 
112.800000 2.1666656158044403e-03 
113.000000 2.1666656750784501e-03 
113.200000 2.1666657317261692e-03 
113.400000 2.1666657858499670e-03 
113.600000 2.1666658375485899e-03 
113.800000 2.1666658869172813e-03 
114.000000 2.1666659340478719e-03 
114.200000 2.1666659790289242e-03 
114.400000 2.1666660219458373e-03 
114.600000 2.1666660628809585e-03 
114.800000 2.1666661019136384e-03 
115.000000 2.1666661391204069e-03 
115.200000 2.1666661745750118e-03 
115.400000 2.1666662083484906e-03 
115.600000 2.1666662405093826e-03 
115.800000 2.1666662711236581e-03 
116.000000 2.1666663002548950e-03 
116.200000 2.1666663279643603e-03 
116.400000 2.1666663543110343e-03 
116.600000 2.1666663793517525e-03 
116.800000 2.1666664031412095e-03 
117.000000 2.1666664257321212e-03 
117.200000 2.1666664471752029e-03 
117.400000 2.1666664675192657e-03 
117.600000 2.1666664868113185e-03 
117.800000 2.1666665050965859e-03 
118.000000 2.1666665224185908e-03 
118.200000 2.1666665388191926e-03 
118.400000 2.1666665543386776e-03 
118.600000 2.1666665690157649e-03 
118.800000 2.1666665828877236e-03 
119.000000 2.1666665959903676e-03 
119.200000 2.1666666083581154e-03 
119.400000 2.1666666200240818e-03 
119.600000 2.1666666310200533e-03 
119.800000 2.1666666413765914e-03 
120.000000 2.1666666511230719e-03 
120.200000 2.1666666602876915e-03 
120.400000 2.1666666688975309e-03 
120.600000 2.1666666769785833e-03 
120.800000 2.1666666845558155e-03 
121.000000 2.1666666916531981e-03 
121.200000 2.1666666982937096e-03 
121.400000 2.1666667044994096e-03 
121.600000 2.1666667102914687e-03 
121.800000 2.1666667156901762e-03 
122.000000 2.1666667207149489e-03 
122.200000 2.1666667253844836e-03 
122.400000 2.1666667297166272e-03 
122.600000 2.1666667337285174e-03 
122.800000 2.1666667374365379e-03 
123.000000 2.1666667408564082e-03 
123.200000 2.1666667440031636e-03 
123.400000 2.1666667468912119e-03 
123.600000 2.1666667495343120e-03 
123.800000 2.1666667519456562e-03 
124.000000 2.1666667541378518e-03 
124.200000 2.1666667561229254e-03 
124.400000 2.1666667579124145e-03 
124.600000 2.1666667595173429e-03 
124.800000 2.1666667609481893e-03 
125.000000 2.1666667622150249e-03 
125.200000 2.1666667633274185e-03 
125.400000 2.1666667642945368e-03 
125.600000 2.1666667651250972e-03 
125.800000 2.1666667658274304e-03 
126.000000 2.1666667664094622e-03 
126.200000 2.1666667668787717e-03 
126.400000 2.1666667672425640e-03 
126.600000 2.1666667675076900e-03 
126.800000 2.1666667676806715e-03 
127.000000 2.1666667677677481e-03 
127.200000 2.1666667677748262e-03 
127.400000 2.1666667677075003e-03 
127.600000 2.1666667675711493e-03 
127.800000 2.1666667673708099e-03 
128.000000 2.1666667671113053e-03 
128.200000 2.1666667667972115e-03 
128.400000 2.1666667664328528e-03 
128.600000 2.1666667660223491e-03 
128.800000 2.1666667655695590e-03 
129.000000 2.1666667650781873e-03 
129.200000 2.1666667645517156e-03 
129.400000 2.1666667639934386e-03 
129.600000 2.1666667634064468e-03 
129.800000 2.1666667627937121e-03 
130.000000 2.1666667621579759e-03 
130.200000 2.1666667615018722e-03 
130.400000 2.1666667608278485e-03 
130.600000 2.1666667601382369e-03 
130.800000 2.1666667594351990e-03 
131.000000 2.1666667587208043e-03 
131.200000 2.1666667579969398e-03 
131.400000 2.1666667572654489e-03 
131.600000 2.1666667565279928e-03 
131.800000 2.1666667557861622e-03 
132.000000 2.1666667550414211e-03 
132.200000 2.1666667542951340e-03 
132.400000 2.1666667535486222e-03 
132.600000 2.1666667528030372e-03 
132.800000 2.1666667520595165e-03 
133.000000 2.1666667513190680e-03 
133.200000 2.1666667505826557e-03 
133.400000 2.1666667498511389e-03 
133.600000 2.1666667491253462e-03 
133.800000 2.1666667484060071e-03 
134.000000 2.1666667476938160e-03 
134.200000 2.1666667469893751e-03 
134.400000 2.1666667462932588e-03 
134.600000 2.1666667456059913e-03 
134.800000 2.1666667449280223e-03 
135.000000 2.1666667442597825e-03 
135.200000 2.1666667436016241e-03 
135.400000 2.1666667429539044e-03 
135.600000 2.1666667423168896e-03 
135.800000 2.1666667416908553e-03 
136.000000 2.1666667410760042e-03 
136.200000 2.1666667404725264e-03 
136.400000 2.1666667398805893e-03 
136.600000 2.1666667393003048e-03 
136.800000 2.1666667387317882e-03 
137.000000 2.1666667381751020e-03 
137.200000 2.1666667376303008e-03 
137.400000 2.1666667370974211e-03 
137.600000 2.1666667365764537e-03 
137.800000 2.1666667360674082e-03 
138.000000 2.1666667355702495e-03 
138.200000 2.1666667350849190e-03 
138.400000 2.1666667346113750e-03 
138.600000 2.1666667341495405e-03 
138.800000 2.1666667336993233e-03 
139.000000 2.1666667332606300e-03 
139.200000 2.1666667328333476e-03 
139.400000 2.1666667324173570e-03 
139.600000 2.1666667320125342e-03 
139.800000 2.1666667316187407e-03 
140.000000 2.1666667312358464e-03 
140.200000 2.1666667308636724e-03 
140.400000 2.1666667305020966e-03 
140.600000 2.1666667301509413e-03 
140.800000 2.1666667298100269e-03 
141.000000 2.1666667294791995e-03 
141.200000 2.1666667291583082e-03 
141.400000 2.1666667288471474e-03 
141.600000 2.1666667285455484e-03 
141.800000 2.1666667282533494e-03 
142.000000 2.1666667279703414e-03 
142.200000 2.1666667276963657e-03 
142.400000 2.1666667274312301e-03 
142.600000 2.1666667271747746e-03 
142.800000 2.1666667269267985e-03 
143.000000 2.1666667266871187e-03 
143.200000 2.1666667264555687e-03 
143.400000 2.1666667262319767e-03 
143.600000 2.1666667260161563e-03 
143.800000 2.1666667258079210e-03 
144.000000 2.1666667256071272e-03 
144.200000 2.1666667254135810e-03 
144.400000 2.1666667252271234e-03 
144.600000 2.1666667250475934e-03 
144.800000 2.1666667248748232e-03 
145.000000 2.1666667247086484e-03 
145.200000 2.1666667245489441e-03 
145.400000 2.1666667243955351e-03 
145.600000 2.1666667242482844e-03 
145.800000 2.1666667241070311e-03 
146.000000 2.1666667239716446e-03 
146.200000 2.1666667238419671e-03 
146.400000 2.1666667237178867e-03 
146.600000 2.1666667235992337e-03 
146.800000 2.1666667234858986e-03 
147.000000 2.1666667233777308e-03 
147.200000 2.1666667232746423e-03 
147.400000 2.1666667231765254e-03 
147.600000 2.1666667230833196e-03 
147.800000 2.1666667229949576e-03 
148.000000 2.1666667229113070e-03 
148.200000 2.1666667228322596e-03 
148.400000 2.1666667227576981e-03 
148.600000 2.1666667226875017e-03 
148.800000 2.1666667226215228e-03 
149.000000 2.1666667225596352e-03 
149.200000 2.1666667225017028e-03 
149.400000 2.1666667224475851e-03 
149.600000 2.1666667223971302e-03 
149.800000 2.1666667223502107e-03 
