0.000000 6.6670202926693636e-03 
0.200000 6.6670966031613203e-03 
0.400000 6.6674836873776080e-03 
0.600000 6.6684777072614915e-03 
0.800000 6.6703365242204446e-03 
1.000000 6.6732806859789509e-03 
1.200000 6.6775025813844823e-03 
1.400000 6.6831697754612266e-03 
1.600000 6.6904212935983021e-03 
1.800000 6.6993834232159499e-03 
2.000000 6.7101773413556602e-03 
2.200000 6.7229135617395954e-03 
2.400000 6.7376928119663353e-03 
2.600000 6.7546070186743114e-03 
2.800000 6.7737414827207399e-03 
3.000000 6.7951752181225240e-03 
3.200000 6.8189833054696702e-03 
3.400000 6.8452417083043728e-03 
3.600000 6.8740229488873537e-03 
3.800000 6.9053886462921467e-03 
4.000000 6.9393963413452789e-03 
4.200000 6.9761015741741693e-03 
4.400000 7.0155597890026985e-03 
4.600000 7.0578255975039415e-03 
4.800000 7.1029542955313571e-03 
5.000000 7.1510022851075704e-03 
5.200000 7.2020276958048458e-03 
5.400000 7.2560903253481822e-03 
5.600000 7.3132522292050622e-03 
5.800000 7.3735777460242156e-03 
6.000000 7.4371340742025041e-03 
6.200000 7.5039910442902215e-03 
6.400000 7.5742211591543597e-03 
6.600000 7.6479000993716871e-03 
6.800000 7.7251072272864181e-03 
7.000000 7.8059256826992834e-03 
7.200000 7.8904430163458609e-03 
7.400000 7.9787513328812391e-03 
7.600000 8.0709477956840466e-03 
7.800000 8.1671348113996380e-03 
8.000000 8.2674206297727142e-03 
8.200000 8.3719195514148428e-03 
8.400000 8.4807522808363709e-03 
8.600000 8.5940464166618762e-03 
8.800000 8.7119366915224782e-03 
9.000000 8.8345654823200268e-03 
9.200000 8.9620831687885240e-03 
9.400000 9.0946486562055572e-03 
9.600000 9.2324298302719453e-03 
9.800000 9.3756040828512407e-03 
10.000000 9.5243587764661328e-03 
10.200000 9.6788918140591276e-03 
10.400000 9.8394121840437998e-03 
10.600000 1.0006140571713040e-02 
10.800000 1.0179309949779773e-02 
11.000000 1.0359166219092917e-02 
11.200000 1.0545968820344274e-02 
11.400000 1.0739991391335225e-02 
11.600000 1.0941522385447067e-02 
11.800000 1.1150865689248756e-02 
12.000000 1.1368341361193588e-02 
12.200000 1.1594286278007099e-02 
12.400000 1.1829054769623468e-02 
12.600000 1.2073019232908509e-02 
12.800000 1.2326570721219616e-02 
13.000000 1.2590119491264627e-02 
13.200000 1.2864095494681916e-02 
13.400000 1.3148948801936384e-02 
13.600000 1.3445149942490185e-02 
13.800000 1.3753190131885220e-02 
14.000000 1.4073581365909802e-02 
14.200000 1.4406856358794691e-02 
14.400000 1.4753568292405187e-02 
14.600000 1.5114290341224208e-02 
14.800000 1.5489614938507498e-02 
15.000000 1.5880152745852111e-02 
15.200000 1.6286531265464643e-02 
15.400000 1.6709393064936542e-02 
15.600000 1.7149393548424006e-02 
15.800000 1.7607198218502575e-02 
16.000000 1.8083479369064716e-02 
16.200000 1.8578912144261418e-02 
16.400000 1.9094169898324354e-02 
16.600000 1.9629918790996671e-02 
16.800000 2.0186811553570445e-02 
17.000000 2.0765480364117992e-02 
17.200000 2.1366528776132900e-02 
17.400000 2.1990522653473371e-02 
17.600000 2.2637980076171779e-02 
17.800000 2.3309360196745468e-02 
18.000000 2.4005051047215384e-02 
18.200000 2.4725356320086940e-02 
18.400000 2.5470481175135690e-02 
18.600000 2.6240517157732329e-02 
18.800000 2.7035426350855398e-02 
19.000000 2.7855024925095704e-02 
19.200000 2.8698966295279488e-02 
19.400000 2.9566724139278234e-02 
19.600000 3.0457575582330698e-02 
19.800000 3.1370584897139037e-02 
20.000000 3.2304588114038621e-02 
20.200000 3.3258178974471982e-02 
20.400000 3.4229696692257852e-02 
20.600000 3.5217216007853901e-02 
20.800000 3.6218540028603093e-02 
21.000000 3.7231196340076080e-02 
21.200000 3.8252436847776058e-02 
21.400000 3.9279241763225552e-02 
21.600000 4.0308328082743573e-02 
21.800000 4.1336162821163779e-02 
22.000000 4.2358981157444513e-02 
22.200000 4.3372809527088843e-02 
22.400000 4.4373493561187506e-02 
22.600000 4.5356730628560979e-02 
22.800000 4.6318106591753408e-02 
23.000000 4.7253136246053672e-02 
23.200000 4.8157306780080011e-02 
23.400000 4.9026123483366844e-02 
23.600000 4.9855156836819847e-02 
23.800000 5.0640090060625698e-02 
24.000000 5.1376766164620127e-02 
24.200000 5.2061233549746240e-02 
24.400000 5.2689789245805779e-02 
24.600000 5.3259018938111288e-02 
24.800000 5.3765833030163059e-02 
25.000000 5.4207498106045235e-02 
25.200000 5.4581663288960608e-02 
25.400000 5.4886381134840810e-02 
25.600000 5.5120122845861444e-02 
25.800000 5.5281787732036722e-02 
26.000000 5.5370706984543709e-02 
26.200000 5.5386641947725024e-02 
26.400000 5.5329777184526169e-02 
26.600000 5.5200708720304290e-02 
26.800000 5.5000427921324944e-02 
27.000000 5.4730301516702794e-02 
27.200000 5.4392048306645839e-02 
27.400000 5.3987713116931436e-02 
27.600000 5.3519638561288822e-02 
27.800000 5.2990435161875363e-02 
28.000000 5.2402950355486866e-02 
28.200000 5.1760236881791558e-02 
28.400000 5.1065521011873997e-02 
28.600000 5.0322171032712880e-02 
28.800000 4.9533666357703121e-02 
29.000000 4.8703567586490776e-02 
29.200000 4.7835487790545958e-02 
29.400000 4.6933065255068365e-02 
29.600000 4.5999937863841572e-02 
29.800000 4.5039719272115107e-02 
30.000000 4.4055976973931786e-02 
30.200000 4.3052212334802803e-02 
30.400000 4.2031842628424215e-02 
30.600000 4.0998185087271689e-02 
30.800000 3.9954442951404830e-02 
31.000000 3.8903693477561431e-02 
31.200000 3.7848877851533375e-02 
31.400000 3.6792792930713011e-02 
31.600000 3.5738084730438317e-02 
31.800000 3.4687243557140687e-02 
32.000000 3.3642600683118133e-02 
32.200000 3.2606326451838939e-02 
32.400000 3.1580429698777522e-02 
32.600000 3.0566758370748980e-02 
32.800000 2.9567001226294565e-02 
33.000000 2.8582690500713163e-02 
33.200000 2.7615205421621779e-02 
33.400000 2.6665776464307858e-02 
33.600000 2.5735490240399402e-02 
33.800000 2.4825294918394591e-02 
34.000000 2.3936006080186329e-02 
34.200000 2.3068312923752742e-02 
34.400000 2.2222784728526814e-02 
34.600000 2.1399877506499961e-02 
34.800000 2.0599940768723991e-02 
35.000000 1.9823224343487662e-02 
35.200000 1.9069885188952987e-02 
35.400000 1.8339994149386800e-02 
35.600000 1.7633542610248507e-02 
35.800000 1.6950449013258664e-02 
36.000000 1.6290565198127795e-02 
36.200000 1.5653682542850163e-02 
36.400000 1.5039537879348695e-02 
36.600000 1.4447819165771763e-02 
36.800000 1.3878170900898516e-02 
37.000000 1.3330199269900259e-02 
37.200000 1.2803477014136798e-02 
37.400000 1.2297548020752355e-02 
37.600000 1.1811931630579194e-02 
37.800000 1.1346126665285491e-02 
38.000000 1.0899615176818504e-02 
38.200000 1.0471865924024283e-02 
38.400000 1.0062337582886540e-02 
38.600000 9.6704816981329888e-03 
38.800000 9.2957453850362731e-03 
39.000000 8.9375737911020128e-03 
39.200000 8.5954123280079855e-03 
39.400000 8.2687086846573235e-03 
39.600000 7.9569146325528892e-03 
39.800000 7.6594876349020246e-03 
40.000000 7.3758922709448605e-03 
40.200000 7.1056014869761647e-03 
40.400000 6.8480976854130926e-03 
40.600000 6.6028736630690133e-03 
40.800000 6.3694334095335736e-03 
41.000000 6.1472927762432194e-03 
41.200000 5.9359800264690184e-03 
41.400000 5.7350362760531298e-03 
41.600000 5.5440158343053108e-03 
41.800000 5.3624864540283085e-03 
42.000000 5.1900294991889173e-03 
42.200000 5.0262400382877241e-03 
42.400000 4.8707268710179493e-03 
42.600000 4.7231124953400136e-03 
42.800000 4.5830330216409844e-03 
43.000000 4.4501380401993570e-03 
43.200000 4.3240904477362067e-03 
43.400000 4.2045662384090398e-03 
43.600000 4.0912542641930571e-03 
43.800000 3.9838559692004670e-03 
44.000000 3.8820851021094203e-03 
44.200000 3.7856674105152975e-03 
44.400000 3.6943403206746652e-03 
44.600000 3.6078526057884623e-03 
44.800000 3.5259640456676059e-03 
45.000000 3.4484450803367859e-03 
45.200000 3.3750764598654750e-03 
45.400000 3.3056488924649297e-03 
45.600000 3.2399626926581633e-03 
45.800000 3.1778274311145918e-03 
46.000000 3.1190615875423479e-03 
46.200000 3.0634922078486638e-03 
46.400000 3.0109545666108348e-03 
46.600000 2.9612918357468728e-03 
46.800000 2.9143547601355384e-03 
47.000000 2.8700013408079453e-03 
47.200000 2.8280965262193407e-03 
47.400000 2.7885119120049881e-03 
47.600000 2.7511254495325619e-03 
47.800000 2.7158211634796523e-03 
48.000000 2.6824888785918952e-03 
48.200000 2.6510239557118506e-03 
48.400000 2.6213270371112547e-03 
48.600000 2.5933038011089625e-03 
48.800000 2.5668647259135852e-03 
49.000000 2.5419248625917460e-03 
49.200000 2.5184036170305736e-03 
49.400000 2.4962245407362813e-03 
49.600000 2.4753151302868638e-03 
49.800000 2.4556066352389950e-03 
50.000000 2.4370338742730900e-03 
50.200000 2.4195350593490717e-03 
50.400000 2.4030516276353493e-03 
50.600000 2.3875280809674310e-03 
50.800000 2.3729118325876196e-03 
51.000000 2.3591530609147452e-03 
51.200000 2.3462045700919001e-03 
51.400000 2.3340216570607360e-03 
51.600000 2.3225619849126687e-03 
51.800000 2.3117854622701261e-03 
52.000000 2.3016541284548273e-03 
52.200000 2.2921320442046015e-03 
52.400000 2.2831851877052902e-03 
52.600000 2.2747813557102850e-03 
52.800000 2.2668900695258865e-03 
53.000000 2.2594824856474239e-03 
53.200000 2.2525313108376350e-03 
53.400000 2.2460107214454248e-03 
53.600000 2.2398962867702099e-03 
53.800000 2.2341648962840846e-03 
54.000000 2.2287946905306332e-03 
54.200000 2.2237649955265944e-03 
54.400000 2.2190562604990490e-03 
54.600000 2.2146499987979150e-03 
54.800000 2.2105287318296774e-03 
55.000000 2.2066759358654489e-03 
55.200000 2.2030759915820275e-03 
55.400000 2.1997141362014761e-03 
55.600000 2.1965764181003538e-03 
55.800000 2.1936496537655675e-03 
56.000000 2.1909213869794782e-03 
56.200000 2.1883798501224627e-03 
56.400000 2.1860139274861301e-03 
56.600000 2.1838131204955208e-03 
56.800000 2.1817675147434361e-03 
57.000000 2.1798677487448541e-03 
57.200000 2.1781049843235703e-03 
57.400000 2.1764708785476602e-03 
57.600000 2.1749575571343555e-03 
57.800000 2.1735575892490346e-03 
58.000000 2.1722639636264579e-03 
58.200000 2.1710700659460921e-03 
58.400000 2.1699696573970967e-03 
58.600000 2.1689568543709061e-03 
58.800000 2.1680261092238248e-03 
59.000000 2.1671721920533378e-03 
59.200000 2.1663901734363358e-03 
59.400000 2.1656754080786587e-03 
59.600000 2.1650235193290479e-03 
59.800000 2.1644303845122117e-03 
60.000000 2.1638921210385769e-03 
60.200000 2.1634050732501175e-03 
60.400000 2.1629657999639538e-03 
60.600000 2.1625710626772088e-03 
60.800000 2.1622178143987083e-03 
61.000000 2.1619031890747803e-03 
61.200000 2.1616244915779147e-03 
61.400000 2.1613791882291165e-03 
61.600000 2.1611648978257553e-03 
61.800000 2.1609793831487015e-03 
62.000000 2.1608205429233989e-03 
62.200000 2.1606864042112957e-03 
62.400000 2.1605751152088994e-03 
62.600000 2.1604849384332580e-03 
62.800000 2.1604142442733887e-03 
63.000000 2.1603615048885016e-03 
63.200000 2.1603252884349719e-03 
63.400000 2.1603042536045810e-03 
63.600000 2.1602971444576479e-03 
63.800000 2.1603027855356728e-03 
64.000000 2.1603200772387829e-03 
64.200000 2.1603479914538023e-03 
64.400000 2.1603855674200917e-03 
64.600000 2.1604319078201875e-03 
64.800000 2.1604861750839505e-03 
65.000000 2.1605475878942347e-03 
65.200000 2.1606154178841178e-03 
65.400000 2.1606889865150420e-03 
65.600000 2.1607676621266847e-03 
65.800000 2.1608508571490698e-03 
66.000000 2.1609380254687125e-03 
66.200000 2.1610286599403157e-03 
66.400000 2.1611222900364590e-03 
66.600000 2.1612184796279132e-03 
66.800000 2.1613168248875029e-03 
67.000000 2.1614169523111776e-03 
67.200000 2.1615185168498011e-03 
67.400000 2.1616212001458858e-03 
67.600000 2.1617247088696152e-03 
67.800000 2.1618287731487874e-03 
68.000000 2.1619331450878502e-03 
68.200000 2.1620375973708922e-03 
68.400000 2.1621419219443904e-03 
68.600000 2.1622459287753645e-03 
68.800000 2.1623494446806964e-03 
69.000000 2.1624523122239143e-03 
69.200000 2.1625543886758226e-03 
69.400000 2.1626555450353904e-03 
69.600000 2.1627556651077841e-03 
69.800000 2.1628546446361700e-03 
70.000000 2.1629523904847943e-03 
70.200000 2.1630488198699773e-03 
70.400000 2.1631438596369608e-03 
70.600000 2.1632374455796493e-03 
70.800000 2.1633295218011321e-03 
71.000000 2.1634200401126854e-03 
71.200000 2.1635089594690612e-03 
71.400000 2.1635962454382095e-03 
71.600000 2.1636818697032519e-03 
71.800000 2.1637658095952114e-03 
72.000000 2.1638480476546293e-03 
72.200000 2.1639285712203977e-03 
72.400000 2.1640073720443653e-03 
72.600000 2.1640844459303531e-03 
72.800000 2.1641597923959042e-03 
73.000000 2.1642334143558302e-03 
73.200000 2.1643053178260537e-03 
73.400000 2.1643755116467077e-03 
73.600000 2.1644440072233887e-03 
73.800000 2.1645108182854322e-03 
74.000000 2.1645759606603535e-03 
74.200000 2.1646394520634048e-03 
74.400000 2.1647013119013565e-03 
74.600000 2.1647615610899174e-03 
74.800000 2.1648202218835324e-03 
75.000000 2.1648773177173342e-03 
75.200000 2.1649328730600700e-03 
75.400000 2.1649869132777870e-03 
75.600000 2.1650394645071919e-03 
75.800000 2.1650905535385155e-03 
76.000000 2.1651402077069028e-03 
76.200000 2.1651884547922049e-03 
76.400000 2.1652353229263690e-03 
76.600000 2.1652808405080064e-03 
76.800000 2.1653250361238887e-03 
77.000000 2.1653679384766420e-03 
77.200000 2.1654095763184483e-03 
77.400000 2.1654499783904011e-03 
77.600000 2.1654891733669233e-03 
77.800000 2.1655271898051707e-03 
78.000000 2.1655640560990243e-03 
78.200000 2.1655998004372467e-03 
78.400000 2.1656344507656917e-03 
78.600000 2.1656680347532592e-03 
78.800000 2.1657005797612169e-03 
79.000000 2.1657321128157984e-03 
79.200000 2.1657626605839663e-03 
79.400000 2.1657922493516688e-03 
79.600000 2.1658209050049357e-03 
79.800000 2.1658486530133979e-03 
80.000000 2.1658755184158283e-03 
80.200000 2.1659015258080876e-03 
80.400000 2.1659266993326967e-03 
80.600000 2.1659510626703912e-03 
80.800000 2.1659746390332428e-03 
81.000000 2.1659974511593245e-03 
81.200000 2.1660195213087292e-03 
81.400000 2.1660408712609832e-03 
81.600000 2.1660615223135196e-03 
81.800000 2.1660814952813180e-03 
82.000000 2.1661008104975109e-03 
82.200000 2.1661194878149033e-03 
82.400000 2.1661375466082906e-03 
82.600000 2.1661550057775697e-03 
82.800000 2.1661718837515430e-03 
83.000000 2.1661881984922603e-03 
83.200000 2.1662039674999402e-03 
83.400000 2.1662192078184903e-03 
83.600000 2.1662339360412632e-03 
83.800000 2.1662481683174502e-03 
84.000000 2.1662619203586227e-03 
84.200000 2.1662752074456241e-03 
84.400000 2.1662880444358449e-03 
84.600000 2.1663004457705341e-03 
84.800000 2.1663124254824536e-03 
85.000000 2.1663239972036117e-03 
85.200000 2.1663351741731873e-03 
85.400000 2.1663459692454370e-03 
85.600000 2.1663563948978626e-03 
85.800000 2.1663664632392797e-03 
86.000000 2.1663761860179847e-03 
86.200000 2.1663855746299815e-03 
86.400000 2.1663946401270146e-03 
86.600000 2.1664033932248927e-03 
86.800000 2.1664118443114944e-03 
87.000000 2.1664200034548485e-03 
87.200000 2.1664278804112130e-03 
87.400000 2.1664354846329132e-03 
87.600000 2.1664428252762763e-03 
87.800000 2.1664499112093840e-03 
88.000000 2.1664567510196985e-03 
88.200000 2.1664633530217160e-03 
88.400000 2.1664697252643220e-03 
88.600000 2.1664758755382155e-03 
88.800000 2.1664818113830359e-03 
89.000000 2.1664875400945680e-03 
89.200000 2.1664930687315931e-03 
89.400000 2.1664984041227875e-03 
89.600000 2.1665035528734213e-03 
89.800000 2.1665085213718508e-03 
90.000000 2.1665133157960236e-03 
90.200000 2.1665179421196828e-03 
90.400000 2.1665224061186059e-03 
90.600000 2.1665267133765070e-03 
90.800000 2.1665308692909516e-03 
91.000000 2.1665348790790794e-03 
91.200000 2.1665387477831977e-03 
91.400000 2.1665424802761613e-03 
91.600000 2.1665460812668002e-03 
91.800000 2.1665495553049559e-03 
92.000000 2.1665529067866193e-03 
92.200000 2.1665561399587846e-03 
92.400000 2.1665592589242204e-03 
92.600000 2.1665622676461400e-03 
92.800000 2.1665651699526900e-03 
93.000000 2.1665679695413516e-03 
93.200000 2.1665706699831606e-03 
93.400000 2.1665732747269259e-03 
93.600000 2.1665757871031817e-03 
93.800000 2.1665782103281153e-03 
94.000000 2.1665805475073636e-03 
94.200000 2.1665828016396806e-03 
94.400000 2.1665849756204707e-03 
94.600000 2.1665870722453605e-03 
94.800000 2.1665890942133659e-03 
95.000000 2.1665910441303073e-03 
95.200000 2.1665929245118678e-03 
95.400000 2.1665947377866855e-03 
95.600000 2.1665964862992641e-03 
95.800000 2.1665981723128823e-03 
96.000000 2.1665997980123359e-03 
96.200000 2.1666013655066048e-03 
96.400000 2.1666028768314968e-03 
96.600000 2.1666043339521024e-03 
96.800000 2.1666057387652580e-03 
97.000000 2.1666070931018874e-03 
97.200000 2.1666083987292415e-03 
97.400000 2.1666096573531688e-03 
97.600000 2.1666108706201873e-03 
97.800000 2.1666120401195236e-03 
98.000000 2.1666131673851495e-03 
98.200000 2.1666142538976502e-03 
98.400000 2.1666153010860972e-03 
98.600000 2.1666163103298600e-03 
98.800000 2.1666172829603188e-03 
99.000000 2.1666182202625048e-03 
99.200000 2.1666191234767781e-03 
99.400000 2.1666199938003513e-03 
99.600000 2.1666208323887540e-03 
99.800000 2.1666216403573679e-03 
100.000000 2.1666224187827814e-03 
100.200000 2.1666231687041395e-03 
100.400000 2.1666238911245026e-03 
100.600000 2.1666245870120338e-03 
100.800000 2.1666252573012464e-03 
101.000000 2.1666259028942456e-03 
101.200000 2.1666265246617481e-03 
101.400000 2.1666271234442539e-03 
101.600000 2.1666277000530958e-03 
101.800000 2.1666282552714237e-03 
102.000000 2.1666287898552484e-03 
102.200000 2.1666293045343246e-03 
102.400000 2.1666298000130898e-03 
102.600000 2.1666302769715751e-03 
102.800000 2.1666307360662346e-03 
103.000000 2.1666311779307600e-03 
103.200000 2.1666316031768830e-03 
103.400000 2.1666320123951569e-03 
103.600000 2.1666324061556355e-03 
103.800000 2.1666327850086795e-03 
104.000000 2.1666331494855683e-03 
104.200000 2.1666335000991776e-03 
104.400000 2.1666338373446301e-03 
104.600000 2.1666341616999023e-03 
104.800000 2.1666344736264408e-03 
105.000000 2.1666347735697193e-03 
105.200000 2.1666350619597421e-03 
105.400000 2.1666353392117031e-03 
105.600000 2.1666356057263737e-03 
105.800000 2.1666358618906514e-03 
106.000000 2.1666361080780521e-03 
106.200000 2.1666363446491430e-03 
106.400000 2.1666365719520261e-03 
106.600000 2.1666367903227105e-03 
106.800000 2.1666370000855695e-03 
107.000000 2.1666372015537645e-03 
107.200000 2.1666373950295446e-03 
107.400000 2.1666375808047341e-03 
107.600000 2.1666377591609575e-03 
107.800000 2.1666379303701398e-03 
108.000000 2.1666380946946998e-03 
108.200000 2.1666382523879563e-03 
108.400000 2.1666384036944288e-03 
108.600000 2.1666385488501136e-03 
108.800000 2.1666386880827811e-03 
109.000000 2.1666388216122893e-03 
109.200000 2.1666389496507970e-03 
109.400000 2.1666390724030694e-03 
109.600000 2.1666391900667394e-03 
109.800000 2.1666393028324802e-03 
110.000000 2.1666394108843228e-03 
110.200000 2.1666395143998618e-03 
110.400000 2.1666396135504142e-03 
110.600000 2.1666397085012973e-03 
110.800000 2.1666397994120363e-03 
111.000000 2.1666398864365198e-03 
111.200000 2.1666399697232055e-03 
111.400000 2.1666400494153230e-03 
111.600000 2.1666401256509953e-03 
111.800000 2.1666401985635255e-03 
112.000000 2.1666402682813976e-03 
112.200000 2.1666403349285953e-03 
112.400000 2.1666403986246776e-03 
112.600000 2.1666404594849207e-03 
112.800000 2.1666405176204787e-03 
113.000000 2.1666405731385527e-03 
113.200000 2.1666406261424778e-03 
113.400000 2.1666406767318776e-03 
113.600000 2.1666407250027853e-03 
113.800000 2.1666407710477877e-03 
114.000000 2.1666408149560736e-03 
114.200000 2.1666408568136743e-03 
114.400000 2.1666408967033982e-03 
114.600000 2.1666409347051345e-03 
114.800000 2.1666409708957666e-03 
115.000000 2.1666410053494283e-03 
115.200000 2.1666410381374940e-03 
115.400000 2.1666410693287350e-03 
115.600000 2.1666410989893354e-03 
115.800000 2.1666411271830926e-03 
116.000000 2.1666411539714007e-03 
116.200000 2.1666411794133591e-03 
116.400000 2.1666412035658807e-03 
116.600000 2.1666412264837289e-03 
116.800000 2.1666412482196349e-03 
117.000000 2.1666412688242905e-03 
117.200000 2.1666412883465159e-03 
117.400000 2.1666413068332805e-03 
117.600000 2.1666413243297223e-03 
117.800000 2.1666413408792822e-03 
118.000000 2.1666413565237220e-03 
118.200000 2.1666413713032143e-03 
118.400000 2.1666413852563489e-03 
118.600000 2.1666413984202481e-03 
118.800000 2.1666414108305692e-03 
119.000000 2.1666414225215806e-03 
119.200000 2.1666414335261928e-03 
119.400000 2.1666414438760244e-03 
119.600000 2.1666414536014866e-03 
119.800000 2.1666414627316806e-03 
120.000000 2.1666414712946339e-03 
120.200000 2.1666414793172230e-03 
120.400000 2.1666414868252225e-03 
120.600000 2.1666414938433872e-03 
120.800000 2.1666415003954360e-03 
121.000000 2.1666415065041715e-03 
121.200000 2.1666415121913804e-03 
121.400000 2.1666415174780131e-03 
121.600000 2.1666415223841346e-03 
121.800000 2.1666415269289557e-03 
122.000000 2.1666415311308897e-03 
122.200000 2.1666415350076037e-03 
122.400000 2.1666415385759421e-03 
122.600000 2.1666415418521196e-03 
122.800000 2.1666415448515883e-03 
123.000000 2.1666415475891732e-03 
123.200000 2.1666415500790300e-03 
123.400000 2.1666415523346962e-03 
123.600000 2.1666415543691512e-03 
123.800000 2.1666415561947669e-03 
124.000000 2.1666415578233626e-03 
124.200000 2.1666415592662383e-03 
124.400000 2.1666415605341945e-03 
124.600000 2.1666415616375129e-03 
124.800000 2.1666415625860519e-03 
125.000000 2.1666415633891725e-03 
125.200000 2.1666415640558150e-03 
125.400000 2.1666415645945096e-03 
125.600000 2.1666415650133746e-03 
125.800000 2.1666415653201440e-03 
126.000000 2.1666415655222163e-03 
126.200000 2.1666415656265673e-03 
126.400000 2.1666415656398813e-03 
126.600000 2.1666415655685121e-03 
126.800000 2.1666415654184828e-03 
127.000000 2.1666415651955292e-03 
127.200000 2.1666415649050914e-03 
127.400000 2.1666415645523285e-03 
127.600000 2.1666415641421587e-03 
127.800000 2.1666415636792157e-03 
128.000000 2.1666415631678994e-03 
128.200000 2.1666415626123993e-03 
128.400000 2.1666415620166342e-03 
128.600000 2.1666415613843535e-03 
128.800000 2.1666415607191039e-03 
129.000000 2.1666415600241984e-03 
129.200000 2.1666415593027881e-03 
129.400000 2.1666415585578492e-03 
129.600000 2.1666415577921675e-03 
129.800000 2.1666415570083921e-03 
130.000000 2.1666415562089972e-03 
130.200000 2.1666415553963222e-03 
130.400000 2.1666415545725411e-03 
130.600000 2.1666415537397289e-03 
130.800000 2.1666415528997889e-03 
131.000000 2.1666415520545409e-03 
131.200000 2.1666415512056553e-03 
131.400000 2.1666415503547227e-03 
131.600000 2.1666415495031842e-03 
131.800000 2.1666415486524442e-03 
132.000000 2.1666415478037281e-03 
132.200000 2.1666415469582590e-03 
132.400000 2.1666415461170968e-03 
132.600000 2.1666415452812528e-03 
132.800000 2.1666415444516686e-03 
133.000000 2.1666415436292028e-03 
133.200000 2.1666415428146226e-03 
133.400000 2.1666415420086706e-03 
133.600000 2.1666415412119819e-03 
133.800000 2.1666415404251673e-03 
134.000000 2.1666415396487657e-03 
134.200000 2.1666415388832466e-03 
134.400000 2.1666415381290617e-03 
134.600000 2.1666415373865940e-03 
134.800000 2.1666415366561765e-03 
135.000000 2.1666415359381181e-03 
135.200000 2.1666415352326811e-03 
135.400000 2.1666415345400832e-03 
135.600000 2.1666415338604944e-03 
135.800000 2.1666415331941112e-03 
136.000000 2.1666415325410121e-03 
136.200000 2.1666415319013181e-03 
136.400000 2.1666415312750890e-03 
136.600000 2.1666415306623625e-03 
136.800000 2.1666415300631604e-03 
137.000000 2.1666415294774783e-03 
137.200000 2.1666415289052811e-03 
137.400000 2.1666415283465470e-03 
137.600000 2.1666415278011890e-03 
137.800000 2.1666415272691428e-03 
138.000000 2.1666415267503178e-03 
138.200000 2.1666415262446004e-03 
138.400000 2.1666415257518643e-03 
138.600000 2.1666415252719938e-03 
138.800000 2.1666415248048462e-03 
139.000000 2.1666415243502602e-03 
139.200000 2.1666415239080757e-03 
139.400000 2.1666415234781410e-03 
139.600000 2.1666415230602791e-03 
139.800000 2.1666415226542814e-03 
140.000000 2.1666415222599965e-03 
140.200000 2.1666415218771968e-03 
140.400000 2.1666415215057314e-03 
140.600000 2.1666415211453699e-03 
140.800000 2.1666415207959307e-03 
141.000000 2.1666415204572025e-03 
141.200000 2.1666415201289754e-03 
141.400000 2.1666415198110492e-03 
141.600000 2.1666415195032078e-03 
141.800000 2.1666415192052612e-03 
142.000000 2.1666415189169849e-03 
142.200000 2.1666415186381818e-03 
142.400000 2.1666415183686483e-03 
142.600000 2.1666415181081713e-03 
142.800000 2.1666415178565376e-03 
143.000000 2.1666415176135796e-03 
143.200000 2.1666415173790718e-03 
143.400000 2.1666415171528101e-03 
143.600000 2.1666415169346131e-03 
143.800000 2.1666415167242901e-03 
144.000000 2.1666415165216488e-03 
144.200000 2.1666415163264950e-03 
144.400000 2.1666415161386422e-03 
144.600000 2.1666415159579131e-03 
144.800000 2.1666415157841402e-03 
145.000000 2.1666415156171496e-03 
145.200000 2.1666415154567779e-03 
145.400000 2.1666415153028546e-03 
145.600000 2.1666415151552175e-03 
145.800000 2.1666415150137135e-03 
146.000000 2.1666415148781830e-03 
146.200000 2.1666415147484942e-03 
146.400000 2.1666415146244736e-03 
146.600000 2.1666415145059734e-03 
146.800000 2.1666415143928633e-03 
147.000000 2.1666415142850065e-03 
147.200000 2.1666415141822558e-03 
147.400000 2.1666415140845375e-03 
147.600000 2.1666415139918013e-03 
147.800000 2.1666415139039237e-03 
148.000000 2.1666415138207958e-03 
148.200000 2.1666415137423060e-03 
148.400000 2.1666415136683170e-03 
148.600000 2.1666415135987013e-03 
148.800000 2.1666415135333456e-03 
149.000000 2.1666415134720834e-03 
149.200000 2.1666415134147664e-03 
149.400000 2.1666415133612558e-03 
149.600000 2.1666415133114398e-03 
149.800000 2.1666415132651287e-03 
