0.000000 7.9834069036612259e-03 
0.200000 7.9836102298493101e-03 
0.400000 7.9844042582942146e-03 
0.600000 7.9861461803115204e-03 
0.800000 7.9891484109483185e-03 
1.000000 7.9936838798925561e-03 
1.200000 7.9999874156504603e-03 
1.400000 8.0082638298766048e-03 
1.600000 8.0186941931483097e-03 
1.800000 8.0314556841242640e-03 
2.000000 8.0467124532987537e-03 
2.200000 8.0646169094887362e-03 
2.400000 8.0853119012871955e-03 
2.600000 8.1089326375617717e-03 
2.800000 8.1356081005428283e-03 
3.000000 8.1654631516294846e-03 
3.200000 8.1986193031769444e-03 
3.400000 8.2352070857308491e-03 
3.600000 8.2753456463203895e-03 
3.800000 8.3191513100732209e-03 
4.000000 8.3667407250347745e-03 
4.200000 8.4182324467330667e-03 
4.400000 8.4737481908630265e-03 
4.600000 8.5334148574738363e-03 
4.800000 8.5973644730233528e-03 
5.000000 8.6657356176568189e-03 
5.200000 8.7386742103202387e-03 
5.400000 8.8163342035393645e-03 
5.600000 8.8988781896245841e-03 
5.800000 8.9864779449966084e-03 
6.000000 9.0793150759401510e-03 
6.200000 9.1775820549757237e-03 
6.400000 9.2814822505609389e-03 
6.600000 9.3912306887672416e-03 
6.800000 9.5070552395283576e-03 
7.000000 9.6291972806075050e-03 
7.200000 9.7579129622864611e-03 
7.400000 9.8934741932943174e-03 
7.600000 1.0036169717465009e-02 
7.800000 1.0186306230703671e-02 
8.000000 1.0344209494371742e-02 
8.200000 1.0510225564671408e-02 
8.400000 1.0684722132342755e-02 
8.600000 1.0868089802622006e-02 
8.800000 1.1060743501745490e-02 
9.000000 1.1263123971254599e-02 
9.200000 1.1475699400970978e-02 
9.400000 1.1698967084129317e-02 
9.600000 1.1933455274097313e-02 
9.800000 1.2179725080159609e-02 
10.000000 1.2438372470827210e-02 
10.200000 1.2710030398292448e-02 
10.400000 1.2995371048334699e-02 
10.600000 1.3295108205592928e-02 
10.800000 1.3609999747602157e-02 
11.000000 1.3940850220025320e-02 
11.200000 1.4288513529404670e-02 
11.400000 1.4653895753797613e-02 
11.600000 1.5037958031831550e-02 
11.800000 1.5441719575739433e-02 
12.000000 1.5866260759646544e-02 
12.200000 1.6312726287576199e-02 
12.400000 1.6782328422931269e-02 
12.600000 1.7276350255872385e-02 
12.800000 1.7796148991800462e-02 
13.000000 1.8343159230505657e-02 
13.200000 1.8918896191338665e-02 
13.400000 1.9524958848094836e-02 
13.600000 2.0163032921979202e-02 
13.800000 2.0834893675081921e-02 
14.000000 2.1542408428614282e-02 
14.200000 2.2287538736983428e-02 
14.400000 2.3072342119338441e-02 
14.600000 2.3898973249730681e-02 
14.800000 2.4769684489359931e-02 
15.000000 2.5686825632763196e-02 
15.200000 2.6652842724280819e-02 
15.400000 2.7670275788222561e-02 
15.600000 2.8741755298686725e-02 
15.800000 2.9869997205850471e-02 
16.000000 3.1057796321391717e-02 
16.200000 3.2308017853502562e-02 
16.400000 3.3623586878644390e-02 
16.600000 3.5007475528857995e-02 
16.800000 3.6462687677142343e-02 
17.000000 3.7992240909174531e-02 
17.200000 3.9599145583506148e-02 
17.400000 4.1286380805334720e-02 
17.600000 4.3056867170576760e-02 
17.800000 4.4913436179858296e-02 
18.000000 4.6858796277781521e-02 
18.200000 4.8895495540268986e-02 
18.400000 5.1025881113916524e-02 
18.600000 5.3252055604960186e-02 
18.800000 5.5575830722877695e-02 
19.000000 5.7998678600409595e-02 
19.200000 6.0521681338874207e-02 
19.400000 6.3145479459792569e-02 
19.600000 6.5870220078331529e-02 
19.800000 6.8695505745258803e-02 
20.000000 7.1620345026973828e-02 
20.200000 7.4643106000610554e-02 
20.400000 7.7761473927011132e-02 
20.600000 8.0972414420506247e-02 
20.800000 8.4272143454055676e-02 
21.000000 8.7656105515084279e-02 
21.200000 9.1118961154926334e-02 
21.400000 9.4654585049960216e-02 
21.600000 9.8256075512916791e-02 
21.800000 1.0191577615965237e-01 
22.000000 1.0562531015390490e-01 
22.200000 1.0937562712764029e-01 
22.400000 1.1315706251841824e-01 
22.600000 1.1695940869162201e-01 
22.800000 1.2077199684090464e-01 
23.000000 1.2458378830250769e-01 
23.200000 1.2838347359652913e-01 
23.400000 1.3215957723804930e-01 
23.600000 1.3590056615801716e-01 
23.800000 1.3959495944953434e-01 
24.000000 1.4323143711638045e-01 
24.200000 1.4679894554927922e-01 
24.400000 1.5028679758806576e-01 
24.600000 1.5368476523646105e-01 
24.800000 1.5698316336811935e-01 
25.000000 1.6017292308277190e-01 
25.200000 1.6324565372218308e-01 
25.400000 1.6619369291967614e-01 
25.600000 1.6901014441708320e-01 
25.800000 1.7168890372386594e-01 
26.000000 1.7422467200218225e-01 
26.200000 1.7661295882913328e-01 
26.400000 1.7885007470692635e-01 
26.600000 1.8093311435997889e-01 
26.800000 1.8285993197470082e-01 
27.000000 1.8462910960489537e-01 
27.200000 1.8623991998749517e-01 
27.400000 1.8769228499513169e-01 
27.600000 1.8898673090019480e-01 
27.800000 1.9012434154634289e-01 
28.000000 1.9110671042466121e-01 
28.200000 1.9193589253942178e-01 
28.400000 1.9261435682849046e-01 
28.600000 1.9314493978120842e-01 
28.800000 1.9353080077639376e-01 
29.000000 1.9377537954850280e-01 
29.200000 1.9388235608369725e-01 
29.400000 1.9385561315132535e-01 
29.600000 1.9369920159149895e-01 
29.800000 1.9341730840629615e-01 
30.000000 1.9301422764083276e-01 
30.200000 1.9249433399051422e-01 
30.400000 1.9186205903147552e-01 
30.600000 1.9112186994166175e-01 
30.800000 1.9027825055908962e-01 
31.000000 1.8933568461045763e-01 
31.200000 1.8829864093635296e-01 
31.400000 1.8717156053765502e-01 
31.600000 1.8595884527047207e-01 
31.800000 1.8466484802295921e-01 
32.000000 1.8329386421596786e-01 
32.200000 1.8185012447979557e-01 
32.400000 1.8033778837077608e-01 
32.600000 1.7876093900351345e-01 
32.800000 1.7712357848674382e-01 
33.000000 1.7542962406286661e-01 
33.200000 1.7368290486268614e-01 
33.400000 1.7188715919782385e-01 
33.600000 1.7004603232336724e-01 
33.800000 1.6816307461254446e-01 
34.000000 1.6624174009356119e-01 
34.200000 1.6428538530615333e-01 
34.400000 1.6229726844192749e-01 
34.600000 1.6028054873827563e-01 
34.800000 1.5823828610048687e-01 
35.000000 1.5617344093084842e-01 
35.200000 1.5408887414698605e-01 
35.400000 1.5198734737455966e-01 
35.600000 1.4987152330174131e-01 
35.800000 1.4774396618477853e-01 
36.000000 1.4560714249538928e-01 
36.200000 1.4346342170184662e-01 
36.400000 1.4131507717642575e-01 
36.600000 1.3916428722249194e-01 
36.800000 1.3701313621487965e-01 
37.000000 1.3486361584746726e-01 
37.200000 1.3271762648199864e-01 
37.400000 1.3057697859220582e-01 
37.600000 1.2844339429732113e-01 
37.800000 1.2631850897898927e-01 
38.000000 1.2420387297550928e-01 
38.200000 1.2210095334729523e-01 
38.400000 1.2001113570734787e-01 
38.600000 1.1793572611048626e-01 
38.800000 1.1587595299506177e-01 
39.000000 1.1383296917087078e-01 
39.200000 1.1180785384700370e-01 
39.400000 1.0980161469343719e-01 
39.600000 1.0781518993025858e-01 
39.800000 1.0584945043851550e-01 
40.000000 1.0390520188687155e-01 
40.200000 1.0198318686836749e-01 
40.400000 1.0008408704184213e-01 
40.600000 9.8208525272739849e-02 
40.800000 9.6357067768305674e-02 
41.000000 9.4530226202396678e-02 
41.200000 9.2728459825427531e-02 
41.400000 9.0952177555226874e-02 
41.600000 8.9201740044872177e-02 
41.800000 8.7477461723864017e-02 
42.000000 8.5779612809280023e-02 
42.200000 8.4108421283846269e-02 
42.400000 8.2464074838143303e-02 
42.600000 8.0846722774459326e-02 
42.800000 7.9256477870059280e-02 
43.000000 7.7693418197931643e-02 
43.200000 7.6157588903309745e-02 
43.400000 7.4649003934538383e-02 
43.600000 7.3167647727076818e-02 
43.800000 7.1713476839666432e-02 
44.000000 7.0286421541912281e-02 
44.200000 6.8886387352716877e-02 
44.400000 6.7513256529210947e-02 
44.600000 6.6166889505995197e-02 
44.800000 6.4847126284679230e-02 
45.000000 6.3553787773852122e-02 
45.200000 6.2286677079758990e-02 
45.400000 6.1045580748099910e-02 
45.600000 5.9830269957464148e-02 
45.800000 5.8640501665034400e-02 
46.000000 5.7476019705288678e-02 
46.200000 5.6336555842497242e-02 
46.400000 5.5221830777909160e-02 
46.600000 5.4131555112568917e-02 
46.800000 5.3065430266765225e-02 
47.000000 5.2023149357165191e-02 
47.200000 5.1004398032720652e-02 
47.400000 5.0008855270466744e-02 
47.600000 4.9036194132360940e-02 
47.800000 4.8086082484322605e-02 
48.000000 4.7158183678653542e-02 
48.200000 4.6252157201022027e-02 
48.400000 4.5367659283195111e-02 
48.600000 4.4504343482708077e-02 
48.800000 4.3661861230642460e-02 
49.000000 4.2839862348689549e-02 
49.200000 4.2037995536646951e-02 
49.400000 4.1255908831495061e-02 
49.600000 4.0493250039171202e-02 
49.800000 3.9749667140143594e-02 
50.000000 3.9024808669866268e-02 
50.200000 3.8318324075168102e-02 
50.400000 3.7629864047606411e-02 
50.600000 3.6959080834791470e-02 
50.800000 3.6305628530654721e-02 
51.000000 3.5669163345612410e-02 
51.200000 3.5049343857545850e-02 
51.400000 3.4445831244486927e-02 
51.600000 3.3858289499874378e-02 
51.800000 3.3286385631215470e-02 
52.000000 3.2729789842956977e-02 
52.200000 3.2188175704341890e-02 
52.400000 3.1661220303003126e-02 
52.600000 3.1148604385010919e-02 
52.800000 3.0650012482069448e-02 
53.000000 3.0165133026526274e-02 
53.200000 2.9693658454837651e-02 
53.400000 2.9235285300097121e-02 
53.600000 2.8789714274221005e-02 
53.800000 2.8356650340350478e-02 
54.000000 2.7935802776011587e-02 
54.200000 2.7526885227547971e-02 
54.400000 2.7129615756319603e-02 
54.600000 2.6743716877140826e-02 
54.800000 2.6368915589406402e-02 
55.000000 2.6004943401335977e-02 
55.200000 2.5651536347747233e-02 
55.400000 2.5308435001750146e-02 
55.600000 2.4975384480733574e-02 
55.800000 2.4652134447000987e-02 
56.000000 2.4338439103392416e-02 
56.200000 2.4034057184217410e-02 
56.400000 2.3738751941802774e-02 
56.600000 2.3452291128948428e-02 
56.800000 2.3174446977569031e-02 
57.000000 2.2904996173783759e-02 
57.200000 2.2643719829706394e-02 
57.400000 2.2390403452172306e-02 
57.600000 2.2144836908628892e-02 
57.800000 2.1906814390404362e-02 
58.000000 2.1676134373557008e-02 
58.200000 2.1452599577499929e-02 
58.400000 2.1236016921582088e-02 
58.600000 2.1026197479800886e-02 
58.800000 2.0822956433809447e-02 
59.000000 2.0626113024374584e-02 
59.200000 2.0435490501432854e-02 
59.400000 2.0250916072884425e-02 
59.600000 2.0072220852255598e-02 
59.800000 1.9899239805355604e-02 
60.000000 1.9731811696046170e-02 
60.200000 1.9569779031232713e-02 
60.400000 1.9412988005185441e-02 
60.600000 1.9261288443287568e-02 
60.800000 1.9114533745304776e-02 
61.000000 1.8972580828263821e-02 
61.200000 1.8835290069025519e-02 
61.400000 1.8702525246626467e-02 
61.600000 1.8574153484467587e-02 
61.800000 1.8450045192415651e-02 
62.000000 1.8330074008884274e-02 
62.200000 1.8214116742955772e-02 
62.400000 1.8102053316600308e-02 
62.600000 1.7993766707046350e-02 
62.800000 1.7889142889354392e-02 
63.000000 1.7788070779238448e-02 
63.200000 1.7690442176181025e-02 
63.400000 1.7596151706882598e-02 
63.600000 1.7505096769083260e-02 
63.800000 1.7417177475792144e-02 
64.000000 1.7332296599959003e-02 
64.200000 1.7250359519616339e-02 
64.400000 1.7171274163522612e-02 
64.600000 1.7094950957331947e-02 
64.800000 1.7021302770313718e-02 
65.000000 1.6950244862646027e-02 
65.200000 1.6881694833301136e-02 
65.400000 1.6815572568544032e-02 
65.600000 1.6751800191057716e-02 
65.800000 1.6690302009714629e-02 
66.000000 1.6631004470003895e-02 
66.200000 1.6573836105129122e-02 
66.400000 1.6518727487787776e-02 
66.600000 1.6465611182640366e-02 
66.800000 1.6414421699479018e-02 
67.000000 1.6365095447102074e-02 
67.200000 1.6317570687902339e-02 
67.400000 1.6271787493171087e-02 
67.600000 1.6227687699125824e-02 
67.800000 1.6185214863661725e-02 
68.000000 1.6144314223830565e-02 
68.200000 1.6104932654049130e-02 
68.400000 1.6067018625036421e-02 
68.600000 1.6030522163480443e-02 
68.800000 1.5995394812433866e-02 
69.000000 1.5961589592436411e-02 
69.200000 1.5929060963363228e-02 
69.400000 1.5897764786995030e-02 
69.600000 1.5867658290307503e-02 
69.800000 1.5838700029477251e-02 
70.000000 1.5810849854597998e-02 
70.200000 1.5784068875104602e-02 
70.400000 1.5758319425897119e-02 
70.600000 1.5733565034162910e-02 
70.800000 1.5709770386887738e-02 
71.000000 1.5686901299051308e-02 
71.200000 1.5664924682499956e-02 
71.400000 1.5643808515490784e-02 
71.600000 1.5623521812898241e-02 
71.800000 1.5604034597078242e-02 
72.000000 1.5585317869379315e-02 
72.200000 1.5567343582295532e-02 
72.400000 1.5550084612252150e-02 
72.600000 1.5533514733015138e-02 
72.800000 1.5517608589717412e-02 
73.000000 1.5502341673492639e-02 
73.200000 1.5487690296707716e-02 
73.400000 1.5473631568786088e-02 
73.600000 1.5460143372612109e-02 
73.800000 1.5447204341508047e-02 
74.000000 1.5434793836774461e-02 
74.200000 1.5422891925785158e-02 
74.400000 1.5411479360627591e-02 
74.600000 1.5400537557278753e-02 
74.800000 1.5390048575309002e-02 
75.000000 1.5379995098102764e-02 
75.200000 1.5370360413588418e-02 
75.400000 1.5361128395467128e-02 
75.600000 1.5352283484932176e-02 
75.800000 1.5343810672868765e-02 
76.000000 1.5335695482526314e-02 
76.200000 1.5327923952652849e-02 
76.400000 1.5320482621083249e-02 
76.600000 1.5313358508772213e-02 
76.800000 1.5306539104262532e-02 
77.000000 1.5300012348580236e-02 
77.200000 1.5293766620547608e-02 
77.400000 1.5287790722504972e-02 
77.600000 1.5282073866433122e-02 
77.800000 1.5276605660467178e-02 
78.000000 1.5271376095793777e-02 
78.200000 1.5266375533922726e-02 
78.400000 1.5261594694325024e-02 
78.600000 1.5257024642429173e-02 
78.800000 1.5252656777966689e-02 
79.000000 1.5248482823660130e-02 
79.200000 1.5244494814244103e-02 
79.400000 1.5240685085812890e-02 
79.600000 1.5237046265485657e-02 
79.800000 1.5233571261382221e-02 
80.000000 1.5230253252902066e-02 
80.200000 1.5227085681298394e-02 
80.400000 1.5224062240540527e-02 
80.600000 1.5221176868457285e-02 
80.800000 1.5218423738153880e-02 
81.000000 1.5215797249696432e-02 
81.200000 1.5213292022055659e-02 
81.400000 1.5210902885304117e-02 
81.600000 1.5208624873060432e-02 
81.800000 1.5206453215173334e-02 
82.000000 1.5204383330639367e-02 
82.200000 1.5202410820748379e-02 
82.400000 1.5200531462450347e-02 
82.600000 1.5198741201937338e-02 
82.800000 1.5197036148434913e-02 
83.000000 1.5195412568197370e-02 
83.200000 1.5193866878700710e-02 
83.400000 1.5192395643028222e-02 
83.600000 1.5190995564442715e-02 
83.800000 1.5189663481140663e-02 
84.000000 1.5188396361182814e-02 
84.200000 1.5187191297595536e-02 
84.400000 1.5186045503639747e-02 
84.600000 1.5184956308239642e-02 
84.800000 1.5183921151569650e-02 
85.000000 1.5182937580792484e-02 
85.200000 1.5182003245945220e-02 
85.400000 1.5181115895968017e-02 
85.600000 1.5180273374872091e-02 
85.800000 1.5179473618041717e-02 
86.000000 1.5178714648666901e-02 
86.200000 1.5177994574302323e-02 
86.400000 1.5177311583548743e-02 
86.600000 1.5176663942853053e-02 
86.800000 1.5176049993422975e-02 
87.000000 1.5175468148253537e-02 
87.200000 1.5174916889260643e-02 
87.400000 1.5174394764519308e-02 
87.600000 1.5173900385602733e-02 
87.800000 1.5173432425018963e-02 
88.000000 1.5172989613742015e-02 
88.200000 1.5172570738834486e-02 
88.400000 1.5172174641158189e-02 
88.600000 1.5171800213170878e-02 
88.800000 1.5171446396804926e-02 
89.000000 1.5171112181426076e-02 
89.200000 1.5170796601869468e-02 
89.400000 1.5170498736550089e-02 
89.600000 1.5170217705645044e-02 
89.800000 1.5169952669345807e-02 
90.000000 1.5169702826177219e-02 
90.200000 1.5169467411381445e-02 
90.400000 1.5169245695364769e-02 
90.600000 1.5169036982204221e-02 
90.800000 1.5168840608213108e-02 
91.000000 1.5168655940562357e-02 
91.200000 1.5168482375956414e-02 
91.400000 1.5168319339360957e-02 
91.600000 1.5168166282781826e-02 
91.800000 1.5168022684091668e-02 
92.000000 1.5167888045904196e-02 
92.200000 1.5167761894493209e-02 
92.400000 1.5167643778755350e-02 
92.600000 1.5167533269214738e-02 
92.800000 1.5167429957067836e-02 
93.000000 1.5167333453267505e-02 
93.200000 1.5167243387644153e-02 
93.400000 1.5167159408063468e-02 
93.600000 1.5167081179618248e-02 
93.800000 1.5167008383854088e-02 
94.000000 1.5166940718027050e-02 
94.200000 1.5166877894392163e-02 
94.400000 1.5166819639521956e-02 
94.600000 1.5166765693653239e-02 
94.800000 1.5166715810061586e-02 
95.000000 1.5166669754462325e-02 
95.200000 1.5166627304436804e-02 
95.400000 1.5166588248883183e-02 
95.600000 1.5166552387490609e-02 
95.800000 1.5166519530235992e-02 
96.000000 1.5166489496902616e-02 
96.200000 1.5166462116619201e-02 
96.400000 1.5166437227419283e-02 
96.600000 1.5166414675819553e-02 
96.800000 1.5166394316416740e-02 
97.000000 1.5166376011502164e-02 
97.200000 1.5166359630693215e-02 
97.400000 1.5166345050580989e-02 
97.600000 1.5166332154393740e-02 
97.800000 1.5166320831675351e-02 
98.000000 1.5166310977977710e-02 
98.200000 1.5166302494567564e-02 
98.400000 1.5166295288145868e-02 
98.600000 1.5166289270580219e-02 
98.800000 1.5166284358649309e-02 
99.000000 1.5166280473799096e-02 
99.200000 1.5166277541909707e-02 
99.400000 1.5166275493073565e-02 
99.600000 1.5166274261383249e-02 
99.800000 1.5166273784729522e-02 
100.000000 1.5166274004608380e-02 
100.200000 1.5166274865937204e-02 
100.400000 1.5166276316879586e-02 
100.600000 1.5166278308678092e-02 
100.800000 1.5166280795495445e-02 
101.000000 1.5166283734262188e-02 
101.200000 1.5166287084532801e-02 
101.400000 1.5166290808347549e-02 
101.600000 1.5166294870101665e-02 
101.800000 1.5166299236420667e-02 
102.000000 1.5166303876040999e-02 
102.200000 1.5166308759697537e-02 
102.400000 1.5166313860015870e-02 
102.600000 1.5166319151409546e-02 
102.800000 1.5166324609983208e-02 
103.000000 1.5166330213439629e-02 
103.200000 1.5166335940991985e-02 
103.400000 1.5166341773279893e-02 
103.600000 1.5166347692290178e-02 
103.800000 1.5166353681280897e-02 
104.000000 1.5166359724709932e-02 
104.200000 1.5166365808166646e-02 
104.400000 1.5166371918307213e-02 
104.600000 1.5166378042793071e-02 
104.800000 1.5166384170232633e-02 
105.000000 1.5166390290126086e-02 
105.200000 1.5166396392812573e-02 
105.400000 1.5166402469420694e-02 
105.600000 1.5166408511821204e-02 
105.800000 1.5166414512582237e-02 
106.000000 1.5166420464926915e-02 
106.200000 1.5166426362693216e-02 
106.400000 1.5166432200295678e-02 
106.600000 1.5166437972689805e-02 
106.800000 1.5166443675337555e-02 
107.000000 1.5166449304175263e-02 
107.200000 1.5166454855583031e-02 
107.400000 1.5166460326355888e-02 
107.600000 1.5166465713676431e-02 
107.800000 1.5166471015089000e-02 
108.000000 1.5166476228475377e-02 
108.200000 1.5166481352031885e-02 
108.400000 1.5166486384247025e-02 
108.600000 1.5166491323881854e-02 
108.800000 1.5166496169949781e-02 
109.000000 1.5166500921698876e-02 
109.200000 1.5166505578594390e-02 
109.400000 1.5166510140302375e-02 
109.600000 1.5166514606674947e-02 
109.800000 1.5166518977735204e-02 
110.000000 1.5166523253664218e-02 
110.200000 1.5166527434787944e-02 
110.400000 1.5166531521565404e-02 
110.600000 1.5166535514577445e-02 
110.800000 1.5166539414515961e-02 
111.000000 1.5166543222174323e-02 
111.200000 1.5166546938437655e-02 
111.400000 1.5166550564274434e-02 
111.600000 1.5166554100727992e-02 
111.800000 1.5166557548909169e-02 
112.000000 1.5166560909988875e-02 
112.200000 1.5166564185191602e-02 
112.400000 1.5166567375788935e-02 
112.600000 1.5166570483093932e-02 
112.800000 1.5166573508455390e-02 
113.000000 1.5166576453253011e-02 
113.200000 1.5166579318892580e-02 
113.400000 1.5166582106801437e-02 
113.600000 1.5166584818424549e-02 
113.800000 1.5166587455220577e-02 
114.000000 1.5166590018658548e-02 
114.200000 1.5166592510214291e-02 
114.400000 1.5166594931367572e-02 
114.600000 1.5166597283599512e-02 
114.800000 1.5166599568389628e-02 
115.000000 1.5166601787213794e-02 
115.200000 1.5166603941541896e-02 
115.400000 1.5166606032835855e-02 
115.600000 1.5166608062547852e-02 
115.800000 1.5166610032118711e-02 
116.000000 1.5166611942976282e-02 
116.200000 1.5166613796534252e-02 
116.400000 1.5166615594190695e-02 
116.600000 1.5166617337326996e-02 
116.800000 1.5166619027307147e-02 
117.000000 1.5166620665476298e-02 
117.200000 1.5166622253160601e-02 
117.400000 1.5166623791666072e-02 
117.600000 1.5166625282278131e-02 
117.800000 1.5166626726261144e-02 
118.000000 1.5166628124857862e-02 
118.200000 1.5166629479289080e-02 
118.400000 1.5166630790753368e-02 
118.600000 1.5166632060426915e-02 
118.800000 1.5166633289463046e-02 
119.000000 1.5166634478992344e-02 
119.200000 1.5166635630122556e-02 
119.400000 1.5166636743938361e-02 
119.600000 1.5166637821501520e-02 
119.800000 1.5166638863850937e-02 
120.000000 1.5166639872002622e-02 
120.200000 1.5166640846949823e-02 
120.400000 1.5166641789663359e-02 
120.600000 1.5166642701091306e-02 
120.800000 1.5166643582159772e-02 
121.000000 1.5166644433772646e-02 
121.200000 1.5166645256812064e-02 
121.400000 1.5166646052138631e-02 
121.600000 1.5166646820591590e-02 
121.800000 1.5166647562989138e-02 
122.000000 1.5166648280128800e-02 
122.200000 1.5166648972787607e-02 
122.400000 1.5166649641722514e-02 
122.600000 1.5166650287670698e-02 
122.800000 1.5166650911349789e-02 
123.000000 1.5166651513458366e-02 
123.200000 1.5166652094676165e-02 
123.400000 1.5166652655664468e-02 
123.600000 1.5166653197066553e-02 
123.800000 1.5166653719507784e-02 
124.000000 1.5166654223596334e-02 
124.200000 1.5166654709923226e-02 
124.400000 1.5166655179062748e-02 
124.600000 1.5166655631573042e-02 
124.800000 1.5166656067996066e-02 
125.000000 1.5166656488858262e-02 
125.200000 1.5166656894670857e-02 
125.400000 1.5166657285930030e-02 
125.600000 1.5166657663117518e-02 
125.800000 1.5166658026700711e-02 
126.000000 1.5166658377133154e-02 
126.200000 1.5166658714854838e-02 
126.400000 1.5166659040292530e-02 
126.600000 1.5166659353860070e-02 
126.800000 1.5166659655958767e-02 
127.000000 1.5166659946977667e-02 
127.200000 1.5166660227293847e-02 
127.400000 1.5166660497272746e-02 
127.600000 1.5166660757268521e-02 
127.800000 1.5166661007624222e-02 
128.000000 1.5166661248672334e-02 
128.200000 1.5166661480734681e-02 
128.400000 1.5166661704123074e-02 
128.600000 1.5166661919139365e-02 
128.800000 1.5166662126075793e-02 
129.000000 1.5166662325215371e-02 
129.200000 1.5166662516831830e-02 
129.400000 1.5166662701190211e-02 
129.600000 1.5166662878546967e-02 
129.800000 1.5166663049150089e-02 
130.000000 1.5166663213239744e-02 
130.200000 1.5166663371047960e-02 
130.400000 1.5166663522799337e-02 
130.600000 1.5166663668710877e-02 
130.800000 1.5166663808992601e-02 
131.000000 1.5166663943847412e-02 
131.200000 1.5166664073471508e-02 
131.400000 1.5166664198054479e-02 
131.600000 1.5166664317779632e-02 
131.800000 1.5166664432823992e-02 
132.000000 1.5166664543358630e-02 
132.200000 1.5166664649548947e-02 
132.400000 1.5166664751554520e-02 
132.600000 1.5166664849529603e-02 
132.800000 1.5166664943623167e-02 
133.000000 1.5166665033978911e-02 
133.200000 1.5166665120735928e-02 
133.400000 1.5166665204028082e-02 
133.600000 1.5166665283984885e-02 
133.800000 1.5166665360731208e-02 
134.000000 1.5166665434387694e-02 
134.200000 1.5166665505070686e-02 
134.400000 1.5166665572892346e-02 
134.600000 1.5166665637961105e-02 
134.800000 1.5166665700381310e-02 
135.000000 1.5166665760253875e-02 
135.200000 1.5166665817676001e-02 
135.400000 1.5166665872741408e-02 
135.600000 1.5166665925540550e-02 
135.800000 1.5166665976160527e-02 
136.000000 1.5166666024685433e-02 
136.200000 1.5166666071196169e-02 
136.400000 1.5166666115770951e-02 
136.600000 1.5166666158484984e-02 
136.800000 1.5166666199410749e-02 
137.000000 1.5166666238618207e-02 
137.200000 1.5166666276174629e-02 
137.400000 1.5166666312144835e-02 
137.600000 1.5166666346591409e-02 
137.800000 1.5166666379574470e-02 
138.000000 1.5166666411151936e-02 
138.200000 1.5166666441379647e-02 
138.400000 1.5166666470311330e-02 
138.600000 1.5166666497998714e-02 
138.800000 1.5166666524491543e-02 
139.000000 1.5166666549837816e-02 
139.200000 1.5166666574083621e-02 
139.400000 1.5166666597273316e-02 
139.600000 1.5166666619449650e-02 
139.800000 1.5166666640653604e-02 
140.000000 1.5166666660924862e-02 
140.200000 1.5166666680301312e-02 
140.400000 1.5166666698819477e-02 
140.600000 1.5166666716514565e-02 
140.800000 1.5166666733420337e-02 
141.000000 1.5166666749569254e-02 
141.200000 1.5166666764992589e-02 
141.400000 1.5166666779720265e-02 
141.600000 1.5166666793781147e-02 
141.800000 1.5166666807202930e-02 
142.000000 1.5166666820012166e-02 
142.200000 1.5166666832234431e-02 
142.400000 1.5166666843894209e-02 
142.600000 1.5166666855015092e-02 
142.800000 1.5166666865619570e-02 
143.000000 1.5166666875729425e-02 
143.200000 1.5166666885365424e-02 
143.400000 1.5166666894547536e-02 
143.600000 1.5166666903294889e-02 
143.800000 1.5166666911625871e-02 
144.000000 1.5166666919558128e-02 
144.200000 1.5166666927108505e-02 
144.400000 1.5166666934293062e-02 
144.600000 1.5166666941127191e-02 
144.800000 1.5166666947625706e-02 
145.000000 1.5166666953802579e-02 
145.200000 1.5166666959671454e-02 
145.400000 1.5166666965245219e-02 
145.600000 1.5166666970536279e-02 
145.800000 1.5166666975556487e-02 
146.000000 1.5166666980317319e-02 
146.200000 1.5166666984829642e-02 
146.400000 1.5166666989103994e-02 
146.600000 1.5166666993150396e-02 
146.800000 1.5166666996978675e-02 
147.000000 1.5166667000597293e-02 
147.200000 1.5166667004013092e-02 
147.400000 1.5166667007233419e-02 
147.600000 1.5166667010265394e-02 
147.800000 1.5166667013116386e-02 
148.000000 1.5166667015793544e-02 
148.200000 1.5166667018304065e-02 
148.400000 1.5166667020655019e-02 
148.600000 1.5166667022853419e-02 
148.800000 1.5166667024906013e-02 
149.000000 1.5166667026819644e-02 
149.200000 1.5166667028600657e-02 
149.400000 1.5166667030255579e-02 
149.600000 1.5166667031790598e-02 
149.800000 1.5166667033211644e-02 
