0.000000 7.8914627439458443e-03 
0.200000 7.8915321644872326e-03 
0.400000 7.8919487767226734e-03 
0.600000 7.8931029496876609e-03 
0.800000 7.8953357128681064e-03 
1.000000 7.8989400986039272e-03 
1.200000 7.9041719140302419e-03 
1.400000 7.9112571040384529e-03 
1.600000 7.9203918705838382e-03 
1.800000 7.9317504816110475e-03 
2.000000 7.9455039840863207e-03 
2.200000 7.9618105499776395e-03 
2.400000 7.9808168258736871e-03 
2.600000 8.0026606301014207e-03 
2.800000 8.0274726556178698e-03 
3.000000 8.0553796599612901e-03 
3.200000 8.0865039109160042e-03 
3.400000 8.1209676461942923e-03 
3.600000 8.1588971513344988e-03 
3.800000 8.2004084475728808e-03 
4.000000 8.2456161562938050e-03 
4.200000 8.2946362025331007e-03 
4.400000 8.3475866579969804e-03 
4.600000 8.4045897326444109e-03 
4.800000 8.4657719106892987e-03 
5.000000 8.5312663851552107e-03 
5.200000 8.6012130794785608e-03 
5.400000 8.6757591818199878e-03 
5.600000 8.7550607736216306e-03 
5.800000 8.8392822572222127e-03 
6.000000 8.9285978274844888e-03 
6.200000 9.0231915493088864e-03 
6.400000 9.1232584013169974e-03 
6.600000 9.2290044331785632e-03 
6.800000 9.3406478983941704e-03 
7.000000 9.4584198969761574e-03 
7.200000 9.5825656909797070e-03 
7.400000 9.7133455167660240e-03 
7.600000 9.8510358088828472e-03 
7.800000 9.9959301421478196e-03 
8.000000 1.0148340540401217e-02 
8.200000 1.0308598430862051e-02 
8.400000 1.0477056027257637e-02 
8.600000 1.0654087313141533e-02 
8.800000 1.0840089165334722e-02 
9.000000 1.1035483444885181e-02 
9.200000 1.1240718521232942e-02 
9.400000 1.1456270893857355e-02 
9.600000 1.1682646915775047e-02 
9.800000 1.1920384638868931e-02 
10.000000 1.2170055737532756e-02 
10.200000 1.2432267529859176e-02 
10.400000 1.2707665153632216e-02 
10.600000 1.2996933889530212e-02 
10.800000 1.3300801567567933e-02 
11.000000 1.3620041071866481e-02 
11.200000 1.3955472980151368e-02 
11.400000 1.4307968317715478e-02 
11.600000 1.4678451387818845e-02 
11.800000 1.5067902723043000e-02 
12.000000 1.5477362176457812e-02 
12.200000 1.5907932011322463e-02 
12.400000 1.6360780142464715e-02 
12.600000 1.6837143412743130e-02 
12.800000 1.7338330902149864e-02 
13.000000 1.7865727255476787e-02 
13.200000 1.8420795986097284e-02 
13.400000 1.9005082720721347e-02 
13.600000 1.9620218342456325e-02 
13.800000 2.0267921974695919e-02 
14.000000 2.0950003745158818e-02 
14.200000 2.1668367258416664e-02 
14.400000 2.2425011693767177e-02 
14.600000 2.3222033434038569e-02 
14.800000 2.4061627119298365e-02 
15.000000 2.4946086003701424e-02 
15.200000 2.5877801482836558e-02 
15.400000 2.6859261640302189e-02 
15.600000 2.7893048652871275e-02 
15.800000 2.8981834873635173e-02 
16.000000 3.0128377404118282e-02 
16.200000 3.1335510951531052e-02 
16.400000 3.2606138758281777e-02 
16.600000 3.3943221384328481e-02 
16.800000 3.5349763120047055e-02 
17.000000 3.6828795809374731e-02 
17.200000 3.8383359871844595e-02 
17.400000 4.0016482328873608e-02 
17.600000 4.1731151664006608e-02 
17.800000 4.3530289382975519e-02 
18.000000 4.5416718186741201e-02 
18.200000 4.7393126729171724e-02 
18.400000 4.9462031004057543e-02 
18.600000 5.1625732492016733e-02 
18.800000 5.3886273297074155e-02 
19.000000 5.6245388614036308e-02 
19.200000 5.8704456989865025e-02 
19.400000 6.1264448972678937e-02 
19.600000 6.3925874877228589e-02 
19.800000 6.6688732531641134e-02 
20.000000 6.9552456001442470e-02 
20.200000 7.2515866407519780e-02 
20.400000 7.5577126058037597e-02 
20.600000 7.8733697193070509e-02 
20.800000 8.1982306687464576e-02 
21.000000 8.5318918065179813e-02 
21.200000 8.8738712140360790e-02 
21.400000 9.2236077511391748e-02 
21.600000 9.5804611990940272e-02 
21.800000 9.9437135856230277e-02 
22.000000 1.0312571755141518e-01 
22.200000 1.0686171217319303e-01 
22.400000 1.1063581273038117e-01 
22.600000 1.1443811379983442e-01 
22.800000 1.1825818682023809e-01 
23.000000 1.2208516588890059e-01 
23.200000 1.2590784257326820e-01 
23.400000 1.2971476793674744e-01 
23.600000 1.3349435972462703e-01 
23.800000 1.3723501247446529e-01 
24.000000 1.4092520821652024e-01 
24.200000 1.4455362541906183e-01 
24.400000 1.4810924391085881e-01 
24.600000 1.5158144367373202e-01 
24.800000 1.5496009563196225e-01 
25.000000 1.5823564285888883e-01 
25.200000 1.6139917095771480e-01 
25.400000 1.6444246673559287e-01 
25.600000 1.6735806465951517e-01 
25.800000 1.7013928094253666e-01 
26.000000 1.7278023544482515e-01 
26.200000 1.7527586187389432e-01 
26.400000 1.7762190702355260e-01 
26.600000 1.7981491999614183e-01 
26.800000 1.8185223250525270e-01 
27.000000 1.8373193145688729e-01 
27.200000 1.8545282505877414e-01 
27.400000 1.8701440371499306e-01 
27.600000 1.8841679693204402e-01 
27.800000 1.8966072739971473e-01 
28.000000 1.9074746332248316e-01 
28.200000 1.9167876997156008e-01 
28.400000 1.9245686131045112e-01 
28.600000 1.9308435242393424e-01 
28.800000 1.9356421335664317e-01 
29.000000 1.9389972484710030e-01 
29.200000 1.9409443632950935e-01 
29.400000 1.9415212647116928e-01 
29.600000 1.9407676641975130e-01 
29.800000 1.9387248585279346e-01 
30.000000 1.9354354185193304e-01 
30.200000 1.9309429056648861e-01 
30.400000 1.9252916158443345e-01 
30.600000 1.9185263489286958e-01 
30.800000 1.9106922028366238e-01 
31.000000 1.9018343904198429e-01 
31.200000 1.8919980774490108e-01 
31.400000 1.8812282399270444e-01 
31.600000 1.8695695389632724e-01 
31.800000 1.8570662114889938e-01 
32.000000 1.8437619751722167e-01 
32.200000 1.8296999459900531e-01 
32.400000 1.8149225670315672e-01 
32.600000 1.7994715472276898e-01 
32.800000 1.7833878088308144e-01 
33.000000 1.7667114425922756e-01 
33.200000 1.7494816697061755e-01 
33.400000 1.7317368097021579e-01 
33.600000 1.7135142535746906e-01 
33.800000 1.6948504415320029e-01 
34.000000 1.6757808448336997e-01 
34.200000 1.6563399512617463e-01 
34.400000 1.6365612538357319e-01 
34.600000 1.6164772424406151e-01 
34.800000 1.5961193980840799e-01 
35.000000 1.5755181895421008e-01 
35.200000 1.5547030721861876e-01 
35.400000 1.5337024888146519e-01 
35.600000 1.5125438723342699e-01 
35.800000 1.4912536501580692e-01 
36.000000 1.4698572502008755e-01 
36.200000 1.4483791083668762e-01 
36.400000 1.4268426774334053e-01 
36.600000 1.4052704372431762e-01 
36.800000 1.3836839061230038e-01 
37.000000 1.3621036534518896e-01 
37.200000 1.3405493133047830e-01 
37.400000 1.3190395991005624e-01 
37.600000 1.2975923191850339e-01 
37.800000 1.2762243932807479e-01 
38.000000 1.2549518697364384e-01 
38.200000 1.2337899435094873e-01 
38.400000 1.2127529748155910e-01 
38.600000 1.1918545083798560e-01 
38.800000 1.1711072932245720e-01 
39.000000 1.1505233029291129e-01 
39.200000 1.1301137562983289e-01 
39.400000 1.1098891383766978e-01 
39.600000 1.0898592217466405e-01 
39.800000 1.0700330880504820e-01 
40.000000 1.0504191496774171e-01 
40.200000 1.0310251715582441e-01 
40.400000 1.0118582930127583e-01 
40.600000 9.9292504959668682e-02 
40.800000 9.7423139489741642e-02 
41.000000 9.5578272223014349e-02 
41.200000 9.3758388618871813e-02 
41.400000 9.1963922400805448e-02 
41.600000 9.0195257669775847e-02 
41.800000 8.8452730990957351e-02 
42.000000 8.6736633450386083e-02 
42.200000 8.5047212678351941e-02 
42.400000 8.3384674836630854e-02 
42.600000 8.1749186566967932e-02 
42.800000 8.0140876898479152e-02 
43.000000 7.8559839111927182e-02 
43.200000 7.7006132559085311e-02 
43.400000 7.5479784435671701e-02 
43.600000 7.3980791506567056e-02 
43.800000 7.2509121782278807e-02 
44.000000 7.1064716145841228e-02 
44.200000 6.9647489929536704e-02 
44.400000 6.8257334441041165e-02 
44.600000 6.6894118438777211e-02 
44.800000 6.5557689556427989e-02 
45.000000 6.4247875676733346e-02 
45.200000 6.2964486254831337e-02 
45.400000 6.1707313591548352e-02 
45.600000 6.0476134057163913e-02 
45.800000 5.9270709266282952e-02 
46.000000 5.8090787204551214e-02 
46.200000 5.6936103308041844e-02 
46.400000 5.5806381496207799e-02 
46.600000 5.4701335159375995e-02 
46.800000 5.3620668101807226e-02 
47.000000 5.2564075441400411e-02 
47.200000 5.1531244467159287e-02 
47.400000 5.0521855455572549e-02 
47.600000 4.9535582447085579e-02 
47.800000 4.8572093983860705e-02 
48.000000 4.7631053810034428e-02 
48.200000 4.6712121535691244e-02 
48.400000 4.5814953265772576e-02 
48.600000 4.4939202195137570e-02 
48.800000 4.4084519170991252e-02 
49.000000 4.3250553223874277e-02 
49.200000 4.2436952068409452e-02 
49.400000 4.1643362574968978e-02 
49.600000 4.0869431213420765e-02 
49.800000 4.0114804470079590e-02 
50.000000 3.9379129238973569e-02 
50.200000 3.8662053188508322e-02 
50.400000 3.7963225104583657e-02 
50.600000 3.7282295211193750e-02 
50.800000 3.6618915469510696e-02 
51.000000 3.5972739856423699e-02 
51.200000 3.5343424623476775e-02 
51.400000 3.4730628537116136e-02 
51.600000 3.4134013101133343e-02 
51.800000 3.3553242762154344e-02 
52.000000 3.2987985098999605e-02 
52.200000 3.2437910996706606e-02 
52.400000 3.1902694805983740e-02 
52.600000 3.1382014488824765e-02 
52.800000 3.0875551750997442e-02 
53.000000 3.0382992162079101e-02 
53.200000 2.9904025263698040e-02 
53.400000 2.9438344666599166e-02 
53.600000 2.8985648137137797e-02 
53.800000 2.8545637673773355e-02 
54.000000 2.8118019574113091e-02 
54.200000 2.7702504493030061e-02 
54.400000 2.7298807492359294e-02 
54.600000 2.6906648082650728e-02 
54.800000 2.6525750257437336e-02 
55.000000 2.6155842520456468e-02 
55.200000 2.5796657906240656e-02 
55.400000 2.5447933994477749e-02 
55.600000 2.5109412918515862e-02 
55.800000 2.4780841368379235e-02 
56.000000 2.4461970588635550e-02 
56.200000 2.4152556371443326e-02 
56.400000 2.3852359045091965e-02 
56.600000 2.3561143458329693e-02 
56.800000 2.3278678960762387e-02 
57.000000 2.3004739379590647e-02 
57.200000 2.2739102992941039e-02 
57.400000 2.2481552500031428e-02 
57.600000 2.2231874988403066e-02 
57.800000 2.1989861898434358e-02 
58.000000 2.1755308985346854e-02 
58.200000 2.1528016278896733e-02 
58.400000 2.1307788040940412e-02 
58.600000 2.1094432721050268e-02 
58.800000 2.0887762910346875e-02 
59.000000 2.0687595293707957e-02 
59.200000 2.0493750600504033e-02 
59.400000 2.0306053554001800e-02 
59.600000 2.0124332819571777e-02 
59.800000 1.9948420951826067e-02 
60.000000 1.9778154340807486e-02 
60.200000 1.9613373157344582e-02 
60.400000 1.9453921297677982e-02 
60.600000 1.9299646327463418e-02 
60.800000 1.9150399425243159e-02 
61.000000 1.9006035325479766e-02 
61.200000 1.8866412261236382e-02 
61.400000 1.8731391906583499e-02 
61.600000 1.8600839318808373e-02 
61.800000 1.8474622880500453e-02 
62.000000 1.8352614241575346e-02 
62.200000 1.8234688261306059e-02 
62.400000 1.8120722950416227e-02 
62.600000 1.8010599413293742e-02 
62.800000 1.7904201790375430e-02 
63.000000 1.7801417200752526e-02 
63.200000 1.7702135685041323e-02 
63.400000 1.7606250148564942e-02 
63.600000 1.7513656304880502e-02 
63.800000 1.7424252619695109e-02 
64.000000 1.7337940255200232e-02 
64.200000 1.7254623014859437e-02 
64.400000 1.7174207288678120e-02 
64.600000 1.7096601998983232e-02 
64.800000 1.7021718546737848e-02 
65.000000 1.6949470758414312e-02 
65.200000 1.6879774833448109e-02 
65.400000 1.6812549292291173e-02 
65.600000 1.6747714925082837e-02 
65.800000 1.6685194740955245e-02 
66.000000 1.6624913917987413e-02 
66.200000 1.6566799753821693e-02 
66.400000 1.6510781616954729e-02 
66.600000 1.6456790898711261e-02 
66.800000 1.6404760965914634e-02 
67.000000 1.6354627114256750e-02 
67.200000 1.6306326522378352e-02 
67.400000 1.6259798206663522e-02 
67.600000 1.6214982976754347e-02 
67.800000 1.6171823391788239e-02 
68.000000 1.6130263717362384e-02 
68.200000 1.6090249883226167e-02 
68.400000 1.6051729441703830e-02 
68.600000 1.6014651526846949e-02 
68.800000 1.5978966814316868e-02 
69.000000 1.5944627481996283e-02 
69.200000 1.5911587171328203e-02 
69.400000 1.5879800949379703e-02 
69.600000 1.5849225271628704e-02 
69.800000 1.5819817945468901e-02 
70.000000 1.5791538094430548e-02 
70.200000 1.5764346123111513e-02 
70.400000 1.5738203682814429e-02 
70.600000 1.5713073637885148e-02 
70.800000 1.5688920032745125e-02 
71.000000 1.5665708059614522e-02 
71.200000 1.5643404026916736e-02 
71.400000 1.5621975328360590e-02 
71.600000 1.5601390412689990e-02 
71.800000 1.5581618754097529e-02 
72.000000 1.5562630823291840e-02 
72.200000 1.5544398059211718e-02 
72.400000 1.5526892841379671e-02 
72.600000 1.5510088462886325e-02 
72.800000 1.5493959103997866e-02 
73.000000 1.5478479806377168e-02 
73.200000 1.5463626447911050e-02 
73.400000 1.5449375718134817e-02 
73.600000 1.5435705094244447e-02 
73.800000 1.5422592817688898e-02 
74.000000 1.5410017871331918e-02 
74.200000 1.5397959957176268e-02 
74.400000 1.5386399474639167e-02 
74.600000 1.5375317499371738e-02 
74.800000 1.5364695762611688e-02 
75.000000 1.5354516631061080e-02 
75.200000 1.5344763087279362e-02 
75.400000 1.5335418710582992e-02 
75.600000 1.5326467658441607e-02 
75.800000 1.5317894648362312e-02 
76.000000 1.5309684940252791e-02 
76.200000 1.5301824319253223e-02 
76.400000 1.5294299079029272e-02 
76.600000 1.5287096005515552e-02 
76.800000 1.5280202361102165e-02 
77.000000 1.5273605869253569e-02 
77.200000 1.5267294699552424e-02 
77.400000 1.5261257453158259e-02 
77.600000 1.5255483148673546e-02 
77.800000 1.5249961208406904e-02 
78.000000 1.5244681445025983e-02 
78.200000 1.5239634048591476e-02 
78.400000 1.5234809573962539e-02 
78.600000 1.5230198928567060e-02 
78.800000 1.5225793360526841e-02 
79.000000 1.5221584447131030e-02 
79.200000 1.5217564083648223e-02 
79.400000 1.5213724472470578e-02 
79.600000 1.5210058112581078e-02 
79.800000 1.5206557789337214e-02 
80.000000 1.5203216564562185e-02 
80.200000 1.5200027766937411e-02 
80.400000 1.5196984982687624e-02 
80.600000 1.5194082046552723e-02 
80.800000 1.5191313033037524e-02 
81.000000 1.5188672247933865e-02 
81.200000 1.5186154220107143e-02 
81.400000 1.5183753693540736e-02 
81.600000 1.5181465619631638e-02 
81.800000 1.5179285149731003e-02 
82.000000 1.5177207627922131e-02 
82.200000 1.5175228584030889e-02 
82.400000 1.5173343726861114e-02 
82.600000 1.5171548937649715e-02 
82.800000 1.5169840263735272e-02 
83.000000 1.5168213912433628e-02 
83.200000 1.5166666245115779e-02 
83.400000 1.5165193771481693e-02 
83.600000 1.5163793144024242e-02 
83.800000 1.5162461152679297e-02 
84.000000 1.5161194719654523e-02 
84.200000 1.5159990894433817e-02 
84.400000 1.5158846848950721e-02 
84.600000 1.5157759872926663e-02 
84.800000 1.5156727369369379e-02 
85.000000 1.5155746850225542e-02 
85.200000 1.5154815932184987e-02 
85.400000 1.5153932332629723e-02 
85.600000 1.5153093865725352e-02 
85.800000 1.5152298438649346e-02 
86.000000 1.5151544047952029e-02 
86.200000 1.5150828776047074e-02 
86.400000 1.5150150787826666e-02 
86.600000 1.5149508327397490e-02 
86.800000 1.5148899714934281e-02 
87.000000 1.5148323343646800e-02 
87.200000 1.5147777676856329e-02 
87.400000 1.5147261245179374e-02 
87.600000 1.5146772643813715e-02 
87.800000 1.5146310529924087e-02 
88.000000 1.5145873620124845e-02 
88.200000 1.5145460688055451e-02 
88.400000 1.5145070562046151e-02 
88.600000 1.5144702122871046e-02 
88.800000 1.5144354301585256e-02 
89.000000 1.5144026077444099e-02 
89.200000 1.5143716475900267e-02 
89.400000 1.5143424566677593e-02 
89.600000 1.5143149461918295e-02 
89.800000 1.5142890314401154e-02 
90.000000 1.5142646315828071e-02 
90.200000 1.5142416695177116e-02 
90.400000 1.5142200717119303e-02 
90.600000 1.5141997680497057e-02 
90.800000 1.5141806916862205e-02 
91.000000 1.5141627789071304e-02 
91.200000 1.5141459689936533e-02 
91.400000 1.5141302040929772e-02 
91.600000 1.5141154290938258e-02 
91.800000 1.5141015915069958e-02 
92.000000 1.5140886413506659e-02 
92.200000 1.5140765310403507e-02 
92.400000 1.5140652152832156e-02 
92.600000 1.5140546509768127e-02 
92.800000 1.5140447971117849e-02 
93.000000 1.5140356146786495e-02 
93.200000 1.5140270665783585e-02 
93.400000 1.5140191175365744e-02 
93.600000 1.5140117340214230e-02 
93.800000 1.5140048841647423e-02 
94.000000 1.5139985376865386e-02 
94.200000 1.5139926658226471e-02 
94.400000 1.5139872412554082e-02 
94.600000 1.5139822380472479e-02 
94.800000 1.5139776315770948e-02 
95.000000 1.5139733984794953e-02 
95.200000 1.5139695165862865e-02 
95.400000 1.5139659648708106e-02 
95.600000 1.5139627233944778e-02 
95.800000 1.5139597732556654e-02 
96.000000 1.5139570965407962e-02 
96.200000 1.5139546762775962e-02 
96.400000 1.5139524963903018e-02 
96.600000 1.5139505416569086e-02 
96.800000 1.5139487976682469e-02 
97.000000 1.5139472507888701e-02 
97.200000 1.5139458881196810e-02 
97.400000 1.5139446974622365e-02 
97.600000 1.5139436672845749e-02 
97.800000 1.5139427866886497e-02 
98.000000 1.5139420453791907e-02 
98.200000 1.5139414336339299e-02 
98.400000 1.5139409422752674e-02 
98.600000 1.5139405626431303e-02 
98.800000 1.5139402865691258e-02 
99.000000 1.5139401063518430e-02 
99.200000 1.5139400147333113e-02 
99.400000 1.5139400048765348e-02 
99.600000 1.5139400703440701e-02 
99.800000 1.5139402050775960e-02 
100.000000 1.5139404033784172e-02 
100.200000 1.5139406598889247e-02 
100.400000 1.5139409695748889e-02 
100.600000 1.5139413277086067e-02 
100.800000 1.5139417298528083e-02 
101.000000 1.5139421718454178e-02 
101.200000 1.5139426497849447e-02 
101.400000 1.5139431600166136e-02 
101.600000 1.5139436991191713e-02 
101.800000 1.5139442638923436e-02 
102.000000 1.5139448513448251e-02 
102.200000 1.5139454586829765e-02 
102.400000 1.5139460832999442e-02 
102.600000 1.5139467227654054e-02 
102.800000 1.5139473748157955e-02 
103.000000 1.5139480373449969e-02 
103.200000 1.5139487083955128e-02 
103.400000 1.5139493861500715e-02 
103.600000 1.5139500689236689e-02 
103.800000 1.5139507551559911e-02 
104.000000 1.5139514434042255e-02 
104.200000 1.5139521323362406e-02 
104.400000 1.5139528207241322e-02 
104.600000 1.5139535074380416e-02 
104.800000 1.5139541914403972e-02 
105.000000 1.5139548717803108e-02 
105.200000 1.5139555475884312e-02 
105.400000 1.5139562180719006e-02 
105.600000 1.5139568825097153e-02 
105.800000 1.5139575402482392e-02 
106.000000 1.5139581906970095e-02 
106.200000 1.5139588333247302e-02 
106.400000 1.5139594676555099e-02 
106.600000 1.5139600932652621e-02 
106.800000 1.5139607097783770e-02 
107.000000 1.5139613168644603e-02 
107.200000 1.5139619142353825e-02 
107.400000 1.5139625016423628e-02 
107.600000 1.5139630788733227e-02 
107.800000 1.5139636457503186e-02 
108.000000 1.5139642021271434e-02 
108.200000 1.5139647478870607e-02 
108.400000 1.5139652829406788e-02 
108.600000 1.5139658072239326e-02 
108.800000 1.5139663206961683e-02 
109.000000 1.5139668233383825e-02 
109.200000 1.5139673151515142e-02 
109.400000 1.5139677961548909e-02 
109.600000 1.5139682663847199e-02 
109.800000 1.5139687258926686e-02 
110.000000 1.5139691747445984e-02 
110.200000 1.5139696130192891e-02 
110.400000 1.5139700408072920e-02 
110.600000 1.5139704582098349e-02 
110.800000 1.5139708653378256e-02 
111.000000 1.5139712623108618e-02 
111.200000 1.5139716492563718e-02 
111.400000 1.5139720263087339e-02 
111.600000 1.5139723936085604e-02 
111.800000 1.5139727513018847e-02 
112.000000 1.5139730995395463e-02 
112.200000 1.5139734384765161e-02 
112.400000 1.5139737682713332e-02 
112.600000 1.5139740890855168e-02 
112.800000 1.5139744010830836e-02 
113.000000 1.5139747044300583e-02 
113.200000 1.5139749992940469e-02 
113.400000 1.5139752858437825e-02 
113.600000 1.5139755642488074e-02 
113.800000 1.5139758346790710e-02 
114.000000 1.5139760973046439e-02 
114.200000 1.5139763522953953e-02 
114.400000 1.5139765998207254e-02 
114.600000 1.5139768400493255e-02 
114.800000 1.5139770731489347e-02 
115.000000 1.5139772992861320e-02 
115.200000 1.5139775186261507e-02 
115.400000 1.5139777313326917e-02 
115.600000 1.5139779375677903e-02 
115.800000 1.5139781374916469e-02 
116.000000 1.5139783312625053e-02 
116.200000 1.5139785190365603e-02 
116.400000 1.5139787009678239e-02 
116.600000 1.5139788772080661e-02 
116.800000 1.5139790479067008e-02 
117.000000 1.5139792132107597e-02 
117.200000 1.5139793732647844e-02 
117.400000 1.5139795282108293e-02 
117.600000 1.5139796781883716e-02 
117.800000 1.5139798233343108e-02 
118.000000 1.5139799637829209e-02 
118.200000 1.5139800996658386e-02 
118.400000 1.5139802311120514e-02 
118.600000 1.5139803582478779e-02 
118.800000 1.5139804811969828e-02 
119.000000 1.5139806000803517e-02 
119.200000 1.5139807150163269e-02 
119.400000 1.5139808261205933e-02 
119.600000 1.5139809335062001e-02 
119.800000 1.5139810372835823e-02 
120.000000 1.5139811375605794e-02 
120.200000 1.5139812344424424e-02 
120.400000 1.5139813280318859e-02 
120.600000 1.5139814184291014e-02 
120.800000 1.5139815057317750e-02 
121.000000 1.5139815900351409e-02 
121.200000 1.5139816714320102e-02 
121.400000 1.5139817500128001e-02 
121.600000 1.5139818258655534e-02 
121.800000 1.5139818990760081e-02 
122.000000 1.5139819697276300e-02 
122.200000 1.5139820379016247e-02 
122.400000 1.5139821036769963e-02 
122.600000 1.5139821671306007e-02 
122.800000 1.5139822283371657e-02 
123.000000 1.5139822873693247e-02 
123.200000 1.5139823442976983e-02 
123.400000 1.5139823991908850e-02 
123.600000 1.5139824521155424e-02 
123.800000 1.5139825031364134e-02 
124.000000 1.5139825523163586e-02 
124.200000 1.5139825997164201e-02 
124.400000 1.5139826453958330e-02 
124.600000 1.5139826894121059e-02 
124.800000 1.5139827318210251e-02 
125.000000 1.5139827726767117e-02 
125.200000 1.5139828120316673e-02 
125.400000 1.5139828499367876e-02 
125.600000 1.5139828864414430e-02 
125.800000 1.5139829215934765e-02 
126.000000 1.5139829554392628e-02 
126.200000 1.5139829880237559e-02 
126.400000 1.5139830193904967e-02 
126.600000 1.5139830495816664e-02 
126.800000 1.5139830786381358e-02 
127.000000 1.5139831065994711e-02 
127.200000 1.5139831335039905e-02 
127.400000 1.5139831593887930e-02 
127.600000 1.5139831842897907e-02 
127.800000 1.5139832082417421e-02 
128.000000 1.5139832312782830e-02 
128.200000 1.5139832534319489e-02 
128.400000 1.5139832747342369e-02 
128.600000 1.5139832952155966e-02 
128.800000 1.5139833149054838e-02 
129.000000 1.5139833338323919e-02 
129.200000 1.5139833520238547e-02 
129.400000 1.5139833695065059e-02 
129.600000 1.5139833863060835e-02 
129.800000 1.5139834024474714e-02 
130.000000 1.5139834179547076e-02 
130.200000 1.5139834328510227e-02 
130.400000 1.5139834471588667e-02 
130.600000 1.5139834608999245e-02 
130.800000 1.5139834740951381e-02 
131.000000 1.5139834867647405e-02 
131.200000 1.5139834989282624e-02 
131.400000 1.5139835106045729e-02 
131.600000 1.5139835218118758e-02 
131.800000 1.5139835325677515e-02 
132.000000 1.5139835428891697e-02 
132.200000 1.5139835527925090e-02 
132.400000 1.5139835622935667e-02 
132.600000 1.5139835714075987e-02 
132.800000 1.5139835801493090e-02 
133.000000 1.5139835885328964e-02 
133.200000 1.5139835965720458e-02 
133.400000 1.5139836042799502e-02 
133.600000 1.5139836116693556e-02 
133.800000 1.5139836187525334e-02 
134.000000 1.5139836255413165e-02 
134.200000 1.5139836320471218e-02 
134.400000 1.5139836382809373e-02 
134.600000 1.5139836442533677e-02 
134.800000 1.5139836499746259e-02 
135.000000 1.5139836554545637e-02 
135.200000 1.5139836607026523e-02 
135.400000 1.5139836657280395e-02 
135.600000 1.5139836705395293e-02 
135.800000 1.5139836751455849e-02 
136.000000 1.5139836795543855e-02 
136.200000 1.5139836837737744e-02 
136.400000 1.5139836878113455e-02 
136.600000 1.5139836916743674e-02 
136.800000 1.5139836953698596e-02 
137.000000 1.5139836989045845e-02 
137.200000 1.5139837022850310e-02 
137.400000 1.5139837055174566e-02 
137.600000 1.5139837086078767e-02 
137.800000 1.5139837115620869e-02 
138.000000 1.5139837143856534e-02 
138.200000 1.5139837170839285e-02 
138.400000 1.5139837196620758e-02 
138.600000 1.5139837221250415e-02 
138.800000 1.5139837244775960e-02 
139.000000 1.5139837267243167e-02 
139.200000 1.5139837288696084e-02 
139.400000 1.5139837309176984e-02 
139.600000 1.5139837328726658e-02 
139.800000 1.5139837347384092e-02 
140.000000 1.5139837365186910e-02 
140.200000 1.5139837382171143e-02 
140.400000 1.5139837398371476e-02 
140.600000 1.5139837413821237e-02 
140.800000 1.5139837428552277e-02 
141.000000 1.5139837442595359e-02 
141.200000 1.5139837455980066e-02 
141.400000 1.5139837468734454e-02 
141.600000 1.5139837480885845e-02 
141.800000 1.5139837492460201e-02 
142.000000 1.5139837503482528e-02 
142.200000 1.5139837513976826e-02 
142.400000 1.5139837523966030e-02 
142.600000 1.5139837533472179e-02 
142.800000 1.5139837542516419e-02 
143.000000 1.5139837551119020e-02 
143.200000 1.5139837559299417e-02 
143.400000 1.5139837567076132e-02 
143.600000 1.5139837574467012e-02 
143.800000 1.5139837581489150e-02 
144.000000 1.5139837588158882e-02 
144.200000 1.5139837594491876e-02 
144.400000 1.5139837600503079e-02 
144.600000 1.5139837606206720e-02 
144.800000 1.5139837611616441e-02 
145.000000 1.5139837616745224e-02 
145.200000 1.5139837621605546e-02 
145.400000 1.5139837626209336e-02 
145.600000 1.5139837630567929e-02 
145.800000 1.5139837634692302e-02 
146.000000 1.5139837638592807e-02 
146.200000 1.5139837642279502e-02 
146.400000 1.5139837645761933e-02 
146.600000 1.5139837649049260e-02 
146.800000 1.5139837652150233e-02 
147.000000 1.5139837655073179e-02 
147.200000 1.5139837657824983e-02 
147.400000 1.5139837660411744e-02 
147.600000 1.5139837662839894e-02 
147.800000 1.5139837665115848e-02 
148.000000 1.5139837667245958e-02 
148.200000 1.5139837669236550e-02 
148.400000 1.5139837671093847e-02 
148.600000 1.5139837672824029e-02 
148.800000 1.5139837674433113e-02 
149.000000 1.5139837675926958e-02 
149.200000 1.5139837677311360e-02 
149.400000 1.5139837678591830e-02 
149.600000 1.5139837679773912e-02 
149.800000 1.5139837680862687e-02 
