0.000000 7.9832175862403244e-03 
0.200000 7.9832873345647391e-03 
0.400000 7.9836999008772273e-03 
0.600000 7.9848376829554195e-03 
0.800000 7.9870411251415571e-03 
1.000000 7.9906078888466996e-03 
1.200000 7.9957978957719052e-03 
1.400000 8.0028377535275221e-03 
1.600000 8.0119246258901558e-03 
1.800000 8.0232366441691655e-03 
2.000000 8.0369457467463143e-03 
2.200000 8.0532110278927031e-03 
2.400000 8.0721807389070952e-03 
2.600000 8.0939943507888946e-03 
2.800000 8.1187831588219045e-03 
3.000000 8.1466734587697289e-03 
3.200000 8.1777889321135999e-03 
3.400000 8.2122542778750723e-03 
3.600000 8.2501977030108118e-03 
3.800000 8.2917370246833964e-03 
4.000000 8.3369884401928857e-03 
4.200000 8.3860691094481011e-03 
4.400000 8.4390985522326423e-03 
4.600000 8.4962002314486577e-03 
4.800000 8.5575026985092485e-03 
5.000000 8.6231402437490414e-03 
5.200000 8.6932538753021569e-03 
5.400000 8.7679925728286652e-03 
5.600000 8.8475135741311814e-03 
5.800000 8.9319830170006762e-03 
6.000000 9.0215764938564227e-03 
6.200000 9.1164799882586280e-03 
6.400000 9.2168899856293809e-03 
6.600000 9.3230141940910914e-03 
6.800000 9.4350724242317913e-03 
7.000000 9.5532975619590458e-03 
7.200000 9.6779365567918330e-03 
7.400000 9.8092514375459697e-03 
7.600000 9.9475203736323990e-03 
7.800000 1.0093038877288314e-02 
8.000000 1.0246120840510650e-02 
8.200000 1.0407099697481780e-02 
8.400000 1.0576329724292378e-02 
8.600000 1.0754187214454293e-02 
8.800000 1.0941071927042878e-02 
9.000000 1.1137408509110531e-02 
9.200000 1.1343648031964063e-02 
9.400000 1.1560269637177599e-02 
9.600000 1.1787782274671652e-02 
9.800000 1.2026726557500714e-02 
10.000000 1.2277676731283183e-02 
10.200000 1.2541242702082804e-02 
10.400000 1.2818072210898953e-02 
10.600000 1.3108853126987554e-02 
10.800000 1.3414315871139081e-02 
11.000000 1.3735235911023293e-02 
11.200000 1.4072436407677654e-02 
11.400000 1.4426790948466222e-02 
11.600000 1.4799226389946331e-02 
11.800000 1.5190725798480022e-02 
12.000000 1.5602331486907713e-02 
12.200000 1.6035148136463520e-02 
12.400000 1.6490345996633030e-02 
12.600000 1.6969164127796536e-02 
12.800000 1.7472913680105236e-02 
13.000000 1.8002981183766163e-02 
13.200000 1.8560831805404784e-02 
13.400000 1.9148012550283811e-02 
13.600000 1.9766155349124799e-02 
13.800000 2.0416979981867738e-02 
14.000000 2.1102296774980121e-02 
14.200000 2.1824008998006132e-02 
14.400000 2.2584114878905256e-02 
14.600000 2.3384709142688861e-02 
14.800000 2.4227983963176179e-02 
15.000000 2.5116229210198768e-02 
15.200000 2.6051831857305401e-02 
15.400000 2.7037274401954504e-02 
15.600000 2.8075132132483579e-02 
15.800000 2.9168069068780247e-02 
16.000000 3.0318832383510800e-02 
16.200000 3.1530245103552658e-02 
16.400000 3.2805196880077415e-02 
16.600000 3.4146632610438064e-02 
16.800000 3.5557538692076979e-02 
17.000000 3.7040926692329675e-02 
17.200000 3.8599814226003851e-02 
17.400000 4.0237202851315663e-02 
17.600000 4.1956052820050202e-02 
17.800000 4.3759254553280003e-02 
18.000000 4.5649596763137325e-02 
18.200000 4.7629731199350454e-02 
18.400000 4.9702134073179388e-02 
18.600000 5.1869064297091864e-02 
18.800000 5.4132518777489980e-02 
19.000000 5.6494185109056731e-02 
19.200000 5.8955392140415758e-02 
19.400000 6.1517059009953974e-02 
19.600000 6.4179643384549720e-02 
19.800000 6.6943089767616482e-02 
20.000000 6.9806778871702752e-02 
20.200000 7.2769479168434487e-02 
20.400000 7.5829301828974863e-02 
20.600000 7.8983660343012060e-02 
20.800000 8.2229236147589896e-02 
21.000000 8.5561951600906933e-02 
21.200000 8.8976951594769885e-02 
21.400000 9.2468595007230495e-02 
21.600000 9.6030457051192494e-02 
21.800000 9.9655343374299696e-02 
22.000000 1.0333531651265208e-01 
22.200000 1.0706173500083524e-01 
22.400000 1.1082530510236741e-01 
22.600000 1.1461614476007434e-01 
22.800000 1.1842385898985973e-01 
23.000000 1.2223762557113110e-01 
23.200000 1.2604628954076477e-01 
23.400000 1.2983846469304564e-01 
23.600000 1.3360264004198938e-01 
23.800000 1.3732728902848287e-01 
24.000000 1.4100097916261314e-01 
24.200000 1.4461247978634884e-01 
24.400000 1.4815086572323855e-01 
24.600000 1.5160561474474965e-01 
24.800000 1.5496669701736604e-01 
25.000000 1.5822465498695137e-01 
25.200000 1.6137067249090239e-01 
25.400000 1.6439663224664622e-01 
25.600000 1.6729516122951343e-01 
25.800000 1.7005966380743792e-01 
26.000000 1.7268434282996964e-01 
26.200000 1.7516420916317413e-01 
26.400000 1.7749508041164994e-01 
26.600000 1.7967356976903284e-01 
26.800000 1.8169706608677033e-01 
27.000000 1.8356370634834052e-01 
27.200000 1.8527234178534105e-01 
27.400000 1.8682249887761099e-01 
27.600000 1.8821433644767999e-01 
27.800000 1.8944859999690070e-01 
28.000000 1.9052657434342812e-01 
28.200000 1.9145003551756012e-01 
28.400000 1.9222120275409041e-01 
28.600000 1.9284269129995268e-01 
28.800000 1.9331746663353280e-01 
29.000000 1.9364880057359055e-01 
29.200000 1.9384022964404629e-01 
29.400000 1.9389551595825505e-01 
29.600000 1.9381861079443358e-01 
29.800000 1.9361362095349349e-01 
30.000000 1.9328477792198423e-01 
30.200000 1.9283640980593678e-01 
30.400000 1.9227291595567234e-01 
30.600000 1.9159874416615222e-01 
30.800000 1.9081837031135915e-01 
31.000000 1.8993628025327888e-01 
31.200000 1.8895695385529490e-01 
31.400000 1.8788485092504731e-01 
31.600000 1.8672439891191650e-01 
31.800000 1.8547998218842893e-01 
32.000000 1.8415593275196321e-01 
32.200000 1.8275652219246499e-01 
32.400000 1.8128595478274367e-01 
32.600000 1.7974836155963458e-01 
32.800000 1.7814779527652044e-01 
33.000000 1.7648822611981776e-01 
33.200000 1.7477353809395532e-01 
33.400000 1.7300752599063535e-01 
33.600000 1.7119389286881412e-01 
33.800000 1.6933624798159114e-01 
34.000000 1.6743810509510748e-01 
34.200000 1.6550288115251868e-01 
34.400000 1.6353389524321563e-01 
34.600000 1.6153436784363684e-01 
34.800000 1.5950742030138990e-01 
35.000000 1.5745607453902219e-01 
35.200000 1.5538325295758057e-01 
35.400000 1.5329177852342560e-01 
35.600000 1.5118437502431942e-01 
35.800000 1.4906366748301203e-01 
36.000000 1.4693218271821240e-01 
36.200000 1.4479235004415930e-01 
36.400000 1.4264650210098714e-01 
36.600000 1.4049687580882669e-01 
36.800000 1.3834561343907048e-01 
37.000000 1.3619476379657991e-01 
37.200000 1.3404628350678702e-01 
37.400000 1.3190203840178061e-01 
37.600000 1.2976380499941861e-01 
37.800000 1.2763327206955188e-01 
38.000000 1.2551204228133100e-01 
38.200000 1.2340163392551128e-01 
38.400000 1.2130348270560468e-01 
38.600000 1.1921894359166393e-01 
38.800000 1.1714929273041245e-01 
39.000000 1.1509572940546060e-01 
39.200000 1.1305937804131211e-01 
39.400000 1.1104129024493350e-01 
39.600000 1.0904244687870911e-01 
39.800000 1.0706376015871767e-01 
40.000000 1.0510607577238619e-01 
40.200000 1.0317017500974228e-01 
40.400000 1.0125677690267293e-01 
40.600000 9.9366540366781483e-02 
40.800000 9.7500066340701713e-02 
41.000000 9.5657899917934455e-02 
41.200000 9.3840532466556978e-02 
41.400000 9.2048403732409398e-02 
41.600000 9.0281903921658857e-02 
41.800000 8.8541375758910815e-02 
42.000000 8.6827116517338820e-02 
42.200000 8.5139380017585836e-02 
42.400000 8.3478378592485067e-02 
42.600000 8.1844285014927631e-02 
42.800000 8.0237234386489095e-02 
43.000000 7.8657325984698809e-02 
43.200000 7.7104625067102597e-02 
43.400000 7.5579164630522153e-02 
43.600000 7.4080947124168212e-02 
43.800000 7.2609946115490084e-02 
44.000000 7.1166107907877460e-02 
44.200000 6.9749353109532355e-02 
44.400000 6.8359578153037545e-02 
44.600000 6.6996656765328386e-02 
44.800000 6.5660441387947049e-02 
45.000000 6.4350764547629252e-02 
45.200000 6.3067440177407494e-02 
45.400000 6.1810264888566301e-02 
45.600000 6.0579019193899367e-02 
45.800000 5.9373468682831970e-02 
46.000000 5.8193365149079621e-02 
46.200000 5.7038447671598817e-02 
46.400000 5.5908443649666004e-02 
46.600000 5.4803069792997323e-02 
46.800000 5.3722033067872384e-02 
47.000000 5.2665031600291741e-02 
47.200000 5.1631755537224905e-02 
47.400000 5.0621887867057049e-02 
47.600000 4.9635105200363780e-02 
47.800000 4.8671078512166593e-02 
48.000000 4.7729473846838871e-02 
48.200000 4.6809952986842748e-02 
48.400000 4.5912174086482786e-02 
48.600000 4.5035792271861913e-02 
48.800000 4.4180460208222715e-02 
49.000000 4.3345828635848738e-02 
49.200000 4.2531546875689469e-02 
49.400000 4.1737263305861437e-02 
49.600000 4.0962625810154911e-02 
49.800000 4.0207282199664476e-02 
50.000000 3.9470880608633990e-02 
50.200000 3.8753069865587242e-02 
50.400000 3.8053499840791254e-02 
50.600000 3.7371821771069208e-02 
50.800000 3.6707688562962013e-02 
51.000000 3.6060755075197778e-02 
51.200000 3.5430678381413533e-02 
51.400000 3.4817118014037141e-02 
51.600000 3.4219736190206115e-02 
51.800000 3.3638198020583043e-02 
52.000000 3.3072171701883001e-02 
52.200000 3.2521328693914262e-02 
52.400000 3.1985343881892017e-02 
52.600000 3.1463895724767821e-02 
52.800000 3.0956666390281138e-02 
53.000000 3.0463341877417758e-02 
53.200000 2.9983612126929245e-02 
53.400000 2.9517171120542220e-02 
53.600000 2.9063716969463624e-02 
53.800000 2.8622951992757044e-02 
54.000000 2.8194582786146255e-02 
54.200000 2.7778320281776608e-02 
54.400000 2.7373879799439241e-02 
54.600000 2.6980981089746146e-02 
54.800000 2.6599348369716828e-02 
55.000000 2.6228710351221197e-02 
55.200000 2.5868800262699488e-02 
55.400000 2.5519355864563203e-02 
55.600000 2.5180119458660576e-02 
55.800000 2.4850837892173894e-02 
56.000000 2.4531262556295452e-02 
56.200000 2.4221149380017321e-02 
56.400000 2.3920258819348724e-02 
56.600000 2.3628355842262323e-02 
56.800000 2.3345209909657053e-02 
57.000000 2.3070594952608194e-02 
57.200000 2.2804289346163461e-02 
57.400000 2.2546075879931498e-02 
57.600000 2.2295741725694745e-02 
57.800000 2.2053078402270530e-02 
58.000000 2.1817881737827293e-02 
58.200000 2.1589951829858782e-02 
58.400000 2.1369093003002951e-02 
58.600000 2.1155113764885429e-02 
58.800000 2.0947826760158252e-02 
59.000000 2.0747048722894044e-02 
59.200000 2.0552600427487733e-02 
59.400000 2.0364306638210945e-02 
59.600000 2.0181996057555534e-02 
59.800000 2.0005501273493865e-02 
60.000000 1.9834658705780210e-02 
60.200000 1.9669308551406868e-02 
60.400000 1.9509294729324375e-02 
60.600000 1.9354464824528971e-02 
60.800000 1.9204670031614589e-02 
61.000000 1.9059765097879881e-02 
61.200000 1.8919608266077501e-02 
61.400000 1.8784061216887117e-02 
61.600000 1.8652989011187438e-02 
61.800000 1.8526260032200783e-02 
62.000000 1.8403745927577056e-02 
62.200000 1.8285321551480070e-02 
62.400000 1.8170864906738114e-02 
62.600000 1.8060257087112157e-02 
62.800000 1.7953382219735955e-02 
63.000000 1.7850127407776126e-02 
63.200000 1.7750382673358895e-02 
63.400000 1.7654040900805992e-02 
63.600000 1.7560997780219457e-02 
63.800000 1.7471151751453140e-02 
64.000000 1.7384403948505038e-02 
64.200000 1.7300658144362970e-02 
64.400000 1.7219820696333248e-02 
64.600000 1.7141800491879945e-02 
64.800000 1.7066508894999863e-02 
65.000000 1.6993859693156976e-02 
65.200000 1.6923769044798618e-02 
65.400000 1.6856155427470310e-02 
65.600000 1.6790939586550747e-02 
65.800000 1.6728044484620560e-02 
66.000000 1.6667395251480539e-02 
66.200000 1.6608919134832895e-02 
66.400000 1.6552545451636057e-02 
66.600000 1.6498205540145222e-02 
66.800000 1.6445832712646234e-02 
67.000000 1.6395362208891765e-02 
67.200000 1.6346731150246541e-02 
67.400000 1.6299878494546959e-02 
67.600000 1.6254744991679865e-02 
67.800000 1.6211273139885171e-02 
68.000000 1.6169407142783896e-02 
68.200000 1.6129092867134424e-02 
68.400000 1.6090277801317995e-02 
68.600000 1.6052911014553174e-02 
68.800000 1.6016943116841275e-02 
69.000000 1.5982326219637445e-02 
69.200000 1.5949013897250532e-02 
69.400000 1.5916961148966187e-02 
69.600000 1.5886124361891036e-02 
69.800000 1.5856461274515718e-02 
70.000000 1.5827930940991632e-02 
70.200000 1.5800493696117121e-02 
70.400000 1.5774111121028698e-02 
70.600000 1.5748746009591981e-02 
70.800000 1.5724362335486408e-02 
71.000000 1.5700925219977735e-02 
71.200000 1.5678400900373139e-02 
71.400000 1.5656756699149413e-02 
71.600000 1.5635960993751093e-02 
71.800000 1.5615983187048292e-02 
72.000000 1.5596793678447608e-02 
72.200000 1.5578363835649653e-02 
72.400000 1.5560665967043854e-02 
72.600000 1.5543673294732125e-02 
72.800000 1.5527359928175223e-02 
73.000000 1.5511700838451093e-02 
73.200000 1.5496671833118139e-02 
73.400000 1.5482249531673580e-02 
73.600000 1.5468411341599687e-02 
73.800000 1.5455135434987322e-02 
74.000000 1.5442400725728707e-02 
74.200000 1.5430186847270426e-02 
74.400000 1.5418474130917306e-02 
74.600000 1.5407243584678071e-02 
74.800000 1.5396476872643530e-02 
75.000000 1.5386156294888915e-02 
75.200000 1.5376264767889501e-02 
75.400000 1.5366785805441678e-02 
75.600000 1.5357703500080403e-02 
75.800000 1.5349002504982494e-02 
76.000000 1.5340668016347947e-02 
76.200000 1.5332685756249147e-02 
76.400000 1.5325041955939773e-02 
76.600000 1.5317723339613704e-02 
76.800000 1.5310717108604930e-02 
77.000000 1.5304010926019794e-02 
77.200000 1.5297592901792481e-02 
77.400000 1.5291451578155188e-02 
77.600000 1.5285575915513439e-02 
77.800000 1.5279955278719320e-02 
78.000000 1.5274579423732075e-02 
78.200000 1.5269438484659521e-02 
78.400000 1.5264522961170403e-02 
78.600000 1.5259823706269821e-02 
78.800000 1.5255331914430161e-02 
79.000000 1.5251039110067836e-02 
79.200000 1.5246937136359533e-02 
79.400000 1.5243018144388772e-02 
79.600000 1.5239274582615554e-02 
79.800000 1.5235699186660869e-02 
80.000000 1.5232284969399504e-02 
80.200000 1.5229025211352035e-02 
80.400000 1.5225913451369921e-02 
80.600000 1.5222943477606037e-02 
80.800000 1.5220109318763367e-02 
81.000000 1.5217405235614812e-02 
81.200000 1.5214825712787020e-02 
81.400000 1.5212365450802299e-02 
81.600000 1.5210019358370575e-02 
81.800000 1.5207782544925658e-02 
82.000000 1.5205650313399722e-02 
82.200000 1.5203618153228507e-02 
82.400000 1.5201681733581827e-02 
82.600000 1.5199836896813425e-02 
82.800000 1.5198079652123431e-02 
83.000000 1.5196406169428507e-02 
83.200000 1.5194812773433044e-02 
83.400000 1.5193295937896216e-02 
83.600000 1.5191852280089646e-02 
83.800000 1.5190478555439707e-02 
84.000000 1.5189171652349525e-02 
84.200000 1.5187928587195514e-02 
84.400000 1.5186746499493212e-02 
84.600000 1.5185622647227589e-02 
84.800000 1.5184554402343313e-02 
85.000000 1.5183539246389235e-02 
85.200000 1.5182574766314023e-02 
85.400000 1.5181658650406958e-02 
85.600000 1.5180788684380523e-02 
85.800000 1.5179962747589771e-02 
86.000000 1.5179178809385071e-02 
86.200000 1.5178434925593117e-02 
86.400000 1.5177729235123330e-02 
86.600000 1.5177059956694937e-02 
86.800000 1.5176425385681140e-02 
87.000000 1.5175823891067331e-02 
87.200000 1.5175253912518168e-02 
87.400000 1.5174713957552264e-02 
87.600000 1.5174202598818841e-02 
87.800000 1.5173718471474648e-02 
88.000000 1.5173260270657046e-02 
88.200000 1.5172826749050307e-02 
88.400000 1.5172416714542518e-02 
88.600000 1.5172029027969101e-02 
88.800000 1.5171662600941290e-02 
89.000000 1.5171316393755767e-02 
89.200000 1.5170989413383225e-02 
89.400000 1.5170680711533036e-02 
89.600000 1.5170389382791524e-02 
89.800000 1.5170114562831349e-02 
90.000000 1.5169855426689206e-02 
90.200000 1.5169611187110313e-02 
90.400000 1.5169381092956345e-02 
90.600000 1.5169164427675399e-02 
90.800000 1.5168960507831467e-02 
91.000000 1.5168768681691419e-02 
91.200000 1.5168588327867605e-02 
91.400000 1.5168418854013356e-02 
91.600000 1.5168259695571061e-02 
91.800000 1.5168110314568916e-02 
92.000000 1.5167970198466659e-02 
92.200000 1.5167838859046353e-02 
92.400000 1.5167715831349161e-02 
92.600000 1.5167600672653303e-02 
92.800000 1.5167492961495251e-02 
93.000000 1.5167392296728933e-02 
93.200000 1.5167298296624625e-02 
93.400000 1.5167210598004018e-02 
93.600000 1.5167128855411183e-02 
93.800000 1.5167052740317592e-02 
94.000000 1.5166981940359887e-02 
94.200000 1.5166916158609857e-02 
94.400000 1.5166855112874295e-02 
94.600000 1.5166798535024369e-02 
94.800000 1.5166746170353554e-02 
95.000000 1.5166697776961778e-02 
95.200000 1.5166653125166712e-02 
95.400000 1.5166611996939300e-02 
95.600000 1.5166574185363321e-02 
95.800000 1.5166539494118895e-02 
96.000000 1.5166507736987309e-02 
96.200000 1.5166478737377651e-02 
96.400000 1.5166452327873531e-02 
96.600000 1.5166428349800197e-02 
96.800000 1.5166406652809819e-02 
97.000000 1.5166387094485053e-02 
97.200000 1.5166369539960459e-02 
97.400000 1.5166353861560166e-02 
97.600000 1.5166339938451337e-02 
97.800000 1.5166327656313837e-02 
98.000000 1.5166316907023841e-02 
98.200000 1.5166307588351843e-02 
98.400000 1.5166299603674450e-02 
98.600000 1.5166292861698655e-02 
98.800000 1.5166287276199151e-02 
99.000000 1.5166282765767050e-02 
99.200000 1.5166279253570334e-02 
99.400000 1.5166276667125188e-02 
99.600000 1.5166274938077696e-02 
99.800000 1.5166274001995890e-02 
100.000000 1.5166273798171105e-02 
100.200000 1.5166274269428444e-02 
100.400000 1.5166275361946610e-02 
100.600000 1.5166277025085672e-02 
100.800000 1.5166279211222879e-02 
101.000000 1.5166281875596604e-02 
101.200000 1.5166284976157260e-02 
101.400000 1.5166288473425552e-02 
101.600000 1.5166292330357123e-02 
101.800000 1.5166296512214392e-02 
102.000000 1.5166300986443422e-02 
102.200000 1.5166305722557904e-02 
102.400000 1.5166310692027875e-02 
102.600000 1.5166315868174194e-02 
102.800000 1.5166321226068299e-02 
103.000000 1.5166326742436441e-02 
103.200000 1.5166332395569020e-02 
103.400000 1.5166338165234100e-02 
103.600000 1.5166344032595569e-02 
103.800000 1.5166349980134917e-02 
104.000000 1.5166355991577254e-02 
104.200000 1.5166362051820903e-02 
104.400000 1.5166368146870394e-02 
104.600000 1.5166374263773439e-02 
104.800000 1.5166380390560178e-02 
105.000000 1.5166386516186311e-02 
105.200000 1.5166392630478724e-02 
105.400000 1.5166398724084266e-02 
105.600000 1.5166404788420591e-02 
105.800000 1.5166410815630256e-02 
106.000000 1.5166416798536649e-02 
106.200000 1.5166422730602497e-02 
106.400000 1.5166428605890681e-02 
106.600000 1.5166434419026646e-02 
106.800000 1.5166440165163367e-02 
107.000000 1.5166445839947888e-02 
107.200000 1.5166451439489798e-02 
107.400000 1.5166456960330994e-02 
107.600000 1.5166462399417796e-02 
107.800000 1.5166467754074172e-02 
108.000000 1.5166473021976205e-02 
108.200000 1.5166478201128521e-02 
108.400000 1.5166483289841555e-02 
108.600000 1.5166488286710435e-02 
108.800000 1.5166493190594866e-02 
109.000000 1.5166498000600125e-02 
109.200000 1.5166502716059089e-02 
109.400000 1.5166507336515787e-02 
109.600000 1.5166511861709068e-02 
109.800000 1.5166516291558008e-02 
110.000000 1.5166520626147716e-02 
110.200000 1.5166524865716012e-02 
110.400000 1.5166529010641071e-02 
110.600000 1.5166533061429798e-02 
110.800000 1.5166537018706669e-02 
111.000000 1.5166540883203490e-02 
111.200000 1.5166544655749710e-02 
111.400000 1.5166548337263330e-02 
111.600000 1.5166551928742344e-02 
111.800000 1.5166555431256735e-02 
112.000000 1.5166558845941121e-02 
112.200000 1.5166562173987630e-02 
112.400000 1.5166565416639464e-02 
112.600000 1.5166568575184709e-02 
112.800000 1.5166571650950594e-02 
113.000000 1.5166574645298442e-02 
113.200000 1.5166577559618297e-02 
113.400000 1.5166580395324696e-02 
113.600000 1.5166583153852248e-02 
113.800000 1.5166585836651470e-02 
114.000000 1.5166588445185390e-02 
114.200000 1.5166590980925973e-02 
114.400000 1.5166593445350875e-02 
114.600000 1.5166595839940707e-02 
114.800000 1.5166598166176191e-02 
115.000000 1.5166600425535746e-02 
115.200000 1.5166602619493093e-02 
115.400000 1.5166604749515328e-02 
115.600000 1.5166606817060913e-02 
115.800000 1.5166608823577692e-02 
116.000000 1.5166610770501828e-02 
116.200000 1.5166612659255823e-02 
116.400000 1.5166614491247458e-02 
116.600000 1.5166616267868593e-02 
116.800000 1.5166617990494024e-02 
117.000000 1.5166619660480624e-02 
117.200000 1.5166621279166447e-02 
117.400000 1.5166622847869850e-02 
117.600000 1.5166624367889020e-02 
117.800000 1.5166625840501486e-02 
118.000000 1.5166627266963349e-02 
118.200000 1.5166628648508863e-02 
118.400000 1.5166629986350566e-02 
118.600000 1.5166631281678344e-02 
118.800000 1.5166632535659598e-02 
119.000000 1.5166633749439048e-02 
119.200000 1.5166634924138479e-02 
119.400000 1.5166636060856786e-02 
119.600000 1.5166637160669951e-02 
119.800000 1.5166638224630968e-02 
120.000000 1.5166639253769923e-02 
120.200000 1.5166640249094041e-02 
120.400000 1.5166641211588087e-02 
120.600000 1.5166642142213974e-02 
120.800000 1.5166643041911499e-02 
121.000000 1.5166643911598245e-02 
121.200000 1.5166644752169667e-02 
121.400000 1.5166645564499625e-02 
121.600000 1.5166646349440533e-02 
121.800000 1.5166647107823516e-02 
122.000000 1.5166647840458883e-02 
122.200000 1.5166648548136168e-02 
122.400000 1.5166649231624829e-02 
122.600000 1.5166649891674096e-02 
122.800000 1.5166650529013660e-02 
123.000000 1.5166651144353767e-02 
123.200000 1.5166651738385849e-02 
123.400000 1.5166652311782389e-02 
123.600000 1.5166652865197893e-02 
123.800000 1.5166653399268646e-02 
124.000000 1.5166653914613415e-02 
124.200000 1.5166654411833725e-02 
124.400000 1.5166654891514164e-02 
124.600000 1.5166655354222859e-02 
124.800000 1.5166655800511589e-02 
125.000000 1.5166656230916472e-02 
125.200000 1.5166656645958013e-02 
125.400000 1.5166657046141578e-02 
125.600000 1.5166657431957959e-02 
125.800000 1.5166657803883186e-02 
126.000000 1.5166658162379339e-02 
126.200000 1.5166658507894792e-02 
126.400000 1.5166658840864338e-02 
126.600000 1.5166659161709839e-02 
126.800000 1.5166659470840352e-02 
127.000000 1.5166659768652301e-02 
127.200000 1.5166660055530233e-02 
127.400000 1.5166660331846694e-02 
127.600000 1.5166660597962756e-02 
127.800000 1.5166660854228334e-02 
128.000000 1.5166661100982427e-02 
128.200000 1.5166661338553249e-02 
128.400000 1.5166661567258899e-02 
128.600000 1.5166661787407255e-02 
128.800000 1.5166661999296548e-02 
129.000000 1.5166662203215411e-02 
129.200000 1.5166662399443209e-02 
129.400000 1.5166662588250406e-02 
129.600000 1.5166662769898720e-02 
129.800000 1.5166662944641283e-02 
130.000000 1.5166663112723156e-02 
130.200000 1.5166663274381244e-02 
130.400000 1.5166663429844752e-02 
130.600000 1.5166663579335368e-02 
130.800000 1.5166663723067388e-02 
131.000000 1.5166663861248085e-02 
131.200000 1.5166663994077709e-02 
131.400000 1.5166664121750020e-02 
131.600000 1.5166664244452113e-02 
131.800000 1.5166664362364777e-02 
132.000000 1.5166664475662955e-02 
132.200000 1.5166664584515425e-02 
132.400000 1.5166664689085183e-02 
132.600000 1.5166664789529978e-02 
132.800000 1.5166664886001898e-02 
133.000000 1.5166664978647911e-02 
133.200000 1.5166665067609910e-02 
133.400000 1.5166665153024957e-02 
133.600000 1.5166665235025318e-02 
133.800000 1.5166665313738645e-02 
134.000000 1.5166665389288146e-02 
134.200000 1.5166665461792832e-02 
134.400000 1.5166665531367378e-02 
134.600000 1.5166665598122707e-02 
134.800000 1.5166665662165398e-02 
135.000000 1.5166665723598706e-02 
135.200000 1.5166665782521927e-02 
135.400000 1.5166665839031004e-02 
135.600000 1.5166665893218393e-02 
135.800000 1.5166665945173225e-02 
136.000000 1.5166665994981414e-02 
136.200000 1.5166666042725848e-02 
136.400000 1.5166666088486474e-02 
136.600000 1.5166666132340217e-02 
136.800000 1.5166666174361229e-02 
137.000000 1.5166666214621110e-02 
137.200000 1.5166666253188722e-02 
137.400000 1.5166666290130431e-02 
137.600000 1.5166666325510132e-02 
137.800000 1.5166666359389474e-02 
138.000000 1.5166666391827744e-02 
138.200000 1.5166666422882035e-02 
138.400000 1.5166666452607360e-02 
138.600000 1.5166666481056709e-02 
138.800000 1.5166666508281036e-02 
139.000000 1.5166666534329385e-02 
139.200000 1.5166666559249038e-02 
139.400000 1.5166666583085429e-02 
139.600000 1.5166666605882223e-02 
139.800000 1.5166666627681600e-02 
140.000000 1.5166666648523907e-02 
140.200000 1.5166666668448155e-02 
140.400000 1.5166666687491771e-02 
140.600000 1.5166666705690767e-02 
140.800000 1.5166666723079765e-02 
141.000000 1.5166666739691980e-02 
141.200000 1.5166666755559579e-02 
141.400000 1.5166666770713062e-02 
141.600000 1.5166666785182123e-02 
141.800000 1.5166666798995140e-02 
142.000000 1.5166666812179304e-02 
142.200000 1.5166666824760868e-02 
142.400000 1.5166666836764962e-02 
142.600000 1.5166666848215696e-02 
142.800000 1.5166666859136193e-02 
143.000000 1.5166666869548807e-02 
143.200000 1.5166666879474789e-02 
143.400000 1.5166666888934673e-02 
143.600000 1.5166666897948090e-02 
143.800000 1.5166666906533871e-02 
144.000000 1.5166666914710114e-02 
144.200000 1.5166666922494205e-02 
144.400000 1.5166666929902524e-02 
144.600000 1.5166666936951068e-02 
144.800000 1.5166666943654934e-02 
145.000000 1.5166666950028596e-02 
145.200000 1.5166666956085879e-02 
145.400000 1.5166666961840172e-02 
145.600000 1.5166666967304208e-02 
145.800000 1.5166666972490122e-02 
146.000000 1.5166666977409579e-02 
146.200000 1.5166666982073907e-02 
146.400000 1.5166666986493762e-02 
146.600000 1.5166666990679561e-02 
146.800000 1.5166666994641255e-02 
147.000000 1.5166666998388083e-02 
147.200000 1.5166667001927961e-02 
147.400000 1.5166667005267823e-02 
147.600000 1.5166667008415022e-02 
147.800000 1.5166667011376650e-02 
148.000000 1.5166667014160039e-02 
148.200000 1.5166667016772422e-02 
148.400000 1.5166667019220923e-02 
148.600000 1.5166667021512505e-02 
148.800000 1.5166667023654101e-02 
149.000000 1.5166667025652522e-02 
149.200000 1.5166667027514399e-02 
149.400000 1.5166667029246263e-02 
149.600000 1.5166667030854390e-02 
149.800000 1.5166667032344898e-02 
