0.000000 5.3453869613815739e-03 
0.200000 5.3455160907388815e-03 
0.400000 5.3460901473828936e-03 
0.600000 5.3474564848222548e-03 
0.800000 5.3499259032259230e-03 
1.000000 5.3537766227189859e-03 
1.200000 5.3592578329169751e-03 
1.400000 5.3665928694075736e-03 
1.600000 5.3759820513532850e-03 
1.800000 5.3876132656474705e-03 
2.000000 5.4016627556565102e-03 
2.200000 5.4182971294082704e-03 
2.400000 5.4376732095347937e-03 
2.600000 5.4599373952943526e-03 
2.800000 5.4852300569107754e-03 
3.000000 5.5136871232240522e-03 
3.200000 5.5454413531451831e-03 
3.400000 5.5806292271302071e-03 
3.600000 5.6193832597419158e-03 
3.800000 5.6618321713914248e-03 
4.000000 5.7081053482607221e-03 
4.200000 5.7583340864195412e-03 
4.400000 5.8126527237742321e-03 
4.600000 5.8711996779396893e-03 
4.800000 5.9341183997942181e-03 
5.000000 6.0015586316034724e-03 
5.200000 6.0736769498863797e-03 
5.400000 6.1506369966237455e-03 
5.600000 6.2326105073941956e-03 
5.800000 6.3197787094526527e-03 
6.000000 6.4123326521530683e-03 
6.200000 6.5104741374794059e-03 
6.400000 6.6144163270763067e-03 
6.600000 6.7243845701219374e-03 
6.800000 6.8406173772883787e-03 
7.000000 6.9633674246034191e-03 
7.200000 7.0929026235811762e-03 
7.400000 7.2295071994249466e-03 
7.600000 7.3734828196480012e-03 
7.800000 7.5251497771013564e-03 
8.000000 7.6848483084764139e-03 
8.200000 7.8529398835942340e-03 
8.400000 8.0298083645645273e-03 
8.600000 8.2158617499489672e-03 
8.800000 8.4115336162444310e-03 
9.000000 8.6172848069273437e-03 
9.200000 8.8336051901282756e-03 
9.400000 9.0610155542346030e-03 
9.600000 9.3000696253861832e-03 
9.800000 9.5513561918314921e-03 
10.000000 9.8155013663517310e-03 
10.200000 1.0093171003762507e-02 
10.400000 1.0385073281312248e-02 
10.600000 1.0691961445667551e-02 
10.800000 1.1014636745708911e-02 
11.000000 1.1353951522638291e-02 
11.200000 1.1710812464538360e-02 
11.400000 1.2086184097054271e-02 
11.600000 1.2481092491623342e-02 
11.800000 1.2896629141950826e-02 
12.000000 1.3333955083812762e-02 
12.200000 1.3794305241922362e-02 
12.400000 1.4278993009705348e-02 
12.600000 1.4789415065781518e-02 
12.800000 1.5327056434333958e-02 
13.000000 1.5893495790582968e-02 
13.200000 1.6490411009037871e-02 
13.400000 1.7119584950799266e-02 
13.600000 1.7782911482469289e-02 
13.800000 1.8482401718547956e-02 
14.000000 1.9220190464590361e-02 
14.200000 1.9998542835336322e-02 
14.400000 2.0819861049073598e-02 
14.600000 2.1686691328430142e-02 
14.800000 2.2601730887017807e-02 
15.000000 2.3567834942834674e-02 
15.200000 2.4588023698604348e-02 
15.400000 2.5665489215131589e-02 
15.600000 2.6803602091086516e-02 
15.800000 2.8005917849857308e-02 
16.000000 2.9276182917207953e-02 
16.200000 3.0618340057243260e-02 
16.400000 3.2036533116561759e-02 
16.600000 3.3535110908140306e-02 
16.800000 3.5118630045052647e-02 
17.000000 3.6791856515277062e-02 
17.200000 3.8559765771492845e-02 
17.400000 4.0427541086450990e-02 
17.600000 4.2400569905277234e-02 
17.800000 4.4484437913434739e-02 
18.000000 4.6684920522497397e-02 
18.200000 4.9007971466075662e-02 
18.400000 5.1459708193178619e-02 
18.600000 5.4046393747435750e-02 
18.800000 5.6774414828849248e-02 
19.000000 5.9650255752398171e-02 
19.200000 6.2680468045745757e-02 
19.400000 6.5871635468104359e-02 
19.600000 6.9230334284713188e-02 
19.800000 7.2763088698508616e-02 
20.000000 7.6476321422625476e-02 
20.200000 8.0376299473555651e-02 
20.400000 8.4469075375787517e-02 
20.600000 8.8760424095452303e-02 
20.800000 9.3255776157089063e-02 
21.000000 9.7960147545684259e-02 
21.200000 1.0287806714979904e-01 
21.400000 1.0801350265785213e-01 
21.600000 1.1336978597269512e-01 
21.800000 1.1894953935385612e-01 
22.000000 1.2475460362565483e-01 
22.200000 1.3078596989561328e-01 
22.400000 1.3704371630418372e-01 
22.600000 1.4352695136660071e-01 
22.800000 1.5023376546455527e-01 
23.000000 1.5716119199426534e-01 
23.200000 1.6430517957354115e-01 
23.400000 1.7166057655374736e-01 
23.600000 1.7922112887208130e-01 
23.800000 1.8697949201988681e-01 
24.000000 1.9492725759926208e-01 
24.200000 2.0305499460225462e-01 
24.400000 2.1135230518571943e-01 
24.600000 2.1980789434377176e-01 
24.800000 2.2840965251347900e-01 
25.000000 2.3714474980306419e-01 
25.200000 2.4599974022025312e-01 
25.400000 2.5496067401486766e-01 
25.600000 2.6401321604553046e-01 
25.800000 2.7314276794377057e-01 
26.000000 2.8233459178461656e-01 
26.200000 2.9157393298234868e-01 
26.400000 3.0084614021078082e-01 
26.600000 3.1013678029380043e-01 
26.800000 3.1943174621486670e-01 
27.000000 3.2871735664329715e-01 
27.200000 3.3798044565797125e-01 
27.400000 3.4720844165275561e-01 
27.600000 3.5638943471990275e-01 
27.800000 3.6551223211568379e-01 
28.000000 3.7456640170642841e-01 
28.200000 3.8354230356369790e-01 
28.400000 3.9243111011797582e-01 
28.600000 4.0122481548600797e-01 
28.800000 4.0991623475496536e-01 
29.000000 4.1849899413600611e-01 
29.200000 4.2696751299116487e-01 
29.400000 4.3531697879278247e-01 
29.600000 4.4354331609701780e-01 
29.800000 4.5164315060605326e-01 
30.000000 4.5961376936187315e-01 
30.200000 4.6745307806214065e-01 
30.400000 4.7515955642062641e-01 
30.600000 4.8273221241478242e-01 
30.800000 4.9017053617558154e-01 
31.000000 4.9747445418325137e-01 
31.200000 5.0464428433991659e-01 
31.400000 5.1168069239921432e-01 
31.600000 5.1858465014554211e-01 
31.800000 5.2535739563342687e-01 
32.000000 5.3200039572170621e-01 
32.200000 5.3851531106840922e-01 
32.400000 5.4490396369097327e-01 
32.600000 5.5116830714275644e-01 
32.800000 5.5731039931057236e-01 
33.000000 5.6333237779908674e-01 
33.200000 5.6923643783555100e-01 
33.400000 5.7502481260259231e-01 
33.600000 5.8069975588643719e-01 
33.800000 5.8626352691286787e-01 
34.000000 5.9171837723265563e-01 
34.200000 5.9706653951146571e-01 
34.400000 6.0231021807593366e-01 
34.600000 6.0745158106713981e-01 
34.800000 6.1249275405443637e-01 
35.000000 6.1743581496641753e-01 
35.200000 6.2228279020097355e-01 
35.400000 6.2703565178270804e-01 
35.600000 6.3169631544326965e-01 
35.800000 6.3626663950788720e-01 
36.000000 6.4074842447953817e-01 
36.200000 6.4514341322049584e-01 
36.400000 6.4945329163930277e-01 
36.600000 6.5367968979949242e-01 
36.800000 6.5782418337416682e-01 
37.000000 6.6188829537850391e-01 
37.200000 6.6587349811930030e-01 
37.400000 6.6978121530774504e-01 
37.600000 6.7361282428803626e-01 
37.800000 6.7736965834043461e-01 
38.000000 6.8105300902297150e-01 
38.200000 6.8466412852106240e-01 
38.400000 6.8820423197900316e-01 
38.600000 6.9167449979140827e-01 
38.800000 6.9507607983660569e-01 
39.000000 6.9841008963724938e-01 
39.200000 7.0167761843653109e-01 
39.400000 7.0487972918098174e-01 
39.600000 7.0801746040323621e-01 
39.800000 7.1109182800018345e-01 
40.000000 7.1410382690364038e-01 
40.200000 7.1705443264231761e-01 
40.400000 7.1994460279504524e-01 
40.600000 7.2277527833637845e-01 
40.800000 7.2554738487660297e-01 
41.000000 7.2826183379889842e-01 
41.200000 7.3091952329708765e-01 
41.400000 7.3352133931775243e-01 
41.600000 7.3606815641103940e-01 
41.800000 7.3856083849457554e-01 
42.000000 7.4100023953524685e-01 
42.200000 7.4338720415360460e-01 
42.400000 7.4572256815575200e-01 
42.600000 7.4800715899757886e-01 
42.800000 7.5024179618612852e-01 
43.000000 7.5242729162282063e-01 
43.200000 7.5456444989310723e-01 
43.400000 7.5665406850703576e-01 
43.600000 7.5869693809500338e-01 
43.800000 7.6069384256280892e-01 
44.000000 7.6264555920994270e-01 
44.200000 7.6455285881480806e-01 
44.400000 7.6641650569045472e-01 
44.600000 7.6823725771410334e-01 
44.800000 7.7001586633357100e-01 
45.000000 7.7175307655357228e-01 
45.200000 7.7344962690454011e-01 
45.400000 7.7510624939655492e-01 
45.600000 7.7672366946065285e-01 
45.800000 7.7830260587971334e-01 
46.000000 7.7984377071088828e-01 
46.200000 7.8134786920136401e-01 
46.400000 7.8281559969913439e-01 
46.600000 7.8424765356025006e-01 
46.800000 7.8564471505392341e-01 
47.000000 7.8700746126669874e-01 
47.200000 7.8833656200675351e-01 
47.400000 7.8963267970936213e-01 
47.600000 7.9089646934430968e-01 
47.800000 7.9212857832605399e-01 
48.000000 7.9332964642730952e-01 
48.200000 7.9450030569655528e-01 
48.400000 7.9564118038004861e-01 
48.600000 7.9675288684867729e-01 
48.800000 7.9783603353002874e-01 
49.000000 7.9889122084595088e-01 
49.200000 7.9991904115581702e-01 
49.400000 8.0092007870567228e-01 
49.600000 8.0189490958337717e-01 
49.800000 8.0284410167979758e-01 
50.000000 8.0376821465613657e-01 
50.200000 8.0466779991734672e-01 
50.400000 8.0554340059164198e-01 
50.600000 8.0639555151601805e-01 
50.800000 8.0722477922771574e-01 
51.000000 8.0803160196154067e-01 
51.200000 8.0881652965288464e-01 
51.400000 8.0958006394633297e-01 
51.600000 8.1032269820970282e-01 
51.800000 8.1104491755337793e-01 
52.000000 8.1174719885469837e-01 
52.200000 8.1243001078730970e-01 
52.400000 8.1309381385523916e-01 
52.600000 8.1373906043151389e-01 
52.800000 8.1436619480113803e-01 
53.000000 8.1497565320824705e-01 
53.200000 8.1556786390719582e-01 
53.400000 8.1614324721746601e-01 
53.600000 8.1670221558209388e-01 
53.800000 8.1724517362953919e-01 
54.000000 8.1777251823869246e-01 
54.200000 8.1828463860694445e-01 
54.400000 8.1878191632102204e-01 
54.600000 8.1926472543050455e-01 
54.800000 8.1973343252377606e-01 
55.000000 8.2018839680627909e-01 
55.200000 8.2062997018089046e-01 
55.400000 8.2105849733024483e-01 
55.600000 8.2147431580086416e-01 
55.800000 8.2187775608893476e-01 
56.000000 8.2226914172756516e-01 
56.200000 8.2264878937541641e-01 
56.400000 8.2301700890653107e-01 
56.600000 8.2337410350125850e-01 
56.800000 8.2372036973810858e-01 
57.000000 8.2405609768646249e-01 
57.200000 8.2438157099998155e-01 
57.400000 8.2469706701060874e-01 
57.600000 8.2500285682308072e-01 
57.800000 8.2529920540980251e-01 
58.000000 8.2558637170604388e-01 
58.200000 8.2586460870528500e-01 
58.400000 8.2613416355471170e-01 
58.600000 8.2639527765071075e-01 
58.800000 8.2664818673429652e-01 
59.000000 8.2689312098641710e-01 
59.200000 8.2713030512304331e-01 
59.400000 8.2735995848997168e-01 
59.600000 8.2758229515728243e-01 
59.800000 8.2779752401341267e-01 
60.000000 8.2800584885872852e-01 
60.200000 8.2820746849861204e-01 
60.400000 8.2840257683595275e-01 
60.600000 8.2859136296302693e-01 
60.800000 8.2877401125272376e-01 
61.000000 8.2895070144903749e-01 
61.200000 8.2912160875684116e-01 
61.400000 8.2928690393085625e-01 
61.600000 8.2944675336379958e-01 
61.800000 8.2960131917370206e-01 
62.000000 8.2975075929032016e-01 
62.200000 8.2989522754065093e-01 
62.400000 8.3003487373351525e-01 
62.600000 8.3016984374317326e-01 
62.800000 8.3030027959197117e-01 
63.000000 8.3042631953198176e-01 
63.200000 8.3054809812563501e-01 
63.400000 8.3066574632531054e-01 
63.600000 8.3077939155188674e-01 
63.800000 8.3088915777223893e-01 
64.000000 8.3099516557564934e-01 
64.200000 8.3109753224915317e-01 
64.400000 8.3119637185179629e-01 
64.600000 8.3129179528777730e-01 
64.800000 8.3138391037852288e-01 
65.000000 8.3147282193363092e-01 
65.200000 8.3155863182070500e-01 
65.400000 8.3164143903410226e-01 
65.600000 8.3172133976253704e-01 
65.800000 8.3179842745559440e-01 
66.000000 8.3187279288912119e-01 
66.200000 8.3194452422950216e-01 
66.400000 8.3201370709684930e-01 
66.600000 8.3208042462704590e-01 
66.800000 8.3214475753273465e-01 
67.000000 8.3220678416316962e-01 
67.200000 8.3226658056299785e-01 
67.400000 8.3232422052995703e-01 
67.600000 8.3237977567146881e-01 
67.800000 8.3243331546018628e-01 
68.000000 8.3248490728846369e-01 
68.200000 8.3253461652176775e-01 
68.400000 8.3258250655104182e-01 
68.600000 8.3262863884403882e-01 
68.800000 8.3267307299560078e-01 
69.000000 8.3271586677694220e-01 
69.200000 8.3275707618391226e-01 
69.400000 8.3279675548425236e-01 
69.600000 8.3283495726386425e-01 
69.800000 8.3287173247211477e-01 
70.000000 8.3290713046615217e-01 
70.200000 8.3294119905427677e-01 
70.400000 8.3297398453837179e-01 
70.600000 8.3300553175539305e-01 
70.800000 8.3303588411793494e-01 
71.000000 8.3306508365391829e-01 
71.200000 8.3309317104533220e-01 
71.400000 8.3312018566614254e-01 
71.600000 8.3314616561929977e-01 
71.800000 8.3317114777289969e-01 
72.000000 8.3319516779550140e-01 
72.200000 8.3321826019061684e-01 
72.400000 8.3324045833036231e-01 
72.600000 8.3326179448833360e-01 
72.800000 8.3328229987166769e-01 
73.000000 8.3330200465233528e-01 
73.200000 8.3332093799765639e-01 
73.400000 8.3333912810008104e-01 
73.600000 8.3335660220621854e-01 
73.800000 8.3337338664512739e-01 
74.000000 8.3338950685592961e-01 
74.200000 8.3340498741467550e-01 
74.400000 8.3341985206056879e-01 
74.600000 8.3343412372147252e-01 
74.800000 8.3344782453879096e-01 
75.000000 8.3346097589167289e-01 
75.200000 8.3347359842060198e-01 
75.400000 8.3348571205034305e-01 
75.600000 8.3349733601229603e-01 
75.800000 8.3350848886622741e-01 
76.000000 8.3351918852144369e-01 
76.200000 8.3352945225736730e-01 
76.400000 8.3353929674355398e-01 
76.600000 8.3354873805917151e-01 
76.800000 8.3355779171192712e-01 
77.000000 8.3356647265647577e-01 
77.200000 8.3357479531230494e-01 
77.400000 8.3358277358112232e-01 
77.600000 8.3359042086375068e-01 
77.800000 8.3359775007653825e-01 
78.000000 8.3360477366729679e-01 
78.200000 8.3361150363077818e-01 
78.400000 8.3361795152372475e-01 
78.600000 8.3362412847943335e-01 
78.800000 8.3363004522194628e-01 
79.000000 8.3363571207978793e-01 
79.200000 8.3364113899930292e-01 
79.400000 8.3364633555759871e-01 
79.600000 8.3365131097510103e-01 
79.800000 8.3365607412773257e-01 
80.000000 8.3366063355870534e-01 
80.200000 8.3366499748998579e-01 
80.400000 8.3366917383337935e-01 
80.600000 8.3367317020128440e-01 
80.800000 8.3367699391711925e-01 
81.000000 8.3368065202541697e-01 
81.200000 8.3368415130160400e-01 
81.400000 8.3368749826148503e-01 
81.600000 8.3369069917040717e-01 
81.800000 8.3369376005214813e-01 
82.000000 8.3369668669752450e-01 
82.200000 8.3369948467270394e-01 
82.400000 8.3370215932727487e-01 
82.600000 8.3370471580204064e-01 
82.800000 8.3370715903655779e-01 
83.000000 8.3370949377644188e-01 
83.200000 8.3371172458042009e-01 
83.400000 8.3371385582716084e-01 
83.600000 8.3371589172186555e-01 
83.800000 8.3371783630265883e-01 
84.000000 8.3371969344675145e-01 
84.200000 8.3372146687639936e-01 
84.400000 8.3372316016467096e-01 
84.600000 8.3372477674099310e-01 
84.800000 8.3372631989655444e-01 
85.000000 8.3372779278946507e-01 
85.200000 8.3372919844980109e-01 
85.400000 8.3373053978442202e-01 
85.600000 8.3373181958166154e-01 
85.800000 8.3373304051582775e-01 
86.000000 8.3373420515155905e-01 
86.200000 8.3373531594804029e-01 
86.400000 8.3373637526303146e-01 
86.600000 8.3373738535679687e-01 
86.800000 8.3373834839587568e-01 
87.000000 8.3373926645671437e-01 
87.200000 8.3374014152917608e-01 
87.400000 8.3374097551992732e-01 
87.600000 8.3374177025569463e-01 
87.800000 8.3374252748640842e-01 
88.000000 8.3374324888822526e-01 
88.200000 8.3374393606646169e-01 
88.400000 8.3374459055838956e-01 
88.600000 8.3374521383594713e-01 
88.800000 8.3374580730835834e-01 
89.000000 8.3374637232463633e-01 
89.200000 8.3374691017599356e-01 
89.400000 8.3374742209819530e-01 
89.600000 8.3374790927377174e-01 
89.800000 8.3374837283419878e-01 
90.000000 8.3374881386195954e-01 
90.200000 8.3374923339254781e-01 
90.400000 8.3374963241639077e-01 
90.600000 8.3375001188069553e-01 
90.800000 8.3375037269122687e-01 
91.000000 8.3375071571402015e-01 
91.200000 8.3375104177701709e-01 
91.400000 8.3375135167165804e-01 
91.600000 8.3375164615439223e-01 
91.800000 8.3375192594814385e-01 
92.000000 8.3375219174371396e-01 
92.200000 8.3375244420111871e-01 
92.400000 8.3375268395090274e-01 
92.600000 8.3375291159537146e-01 
92.800000 8.3375312770978816e-01 
93.000000 8.3375333284352493e-01 
93.200000 8.3375352752116005e-01 
93.400000 8.3375371224354311e-01 
93.600000 8.3375388748880019e-01 
93.800000 8.3375405371331979e-01 
94.000000 8.3375421135268468e-01 
94.200000 8.3375436082256238e-01 
94.400000 8.3375450251957983e-01 
94.600000 8.3375463682213802e-01 
94.800000 8.3375476409121219e-01 
95.000000 8.3375488467111103e-01 
95.200000 8.3375499889019411e-01 
95.400000 8.3375510706159484e-01 
95.600000 8.3375520948386728e-01 
95.800000 8.3375530644164009e-01 
96.000000 8.3375539820622879e-01 
96.200000 8.3375548503622865e-01 
96.400000 8.3375556717807098e-01 
96.600000 8.3375564486658371e-01 
96.800000 8.3375571832548923e-01 
97.000000 8.3375578776790693e-01 
97.200000 8.3375585339684577e-01 
97.400000 8.3375591540563476e-01 
97.600000 8.3375597397837342e-01 
97.800000 8.3375602929035220e-01 
98.000000 8.3375608150844349e-01 
98.200000 8.3375613079148725e-01 
98.400000 8.3375617729065854e-01 
98.600000 8.3375622114982484e-01 
98.800000 8.3375626250585977e-01 
99.000000 8.3375630148899404e-01 
99.200000 8.3375633822309525e-01 
99.400000 8.3375637282597603e-01 
99.600000 8.3375640540967089e-01 
99.800000 8.3375643608070737e-01 
100.000000 8.3375646494035227e-01 
100.200000 8.3375649208487024e-01 
100.400000 8.3375651760575031e-01 
100.600000 8.3375654158993251e-01 
100.800000 8.3375656412001653e-01 
101.000000 8.3375658527447660e-01 
101.200000 8.3375660512784422e-01 
101.400000 8.3375662375090620e-01 
101.600000 8.3375664121087611e-01 
101.800000 8.3375665757156481e-01 
102.000000 8.3375667289354227e-01 
102.200000 8.3375668723429941e-01 
102.400000 8.3375670064838814e-01 
102.600000 8.3375671318756439e-01 
102.800000 8.3375672490092356e-01 
103.000000 8.3375673583503529e-01 
103.200000 8.3375674603405492e-01 
103.400000 8.3375675553985229e-01 
103.600000 8.3375676439210933e-01 
103.800000 8.3375677262844217e-01 
104.000000 8.3375678028449551e-01 
104.200000 8.3375678739403236e-01 
104.400000 8.3375679398904479e-01 
104.600000 8.3375680009981834e-01 
104.800000 8.3375680575503763e-01 
105.000000 8.3375681098185694e-01 
105.200000 8.3375681580597094e-01 
105.400000 8.3375682025169662e-01 
105.600000 8.3375682434204046e-01 
105.800000 8.3375682809876028e-01 
106.000000 8.3375683154243441e-01 
106.200000 8.3375683469251305e-01 
106.400000 8.3375683756738084e-01 
106.600000 8.3375684018441387e-01 
106.800000 8.3375684256002636e-01 
107.000000 8.3375684470971778e-01 
107.200000 8.3375684664812555e-01 
107.400000 8.3375684838906738e-01 
107.600000 8.3375684994558275e-01 
107.800000 8.3375685132997046e-01 
108.000000 8.3375685255383503e-01 
108.200000 8.3375685362811469e-01 
108.400000 8.3375685456312165e-01 
108.600000 8.3375685536857147e-01 
108.800000 8.3375685605361471e-01 
109.000000 8.3375685662686760e-01 
109.200000 8.3375685709644864e-01 
109.400000 8.3375685746998351e-01 
109.600000 8.3375685775465502e-01 
109.800000 8.3375685795721444e-01 
110.000000 8.3375685808400302e-01 
110.200000 8.3375685814098643e-01 
110.400000 8.3375685813375522e-01 
110.600000 8.3375685806756827e-01 
110.800000 8.3375685794735088e-01 
111.000000 8.3375685777772690e-01 
111.200000 8.3375685756302587e-01 
111.400000 8.3375685730730498e-01 
111.600000 8.3375685701436042e-01 
111.800000 8.3375685668775257e-01 
112.000000 8.3375685633079788e-01 
112.200000 8.3375685594660431e-01 
112.400000 8.3375685553807233e-01 
112.600000 8.3375685510790476e-01 
112.800000 8.3375685465862714e-01 
113.000000 8.3375685419259138e-01 
113.200000 8.3375685371198249e-01 
113.400000 8.3375685321883530e-01 
113.600000 8.3375685271504374e-01 
113.800000 8.3375685220236173e-01 
114.000000 8.3375685168241742e-01 
114.200000 8.3375685115671794e-01 
114.400000 8.3375685062665827e-01 
114.600000 8.3375685009352918e-01 
114.800000 8.3375684955851437e-01 
115.000000 8.3375684902271385e-01 
115.200000 8.3375684848712917e-01 
115.400000 8.3375684795269145e-01 
115.600000 8.3375684742024136e-01 
115.800000 8.3375684689055751e-01 
116.000000 8.3375684636434222e-01 
116.200000 8.3375684584223986e-01 
116.400000 8.3375684532483563e-01 
116.600000 8.3375684481265178e-01 
116.800000 8.3375684430616614e-01 
117.000000 8.3375684380580306e-01 
117.200000 8.3375684331194588e-01 
117.400000 8.3375684282492779e-01 
117.600000 8.3375684234505254e-01 
117.800000 8.3375684187257693e-01 
118.000000 8.3375684140773221e-01 
118.200000 8.3375684095070890e-01 
118.400000 8.3375684050167587e-01 
118.600000 8.3375684006077011e-01 
118.800000 8.3375683962810598e-01 
119.000000 8.3375683920377053e-01 
119.200000 8.3375683878782991e-01 
119.400000 8.3375683838033388e-01 
119.600000 8.3375683798130562e-01 
119.800000 8.3375683759076047e-01 
120.000000 8.3375683720869476e-01 
120.200000 8.3375683683508428e-01 
120.400000 8.3375683646989995e-01 
120.600000 8.3375683611309603e-01 
120.800000 8.3375683576461979e-01 
121.000000 8.3375683542439982e-01 
121.200000 8.3375683509236664e-01 
121.400000 8.3375683476843221e-01 
121.600000 8.3375683445250759e-01 
121.800000 8.3375683414450075e-01 
122.000000 8.3375683384430133e-01 
122.200000 8.3375683355180596e-01 
122.400000 8.3375683326689931e-01 
122.600000 8.3375683298946202e-01 
122.800000 8.3375683271937984e-01 
123.000000 8.3375683245652188e-01 
123.200000 8.3375683220076424e-01 
123.400000 8.3375683195198136e-01 
123.600000 8.3375683171004067e-01 
123.800000 8.3375683147480972e-01 
124.000000 8.3375683124615885e-01 
124.200000 8.3375683102395071e-01 
124.400000 8.3375683080805507e-01 
124.600000 8.3375683059833561e-01 
124.800000 8.3375683039466042e-01 
125.000000 8.3375683019689384e-01 
125.200000 8.3375683000490464e-01 
125.400000 8.3375682981855992e-01 
125.600000 8.3375682963772579e-01 
125.800000 8.3375682946227703e-01 
126.000000 8.3375682929208184e-01 
126.200000 8.3375682912701166e-01 
126.400000 8.3375682896694081e-01 
126.600000 8.3375682881174396e-01 
126.800000 8.3375682866129996e-01 
127.000000 8.3375682851548294e-01 
127.200000 8.3375682837417664e-01 
127.400000 8.3375682823726316e-01 
127.600000 8.3375682810462493e-01 
127.800000 8.3375682797614670e-01 
128.000000 8.3375682785172123e-01 
128.200000 8.3375682773123228e-01 
128.400000 8.3375682761457881e-01 
128.600000 8.3375682750164803e-01 
128.800000 8.3375682739234047e-01 
129.000000 8.3375682728655398e-01 
129.200000 8.3375682718418687e-01 
129.400000 8.3375682708514198e-01 
129.600000 8.3375682698932541e-01 
129.800000 8.3375682689664499e-01 
130.000000 8.3375682680700558e-01 
130.200000 8.3375682672032037e-01 
130.400000 8.3375682663650486e-01 
130.600000 8.3375682655546812e-01 
130.800000 8.3375682647713167e-01 
131.000000 8.3375682640141147e-01 
131.200000 8.3375682632823367e-01 
131.400000 8.3375682625751590e-01 
131.600000 8.3375682618918401e-01 
131.800000 8.3375682612316859e-01 
132.000000 8.3375682605939516e-01 
132.200000 8.3375682599779588e-01 
132.400000 8.3375682593829981e-01 
132.600000 8.3375682588084621e-01 
132.800000 8.3375682582536692e-01 
133.000000 8.3375682577180199e-01 
133.200000 8.3375682572008991e-01 
133.400000 8.3375682567017084e-01 
133.600000 8.3375682562199116e-01 
133.800000 8.3375682557549102e-01 
134.000000 8.3375682553061903e-01 
134.200000 8.3375682548732288e-01 
134.400000 8.3375682544554863e-01 
134.600000 8.3375682540524787e-01 
134.800000 8.3375682536637441e-01 
135.000000 8.3375682532888029e-01 
135.200000 8.3375682529271844e-01 
135.400000 8.3375682525784867e-01 
135.600000 8.3375682522422545e-01 
135.800000 8.3375682519180661e-01 
136.000000 8.3375682516055483e-01 
136.200000 8.3375682513042915e-01 
136.400000 8.3375682510139260e-01 
136.600000 8.3375682507340887e-01 
136.800000 8.3375682504644222e-01 
137.000000 8.3375682502045689e-01 
137.200000 8.3375682499542136e-01 
137.400000 8.3375682497130355e-01 
137.600000 8.3375682494806946e-01 
137.800000 8.3375682492569259e-01 
138.000000 8.3375682490414127e-01 
138.200000 8.3375682488338787e-01 
138.400000 8.3375682486340585e-01 
138.600000 8.3375682484416258e-01 
138.800000 8.3375682482564362e-01 
139.000000 8.3375682480781443e-01 
139.200000 8.3375682479065394e-01 
139.400000 8.3375682477414115e-01 
139.600000 8.3375682475825030e-01 
139.800000 8.3375682474296120e-01 
140.000000 8.3375682472825263e-01 
140.200000 8.3375682471410351e-01 
140.400000 8.3375682470049750e-01 
140.600000 8.3375682468741052e-01 
140.800000 8.3375682467482659e-01 
141.000000 8.3375682466272893e-01 
141.200000 8.3375682465109946e-01 
141.400000 8.3375682463992074e-01 
141.600000 8.3375682462917888e-01 
141.800000 8.3375682461885547e-01 
142.000000 8.3375682460894041e-01 
142.200000 8.3375682459941547e-01 
142.400000 8.3375682459026579e-01 
142.600000 8.3375682458148315e-01 
142.800000 8.3375682457305011e-01 
143.000000 8.3375682456495448e-01 
143.200000 8.3375682455718769e-01 
143.400000 8.3375682454973499e-01 
143.600000 8.3375682454258671e-01 
143.800000 8.3375682453573052e-01 
144.000000 8.3375682452915789e-01 
144.200000 8.3375682452285982e-01 
144.400000 8.3375682451682276e-01 
144.600000 8.3375682451104205e-01 
144.800000 8.3375682450550626e-01 
145.000000 8.3375682450020661e-01 
145.200000 8.3375682449513622e-01 
145.400000 8.3375682449028832e-01 
145.600000 8.3375682448565447e-01 
145.800000 8.3375682448122479e-01 
146.000000 8.3375682447699739e-01 
146.200000 8.3375682447295985e-01 
146.400000 8.3375682446910904e-01 
146.600000 8.3375682446543609e-01 
146.800000 8.3375682446193855e-01 
147.000000 8.3375682445860810e-01 
147.200000 8.3375682445544153e-01 
147.400000 8.3375682445243604e-01 
147.600000 8.3375682444958477e-01 
147.800000 8.3375682444688315e-01 
148.000000 8.3375682444432919e-01 
148.200000 8.3375682444191512e-01 
148.400000 8.3375682443963506e-01 
148.600000 8.3375682443748644e-01 
148.800000 8.3375682443546428e-01 
149.000000 8.3375682443356147e-01 
149.200000 8.3375682443177834e-01 
149.400000 8.3375682443010657e-01 
149.600000 8.3375682442854293e-01 
149.800000 8.3375682442708210e-01 
