0.000000 8.4344477171351077e-03 
0.200000 8.4344938870031024e-03 
0.400000 8.4347389902264883e-03 
0.600000 8.4353796073641137e-03 
0.800000 8.4365893118139076e-03 
1.000000 8.4385203937157646e-03 
1.200000 8.4413054134387707e-03 
1.400000 8.4450585741098951e-03 
1.600000 8.4498769448444963e-03 
1.800000 8.4558492614396248e-03 
2.000000 8.4630644723132017e-03 
2.200000 8.4716041212986055e-03 
2.400000 8.4815441078721840e-03 
2.600000 8.4929562021876567e-03 
2.800000 8.5059074062278344e-03 
3.000000 8.5204604687788201e-03 
3.200000 8.5366750381452288e-03 
3.400000 8.5546100881905632e-03 
3.600000 8.5743225563089318e-03 
3.800000 8.5958625853369587e-03 
4.000000 8.6192769868445162e-03 
4.200000 8.6446102657642080e-03 
4.400000 8.6719054328442870e-03 
4.600000 8.7012047310476535e-03 
4.800000 8.7325501071914280e-03 
5.000000 8.7659834448692749e-03 
5.200000 8.8015469382214107e-03 
5.400000 8.8392838139959209e-03 
5.600000 8.8792383357524790e-03 
5.800000 8.9214555993359073e-03 
6.000000 8.9659818801510593e-03 
6.200000 9.0128646161602762e-03 
6.400000 9.0621524013066584e-03 
6.600000 9.1138951284923907e-03 
6.800000 9.1681442335272770e-03 
7.000000 9.2249528254194114e-03 
7.200000 9.2843758485702341e-03 
7.400000 9.3464702957443586e-03 
7.600000 9.4112953839502831e-03 
7.800000 9.4789126988310737e-03 
8.000000 9.5493863479004671e-03 
8.200000 9.6227832453263853e-03 
8.400000 9.6991732226834708e-03 
8.600000 9.7786291228428874e-03 
8.800000 9.8612270243012765e-03 
9.000000 9.9470464054444950e-03 
9.200000 1.0036170337322202e-02 
9.400000 1.0128685681128733e-02 
9.600000 1.0224683320048323e-02 
9.800000 1.0324258386943721e-02 
10.000000 1.0427510496050793e-02 
10.200000 1.0534543999063950e-02 
10.400000 1.0645468258978646e-02 
10.600000 1.0760397941013409e-02 
10.800000 1.0879453315476741e-02 
11.000000 1.1002760576080944e-02 
11.200000 1.1130452203202607e-02 
11.400000 1.1262667287681541e-02 
11.600000 1.1399551909274967e-02 
11.800000 1.1541259519062055e-02 
12.000000 1.1687951342870180e-02 
12.200000 1.1839796801818632e-02 
12.400000 1.1996973950468852e-02 
12.600000 1.2159669937079544e-02 
12.800000 1.2328081480877816e-02 
13.000000 1.2502415366421132e-02 
13.200000 1.2682888957101211e-02 
13.400000 1.2869730724721485e-02 
13.600000 1.3063180792458735e-02 
13.800000 1.3263491491856193e-02 
14.000000 1.3470927935125318e-02 
14.200000 1.3685768590296165e-02 
14.400000 1.3908305859815057e-02 
14.600000 1.4138846664113818e-02 
14.800000 1.4377713019467173e-02 
15.000000 1.4625242606052724e-02 
15.200000 1.4881789319640478e-02 
15.400000 1.5147723799729824e-02 
15.600000 1.5423433923787299e-02 
15.800000 1.5709325257022337e-02 
16.000000 1.6005821445949114e-02 
16.200000 1.6313364540887599e-02 
16.400000 1.6632415231055266e-02 
16.600000 1.6963452973900700e-02 
16.800000 1.7306975998465104e-02 
17.000000 1.7663501156803478e-02 
17.200000 1.8033563597863282e-02 
17.400000 1.8417716235078027e-02 
17.600000 1.8816528973340900e-02 
17.800000 1.9230587659628977e-02 
18.000000 1.9660492717353036e-02 
18.200000 2.0106857421552334e-02 
18.400000 2.0570305768236416e-02 
18.600000 2.1051469888456433e-02 
18.800000 2.1550986955097638e-02 
19.000000 2.2069495528034545e-02 
19.200000 2.2607631282113645e-02 
19.400000 2.3166022062064785e-02 
19.600000 2.3745282209481810e-02 
19.800000 2.4346006109787353e-02 
20.000000 2.4968760910782151e-02 
20.200000 2.5614078372405868e-02 
20.400000 2.6282445815742881e-02 
20.600000 2.6974296152104504e-02 
20.800000 2.7689996988470973e-02 
21.000000 2.8429838824703464e-02 
21.200000 2.9194022380741140e-02 
21.400000 2.9982645118414863e-02 
21.600000 3.0795687052682725e-02 
21.800000 3.1632995980610333e-02 
22.000000 3.2494272292782997e-02 
22.200000 3.3379053570410801e-02 
22.400000 3.4286699211221648e-02 
22.600000 3.5216375367032454e-02 
22.800000 3.6167040514091656e-02 
23.000000 3.7137432012434655e-02 
23.200000 3.8126054040377805e-02 
23.400000 3.9131167312814887e-02 
23.600000 4.0150781005217753e-02 
23.800000 4.1182647306904969e-02 
24.000000 4.2224259015360310e-02 
24.200000 4.3272850556520852e-02 
24.400000 4.4325402772929463e-02 
24.600000 4.5378651761933980e-02 
24.800000 4.6429101970009580e-02 
25.000000 4.7473043657984756e-02 
25.200000 4.8506574747601360e-02 
25.400000 4.9525626945522712e-02 
25.600000 5.0525995920567862e-02 
25.800000 5.1503375188359901e-02 
26.000000 5.2453393239811547e-02 
26.200000 5.3371653341321136e-02 
26.400000 5.4253775340405860e-02 
26.600000 5.5095438735415198e-02 
26.800000 5.5892426215736556e-02 
27.000000 5.6640666852228724e-02 
27.200000 5.7336278117805214e-02 
27.400000 5.7975605945089749e-02 
27.600000 5.8555262080347566e-02 
27.800000 5.9072158067759679e-02 
28.000000 5.9523535291699910e-02 
28.200000 5.9906990612482745e-02 
28.400000 6.0220497248087999e-02 
28.600000 6.0462420675568736e-02 
28.800000 6.0631529446398991e-02 
29.000000 6.0727000925524632e-02 
29.200000 6.0748422070679146e-02 
29.400000 6.0695785463716484e-02 
29.600000 6.0569480887244183e-02 
29.800000 6.0370282806503084e-02 
30.000000 6.0099334167786206e-02 
30.200000 5.9758126960978708e-02 
30.400000 5.9348480015784286e-02 
30.600000 5.8872514510146384e-02 
30.800000 5.8332627666729871e-02 
31.000000 5.7731465100829757e-02 
31.200000 5.7071892262432880e-02 
31.400000 5.6356965388112350e-02 
31.600000 5.5589902346620111e-02 
31.800000 5.4774053726931643e-02 
32.000000 5.3912874480429342e-02 
32.200000 5.3009896390982858e-02 
32.400000 5.2068701608852443e-02 
32.600000 5.1092897447342481e-02 
32.800000 5.0086092605552572e-02 
33.000000 4.9051874946833877e-02 
33.200000 4.7993790930988489e-02 
33.400000 4.6915326769026162e-02 
33.600000 4.5819891342545757e-02 
33.800000 4.4710800905591520e-02 
34.000000 4.3591265565143013e-02 
34.200000 4.2464377517185167e-02 
34.400000 4.1333100998528424e-02 
34.600000 4.0200263900074418e-02 
34.800000 3.9068550975003433e-02 
35.000000 3.7940498565208224e-02 
35.200000 3.6818490761152539e-02 
35.400000 3.5704756904009455e-02 
35.600000 3.4601370334324942e-02 
35.800000 3.3510248288405334e-02 
36.000000 3.2433152842003876e-02 
36.200000 3.1371692800541022e-02 
36.400000 3.0327326435899114e-02 
36.600000 2.9301364971635754e-02 
36.800000 2.8294976721149809e-02 
37.000000 2.7309191786750415e-02 
37.200000 2.6344907231628835e-02 
37.400000 2.5402892641270367e-02 
37.600000 2.4483795995779854e-02 
37.800000 2.3588149779811766e-02 
38.000000 2.2716377262203963e-02 
38.200000 2.1868798882929790e-02 
38.400000 2.1045638690526166e-02 
38.600000 2.0247030778651590e-02 
38.800000 1.9473025675835892e-02 
39.000000 1.8723596647727259e-02 
39.200000 1.7998645876202285e-02 
39.400000 1.7298010484534099e-02 
39.600000 1.6621468382387539e-02 
39.800000 1.5968743908710288e-02 
40.000000 1.5339513254603528e-02 
40.200000 1.4733409651964733e-02 
40.400000 1.4150028317111960e-02 
40.600000 1.3588931141712017e-02 
40.800000 1.3049651126148604e-02 
41.000000 1.2531696552998935e-02 
41.200000 1.2034554900533271e-02 
41.400000 1.1557696498137274e-02 
41.600000 1.1100577927285136e-02 
41.800000 1.0662645173183338e-02 
42.000000 1.0243336533472334e-02 
42.200000 9.8420852914341567e-03 
42.400000 9.4583221620240573e-03 
42.600000 9.0914775197390007e-03 
42.800000 8.7409834178705272e-03 
43.000000 8.4062754090815182e-03 
43.200000 8.0867941775103723e-03 
43.400000 7.7819869927516954e-03 
43.600000 7.4913089961112633e-03 
43.800000 7.2142243294905832e-03 
44.000000 6.9502071171369407e-03 
44.200000 6.6987423103122695e-03 
44.400000 6.4593264046915915e-03 
44.600000 6.2314680400189721e-03 
44.800000 6.0146884912224427e-03 
45.000000 5.8085220598366877e-03 
45.200000 5.6125163742060738e-03 
45.400000 5.4262326065458557e-03 
45.600000 5.2492456145350778e-03 
45.800000 5.0811440147039769e-03 
46.000000 4.9215301944635350e-03 
46.200000 4.7700202692153608e-03 
46.400000 4.6262439905703891e-03 
46.600000 4.4898446113066023e-03 
46.800000 4.3604787123057180e-03 
47.000000 4.2378159963295100e-03 
47.200000 4.1215390531314103e-03 
47.400000 4.0113431000477406e-03 
47.600000 3.9069357018763845e-03 
47.800000 3.8080364735302748e-03 
48.000000 3.7143767686492160e-03 
48.200000 3.6256993570648486e-03 
48.400000 3.5417580937429933e-03 
48.600000 3.4623175815718687e-03 
48.800000 3.3871528301255239e-03 
49.000000 3.3160489123094921e-03 
49.200000 3.2488006205865592e-03 
49.400000 3.1852121242888789e-03 
49.600000 3.1250966293429150e-03 
49.800000 3.0682760415696067e-03 
50.000000 3.0145806345700508e-03 
50.200000 2.9638487230682345e-03 
50.400000 2.9159263424543879e-03 
50.600000 2.8706669351570022e-03 
50.800000 2.8279310443657486e-03 
51.000000 2.7875860155317706e-03 
51.200000 2.7495057059856985e-03 
51.400000 2.7135702029356420e-03 
51.600000 2.6796655500378893e-03 
51.800000 2.6476834826708638e-03 
52.000000 2.6175211719872906e-03 
52.200000 2.5890809777706766e-03 
52.400000 2.5622702100790273e-03 
52.600000 2.5370008996209834e-03 
52.800000 2.5131895767765864e-03 
53.000000 2.4907570591467553e-03 
53.200000 2.4696282474908370e-03 
53.400000 2.4497319298915918e-03 
53.600000 2.4310005939691542e-03 
53.800000 2.4133702469517036e-03 
54.000000 2.3967802433987927e-03 
54.200000 2.3811731203645524e-03 
54.400000 2.3664944397806887e-03 
54.600000 2.3526926378346098e-03 
54.800000 2.3397188811144624e-03 
55.000000 2.3275269292913174e-03 
55.200000 2.3160730041083487e-03 
55.400000 2.3053156644474186e-03 
55.600000 2.2952156872453854e-03 
55.800000 2.2857359540350004e-03 
56.000000 2.2768413428887373e-03 
56.200000 2.2684986255476379e-03 
56.400000 2.2606763695220129e-03 
56.600000 2.2533448449556077e-03 
56.800000 2.2464759360503253e-03 
57.000000 2.2400430568538738e-03 
57.200000 2.2340210712186964e-03 
57.400000 2.2283862167466880e-03 
57.600000 2.2231160325395629e-03 
57.800000 2.2181892905816249e-03 
58.000000 2.2135859305874072e-03 
58.200000 2.2092869981526850e-03 
58.400000 2.2052745860537473e-03 
58.600000 2.2015317785455684e-03 
58.800000 2.1980425985155391e-03 
59.000000 2.1947919573553254e-03 
59.200000 2.1917656074187867e-03 
59.400000 2.1889500969399646e-03 
59.600000 2.1863327272900975e-03 
59.800000 2.1839015124581083e-03 
60.000000 2.1816451406442040e-03 
60.200000 2.1795529378609785e-03 
60.400000 2.1776148334413290e-03 
60.600000 2.1758213273571480e-03 
60.800000 2.1741634592570692e-03 
61.000000 2.1726327791360676e-03 
61.200000 2.1712213195536336e-03 
61.400000 2.1699215693212859e-03 
61.600000 2.1687264485841205e-03 
61.800000 2.1676292852245240e-03 
62.000000 2.1666237925198127e-03 
62.200000 2.1657040479890507e-03 
62.400000 2.1648644733671461e-03 
62.600000 2.1640998156476836e-03 
62.800000 2.1634051291389181e-03 
63.000000 2.1627757584796923e-03 
63.200000 2.1622073225655461e-03 
63.400000 2.1616956993367850e-03 
63.600000 2.1612370113836521e-03 
63.800000 2.1608276123254574e-03 
64.000000 2.1604640739228687e-03 
64.200000 2.1601431738847991e-03 
64.400000 2.1598618843332502e-03 
64.600000 2.1596173608911407e-03 
64.800000 2.1594069323602836e-03 
65.000000 2.1592280909583155e-03 
65.200000 2.1590784830846409e-03 
65.400000 2.1589559005876402e-03 
65.600000 2.1588582725062923e-03 
65.800000 2.1587836572610668e-03 
66.000000 2.1587302352699816e-03 
66.200000 2.1586963019675819e-03 
66.400000 2.1586802612048395e-03 
66.600000 2.1586806190101011e-03 
66.800000 2.1586959776914300e-03 
67.000000 2.1587250302624087e-03 
67.200000 2.1587665551738933e-03 
67.400000 2.1588194113354091e-03 
67.600000 2.1588825334107513e-03 
67.800000 2.1589549273729135e-03 
68.000000 2.1590356663047480e-03 
68.200000 2.1591238864316839e-03 
68.400000 2.1592187833746630e-03 
68.600000 2.1593196086108300e-03 
68.800000 2.1594256661313575e-03 
69.000000 2.1595363092853591e-03 
69.200000 2.1596509378001417e-03 
69.400000 2.1597689949681954e-03 
69.600000 2.1598899649919174e-03 
69.800000 2.1600133704776465e-03 
70.000000 2.1601387700706798e-03 
70.200000 2.1602657562241365e-03 
70.400000 2.1603939530938122e-03 
70.600000 2.1605230145527450e-03 
70.800000 2.1606526223186561e-03 
71.000000 2.1607824841882463e-03 
71.200000 2.1609123323725809e-03 
71.400000 2.1610419219280099e-03 
71.600000 2.1611710292774389e-03 
71.800000 2.1612994508169491e-03 
72.000000 2.1614270016033165e-03 
72.200000 2.1615535141177328e-03 
72.400000 2.1616788371016885e-03 
72.600000 2.1618028344611651e-03 
72.800000 2.1619253842351379e-03 
73.000000 2.1620463776250436e-03 
73.200000 2.1621657180818854e-03 
73.400000 2.1622833204474794e-03 
73.600000 2.1623991101472687e-03 
73.800000 2.1625130224316026e-03 
74.000000 2.1626250016627520e-03 
74.200000 2.1627350006452532e-03 
74.400000 2.1628429799971476e-03 
74.600000 2.1629489075596885e-03 
74.800000 2.1630527578435088e-03 
75.000000 2.1631545115091840e-03 
75.200000 2.1632541548801481e-03 
75.400000 2.1633516794862368e-03 
75.600000 2.1634470816361052e-03 
75.800000 2.1635403620168278e-03 
76.000000 2.1636315253191598e-03 
76.200000 2.1637205798871149e-03 
76.400000 2.1638075373900910e-03 
76.600000 2.1638924125168490e-03 
76.800000 2.1639752226894223e-03 
77.000000 2.1640559877962795e-03 
77.200000 2.1641347299434098e-03 
77.400000 2.1642114732223776e-03 
77.600000 2.1642862434941676e-03 
77.800000 2.1643590681882049e-03 
78.000000 2.1644299761152939e-03 
78.200000 2.1644989972939305e-03 
78.400000 2.1645661627890437e-03 
78.600000 2.1646315045624385e-03 
78.800000 2.1646950553342818e-03 
79.000000 2.1647568484548874e-03 
79.200000 2.1648169177862875e-03 
79.400000 2.1648752975927531e-03 
79.600000 2.1649320224401180e-03 
79.800000 2.1649871271028076e-03 
80.000000 2.1650406464787113e-03 
80.200000 2.1650926155107738e-03 
80.400000 2.1651430691154547e-03 
80.600000 2.1651920421171819e-03 
80.800000 2.1652395691886509e-03 
81.000000 2.1652856847965063e-03 
81.200000 2.1653304231520742e-03 
81.400000 2.1653738181668229e-03 
81.600000 2.1654159034121285e-03 
81.800000 2.1654567120832908e-03 
82.000000 2.1654962769672901e-03 
82.200000 2.1655346304140064e-03 
82.400000 2.1655718043109636e-03 
82.600000 2.1656078300610030e-03 
82.800000 2.1656427385628200e-03 
83.000000 2.1656765601942344e-03 
83.200000 2.1657093247978306e-03 
83.400000 2.1657410616689578e-03 
83.600000 2.1657717995457863e-03 
83.800000 2.1658015666013559e-03 
84.000000 2.1658303904373640e-03 
84.200000 2.1658582980795924e-03 
84.400000 2.1658853159750332e-03 
84.600000 2.1659114699901704e-03 
84.800000 2.1659367854107124e-03 
85.000000 2.1659612869424274e-03 
85.200000 2.1659849987130521e-03 
85.400000 2.1660079442752380e-03 
85.600000 2.1660301466102745e-03 
85.800000 2.1660516281327646e-03 
86.000000 2.1660724106958179e-03 
86.200000 2.1660925155971159e-03 
86.400000 2.1661119635854507e-03 
86.600000 2.1661307748677503e-03 
86.800000 2.1661489691166252e-03 
87.000000 2.1661665654783826e-03 
87.200000 2.1661835825812241e-03 
87.400000 2.1662000385439125e-03 
87.600000 2.1662159509846226e-03 
87.800000 2.1662313370300820e-03 
88.000000 2.1662462133248050e-03 
88.200000 2.1662605960405573e-03 
88.400000 2.1662745008859466e-03 
88.600000 2.1662879431160035e-03 
88.800000 2.1663009375419684e-03 
89.000000 2.1663134985410305e-03 
89.200000 2.1663256400660533e-03 
89.400000 2.1663373756553995e-03 
89.600000 2.1663487184426520e-03 
89.800000 2.1663596811662910e-03 
90.000000 2.1663702761793736e-03 
90.200000 2.1663805154590785e-03 
90.400000 2.1663904106162201e-03 
90.600000 2.1663999729045792e-03 
90.800000 2.1664092132302505e-03 
91.000000 2.1664181421607634e-03 
91.200000 2.1664267699341298e-03 
91.400000 2.1664351064677833e-03 
91.600000 2.1664431613672599e-03 
91.800000 2.1664509439349236e-03 
92.000000 2.1664584631783741e-03 
92.200000 2.1664657278187582e-03 
92.400000 2.1664727462989645e-03 
92.600000 2.1664795267916518e-03 
92.800000 2.1664860772069605e-03 
93.000000 2.1664924052003320e-03 
93.200000 2.1664985181799384e-03 
93.400000 2.1665044233140445e-03 
93.600000 2.1665101275381727e-03 
93.800000 2.1665156375621085e-03 
94.000000 2.1665209598767539e-03 
94.200000 2.1665261007608040e-03 
94.400000 2.1665310662872667e-03 
94.600000 2.1665358623297495e-03 
94.800000 2.1665404945687681e-03 
95.000000 2.1665449684976005e-03 
95.200000 2.1665492894283231e-03 
95.400000 2.1665534624973914e-03 
95.600000 2.1665574926712726e-03 
95.800000 2.1665613847518094e-03 
96.000000 2.1665651433814925e-03 
96.200000 2.1665687730485161e-03 
96.400000 2.1665722780918315e-03 
96.600000 2.1665756627058663e-03 
96.800000 2.1665789309452408e-03 
97.000000 2.1665820867293258e-03 
97.200000 2.1665851338466147e-03 
97.400000 2.1665880759590482e-03 
97.600000 2.1665909166060831e-03 
97.800000 2.1665936592087966e-03 
98.000000 2.1665963070737360e-03 
98.200000 2.1665988633966919e-03 
98.400000 2.1666013312664247e-03 
98.600000 2.1666037136681233e-03 
98.800000 2.1666060134868941e-03 
99.000000 2.1666082335111193e-03 
99.200000 2.1666103764355978e-03 
99.400000 2.1666124448647419e-03 
99.600000 2.1666144413155669e-03 
99.800000 2.1666163682206052e-03 
100.000000 2.1666182279307974e-03 
100.200000 2.1666200227181110e-03 
100.400000 2.1666217547783380e-03 
100.600000 2.1666234262335531e-03 
100.800000 2.1666250391346076e-03 
101.000000 2.1666265954635609e-03 
101.200000 2.1666280971359858e-03 
101.400000 2.1666295460031708e-03 
101.600000 2.1666309438543902e-03 
101.800000 2.1666322924188265e-03 
102.000000 2.1666335933677935e-03 
102.200000 2.1666348483165214e-03 
102.400000 2.1666360588261601e-03 
102.600000 2.1666372264055661e-03 
102.800000 2.1666383525130585e-03 
103.000000 2.1666394385581327e-03 
103.200000 2.1666404859031160e-03 
103.400000 2.1666414958647737e-03 
103.600000 2.1666424697157935e-03 
103.800000 2.1666434086863302e-03 
104.000000 2.1666443139653950e-03 
104.200000 2.1666451867022860e-03 
104.400000 2.1666460280078919e-03 
104.600000 2.1666468389559997e-03 
104.800000 2.1666476205845168e-03 
105.000000 2.1666483738967540e-03 
105.200000 2.1666490998624778e-03 
105.400000 2.1666497994191152e-03 
105.600000 2.1666504734728313e-03 
105.800000 2.1666511228995602e-03 
106.000000 2.1666517485459972e-03 
106.200000 2.1666523512306351e-03 
106.400000 2.1666529317446604e-03 
106.600000 2.1666534908528867e-03 
106.800000 2.1666540292946219e-03 
107.000000 2.1666545477845400e-03 
107.200000 2.1666550470134942e-03 
107.400000 2.1666555276492741e-03 
107.600000 2.1666559903374375e-03 
107.800000 2.1666564357020108e-03 
108.000000 2.1666568643462134e-03 
108.200000 2.1666572768531287e-03 
108.400000 2.1666576737864114e-03 
108.600000 2.1666580556908817e-03 
108.800000 2.1666584230932017e-03 
109.000000 2.1666587765024263e-03 
109.200000 2.1666591164106359e-03 
109.400000 2.1666594432934345e-03 
109.600000 2.1666597576105533e-03 
109.800000 2.1666600598063204e-03 
110.000000 2.1666603503102191e-03 
110.200000 2.1666606295373445e-03 
110.400000 2.1666608978888630e-03 
110.600000 2.1666611557525067e-03 
110.800000 2.1666614035030143e-03 
111.000000 2.1666616415024994e-03 
111.200000 2.1666618701009048e-03 
111.400000 2.1666620896364469e-03 
111.600000 2.1666623004359237e-03 
111.800000 2.1666625028151079e-03 
112.000000 2.1666626970790986e-03 
112.200000 2.1666628835227517e-03 
112.400000 2.1666630624308843e-03 
112.600000 2.1666632340787140e-03 
112.800000 2.1666633987320817e-03 
113.000000 2.1666635566478429e-03 
113.200000 2.1666637080740856e-03 
113.400000 2.1666638532504773e-03 
113.600000 2.1666639924084823e-03 
113.800000 2.1666641257716873e-03 
114.000000 2.1666642535560225e-03 
114.200000 2.1666643759699852e-03 
114.400000 2.1666644932149554e-03 
114.600000 2.1666646054853680e-03 
114.800000 2.1666647129689534e-03 
115.000000 2.1666648158469551e-03 
115.200000 2.1666649142943802e-03 
115.400000 2.1666650084801262e-03 
115.600000 2.1666650985672537e-03 
115.800000 2.1666651847131240e-03 
116.000000 2.1666652670696155e-03 
116.200000 2.1666653457832925e-03 
116.400000 2.1666654209955946e-03 
116.600000 2.1666654928429708e-03 
116.800000 2.1666655614570813e-03 
117.000000 2.1666656269649105e-03 
117.200000 2.1666656894889806e-03 
117.400000 2.1666657491474380e-03 
117.600000 2.1666658060542385e-03 
117.800000 2.1666658603192459e-03 
118.000000 2.1666659120484076e-03 
118.200000 2.1666659613438768e-03 
118.400000 2.1666660083041155e-03 
118.600000 2.1666660530240212e-03 
118.800000 2.1666660955950664e-03 
119.000000 2.1666661361054032e-03 
119.200000 2.1666661746399542e-03 
119.400000 2.1666662112805346e-03 
119.600000 2.1666662461059887e-03 
119.800000 2.1666662791921931e-03 
120.000000 2.1666663106122883e-03 
120.200000 2.1666663404366557e-03 
120.400000 2.1666663687330938e-03 
120.600000 2.1666663955668478e-03 
120.800000 2.1666664210006886e-03 
121.000000 2.1666664450950934e-03 
121.200000 2.1666664679081994e-03 
121.400000 2.1666664894959462e-03 
121.600000 2.1666665099121674e-03 
121.800000 2.1666665292086077e-03 
122.000000 2.1666665474350502e-03 
122.200000 2.1666665646393481e-03 
122.400000 2.1666665808675080e-03 
122.600000 2.1666665961637323e-03 
122.800000 2.1666666105705106e-03 
123.000000 2.1666666241286756e-03 
123.200000 2.1666666368774282e-03 
123.400000 2.1666666488544387e-03 
123.600000 2.1666666600958541e-03 
123.800000 2.1666666706363974e-03 
124.000000 2.1666666805094177e-03 
124.200000 2.1666666897468519e-03 
124.400000 2.1666666983794075e-03 
124.600000 2.1666667064365189e-03 
124.800000 2.1666667139464053e-03 
125.000000 2.1666667209361357e-03 
125.200000 2.1666667274316607e-03 
125.400000 2.1666667334578403e-03 
125.600000 2.1666667390384965e-03 
125.800000 2.1666667441964382e-03 
126.000000 2.1666667489535622e-03 
126.200000 2.1666667533307552e-03 
126.400000 2.1666667573480639e-03 
126.600000 2.1666667610246628e-03 
126.800000 2.1666667643788821e-03 
127.000000 2.1666667674282562e-03 
127.200000 2.1666667701895586e-03 
127.400000 2.1666667726788240e-03 
127.600000 2.1666667749113701e-03 
127.800000 2.1666667769018248e-03 
128.000000 2.1666667786641425e-03 
128.200000 2.1666667802117067e-03 
128.400000 2.1666667815571994e-03 
128.600000 2.1666667827128006e-03 
128.800000 2.1666667836900784e-03 
129.000000 2.1666667845000706e-03 
129.200000 2.1666667851533220e-03 
129.400000 2.1666667856598400e-03 
129.600000 2.1666667860291626e-03 
129.800000 2.1666667862703958e-03 
130.000000 2.1666667863921778e-03 
130.200000 2.1666667864027171e-03 
130.400000 2.1666667863098460e-03 
130.600000 2.1666667861209988e-03 
130.800000 2.1666667858432085e-03 
131.000000 2.1666667854831770e-03 
131.200000 2.1666667850472709e-03 
131.400000 2.1666667845414863e-03 
131.600000 2.1666667839715646e-03 
131.800000 2.1666667833428912e-03 
132.000000 2.1666667826606050e-03 
132.200000 2.1666667819295283e-03 
132.400000 2.1666667811542570e-03 
132.600000 2.1666667803391083e-03 
132.800000 2.1666667794881782e-03 
133.000000 2.1666667786053007e-03 
133.200000 2.1666667776941402e-03 
133.400000 2.1666667767580861e-03 
133.600000 2.1666667758003977e-03 
133.800000 2.1666667748240819e-03 
134.000000 2.1666667738319896e-03 
134.200000 2.1666667728267911e-03 
134.400000 2.1666667718109860e-03 
134.600000 2.1666667707869410e-03 
134.800000 2.1666667697568345e-03 
135.000000 2.1666667687227246e-03 
135.200000 2.1666667676865192e-03 
135.400000 2.1666667666500098e-03 
135.600000 2.1666667656148647e-03 
135.800000 2.1666667645825954e-03 
136.000000 2.1666667635546599e-03 
136.200000 2.1666667625323717e-03 
136.400000 2.1666667615169526e-03 
136.600000 2.1666667605095466e-03 
136.800000 2.1666667595111599e-03 
137.000000 2.1666667585227514e-03 
137.200000 2.1666667575452056e-03 
137.400000 2.1666667565793073e-03 
137.600000 2.1666667556257606e-03 
137.800000 2.1666667546852421e-03 
138.000000 2.1666667537583173e-03 
138.200000 2.1666667528455140e-03 
138.400000 2.1666667519473107e-03 
138.600000 2.1666667510640992e-03 
138.800000 2.1666667501962461e-03 
139.000000 2.1666667493440801e-03 
139.200000 2.1666667485078432e-03 
139.400000 2.1666667476877865e-03 
139.600000 2.1666667468840891e-03 
139.800000 2.1666667460968824e-03 
140.000000 2.1666667453263053e-03 
140.200000 2.1666667445724148e-03 
140.400000 2.1666667438352896e-03 
140.600000 2.1666667431149405e-03 
140.800000 2.1666667424113627e-03 
141.000000 2.1666667417245284e-03 
141.200000 2.1666667410543956e-03 
141.400000 2.1666667404009166e-03 
141.600000 2.1666667397639561e-03 
141.800000 2.1666667391434529e-03 
142.000000 2.1666667385392643e-03 
142.200000 2.1666667379512689e-03 
142.400000 2.1666667373793089e-03 
142.600000 2.1666667368232286e-03 
142.800000 2.1666667362828665e-03 
143.000000 2.1666667357580238e-03 
143.200000 2.1666667352485459e-03 
143.400000 2.1666667347542213e-03 
143.600000 2.1666667342748439e-03 
143.800000 2.1666667338102129e-03 
144.000000 2.1666667333601268e-03 
144.200000 2.1666667329243612e-03 
144.400000 2.1666667325026916e-03 
144.600000 2.1666667320949244e-03 
144.800000 2.1666667317008252e-03 
145.000000 2.1666667313201631e-03 
145.200000 2.1666667309527543e-03 
145.400000 2.1666667305983750e-03 
145.600000 2.1666667302567928e-03 
145.800000 2.1666667299278107e-03 
146.000000 2.1666667296111972e-03 
146.200000 2.1666667293067216e-03 
146.400000 2.1666667290141921e-03 
146.600000 2.1666667287333625e-03 
146.800000 2.1666667284640133e-03 
147.000000 2.1666667282059398e-03 
147.200000 2.1666667279589494e-03 
147.400000 2.1666667277229165e-03 
147.600000 2.1666667274977706e-03 
147.800000 2.1666667272833532e-03 
148.000000 2.1666667270794737e-03 
148.200000 2.1666667268859718e-03 
148.400000 2.1666667267025964e-03 
148.600000 2.1666667265291401e-03 
148.800000 2.1666667263653141e-03 
149.000000 2.1666667262109128e-03 
149.200000 2.1666667260656133e-03 
149.400000 2.1666667259291634e-03 
149.600000 2.1666667258012770e-03 
149.800000 2.1666667256816925e-03 
