0.000000 1.2706343157729416e-01 
0.200000 1.2704287894760269e-01 
0.400000 1.2702584787493731e-01 
0.600000 1.2701272801312435e-01 
0.800000 1.2700363606780718e-01 
1.000000 1.2699861880910057e-01 
1.200000 1.2699764098261357e-01 
1.400000 1.2700045473720689e-01 
1.600000 1.2700694979630522e-01 
1.800000 1.2701601049167621e-01 
2.000000 1.2702620685620292e-01 
2.200000 1.2703328159750038e-01 
2.400000 1.2703655873937181e-01 
2.600000 1.2703585091565894e-01 
2.800000 1.2703133728566951e-01 
3.000000 1.2702338057291573e-01 
3.200000 1.2701254517912375e-01 
3.400000 1.2699898977399993e-01 
3.600000 1.2697186595178378e-01 
3.800000 1.2694543784940238e-01 
4.000000 1.2691970224351212e-01 
4.200000 1.2689457859453612e-01 
4.400000 1.2686968446849711e-01 
4.600000 1.2684448766970402e-01 
4.800000 1.2681837127638729e-01 
5.000000 1.2679073967306853e-01 
5.200000 1.2676095791076814e-01 
5.400000 1.2672838647032580e-01 
5.600000 1.2669271898262624e-01 
5.800000 1.2665393172488570e-01 
6.000000 1.2661207685094400e-01 
6.200000 1.2656726333055091e-01 
6.400000 1.2651962420383434e-01 
6.600000 1.2646928940515401e-01 
6.800000 1.2641636429690939e-01 
7.000000 1.2636092908499119e-01 
7.200000 1.2630292457085135e-01 
7.400000 1.2624220997480373e-01 
7.600000 1.2617863394681195e-01 
7.800000 1.2611203844106589e-01 
8.000000 1.2604226757916681e-01 
8.200000 1.2596917327082613e-01 
8.400000 1.2589261994888779e-01 
8.600000 1.2581248610931528e-01 
8.800000 1.2572866702035856e-01 
9.000000 1.2564106683948528e-01 
9.200000 1.2554958734897692e-01 
9.400000 1.2545412158542901e-01 
9.600000 1.2535455070753310e-01 
9.800000 1.2525073765562944e-01 
10.000000 1.2514251803158272e-01 
10.200000 1.2502971596738410e-01 
10.400000 1.2491214858990629e-01 
10.600000 1.2478963186092695e-01 
10.800000 1.2466196621668701e-01 
11.000000 1.2452893463950854e-01 
11.200000 1.2439030450637012e-01 
11.400000 1.2424582824728647e-01 
11.600000 1.2409524288788509e-01 
11.800000 1.2393826891730764e-01 
12.000000 1.2377460898458970e-01 
12.200000 1.2360394649391715e-01 
12.400000 1.2342594382739347e-01 
12.600000 1.2324024020161195e-01 
12.800000 1.2304644938382081e-01 
13.000000 1.2284415758080114e-01 
13.200000 1.2263292145425153e-01 
13.400000 1.2241226621436352e-01 
13.600000 1.2218168354575476e-01 
13.800000 1.2194062952029772e-01 
14.000000 1.2168852260650964e-01 
14.200000 1.2142474149366822e-01 
14.400000 1.2114862281446326e-01 
14.600000 1.2085945865122105e-01 
14.800000 1.2055649380353906e-01 
15.000000 1.2023892282549142e-01 
15.200000 1.1990588687806725e-01 
15.400000 1.1955647041743922e-01 
15.600000 1.1918969773873633e-01 
15.800000 1.1880452938017350e-01 
16.000000 1.1839985843694423e-01 
16.200000 1.1797450682958610e-01 
16.400000 1.1752722157998041e-01 
16.600000 1.1705667113022500e-01 
16.800000 1.1656144176224981e-01 
17.000000 1.1604003420664277e-01 
17.200000 1.1549086053737656e-01 
17.400000 1.1491224146439882e-01 
17.600000 1.1430240415794823e-01 
17.800000 1.1365948076224930e-01 
18.000000 1.1298150777106708e-01 
18.200000 1.1226642645538898e-01 
18.400000 1.1151208454132977e-01 
18.600000 1.1071623934915253e-01 
18.800000 1.0987656260357737e-01 
19.000000 1.0899064712643303e-01 
19.200000 1.0805601561010403e-01 
19.400000 1.0707013165831025e-01 
19.600000 1.0603041326234253e-01 
19.800000 1.0493424885347491e-01 
20.000000 1.0377901604371953e-01 
20.200000 1.0256210313103775e-01 
20.400000 1.0128093340851874e-01 
20.600000 9.9932992273017884e-02 
20.800000 9.8515857081412639e-02 
21.000000 9.7027229649001456e-02 
21.200000 9.5464971225555306e-02 
21.400000 9.3827139716377794e-02 
21.600000 9.2112028839072324e-02 
21.800000 9.0318208818465306e-02 
22.000000 8.8444568125814138e-02 
22.200000 8.6490355663444207e-02 
22.400000 8.4455222685655529e-02 
22.600000 8.2339263636740823e-02 
22.800000 8.0143054982497075e-02 
23.000000 7.7867691022917906e-02 
23.200000 7.5514815606755215e-02 
23.400000 7.3086648633679530e-02 
23.600000 7.0586006233843035e-02 
23.800000 6.8016313564544295e-02 
24.000000 6.5381609262707419e-02 
24.200000 6.2686540741359154e-02 
24.400000 5.9936349715653092e-02 
24.600000 5.7136847584057460e-02 
24.800000 5.4294380564662847e-02 
25.000000 5.1415784783854224e-02 
25.200000 4.8508331821829120e-02 
25.400000 4.5579665523039381e-02 
25.600000 4.2637731164543613e-02 
25.800000 3.9690698328105567e-02 
26.000000 3.6746879030447044e-02 
26.200000 3.3814642819771423e-02 
26.400000 3.0902330639281161e-02 
26.600000 2.8018169285207173e-02 
26.800000 2.5170188248374026e-02 
27.000000 2.2366140627303355e-02 
27.200000 1.9613429644303904e-02 
27.400000 1.6919042092808589e-02 
27.600000 1.4289489805983102e-02 
27.800000 1.1730759975142835e-02 
28.000000 9.2482748750057908e-03 
28.200000 6.8468612823241459e-03 
28.400000 4.5307296164355249e-03 
28.600000 2.3034625927634833e-03 
28.800000 1.6801297028146145e-04 
29.000000 -1.8732902041519450e-03 
29.200000 -3.8187275953649458e-03 
29.400000 -5.6671686733429372e-03 
29.600000 -7.4180448248383213e-03 
29.800000 -9.0713174505434591e-03 
30.000000 -1.0627442027855372e-02 
30.200000 -1.2087329106407085e-02 
30.400000 -1.3452303167659663e-02 
30.600000 -1.4724060224722391e-02 
30.800000 -1.5904624968807624e-02 
31.000000 -1.6996308186713716e-02 
31.200000 -1.8001665084372176e-02 
31.400000 -1.8923455057369587e-02 
31.600000 -1.9764603354228472e-02 
31.800000 -2.0528164984752739e-02 
32.000000 -2.1217291136319649e-02 
32.200000 -2.1835198277879830e-02 
32.400000 -2.2385140056004671e-02 
32.600000 -2.2870382020523050e-02 
32.800000 -2.3294179160054385e-02 
33.000000 -2.3659756179460922e-02 
33.200000 -2.3970290412706152e-02 
33.400000 -2.4228897234395474e-02 
33.600000 -2.4438617811162411e-02 
33.800000 -2.4602409019278904e-02 
34.000000 -2.4723135345918412e-02 
34.200000 -2.4803562588648298e-02 
34.400000 -2.4846353168451296e-02 
34.600000 -2.4854062876478122e-02 
34.800000 -2.4829138882316915e-02 
35.000000 -2.4773918840907128e-02 
35.200000 -2.4690630946552217e-02 
35.400000 -2.4581394793812772e-02 
35.600000 -2.4448222917741957e-02 
35.800000 -2.4293022897926564e-02 
36.000000 -2.4117599922815869e-02 
36.200000 -2.3923659722029866e-02 
36.400000 -2.3712811785487176e-02 
36.600000 -2.3486572797845717e-02 
36.800000 -2.3246370226205904e-02 
37.000000 -2.2993546007190058e-02 
37.200000 -2.2729360287496447e-02 
37.400000 -2.2454995178439074e-02 
37.600000 -2.2171558491462073e-02 
37.800000 -2.1880087426992212e-02 
38.000000 -2.1581552193738529e-02 
38.200000 -2.1276859539982373e-02 
38.400000 -2.0966856182240812e-02 
38.600000 -2.0652332119681094e-02 
38.800000 -2.0334023826000081e-02 
39.000000 -2.0012617312602732e-02 
39.200000 -1.9688751059286524e-02 
39.400000 -1.9363018810428900e-02 
39.600000 -1.9035972236288834e-02 
39.800000 -1.8708123460229042e-02 
40.000000 -1.8379947453908974e-02 
40.200000 -1.8051884303390442e-02 
40.400000 -1.7724341349709405e-02 
40.600000 -1.7397695208007546e-02 
40.800000 -1.7072293670077676e-02 
41.000000 -1.6748457494974917e-02 
41.200000 -1.6426482092856964e-02 
41.400000 -1.6106639107458326e-02 
41.600000 -1.5789177902027302e-02 
41.800000 -1.5474326954420414e-02 
42.000000 -1.5162295166001927e-02 
42.200000 -1.4853273089741686e-02 
42.400000 -1.4547434082020083e-02 
42.600000 -1.4244935383018936e-02 
42.800000 -1.3945919130032375e-02 
43.000000 -1.3650513307928769e-02 
43.200000 -1.3358832640967960e-02 
43.400000 -1.3070979429397223e-02 
43.600000 -1.2787044334931191e-02 
43.800000 -1.2507107117945504e-02 
44.000000 -1.2231237329991151e-02 
44.200000 -1.1959494964252915e-02 
44.400000 -1.1691931066935113e-02 
44.600000 -1.1428588312033500e-02 
44.800000 -1.1169501541920035e-02 
45.000000 -1.0914698275954454e-02 
45.200000 -1.0664199189212242e-02 
45.400000 -1.0418018563300074e-02 
45.600000 -1.0176164710951202e-02 
45.800000 -9.9386403761165532e-03 
46.000000 -9.7054431110880635e-03 
46.200000 -9.4765656321152969e-03 
46.400000 -9.2519961547688212e-03 
46.600000 -9.0317187103737262e-03 
46.800000 -8.8157134445674690e-03 
47.000000 -8.6039568990403381e-03 
47.200000 -8.3964222776871933e-03 
47.400000 -8.1930796976146941e-03 
47.600000 -7.9938964263929768e-03 
47.800000 -7.7988371059135864e-03 
48.000000 -7.6078639639235723e-03 
48.200000 -7.4209370136677638e-03 
48.400000 -7.2380142424782606e-03 
48.600000 -7.0590517898340699e-03 
48.800000 -6.8840041154539788e-03 
49.000000 -6.7128241579599707e-03 
49.200000 -6.5454634847049581e-03 
49.400000 -6.3818724330160365e-03 
49.600000 -6.2220002435681848e-03 
49.800000 -6.0657951860870613e-03 
50.000000 -5.9132046778822417e-03 
50.200000 -5.7641753955266772e-03 
50.400000 -5.6186533801430572e-03 
50.600000 -5.4765841363958595e-03 
50.800000 -5.3379127258108283e-03 
51.000000 -5.2025838544133979e-03 
51.200000 -5.0705419552036224e-03 
51.400000 -4.9417312656114820e-03 
51.600000 -4.8160959001543741e-03 
51.800000 -4.6935799187020899e-03 
52.000000 -4.5741273903478069e-03 
52.200000 -4.4576824533020115e-03 
52.400000 -4.3441893709029455e-03 
52.600000 -4.2335925839178112e-03 
52.800000 -4.1258367594836365e-03 
53.000000 -4.0208668366061573e-03 
53.200000 -3.9186280686283465e-03 
53.400000 -3.8190660626861300e-03 
53.600000 -3.7221268163262350e-03 
53.800000 -3.6277567515086706e-03 
54.000000 -3.5359027459831993e-03 
54.200000 -3.4465121622968692e-03 
54.400000 -3.3595328745482100e-03 
54.600000 -3.2749132929279778e-03 
54.800000 -3.1926023861914427e-03 
55.000000 -3.1125497022365944e-03 
55.200000 -3.0347053868120255e-03 
55.400000 -2.9590202004800073e-03 
55.600000 -2.8854455338754650e-03 
55.800000 -2.8139334215043221e-03 
56.000000 -2.7444365539582433e-03 
56.200000 -2.6769082887663220e-03 
56.400000 -2.6113026599111841e-03 
56.600000 -2.5475743861270717e-03 
56.800000 -2.4856788779276454e-03 
57.000000 -2.4255722436003005e-03 
57.200000 -2.3672112940939932e-03 
57.400000 -2.3105535468932320e-03 
57.600000 -2.2555572290075057e-03 
57.800000 -2.2021812790195480e-03 
58.000000 -2.1503853482784593e-03 
58.200000 -2.1001298014082098e-03 
58.400000 -2.0513757159053639e-03 
58.600000 -2.0040848811976528e-03 
58.800000 -1.9582197969601131e-03 
59.000000 -1.9137436707865191e-03 
59.200000 -1.8706204153818989e-03 
59.400000 -1.8288146450849557e-03 
59.600000 -1.7882916720228653e-03 
59.800000 -1.7490175016376397e-03 
60.000000 -1.7109588278699100e-03 
60.200000 -1.6740830278992452e-03 
60.400000 -1.6383581564958158e-03 
60.600000 -1.6037529400177650e-03 
60.800000 -1.5702367700197520e-03 
61.000000 -1.5377796966500670e-03 
61.200000 -1.5063524216758495e-03 
61.400000 -1.4759262912996604e-03 
61.600000 -1.4464732887020312e-03 
61.800000 -1.4179660263319988e-03 
62.000000 -1.3903777380807406e-03 
62.200000 -1.3636822712208771e-03 
62.400000 -1.3378540781131681e-03 
62.600000 -1.3128682079169771e-03 
62.800000 -1.2887002980178364e-03 
63.000000 -1.2653265654176335e-03 
63.200000 -1.2427237980082786e-03 
63.400000 -1.2208693457284661e-03 
63.600000 -1.1997411116886764e-03 
63.800000 -1.1793175431788969e-03 
64.000000 -1.1595776226741225e-03 
64.200000 -1.1405008587734994e-03 
64.400000 -1.1220672771310447e-03 
64.600000 -1.1042574113186016e-03 
64.800000 -1.0870522937291016e-03 
65.000000 -1.0704334465081594e-03 
65.200000 -1.0543828723762680e-03 
65.400000 -1.0388830455948933e-03 
65.600000 -1.0239169029217648e-03 
65.800000 -1.0094678345493879e-03 
66.000000 -9.9551967514033973e-04 
66.200000 -9.8205669489651037e-04 
66.400000 -9.6906359068896913e-04 
66.600000 -9.5652547723336367e-04 
66.800000 -9.4442787830676528e-04 
67.000000 -9.3275671812485111e-04 
67.200000 -9.2149831266758603e-04 
67.400000 -9.1063936122157130e-04 
67.600000 -9.0016693789037733e-04 
67.800000 -8.9006848326303456e-04 
68.000000 -8.8033179616882340e-04 
68.200000 -8.7094502547452324e-04 
68.400000 -8.6189666208133509e-04 
68.600000 -8.5317553091802251e-04 
68.800000 -8.4477078309425774e-04 
69.000000 -8.3667188817130450e-04 
69.200000 -8.2886862651786186e-04 
69.400000 -8.2135108177198296e-04 
69.600000 -8.1410963341004006e-04 
69.800000 -8.0713494950925696e-04 
70.000000 -8.0041797950310828e-04 
70.200000 -7.9394994713888334e-04 
70.400000 -7.8772234353209625e-04 
70.600000 -7.8172692032416752e-04 
70.800000 -7.7595568297858519e-04 
71.000000 -7.7040088418902503e-04 
71.200000 -7.6505501743046739e-04 
71.400000 -7.5991081053155413e-04 
71.600000 -7.5496121956414308e-04 
71.800000 -7.5019942261816269e-04 
72.000000 -7.4561881386162737e-04 
72.200000 -7.4121299766408133e-04 
72.400000 -7.3697578285501775e-04 
72.600000 -7.3290117705621105e-04 
72.800000 -7.2898338117183964e-04 
73.000000 -7.2521678401402806e-04 
73.200000 -7.2159595698133294e-04 
73.400000 -7.1811564891212376e-04 
73.600000 -7.1477078100733865e-04 
73.800000 -7.1155644190519507e-04 
74.000000 -7.0846788283741163e-04 
74.200000 -7.0550051290235727e-04 
74.400000 -7.0264989447219039e-04 
74.600000 -6.9991173865087408e-04 
74.800000 -6.9728190091488534e-04 
75.000000 -6.9475637680484204e-04 
75.200000 -6.9233129770270713e-04 
75.400000 -6.9000292682497300e-04 
75.600000 -6.8776765514050320e-04 
75.800000 -6.8562199754806236e-04 
76.000000 -6.8356258905424849e-04 
76.200000 -6.8158618111328201e-04 
76.400000 -6.7968963796711385e-04 
76.600000 -6.7786993321521799e-04 
76.800000 -6.7612414633670681e-04 
77.000000 -6.7444945940198231e-04 
77.200000 -6.7284315381582749e-04 
77.400000 -6.7130260718852724e-04 
77.600000 -6.6982529022689696e-04 
77.800000 -6.6840876381401432e-04 
78.000000 -6.6705067604708179e-04 
78.200000 -6.6574875945737272e-04 
78.400000 -6.6450082824828782e-04 
78.600000 -6.6330477564405244e-04 
78.800000 -6.6215857126517702e-04 
79.000000 -6.6106025866938950e-04 
79.200000 -6.6000795282759872e-04 
79.400000 -6.5899983784652866e-04 
79.600000 -6.5803416455748054e-04 
79.800000 -6.5710924834327944e-04 
80.000000 -6.5622346697261080e-04 
80.200000 -6.5537525843177569e-04 
80.400000 -6.5456311893675317e-04 
80.600000 -6.5378560090107590e-04 
80.800000 -6.5304131105668045e-04 
81.000000 -6.5232890854781400e-04 
81.200000 -6.5164710312816398e-04 
81.400000 -6.5099465343256696e-04 
81.600000 -6.5037036522914982e-04 
81.800000 -6.4977308982479970e-04 
82.000000 -6.4920172240114093e-04 
82.200000 -6.4865520053587755e-04 
82.400000 -6.4813250266394784e-04 
82.600000 -6.4763264663144499e-04 
82.800000 -6.4715468830198880e-04 
83.000000 -6.4669772017848792e-04 
83.200000 -6.4626087010972305e-04 
83.400000 -6.4584329998605694e-04 
83.600000 -6.4544420456382617e-04 
83.800000 -6.4506281017429057e-04 
84.000000 -6.4469837369442173e-04 
84.200000 -6.4435018131678290e-04 
84.400000 -6.4401754756195778e-04 
84.600000 -6.4369981415844657e-04 
84.800000 -6.4339634910828142e-04 
85.000000 -6.4310654566360204e-04 
85.200000 -6.4282982139880068e-04 
85.400000 -6.4256561730636347e-04 
85.600000 -6.4231339692750328e-04 
85.800000 -6.4207264547467419e-04 
86.000000 -6.4184286903855997e-04 
86.200000 -6.4162359380801753e-04 
86.400000 -6.4141436526838486e-04 
86.600000 -6.4121474748379120e-04 
86.800000 -6.4102432240905477e-04 
87.000000 -6.4084268917531662e-04 
87.200000 -6.4066946343454417e-04 
87.400000 -6.4050427671914767e-04 
87.600000 -6.4034677583802574e-04 
87.800000 -6.4019662228708557e-04 
88.000000 -6.4005349164423381e-04 
88.200000 -6.3991707305426776e-04 
88.400000 -6.3978706867821172e-04 
88.600000 -6.3966319318561199e-04 
88.800000 -6.3954517326731547e-04 
89.000000 -6.3943274714209353e-04 
89.200000 -6.3932566411919328e-04 
89.400000 -6.3922368413377867e-04 
89.600000 -6.3912657734972733e-04 
89.800000 -6.3903412373379764e-04 
90.000000 -6.3894611265046669e-04 
90.200000 -6.3886234251056551e-04 
90.400000 -6.3878262037581068e-04 
90.600000 -6.3870676164456963e-04 
90.800000 -6.3863458967278186e-04 
91.000000 -6.3856593548181767e-04 
91.200000 -6.3850063740647500e-04 
91.400000 -6.3843854085828683e-04 
91.600000 -6.3837949796758525e-04 
91.800000 -6.3832336734054307e-04 
92.000000 -6.3827001380253878e-04 
92.200000 -6.3821930808165284e-04 
92.400000 -6.3817112666728765e-04 
92.600000 -6.3812535145300886e-04 
92.800000 -6.3808186958413254e-04 
93.000000 -6.3804057322817270e-04 
93.200000 -6.3800135934038993e-04 
93.400000 -6.3796412948744635e-04 
93.600000 -6.3792878964170213e-04 
93.800000 -6.3789524996803876e-04 
94.000000 -6.3786342470550234e-04 
94.200000 -6.3783323195654162e-04 
94.400000 -6.3780459348524582e-04 
94.600000 -6.3777743464189102e-04 
94.800000 -6.3775168416523725e-04 
95.000000 -6.3772727401202600e-04 
95.200000 -6.3770413926809294e-04 
95.400000 -6.3768221798033570e-04 
95.600000 -6.3766145103822530e-04 
95.800000 -6.3764178205701072e-04 
96.000000 -6.3762315723606827e-04 
96.200000 -6.3760552528274034e-04 
96.400000 -6.3758883725603677e-04 
96.600000 -6.3757304651952673e-04 
96.800000 -6.3755810858002332e-04 
97.000000 -6.3754398102507798e-04 
97.200000 -6.3753062344559103e-04 
97.400000 -6.3751799731646269e-04 
97.600000 -6.3750606592974379e-04 
97.800000 -6.3749479429172501e-04 
98.000000 -6.3748414909196860e-04 
98.200000 -6.3747409857466131e-04 
98.400000 -6.3746461250808323e-04 
98.600000 -6.3745566209408994e-04 
98.800000 -6.3744721991555731e-04 
99.000000 -6.3743925985915162e-04 
99.200000 -6.3743175709356226e-04 
99.400000 -6.3742468793465817e-04 
99.600000 -6.3741802988695473e-04 
99.800000 -6.3741176153745555e-04 
100.000000 -6.3740586247263559e-04 
100.200000 -6.3740031333552050e-04 
100.400000 -6.3739509566361485e-04 
100.600000 -6.3739019191934310e-04 
100.800000 -6.3738558543639107e-04 
101.000000 -6.3738126033670989e-04 
101.200000 -6.3737720156786110e-04 
101.400000 -6.3737339479871813e-04 
101.600000 -6.3736982639721329e-04 
101.800000 -6.3736648343725583e-04 
102.000000 -6.3736335363062668e-04 
102.200000 -6.3736042530256054e-04 
102.400000 -6.3735768735728726e-04 
102.600000 -6.3735512926742233e-04 
102.800000 -6.3735274104956274e-04 
103.000000 -6.3735051320265579e-04 
103.200000 -6.3734843672649116e-04 
103.400000 -6.3734650306962459e-04 
103.600000 -6.3734470413465832e-04 
103.800000 -6.3734303222774680e-04 
104.000000 -6.3734148005609864e-04 
104.200000 -6.3734004069165850e-04 
104.400000 -6.3733870760374067e-04 
104.600000 -6.3733747456218987e-04 
104.800000 -6.3733633567460146e-04 
105.000000 -6.3733528537270739e-04 
105.200000 -6.3733431834621379e-04 
105.400000 -6.3733342962585954e-04 
105.600000 -6.3733261445007156e-04 
105.800000 -6.3733186834506045e-04 
106.000000 -6.3733118705065761e-04 
106.200000 -6.3733056655516929e-04 
106.400000 -6.3733000307036186e-04 
106.600000 -6.3732949298963421e-04 
106.800000 -6.3732903290851517e-04 
107.000000 -6.3732861963461396e-04 
107.200000 -6.3732825011150740e-04 
107.400000 -6.3732792148742112e-04 
107.600000 -6.3732763105241869e-04 
107.800000 -6.3732737624455638e-04 
108.000000 -6.3732715465239509e-04 
108.200000 -6.3732696399554367e-04 
108.400000 -6.3732680213852977e-04 
108.600000 -6.3732666703773116e-04 
108.800000 -6.3732655679028111e-04 
109.000000 -6.3732646960243389e-04 
109.200000 -6.3732640377921895e-04 
109.400000 -6.3732635772525970e-04 
109.600000 -6.3732632993578064e-04 
109.800000 -6.3732631899172248e-04 
110.000000 -6.3732632357859503e-04 
110.200000 -6.3732634242811420e-04 
110.400000 -6.3732637438327494e-04 
110.600000 -6.3732641832951048e-04 
110.800000 -6.3732647324828140e-04 
111.000000 -6.3732653815564561e-04 
111.200000 -6.3732661214476599e-04 
111.400000 -6.3732669436410150e-04 
111.600000 -6.3732678401332010e-04 
111.800000 -6.3732688034628254e-04 
112.000000 -6.3732698265759474e-04 
112.200000 -6.3732709030429185e-04 
112.400000 -6.3732720266854170e-04 
112.600000 -6.3732731917870433e-04 
112.800000 -6.3732743931571578e-04 
113.000000 -6.3732756256752732e-04 
113.200000 -6.3732768849320692e-04 
113.400000 -6.3732781664300325e-04 
113.600000 -6.3732794663586695e-04 
113.800000 -6.3732807809592507e-04 
114.000000 -6.3732821067712109e-04 
114.200000 -6.3732834406463046e-04 
114.400000 -6.3732847797401404e-04 
114.600000 -6.3732861211580200e-04 
114.800000 -6.3732874626344638e-04 
115.000000 -6.3732888017037359e-04 
115.200000 -6.3732901363149075e-04 
115.400000 -6.3732914645654726e-04 
115.600000 -6.3732927846851806e-04 
115.800000 -6.3732940950711470e-04 
116.000000 -6.3732953940798254e-04 
116.200000 -6.3732966806943903e-04 
116.400000 -6.3732979535253975e-04 
116.600000 -6.3732992114392401e-04 
116.800000 -6.3733004535965199e-04 
117.000000 -6.3733016791447938e-04 
117.200000 -6.3733028871843650e-04 
117.400000 -6.3733040770865002e-04 
117.600000 -6.3733052483116309e-04 
117.800000 -6.3733064003259482e-04 
118.000000 -6.3733075326110472e-04 
118.200000 -6.3733086448919396e-04 
118.400000 -6.3733097368853103e-04 
118.600000 -6.3733108082739826e-04 
118.800000 -6.3733118588672755e-04 
119.000000 -6.3733128885765794e-04 
119.200000 -6.3733138971763109e-04 
119.400000 -6.3733148847618104e-04 
119.600000 -6.3733158511541932e-04 
119.800000 -6.3733167965941695e-04 
120.000000 -6.3733177210897884e-04 
120.200000 -6.3733186245408524e-04 
120.400000 -6.3733195073291393e-04 
120.600000 -6.3733203694488205e-04 
120.800000 -6.3733212111333898e-04 
121.000000 -6.3733220324533463e-04 
121.200000 -6.3733228336936010e-04 
121.400000 -6.3733236151456568e-04 
121.600000 -6.3733243769380915e-04 
121.800000 -6.3733251194100088e-04 
122.000000 -6.3733258427663836e-04 
122.200000 -6.3733265473914918e-04 
122.400000 -6.3733272335210478e-04 
122.600000 -6.3733279013838962e-04 
122.800000 -6.3733285513603577e-04 
123.000000 -6.3733291837190370e-04 
123.200000 -6.3733297988511489e-04 
123.400000 -6.3733303970859440e-04 
123.600000 -6.3733309785665021e-04 
123.800000 -6.3733315438314897e-04 
124.000000 -6.3733320931035758e-04 
124.200000 -6.3733326267272766e-04 
124.400000 -6.3733331451478609e-04 
124.600000 -6.3733336484246561e-04 
124.800000 -6.3733341372152613e-04 
125.000000 -6.3733346115386197e-04 
125.200000 -6.3733350719809984e-04 
125.400000 -6.3733355187028939e-04 
125.600000 -6.3733359521003785e-04 
125.800000 -6.3733363724229747e-04 
126.000000 -6.3733367801200452e-04 
126.200000 -6.3733371753260659e-04 
126.400000 -6.3733375585365432e-04 
126.600000 -6.3733379299412557e-04 
126.800000 -6.3733382898360780e-04 
127.000000 -6.3733386386092411e-04 
127.200000 -6.3733389763853676e-04 
127.400000 -6.3733393035875219e-04 
127.600000 -6.3733396204885412e-04 
127.800000 -6.3733399273758345e-04 
128.000000 -6.3733402243805470e-04 
128.200000 -6.3733405119680009e-04 
128.400000 -6.3733407903040357e-04 
128.600000 -6.3733410596399087e-04 
128.800000 -6.3733413203512224e-04 
129.000000 -6.3733415724472053e-04 
129.200000 -6.3733418164153843e-04 
129.400000 -6.3733420522648493e-04 
129.600000 -6.3733422804155421e-04 
129.800000 -6.3733425009721706e-04 
130.000000 -6.3733427141642041e-04 
130.200000 -6.3733429202569858e-04 
130.400000 -6.3733431195755336e-04 
130.600000 -6.3733433121344885e-04 
130.800000 -6.3733434982130716e-04 
131.000000 -6.3733436779864899e-04 
131.200000 -6.3733438516938579e-04 
131.400000 -6.3733440194611163e-04 
131.600000 -6.3733441814315533e-04 
131.800000 -6.3733443379211663e-04 
132.000000 -6.3733444890580471e-04 
132.200000 -6.3733446349457240e-04 
132.400000 -6.3733447757869516e-04 
132.600000 -6.3733449117239771e-04 
132.800000 -6.3733450429546978e-04 
133.000000 -6.3733451695797971e-04 
133.200000 -6.3733452917633104e-04 
133.400000 -6.3733454096336767e-04 
133.600000 -6.3733455234836478e-04 
133.800000 -6.3733456331522415e-04 
134.000000 -6.3733457389498344e-04 
134.200000 -6.3733458411035365e-04 
134.400000 -6.3733459395354936e-04 
134.600000 -6.3733460344044673e-04 
134.800000 -6.3733461259396496e-04 
135.000000 -6.3733462141563058e-04 
135.200000 -6.3733462991943934e-04 
135.400000 -6.3733463812598590e-04 
135.600000 -6.3733464602287043e-04 
135.800000 -6.3733465363145780e-04 
136.000000 -6.3733466097200264e-04 
136.200000 -6.3733466803776034e-04 
136.400000 -6.3733467484403117e-04 
136.600000 -6.3733468140746846e-04 
136.800000 -6.3733468772086271e-04 
137.000000 -6.3733469381280217e-04 
137.200000 -6.3733469966575917e-04 
137.400000 -6.3733470530128594e-04 
137.600000 -6.3733471073609133e-04 
137.800000 -6.3733471596832264e-04 
138.000000 -6.3733472099829908e-04 
138.200000 -6.3733472584825285e-04 
138.400000 -6.3733473051413858e-04 
138.600000 -6.3733473500052901e-04 
138.800000 -6.3733473931928269e-04 
139.000000 -6.3733474347643648e-04 
139.200000 -6.3733474746401064e-04 
139.400000 -6.3733475131073219e-04 
139.600000 -6.3733475500785119e-04 
139.800000 -6.3733475855780319e-04 
140.000000 -6.3733476198017669e-04 
140.200000 -6.3733476526510457e-04 
140.400000 -6.3733476842328662e-04 
140.600000 -6.3733477146422912e-04 
140.800000 -6.3733477438628755e-04 
141.000000 -6.3733477719394444e-04 
141.200000 -6.3733477987981679e-04 
141.400000 -6.3733478247274961e-04 
141.600000 -6.3733478495922591e-04 
141.800000 -6.3733478734515764e-04 
142.000000 -6.3733478964109885e-04 
142.200000 -6.3733479184181069e-04 
142.400000 -6.3733479395862436e-04 
142.600000 -6.3733479599582810e-04 
142.800000 -6.3733479794138292e-04 
143.000000 -6.3733479980206814e-04 
143.200000 -6.3733480159081785e-04 
143.400000 -6.3733480331779752e-04 
143.600000 -6.3733480496710321e-04 
143.800000 -6.3733480654406399e-04 
144.000000 -6.3733480805249626e-04 
144.200000 -6.3733480950527166e-04 
144.400000 -6.3733481089733174e-04 
144.600000 -6.3733481222077309e-04 
144.800000 -6.3733481349188131e-04 
145.000000 -6.3733481471070497e-04 
145.200000 -6.3733481587942287e-04 
145.400000 -6.3733481698596828e-04 
145.600000 -6.3733481805051950e-04 
145.800000 -6.3733481905944855e-04 
146.000000 -6.3733482002614056e-04 
146.200000 -6.3733482094930488e-04 
146.400000 -6.3733482184231277e-04 
146.600000 -6.3733482267966379e-04 
146.800000 -6.3733482348724696e-04 
147.000000 -6.3733482424623705e-04 
147.200000 -6.3733482497069227e-04 
147.400000 -6.3733482565367372e-04 
147.600000 -6.3733482628725718e-04 
147.800000 -6.3733482689839333e-04 
148.000000 -6.3733482746561321e-04 
148.200000 -6.3733482800459179e-04 
148.400000 -6.3733482855535956e-04 
148.600000 -6.3733482906697808e-04 
148.800000 -6.3733482951836007e-04 
149.000000 -6.3733482993010016e-04 
149.200000 -6.3733483030770782e-04 
149.400000 -6.3733483065082919e-04 
149.600000 -6.3733483096915095e-04 
149.800000 -6.3733483125137658e-04 
