0.000000 1.2705399956765429e-01 
0.200000 1.2703560231366662e-01 
0.400000 1.2702065102904325e-01 
0.600000 1.2700929871563804e-01 
0.800000 1.2700163749370452e-01 
1.000000 1.2699768545375179e-01 
1.200000 1.2699724466969164e-01 
1.400000 1.2700028207160963e-01 
1.600000 1.2700653081602087e-01 
1.800000 1.2701488304330066e-01 
2.000000 1.2702383897644864e-01 
2.200000 1.2702945799397958e-01 
2.400000 1.2703122992857663e-01 
2.600000 1.2702912449551729e-01 
2.800000 1.2702337753872606e-01 
3.000000 1.2701449470311943e-01 
3.200000 1.2700301642080924e-01 
3.400000 1.2698914443198328e-01 
3.600000 1.2696242115214318e-01 
3.800000 1.2693653172054176e-01 
4.000000 1.2691128405968499e-01 
4.200000 1.2688650140163205e-01 
4.400000 1.2686174997492428e-01 
4.600000 1.2683641815715674e-01 
4.800000 1.2680996940636580e-01 
5.000000 1.2678176943025066e-01 
5.200000 1.2675116952419585e-01 
5.400000 1.2671763669804081e-01 
5.600000 1.2668098524441929e-01 
5.800000 1.2664121668919825e-01 
6.000000 1.2659840688119894e-01 
6.200000 1.2655267463494935e-01 
6.400000 1.2650415576918483e-01 
6.600000 1.2645297135016020e-01 
6.800000 1.2639922636357637e-01 
7.000000 1.2634295335485324e-01 
7.200000 1.2628405957976552e-01 
7.400000 1.2622240118761319e-01 
7.600000 1.2615782429831857e-01 
7.800000 1.2609017156208457e-01 
8.000000 1.2601928953764863e-01 
8.200000 1.2594503469291995e-01 
8.400000 1.2586727661160613e-01 
8.600000 1.2578590045754734e-01 
8.800000 1.2570080575451570e-01 
9.000000 1.2561189675321727e-01 
9.200000 1.2551907332745738e-01 
9.400000 1.2542222526132829e-01 
9.600000 1.2532122912565469e-01 
9.800000 1.2521594268956582e-01 
10.000000 1.2510619746757135e-01 
10.200000 1.2499181299797235e-01 
10.400000 1.2487260137359701e-01 
10.600000 1.2474837282015039e-01 
10.800000 1.2461892237120842e-01 
11.000000 1.2448402820095683e-01 
11.200000 1.2434345310478090e-01 
11.400000 1.2419694473905718e-01 
11.600000 1.2404423494681294e-01 
11.800000 1.2388503853793909e-01 
12.000000 1.2371905202012168e-01 
12.200000 1.2354595202204754e-01 
12.400000 1.2336539338008157e-01 
12.600000 1.2317700692551847e-01 
12.800000 1.2298039730033561e-01 
13.000000 1.2277514086292962e-01 
13.200000 1.2256078375897583e-01 
13.400000 1.2233683994721556e-01 
13.600000 1.2210278914572414e-01 
13.800000 1.2185807478740684e-01 
14.000000 1.2160210195795906e-01 
14.200000 1.2133423520353581e-01 
14.400000 1.2105379618545775e-01 
14.600000 1.2076006111259707e-01 
14.800000 1.2045225791814995e-01 
15.000000 1.2012956323144386e-01 
15.200000 1.1979109917744946e-01 
15.400000 1.1943593002149444e-01 
15.600000 1.1906305865707190e-01 
15.800000 1.1867142297745681e-01 
16.000000 1.1825989216903210e-01 
16.200000 1.1782726298506241e-01 
16.400000 1.1737225603020807e-01 
16.600000 1.1689351210412136e-01 
16.800000 1.1638958867851201e-01 
17.000000 1.1585895659278067e-01 
17.200000 1.1529999707214822e-01 
17.400000 1.1471099918325534e-01 
17.600000 1.1409015787511101e-01 
17.800000 1.1343557276630178e-01 
18.000000 1.1274524785716666e-01 
18.200000 1.1201709235869362e-01 
18.400000 1.1124892284306098e-01 
18.600000 1.1043846692590065e-01 
18.800000 1.0958336869358998e-01 
19.000000 1.0868119607967841e-01 
19.200000 1.0772945038718729e-01 
19.400000 1.0672557813777783e-01 
19.600000 1.0566698540695940e-01 
19.800000 1.0455105477764148e-01 
20.000000 1.0337516501061161e-01 
20.200000 1.0213671349785614e-01 
20.400000 1.0083314152313927e-01 
20.600000 9.9461962309989604e-02 
20.800000 9.8020791787426065e-02 
21.000000 9.6507381948856441e-02 
21.200000 9.4919656618046022e-02 
21.400000 9.3255749364101748e-02 
21.600000 9.1514043227582831e-02 
21.800000 8.9693211828373198e-02 
22.000000 8.7792261326915311e-02 
22.200000 8.5810572602852409e-02 
22.400000 8.3747942904285999e-02 
22.600000 8.1604626111719702e-02 
22.800000 7.9381370661460671e-02 
23.000000 7.7079454090002608e-02 
23.200000 7.4700713104646876e-02 
23.400000 7.2247568062427936e-02 
23.600000 6.9723040758899790e-02 
23.800000 6.7130764494477968e-02 
24.000000 6.4474985502125048e-02 
24.200000 6.1760554986371341e-02 
24.400000 5.8992911236278034e-02 
24.600000 5.6178051527776551e-02 
24.800000 5.3322493814222049e-02 
25.000000 5.0433228506171046e-02 
25.200000 4.7517660949089269e-02 
25.400000 4.4583545506482358e-02 
25.600000 4.1638912431419928e-02 
25.800000 3.8691988948624800e-02 
26.000000 3.5751116160095298e-02 
26.200000 3.2824663520939268e-02 
26.400000 2.9920942702622688e-02 
26.600000 2.7048122665211505e-02 
26.800000 2.4214147700085120e-02 
27.000000 2.1426660083656679e-02 
27.200000 1.8692928809400988e-02 
27.400000 1.6019785648716423e-02 
27.600000 1.3413569543982873e-02 
27.800000 1.0880080070672205e-02 
28.000000 8.4245404330439699e-03 
28.200000 6.0515701905843322e-03 
28.400000 3.7651676604650852e-03 
28.600000 1.5687017124704772e-03 
28.800000 -5.3508752674147342e-04 
29.000000 -2.5440797097381340e-03 
29.200000 -4.4567578264774754e-03 
29.400000 -6.2721851633864567e-03 
29.600000 -7.9899766057435206e-03 
29.800000 -9.6102652581103731e-03 
30.000000 -1.1133665361193978e-02 
30.200000 -1.2561232462540262e-02 
30.400000 -1.3894421755436870e-02 
30.600000 -1.5135045440117123e-02 
30.800000 -1.6285229886898289e-02 
31.000000 -1.7347373295936941e-02 
31.200000 -1.8324104457115076e-02 
31.400000 -1.9218243118620748e-02 
31.600000 -2.0032762377954705e-02 
31.800000 -2.0770753416759491e-02 
32.000000 -2.1435392813344167e-02 
32.200000 -2.2029912586235434e-02 
32.400000 -2.2557573049358459e-02 
32.600000 -2.3021638495878238e-02 
32.800000 -2.3425355673746706e-02 
33.000000 -2.3771934970739483e-02 
33.200000 -2.4064534191368558e-02 
33.400000 -2.4306244780659125e-02 
33.600000 -2.4500080330040253e-02 
33.800000 -2.4648967188183213e-02 
34.000000 -2.4755736992702670e-02 
34.200000 -2.4823120936971699e-02 
34.400000 -2.4853745588852283e-02 
34.600000 -2.4850130083669875e-02 
34.800000 -2.4814684522386887e-02 
35.000000 -2.4749709415653132e-02 
35.200000 -2.4657396025989708e-02 
35.400000 -2.4539827472388198e-02 
35.600000 -2.4398980473532228e-02 
35.800000 -2.4236727618581588e-02 
36.000000 -2.4054840065471927e-02 
36.200000 -2.3854990578810797e-02 
36.400000 -2.3638756829027885e-02 
36.600000 -2.3407624884963896e-02 
36.800000 -2.3162992840505603e-02 
37.000000 -2.2906174524296163e-02 
37.200000 -2.2638403248762207e-02 
37.400000 -2.2360835561381576e-02 
37.600000 -2.2074554966904747e-02 
37.800000 -2.1780575594724572e-02 
38.000000 -2.1479845790007168e-02 
38.200000 -2.1173251611470711e-02 
38.400000 -2.0861620222238308e-02 
38.600000 -2.0545723163396923e-02 
38.800000 -2.0226279502696731e-02 
39.000000 -1.9903958852993120e-02 
39.200000 -1.9579384257433108e-02 
39.400000 -1.9253134939785921e-02 
39.600000 -1.8925748920086582e-02 
39.800000 -1.8597725496780015e-02 
40.000000 -1.8269527597811142e-02 
40.200000 -1.7941584003657363e-02 
40.400000 -1.7614291446229002e-02 
40.600000 -1.7288016588054567e-02 
40.800000 -1.6963097886231460e-02 
41.000000 -1.6639847346320846e-02 
41.200000 -1.6318552171294715e-02 
41.400000 -1.5999476310668809e-02 
41.600000 -1.5682861915180785e-02 
41.800000 -1.5368930702065658e-02 
42.000000 -1.5057885236120949e-02 
42.200000 -1.4749910131394900e-02 
42.400000 -1.4445173178347398e-02 
42.600000 -1.4143826401072035e-02 
42.800000 -1.3846007048838871e-02 
43.000000 -1.3551838526352750e-02 
43.200000 -1.3261431266392676e-02 
43.400000 -1.2974883548807020e-02 
43.600000 -1.2692282269257671e-02 
43.800000 -1.2413703660986986e-02 
44.000000 -1.2139213972788943e-02 
44.200000 -1.1868870105932516e-02 
44.400000 -1.1602720212959383e-02 
44.600000 -1.1340804260568410e-02 
44.800000 -1.1083154559176606e-02 
45.000000 -1.0829796261229901e-02 
45.200000 -1.0580747830280235e-02 
45.400000 -1.0336021482701296e-02 
45.600000 -1.0095623603870452e-02 
45.800000 -9.8595551403203308e-03 
46.000000 -9.6278119694584996e-03 
46.200000 -9.4003852481321926e-03 
46.400000 -9.1772617415338542e-03 
46.600000 -8.9584241334128845e-03 
46.800000 -8.7438513188725919e-03 
47.000000 -8.5335186807287133e-03 
47.200000 -8.3273983504103394e-03 
47.400000 -8.1254594542771175e-03 
47.600000 -7.9276683462254777e-03 
47.800000 -7.7339888272814766e-03 
48.000000 -7.5443823531119586e-03 
48.200000 -7.3588082297810081e-03 
48.400000 -7.1772237987574455e-03 
48.600000 -6.9995846115401827e-03 
48.800000 -6.8258445944937296e-03 
49.000000 -6.6559562045007681e-03 
49.200000 -6.4898705757843456e-03 
49.400000 -6.3275376584993603e-03 
49.600000 -6.1689063494555774e-03 
49.800000 -6.0139246153162185e-03 
50.000000 -5.8625396088336085e-03 
50.200000 -5.7146977783000125e-03 
50.400000 -5.5703449706414193e-03 
50.600000 -5.4294265285360493e-03 
50.800000 -5.2918873816916179e-03 
51.000000 -5.1576721328085995e-03 
51.200000 -5.0267251382347528e-03 
51.400000 -4.8989905838293935e-03 
51.600000 -4.7744125561226813e-03 
51.800000 -4.6529351090146276e-03 
52.000000 -4.5345023263260453e-03 
52.200000 -4.4190583803508793e-03 
52.400000 -4.3065475865781272e-03 
52.600000 -4.1969144548674869e-03 
52.800000 -4.0901037371552373e-03 
53.000000 -3.9860604719884757e-03 
53.200000 -3.8847300259016448e-03 
53.400000 -3.7860581319035247e-03 
53.600000 -3.6899909252365026e-03 
53.800000 -3.5964749764073184e-03 
54.000000 -3.5054573218397805e-03 
54.200000 -3.4168854920304109e-03 
54.400000 -3.3307075375893641e-03 
54.600000 -3.2468720530354489e-03 
54.800000 -3.1653281986660994e-03 
55.000000 -3.0860257204470554e-03 
55.200000 -3.0089149681461827e-03 
55.400000 -2.9339469116895361e-03 
55.600000 -2.8610731559643374e-03 
55.800000 -2.7902459540285265e-03 
56.000000 -2.7214182188446054e-03 
56.200000 -2.6545435337465353e-03 
56.400000 -2.5895761614685570e-03 
56.600000 -2.5264710520284672e-03 
56.800000 -2.4651838493883610e-03 
57.000000 -2.4056708970960211e-03 
57.200000 -2.3478892428128451e-03 
57.400000 -2.2917966418776817e-03 
57.600000 -2.2373515599585711e-03 
57.800000 -2.1845131748408839e-03 
58.000000 -2.1332413773711562e-03 
58.200000 -2.0834967716152480e-03 
58.400000 -2.0352406743498475e-03 
58.600000 -1.9884351137749445e-03 
58.800000 -1.9430428276648384e-03 
59.000000 -1.8990272608800304e-03 
59.200000 -1.8563525622818169e-03 
59.400000 -1.8149835811739068e-03 
59.600000 -1.7748858632019027e-03 
59.800000 -1.7360256458030174e-03 
60.000000 -1.6983698532028052e-03 
60.200000 -1.6618860910145306e-03 
60.400000 -1.6265426405336347e-03 
60.600000 -1.5923084524852513e-03 
60.800000 -1.5591531406759090e-03 
61.000000 -1.5270469752036026e-03 
61.200000 -1.4959608754099851e-03 
61.400000 -1.4658664025961055e-03 
61.600000 -1.4367357525088137e-03 
61.800000 -1.4085417475716913e-03 
62.000000 -1.3812578289548461e-03 
62.200000 -1.3548580484855077e-03 
62.400000 -1.3293170603126542e-03 
62.600000 -1.3046101125080214e-03 
62.800000 -1.2807130385167897e-03 
63.000000 -1.2576022484953597e-03 
63.200000 -1.2352547205322154e-03 
63.400000 -1.2136479918053375e-03 
63.600000 -1.1927601496306284e-03 
63.800000 -1.1725698225373976e-03 
64.000000 -1.1530561711690993e-03 
64.200000 -1.1341988792831700e-03 
64.400000 -1.1159781446069342e-03 
64.600000 -1.0983746697345725e-03 
64.800000 -1.0813696530790409e-03 
65.000000 -1.0649447796590994e-03 
65.200000 -1.0490822120926488e-03 
65.400000 -1.0337645814776017e-03 
65.600000 -1.0189749783488244e-03 
65.800000 -1.0046969436819445e-03 
66.000000 -9.9091445990904387e-04 
66.200000 -9.7761194202475310e-04 
66.400000 -9.6477422869758328e-04 
66.600000 -9.5238657350927430e-04 
66.800000 -9.4043463617928674e-04 
67.000000 -9.2890447395445330e-04 
67.200000 -9.1778253298741008e-04 
67.400000 -9.0705563987662080e-04 
67.600000 -8.9671099322331110e-04 
67.800000 -8.8673615533843564e-04 
68.000000 -8.7711904398889845e-04 
68.200000 -8.6784792431170155e-04 
68.400000 -8.5891140071199523e-04 
68.600000 -8.5029840903146775e-04 
68.800000 -8.4199820865354935e-04 
69.000000 -8.3400037483593453e-04 
69.200000 -8.2629479107931836e-04 
69.400000 -8.1887164165873882e-04 
69.600000 -8.1172140423431405e-04 
69.800000 -8.0483484259976507e-04 
70.000000 -7.9820299955832980e-04 
70.200000 -7.9181718982414967e-04 
70.400000 -7.8566899320876155e-04 
70.600000 -7.7975024775756713e-04 
70.800000 -7.7405304310404488e-04 
71.000000 -7.6856971392271628e-04 
71.200000 -7.6329283350484028e-04 
71.400000 -7.5821520742280768e-04 
71.600000 -7.5332986736601631e-04 
71.800000 -7.4863006502441654e-04 
72.000000 -7.4410926622010126e-04 
72.200000 -7.3976114495925144e-04 
72.400000 -7.3557957782476036e-04 
72.600000 -7.3155863832780749e-04 
72.800000 -7.2769259141242104e-04 
73.000000 -7.2397588813621905e-04 
73.200000 -7.2040316040978408e-04 
73.400000 -7.1696921582715956e-04 
73.600000 -7.1366903269670656e-04 
73.800000 -7.1049775511008301e-04 
74.000000 -7.0745068814397766e-04 
74.200000 -7.0452329319408563e-04 
74.400000 -7.0171118334647065e-04 
74.600000 -6.9901011900180832e-04 
74.800000 -6.9641600340199922e-04 
75.000000 -6.9392487845963691e-04 
75.200000 -6.9153292055740972e-04 
75.400000 -6.8923643649874966e-04 
75.600000 -6.8703185958035595e-04 
75.800000 -6.8491574568795011e-04 
76.000000 -6.8288476960148142e-04 
76.200000 -6.8093572127297247e-04 
76.400000 -6.7906550232039314e-04 
76.600000 -6.7727112246256799e-04 
76.800000 -6.7554969624706446e-04 
77.000000 -6.7389843966533108e-04 
77.200000 -6.7231466699817916e-04 
77.400000 -6.7079578765438103e-04 
77.600000 -6.6933930315024592e-04 
77.800000 -6.6794280417716706e-04 
78.000000 -6.6660396768331021e-04 
78.200000 -6.6532055411953894e-04 
78.400000 -6.6409040468930897e-04 
78.600000 -6.6291143873036668e-04 
78.800000 -6.6178165115498427e-04 
79.000000 -6.6069910991083114e-04 
79.200000 -6.5966195362465035e-04 
79.400000 -6.5866838920725090e-04 
79.600000 -6.5771668956782214e-04 
79.800000 -6.5680519144432903e-04 
80.000000 -6.5593229316036200e-04 
80.200000 -6.5509645264721222e-04 
80.400000 -6.5429618533881934e-04 
80.600000 -6.5353006223048404e-04 
80.800000 -6.5279670797081107e-04 
81.000000 -6.5209479904434348e-04 
81.200000 -6.5142306190260624e-04 
81.400000 -6.5078027133285560e-04 
81.600000 -6.5016524866714359e-04 
81.800000 -6.4957686023556921e-04 
82.000000 -6.4901401573494444e-04 
82.200000 -6.4847566671787094e-04 
82.400000 -6.4796080512152798e-04 
82.600000 -6.4746846179086076e-04 
82.800000 -6.4699770513384353e-04 
83.000000 -6.4654763976258051e-04 
83.200000 -6.4611740518003696e-04 
83.400000 -6.4570617451871481e-04 
83.600000 -6.4531315336233130e-04 
83.800000 -6.4493757849095473e-04 
84.000000 -6.4457871681793816e-04 
84.200000 -6.4423586424727786e-04 
84.400000 -6.4390834460905516e-04 
84.600000 -6.4359550864086235e-04 
84.800000 -6.4329673298927498e-04 
85.000000 -6.4301141923329280e-04 
85.200000 -6.4273899296785064e-04 
85.400000 -6.4247890291441179e-04 
85.600000 -6.4223062003660597e-04 
85.800000 -6.4199363670990051e-04 
86.000000 -6.4176746590677985e-04 
86.200000 -6.4155164040970852e-04 
86.400000 -6.4134571208735586e-04 
86.600000 -6.4114925113514104e-04 
86.800000 -6.4096184538752626e-04 
87.000000 -6.4078309963818553e-04 
87.200000 -6.4061263497829091e-04 
87.400000 -6.4045008818258004e-04 
87.600000 -6.4029511110326454e-04 
87.800000 -6.4014737004092215e-04 
88.000000 -6.4000654523912320e-04 
88.200000 -6.3987233029807328e-04 
88.400000 -6.3974443167069683e-04 
88.600000 -6.3962256813909074e-04 
88.800000 -6.3950647035708463e-04 
89.000000 -6.3939588033574274e-04 
89.200000 -6.3929055103160298e-04 
89.400000 -6.3919024588771772e-04 
89.600000 -6.3909473843205139e-04 
89.800000 -6.3900381184130162e-04 
90.000000 -6.3891725860246856e-04 
90.200000 -6.3883488007387967e-04 
90.400000 -6.3875648618481884e-04 
90.600000 -6.3868189506965933e-04 
90.800000 -6.3861093269060309e-04 
91.000000 -6.3854343259588109e-04 
91.200000 -6.3847923554596203e-04 
91.400000 -6.3841818924809113e-04 
91.600000 -6.3836014806150504e-04 
91.800000 -6.3830497272027165e-04 
92.000000 -6.3825253007472604e-04 
92.200000 -6.3820269283839520e-04 
92.400000 -6.3815533934259011e-04 
92.600000 -6.3811035328342064e-04 
92.800000 -6.3806762353401519e-04 
93.000000 -6.3802704391925646e-04 
93.200000 -6.3798851294347841e-04 
93.400000 -6.3795193371122411e-04 
93.600000 -6.3791721361362852e-04 
93.800000 -6.3788426422480698e-04 
94.000000 -6.3785300110801718e-04 
94.200000 -6.3782334362099541e-04 
94.400000 -6.3779521477051737e-04 
94.600000 -6.3776854104791864e-04 
94.800000 -6.3774325230710888e-04 
95.000000 -6.3771928157971974e-04 
95.200000 -6.3769656496425603e-04 
95.400000 -6.3767504148915660e-04 
95.600000 -6.3765465297409979e-04 
95.800000 -6.3763534392284604e-04 
96.000000 -6.3761706139461860e-04 
96.200000 -6.3759975490708387e-04 
96.400000 -6.3758337631140277e-04 
96.600000 -6.3756787968779344e-04 
96.800000 -6.3755322128063868e-04 
97.000000 -6.3753935936511352e-04 
97.200000 -6.3752625416559072e-04 
97.400000 -6.3751386777781416e-04 
97.600000 -6.3750216410125154e-04 
97.800000 -6.3749110870802567e-04 
98.000000 -6.3748066882744064e-04 
98.200000 -6.3747081321748056e-04 
98.400000 -6.3746151214737895e-04 
98.600000 -6.3745273729358398e-04 
98.800000 -6.3744446167776636e-04 
99.000000 -6.3743665963612861e-04 
99.200000 -6.3742930671906173e-04 
99.400000 -6.3742237967744086e-04 
99.600000 -6.3741585635037484e-04 
99.800000 -6.3740971568889554e-04 
100.000000 -6.3740393765913950e-04 
100.200000 -6.3739850317181407e-04 
100.400000 -6.3739339411655188e-04 
100.600000 -6.3738859324596886e-04 
100.800000 -6.3738408415858067e-04 
101.000000 -6.3737985126409435e-04 
101.200000 -6.3737587975370991e-04 
101.400000 -6.3737215553033577e-04 
101.600000 -6.3736866523497054e-04 
101.800000 -6.3736539612953280e-04 
102.000000 -6.3736233614113819e-04 
102.200000 -6.3735947380763602e-04 
102.400000 -6.3735679823089669e-04 
102.600000 -6.3735429905416308e-04 
102.800000 -6.3735196645650638e-04 
103.000000 -6.3734979112717305e-04 
103.200000 -6.3734776422452732e-04 
103.400000 -6.3734587732906800e-04 
103.600000 -6.3734412249612932e-04 
103.800000 -6.3734249216648720e-04 
104.000000 -6.3734097918947963e-04 
104.200000 -6.3733957675170955e-04 
104.400000 -6.3733827842267499e-04 
104.600000 -6.3733707811854112e-04 
104.800000 -6.3733597002796349e-04 
105.000000 -6.3733494868296187e-04 
105.200000 -6.3733400891094472e-04 
105.400000 -6.3733314577890665e-04 
105.600000 -6.3733235464855792e-04 
105.800000 -6.3733163109927493e-04 
106.000000 -6.3733097097901786e-04 
106.200000 -6.3733037034491985e-04 
106.400000 -6.3732982545783301e-04 
106.600000 -6.3732933279447151e-04 
106.800000 -6.3732888903706569e-04 
107.000000 -6.3732849101316019e-04 
107.200000 -6.3732813575793218e-04 
107.400000 -6.3732782044808450e-04 
107.600000 -6.3732754244265333e-04 
107.800000 -6.3732729923147297e-04 
108.000000 -6.3732708842822311e-04 
108.200000 -6.3732690783322582e-04 
108.400000 -6.3732675531211896e-04 
108.600000 -6.3732662890184782e-04 
108.800000 -6.3732652670413920e-04 
109.000000 -6.3732644698617780e-04 
109.200000 -6.3732638807366404e-04 
109.400000 -6.3732634840142632e-04 
109.600000 -6.3732632649127902e-04 
109.800000 -6.3732632098274788e-04 
110.000000 -6.3732633054690985e-04 
110.200000 -6.3732635398770082e-04 
110.400000 -6.3732639013941439e-04 
110.600000 -6.3732643792862448e-04 
110.800000 -6.3732649633266303e-04 
111.000000 -6.3732656441380098e-04 
111.200000 -6.3732664127721939e-04 
111.400000 -6.3732672609313062e-04 
111.600000 -6.3732681808150587e-04 
111.800000 -6.3732691649744100e-04 
112.000000 -6.3732702068252517e-04 
112.200000 -6.3732712996671104e-04 
112.400000 -6.3732724378630368e-04 
112.600000 -6.3732736155761721e-04 
112.800000 -6.3732748277422341e-04 
113.000000 -6.3732760696015578e-04 
113.200000 -6.3732773365598322e-04 
113.400000 -6.3732786244028589e-04 
113.600000 -6.3732799294091008e-04 
113.800000 -6.3732812477669543e-04 
114.000000 -6.3732825763183204e-04 
114.200000 -6.3732839119865631e-04 
114.400000 -6.3732852517275895e-04 
114.600000 -6.3732865930425653e-04 
114.800000 -6.3732879335832993e-04 
115.000000 -6.3732892709707223e-04 
115.200000 -6.3732906032200332e-04 
115.400000 -6.3732919284229667e-04 
115.600000 -6.3732932450124430e-04 
115.800000 -6.3732945512139788e-04 
116.000000 -6.3732958458358885e-04 
116.200000 -6.3732971274386291e-04 
116.400000 -6.3732983949160021e-04 
116.600000 -6.3732996471849157e-04 
116.800000 -6.3733008833857102e-04 
117.000000 -6.3733021026024517e-04 
117.200000 -6.3733033040979520e-04 
117.400000 -6.3733044872802541e-04 
117.600000 -6.3733056516564884e-04 
117.800000 -6.3733067965624640e-04 
118.000000 -6.3733079216606037e-04 
118.200000 -6.3733090267503040e-04 
118.400000 -6.3733101113200991e-04 
118.600000 -6.3733111752470317e-04 
118.800000 -6.3733122183622093e-04 
119.000000 -6.3733132405226212e-04 
119.200000 -6.3733142415818567e-04 
119.400000 -6.3733152216702282e-04 
119.600000 -6.3733161805531319e-04 
119.800000 -6.3733171184907761e-04 
120.000000 -6.3733180354593605e-04 
120.200000 -6.3733189315277189e-04 
120.400000 -6.3733198068724461e-04 
120.600000 -6.3733206617144073e-04 
120.800000 -6.3733214961111950e-04 
121.000000 -6.3733223102697967e-04 
121.200000 -6.3733231044831723e-04 
121.400000 -6.3733238789244473e-04 
121.600000 -6.3733246338104621e-04 
121.800000 -6.3733253694228664e-04 
122.000000 -6.3733260861130459e-04 
122.200000 -6.3733267841488417e-04 
122.400000 -6.3733274637892828e-04 
122.600000 -6.3733281252924268e-04 
122.800000 -6.3733287690609375e-04 
123.000000 -6.3733293952466380e-04 
123.200000 -6.3733300044285096e-04 
123.400000 -6.3733305966014869e-04 
123.600000 -6.3733311723541963e-04 
123.800000 -6.3733317320027044e-04 
124.000000 -6.3733322757263122e-04 
124.200000 -6.3733328039519005e-04 
124.400000 -6.3733333169939399e-04 
124.600000 -6.3733338151487906e-04 
124.800000 -6.3733342988053776e-04 
125.000000 -6.3733347681953212e-04 
125.200000 -6.3733352238148910e-04 
125.400000 -6.3733356658602497e-04 
125.600000 -6.3733360946698764e-04 
125.800000 -6.3733365104724771e-04 
126.000000 -6.3733369137723012e-04 
126.200000 -6.3733373048330960e-04 
126.400000 -6.3733376838286809e-04 
126.600000 -6.3733380512472765e-04 
126.800000 -6.3733384072169746e-04 
127.000000 -6.3733387521283658e-04 
127.200000 -6.3733390862506789e-04 
127.400000 -6.3733394098261509e-04 
127.600000 -6.3733397232228900e-04 
127.800000 -6.3733400266790391e-04 
128.000000 -6.3733403203609235e-04 
128.200000 -6.3733406047807722e-04 
128.400000 -6.3733408800380892e-04 
128.600000 -6.3733411463391676e-04 
128.800000 -6.3733414040941655e-04 
129.000000 -6.3733416533225812e-04 
129.200000 -6.3733418945088882e-04 
129.400000 -6.3733421276940955e-04 
129.600000 -6.3733423531268929e-04 
129.800000 -6.3733425712646230e-04 
130.000000 -6.3733427820004962e-04 
130.200000 -6.3733429858241208e-04 
130.400000 -6.3733431827388970e-04 
130.600000 -6.3733433731467254e-04 
130.800000 -6.3733435570682839e-04 
131.000000 -6.3733437347506666e-04 
131.200000 -6.3733439063897585e-04 
131.400000 -6.3733440722282819e-04 
131.600000 -6.3733442323776063e-04 
131.800000 -6.3733443870529066e-04 
132.000000 -6.3733445363382824e-04 
132.200000 -6.3733446806277239e-04 
132.400000 -6.3733448197422077e-04 
132.600000 -6.3733449541622522e-04 
132.800000 -6.3733450838179134e-04 
133.000000 -6.3733452089782816e-04 
133.200000 -6.3733453297026843e-04 
133.400000 -6.3733454462307909e-04 
133.600000 -6.3733455586197085e-04 
133.800000 -6.3733456671061922e-04 
134.000000 -6.3733457717668474e-04 
134.200000 -6.3733458725791919e-04 
134.400000 -6.3733459698847583e-04 
134.600000 -6.3733460637462741e-04 
134.800000 -6.3733461541534697e-04 
135.000000 -6.3733462412849523e-04 
135.200000 -6.3733463253971140e-04 
135.400000 -6.3733464064371498e-04 
135.600000 -6.3733464844227539e-04 
135.800000 -6.3733465596613886e-04 
136.000000 -6.3733466321774790e-04 
136.200000 -6.3733467020916229e-04 
136.400000 -6.3733467693653095e-04 
136.600000 -6.3733468341514721e-04 
136.800000 -6.3733468966620244e-04 
137.000000 -6.3733469567429923e-04 
137.200000 -6.3733470146898341e-04 
137.400000 -6.3733470703968009e-04 
137.600000 -6.3733471240714351e-04 
137.800000 -6.3733471757731336e-04 
138.000000 -6.3733472255473461e-04 
138.200000 -6.3733472733867869e-04 
138.400000 -6.3733473194373114e-04 
138.600000 -6.3733473637828109e-04 
138.800000 -6.3733474065846840e-04 
139.000000 -6.3733474476140861e-04 
139.200000 -6.3733474870391466e-04 
139.400000 -6.3733475250363214e-04 
139.600000 -6.3733475615025681e-04 
139.800000 -6.3733475966772091e-04 
140.000000 -6.3733476304379810e-04 
140.200000 -6.3733476629700830e-04 
140.400000 -6.3733476942289674e-04 
140.600000 -6.3733477242464837e-04 
140.800000 -6.3733477531060373e-04 
141.000000 -6.3733477807924321e-04 
141.200000 -6.3733478074432665e-04 
141.400000 -6.3733478330503524e-04 
141.600000 -6.3733478575412478e-04 
141.800000 -6.3733478811937166e-04 
142.000000 -6.3733479038441399e-04 
142.200000 -6.3733479256334463e-04 
142.400000 -6.3733479465557380e-04 
142.600000 -6.3733479666159415e-04 
142.800000 -6.3733479858401471e-04 
143.000000 -6.3733480042731105e-04 
143.200000 -6.3733480220067723e-04 
143.400000 -6.3733480389467634e-04 
143.600000 -6.3733480552190247e-04 
143.800000 -6.3733480708640100e-04 
144.000000 -6.3733480857611213e-04 
144.200000 -6.3733481001401748e-04 
144.400000 -6.3733481138047998e-04 
144.600000 -6.3733481269374892e-04 
144.800000 -6.3733481394982056e-04 
145.000000 -6.3733481515105411e-04 
145.200000 -6.3733481630073863e-04 
145.400000 -6.3733481739532832e-04 
145.600000 -6.3733481844093637e-04 
145.800000 -6.3733481944532738e-04 
146.000000 -6.3733482040281841e-04 
146.200000 -6.3733482131395069e-04 
146.400000 -6.3733482218403942e-04 
146.600000 -6.3733482301595035e-04 
146.800000 -6.3733482380955858e-04 
147.000000 -6.3733482456036078e-04 
147.200000 -6.3733482527190966e-04 
147.400000 -6.3733482593222174e-04 
147.600000 -6.3733482656733870e-04 
147.800000 -6.3733482715244705e-04 
148.000000 -6.3733482771644034e-04 
148.200000 -6.3733482825265725e-04 
148.400000 -6.3733482879187869e-04 
148.600000 -6.3733482929250601e-04 
148.800000 -6.3733482973895444e-04 
149.000000 -6.3733483014200704e-04 
149.200000 -6.3733483050679857e-04 
149.400000 -6.3733483085287590e-04 
149.600000 -6.3733483115632761e-04 
149.800000 -6.3733483143998265e-04 
