0.000000 1.2704516724676729e-01 
0.200000 1.2702989680314170e-01 
0.400000 1.2701770408539648e-01 
0.600000 1.2700853646297339e-01 
0.800000 1.2700263957110636e-01 
1.000000 1.2700000085590213e-01 
1.200000 1.2700051788512023e-01 
1.400000 1.2700388192425194e-01 
1.600000 1.2700989059362677e-01 
1.800000 1.2701744855154196e-01 
2.000000 1.2702515072955312e-01 
2.200000 1.2702921597104433e-01 
2.400000 1.2702932343658824e-01 
2.600000 1.2702563548425305e-01 
2.800000 1.2701853547031294e-01 
3.000000 1.2700854953765417e-01 
3.200000 1.2699623301959950e-01 
3.400000 1.2698184115550537e-01 
3.600000 1.2695549949527085e-01 
3.800000 1.2693001419502503e-01 
4.000000 1.2690497054081806e-01 
4.200000 1.2688023206977850e-01 
4.400000 1.2685531231192293e-01 
4.600000 1.2682962291818234e-01 
4.800000 1.2680254049461204e-01 
5.000000 1.2677345607114543e-01 
5.200000 1.2674170303654098e-01 
5.400000 1.2670690817270869e-01 
5.600000 1.2666898832536955e-01 
5.800000 1.2662796364301387e-01 
6.000000 1.2658393587667349e-01 
6.200000 1.2653703741228450e-01 
6.400000 1.2648740439991601e-01 
6.600000 1.2643514604249473e-01 
6.800000 1.2638036630891358e-01 
7.000000 1.2632303790283828e-01 
7.200000 1.2626303635002867e-01 
7.400000 1.2620021570760831e-01 
7.600000 1.2613441991581265e-01 
7.800000 1.2606549174720982e-01 
8.000000 1.2599328112082908e-01 
8.200000 1.2591764980865183e-01 
8.400000 1.2583847213529231e-01 
8.600000 1.2575563970697634e-01 
8.800000 1.2566905584070709e-01 
9.000000 1.2557862432178024e-01 
9.200000 1.2548424163665950e-01 
9.400000 1.2538579260290794e-01 
9.600000 1.2528314793584794e-01 
9.800000 1.2517615942978200e-01 
10.000000 1.2506465380917087e-01 
10.200000 1.2494844489789880e-01 
10.400000 1.2482733871100948e-01 
10.600000 1.2470113879498246e-01 
10.800000 1.2456963413049937e-01 
11.000000 1.2443259738489854e-01 
11.200000 1.2428978587630979e-01 
11.400000 1.2414094156177202e-01 
11.600000 1.2398579004346122e-01 
11.800000 1.2382403935198683e-01 
12.000000 1.2365537854341058e-01 
12.200000 1.2347947610114340e-01 
12.400000 1.2329597787348645e-01 
12.600000 1.2310450482049395e-01 
12.800000 1.2290465081927826e-01 
13.000000 1.2269598068486220e-01 
13.200000 1.2247802828716825e-01 
13.400000 1.2225029452060676e-01 
13.600000 1.2201224518795195e-01 
13.800000 1.2176330900888577e-01 
14.000000 1.2150287551456285e-01 
14.200000 1.2123029280813413e-01 
14.400000 1.2094486512816016e-01 
14.600000 1.2064585016814344e-01 
14.800000 1.2033245618472044e-01 
15.000000 1.2000383890862021e-01 
15.200000 1.1965909827652998e-01 
15.400000 1.1929727500043785e-01 
15.600000 1.1891734701332535e-01 
15.800000 1.1851822580885574e-01 
16.000000 1.1809875272255788e-01 
16.200000 1.1765769519665736e-01 
16.400000 1.1719374308045161e-01 
16.600000 1.1670550502328780e-01 
16.800000 1.1619150502317610e-01 
17.000000 1.1565017923412635e-01 
17.200000 1.1507987313706758e-01 
17.400000 1.1447883920856694e-01 
17.600000 1.1384523523374335e-01 
17.800000 1.1317712343009467e-01 
18.000000 1.1247247057025755e-01 
18.200000 1.1172914930095890e-01 
18.400000 1.1094494086659212e-01 
18.600000 1.1011753944568514e-01 
18.800000 1.0924455831176627e-01 
19.000000 1.0832353802258488e-01 
19.200000 1.0735195682880927e-01 
19.400000 1.0632724347324696e-01 
19.600000 1.0524679253062541e-01 
19.800000 1.0410798240736430e-01 
20.000000 1.0290819608944290e-01 
20.200000 1.0164484468692103e-01 
20.400000 1.0031539378263388e-01 
20.600000 9.8917392547111627e-02 
20.800000 9.7448505529477703e-02 
21.000000 9.5906546976829876e-02 
21.200000 9.4289517468427730e-02 
21.400000 9.2595642577316450e-02 
21.600000 9.0823413187054780e-02 
21.800000 8.8971626997138786e-02 
22.000000 8.7039430647155802e-02 
22.200000 8.5026361781076032e-02 
22.400000 8.2932390262090649e-02 
22.600000 8.0757957642281109e-02 
22.800000 7.8504013897100933e-02 
23.000000 7.6172050360713728e-02 
23.200000 7.3764127754367137e-02 
23.400000 7.1282898192345456e-02 
23.600000 6.8731620086933343e-02 
23.800000 6.6114164959404254e-02 
24.000000 6.3435015299539654e-02 
24.200000 6.0699252801310499e-02 
24.400000 5.7912536531118830e-02 
24.600000 5.5081070851079827e-02 
24.800000 5.2211563212018586e-02 
25.000000 4.9311172236633949e-02 
25.200000 4.6387446819442624e-02 
25.400000 4.3448257261164192e-02 
25.600000 4.0501719718329166e-02 
25.800000 3.7556115470314566e-02 
26.000000 3.4619806675780573e-02 
26.200000 3.1701150399913280e-02 
26.400000 2.8808412739107947e-02 
26.600000 2.5949684848509791e-02 
26.800000 2.3132802593653912e-02 
27.000000 2.0365271405041407e-02 
27.200000 1.7654197723104059e-02 
27.400000 1.5006228191143056e-02 
27.600000 1.2427497497553563e-02 
27.800000 9.9235854985642025e-03 
28.000000 7.4994839811011182e-03 
28.200000 5.1595731628851782e-03 
28.400000 2.9076077832062008e-03 
28.600000 7.4671241973756075e-04 
28.800000 -1.3206145202606656e-03 
29.000000 -3.2924888393403018e-03 
29.200000 -5.1676214431818357e-03 
29.400000 -6.9452929950514219e-03 
29.600000 -8.6253232898183541e-03 
29.800000 -1.0208036326715186e-02 
30.000000 -1.1694222053755809e-02 
30.200000 -1.3085095726720453e-02 
30.400000 -1.4382255775580499e-02 
30.600000 -1.5587641004832675e-02 
30.800000 -1.6703487875485479e-02 
31.000000 -1.7732288528469309e-02 
31.200000 -1.8676750116419893e-02 
31.400000 -1.9539755915368162e-02 
31.600000 -2.0324328593892549e-02 
31.800000 -2.1033595926363224e-02 
32.000000 -2.1670759152219277e-02 
32.200000 -2.2239064105184170e-02 
32.400000 -2.2741775167458567e-02 
32.600000 -2.3182152043827120e-02 
32.800000 -2.3563429300116678e-02 
33.000000 -2.3888798568994507e-02 
33.200000 -2.4161393294033662e-02 
33.400000 -2.4384275858418736e-02 
33.600000 -2.4560426928125323e-02 
33.800000 -2.4692736828954176e-02 
34.000000 -2.4783998772329785e-02 
34.200000 -2.4836903744477834e-02 
34.400000 -2.4854036877860752e-02 
34.600000 -2.4837875130081677e-02 
34.800000 -2.4790786104901374e-02 
35.000000 -2.4715027860494732e-02 
35.200000 -2.4612749561741754e-02 
35.400000 -2.4485992845468041e-02 
35.600000 -2.4336693779880347e-02 
35.800000 -2.4166685311407254e-02 
36.000000 -2.3977700103722743e-02 
36.200000 -2.3771373684798203e-02 
36.400000 -2.3549247827854169e-02 
36.600000 -2.3312774101790390e-02 
36.800000 -2.3063317534961769e-02 
37.000000 -2.2802160344313371e-02 
37.200000 -2.2530505688761304e-02 
37.400000 -2.2249481412051353e-02 
37.600000 -2.1960143746064920e-02 
37.800000 -2.1663480950435021e-02 
38.000000 -2.1360416868914822e-02 
38.200000 -2.1051814386826351e-02 
38.400000 -2.0738478777094005e-02 
38.600000 -2.0421160925972126e-02 
38.800000 -2.0100560431476067e-02 
39.000000 -1.9777328570207642e-02 
39.200000 -1.9452071130210635e-02 
39.400000 -1.9125351108805311e-02 
39.600000 -1.8797691276188244e-02 
39.800000 -1.8469576606343296e-02 
40.000000 -1.8141456577949966e-02 
40.200000 -1.7813747348819742e-02 
40.400000 -1.7486833807790758e-02 
40.600000 -1.7161071508625225e-02 
40.800000 -1.6836788490697946e-02 
41.000000 -1.6514286991631433e-02 
41.200000 -1.6193845056854589e-02 
41.400000 -1.5875718051646476e-02 
41.600000 -1.5560140080483731e-02 
41.800000 -1.5247325319155375e-02 
42.000000 -1.4937469264522274e-02 
42.200000 -1.4630749906822366e-02 
42.400000 -1.4327328829182057e-02 
42.600000 -1.4027352238988378e-02 
42.800000 -1.3730951935223640e-02 
43.000000 -1.3438246215947303e-02 
43.200000 -1.3149340729849773e-02 
43.400000 -1.2864329275340453e-02 
43.600000 -1.2583294550794932e-02 
43.800000 -1.2306308859038301e-02 
44.000000 -1.2033434769129353e-02 
44.200000 -1.1764725738242388e-02 
44.400000 -1.1500226696277926e-02 
44.600000 -1.1239974595675856e-02 
44.800000 -1.0983998928587480e-02 
45.000000 -1.0732322213704515e-02 
45.200000 -1.0484960454543640e-02 
45.400000 -1.0241923571113531e-02 
45.600000 -1.0003215806639404e-02 
45.800000 -9.7688361108368149e-03 
46.000000 -9.5387785013655579e-03 
46.200000 -9.3130324046281909e-03 
46.400000 -9.0915829773195456e-03 
46.600000 -8.8744114097915605e-03 
46.800000 -8.6614952123929001e-03 
47.000000 -8.4528084857243835e-03 
47.200000 -8.2483221758445635e-03 
47.400000 -8.0480043151557601e-03 
47.600000 -7.8518202499438389e-03 
47.800000 -7.6597328551780836e-03 
48.000000 -7.4717027374101297e-03 
48.200000 -7.2876884263590042e-03 
48.400000 -7.1076465557727703e-03 
48.600000 -6.9315320342310943e-03 
48.800000 -6.7592982064029195e-03 
49.000000 -6.5908970051803684e-03 
49.200000 -6.4262790953370508e-03 
49.400000 -6.2653940089461707e-03 
49.600000 -6.1081902732020854e-03 
49.800000 -5.9546155308955739e-03 
50.000000 -5.8046166539261757e-03 
50.200000 -5.6581398503289526e-03 
50.400000 -5.5151307649541070e-03 
50.600000 -5.3755345743540101e-03 
50.800000 -5.2392960759100882e-03 
51.000000 -5.1063597717757037e-03 
51.200000 -4.9766699475696369e-03 
51.400000 -4.8501707464920635e-03 
51.600000 -4.7268062386303239e-03 
51.800000 -4.6065204861201331e-03 
52.000000 -4.4892576040503063e-03 
52.200000 -4.3749618175450422e-03 
52.400000 -4.2635775151140393e-03 
52.600000 -4.1550492984040455e-03 
52.800000 -4.0493220287184523e-03 
53.000000 -3.9463408702686414e-03 
53.200000 -3.8460513304379440e-03 
53.400000 -3.7483992972084518e-03 
53.600000 -3.6533310737967423e-03 
53.800000 -3.5607934108030925e-03 
54.000000 -3.4707335358666047e-03 
54.200000 -3.3830991809661870e-03 
54.400000 -3.2978386076037980e-03 
54.600000 -3.2149006298489644e-03 
54.800000 -3.1342346353990247e-03 
55.000000 -3.0557906048129385e-03 
55.200000 -2.9795191289085018e-03 
55.400000 -2.9053714245553738e-03 
55.600000 -2.8332993487971414e-03 
55.800000 -2.7632554115079311e-03 
56.000000 -2.6951927866661618e-03 
56.200000 -2.6290653221652596e-03 
56.400000 -2.5648275484799338e-03 
56.600000 -2.5024346860127930e-03 
56.800000 -2.4418426514008149e-03 
57.000000 -2.3830080626535757e-03 
57.200000 -2.3258882433565206e-03 
57.400000 -2.2704412258794174e-03 
57.600000 -2.2166257536292977e-03 
57.800000 -2.1644012825804970e-03 
58.000000 -2.1137279818539620e-03 
58.200000 -2.0645667336364332e-03 
58.400000 -2.0168791323656940e-03 
58.600000 -1.9706274832223813e-03 
58.800000 -1.9257748000066563e-03 
59.000000 -1.8822848024515129e-03 
59.200000 -1.8401219129409799e-03 
59.400000 -1.7992512527032420e-03 
59.600000 -1.7596386375823836e-03 
59.800000 -1.7212505732726868e-03 
60.000000 -1.6840542501857514e-03 
60.200000 -1.6480175379179132e-03 
60.400000 -1.6131089793066378e-03 
60.600000 -1.5792977841979916e-03 
60.800000 -1.5465538228636305e-03 
61.000000 -1.5148476191277002e-03 
61.200000 -1.4841503432606110e-03 
61.400000 -1.4544338045499317e-03 
61.600000 -1.4256704437256990e-03 
61.800000 -1.3978333251175590e-03 
62.000000 -1.3708961286202914e-03 
62.200000 -1.3448331415969531e-03 
62.400000 -1.3196192504274160e-03 
62.600000 -1.2952299321082883e-03 
62.800000 -1.2716412456273557e-03 
63.000000 -1.2488298232745734e-03 
63.200000 -1.2267728617960452e-03 
63.400000 -1.2054481135909262e-03 
63.600000 -1.1848338776933379e-03 
63.800000 -1.1649089907989282e-03 
64.000000 -1.1456528182113013e-03 
64.200000 -1.1270452447885715e-03 
64.400000 -1.1090666658305146e-03 
64.600000 -1.0916979779317798e-03 
64.800000 -1.0749205699324832e-03 
65.000000 -1.0587163137871017e-03 
65.200000 -1.0430675554506386e-03 
65.400000 -1.0279571058580406e-03 
65.600000 -1.0133682318509071e-03 
65.800000 -9.9928464723182675e-04 
66.000000 -9.8569050375882372e-04 
66.200000 -9.7257038230049581e-04 
66.400000 -9.5990928396861436e-04 
66.600000 -9.4769262137584659e-04 
66.800000 -9.3590620987455547e-04 
67.000000 -9.2453625903227143e-04 
67.200000 -9.1356936396672778e-04 
67.400000 -9.0299249696190048e-04 
67.600000 -8.9279299906874082e-04 
67.800000 -8.8295857181085874e-04 
68.000000 -8.7347726903230782e-04 
68.200000 -8.6433748873857019e-04 
68.400000 -8.5552796519418328e-04 
68.600000 -8.4703776096473060e-04 
68.800000 -8.3885625918873885e-04 
69.000000 -8.3097315589226312e-04 
69.200000 -8.2337845240211538e-04 
69.400000 -8.1606244796495614e-04 
69.600000 -8.0901573236469987e-04 
69.800000 -8.0222917870113181e-04 
70.000000 -7.9569393635156582e-04 
70.200000 -7.8940142391079049e-04 
70.400000 -7.8334332239334004e-04 
70.600000 -7.7751156844833857e-04 
70.800000 -7.7189834776205529e-04 
71.000000 -7.6649608852520645e-04 
71.200000 -7.6129745508531077e-04 
71.400000 -7.5629534164605577e-04 
71.600000 -7.5148286613498094e-04 
71.800000 -7.4685336420036996e-04 
72.000000 -7.4240038325459889e-04 
72.200000 -7.3811767676862372e-04 
72.400000 -7.3399919849117395e-04 
72.600000 -7.3003909701575137e-04 
72.800000 -7.2623171027149519e-04 
73.000000 -7.2257156020977958e-04 
73.200000 -7.1905334763828349e-04 
73.400000 -7.1567194711018300e-04 
73.600000 -7.1242240193618300e-04 
73.800000 -7.0929991934668563e-04 
74.000000 -7.0629986571637410e-04 
74.200000 -7.0341776195417122e-04 
74.400000 -7.0064927891664436e-04 
74.600000 -6.9799023302057756e-04 
74.800000 -6.9543658192223329e-04 
75.000000 -6.9298442028353779e-04 
75.200000 -6.9062997562858303e-04 
75.400000 -6.8836960439694339e-04 
75.600000 -6.8619978797096470e-04 
75.800000 -6.8411712889777931e-04 
76.000000 -6.8211834712186836e-04 
76.200000 -6.8020027641896297e-04 
76.400000 -6.7835986082196570e-04 
76.600000 -6.7659415117979349e-04 
76.800000 -6.7490030185616418e-04 
77.000000 -6.7327556739926742e-04 
77.200000 -6.7171729942286373e-04 
77.400000 -6.7022294347637845e-04 
77.600000 -6.6879003608728838e-04 
77.800000 -6.6741620178361466e-04 
78.000000 -6.6609915029463423e-04 
78.200000 -6.6483667376244365e-04 
78.400000 -6.6362664405080624e-04 
78.600000 -6.6246701017565884e-04 
78.800000 -6.6135579570805042e-04 
79.000000 -6.6029109634987981e-04 
79.200000 -6.5927107751775210e-04 
79.400000 -6.5829397204277690e-04 
79.600000 -6.5735807788661754e-04 
79.800000 -6.5646175594957779e-04 
80.000000 -6.5560342798796911e-04 
80.200000 -6.5478157449260638e-04 
80.400000 -6.5399473270242453e-04 
80.600000 -6.5324149469622728e-04 
80.800000 -6.5252050546988488e-04 
81.000000 -6.5183046112973764e-04 
81.200000 -6.5117010710270817e-04 
81.400000 -6.5053823644427300e-04 
81.600000 -6.4993368818293262e-04 
81.800000 -6.4935534565390557e-04 
82.000000 -6.4880213500916745e-04 
82.200000 -6.4827302364177386e-04 
82.400000 -6.4776701879016435e-04 
82.600000 -6.4728316604421854e-04 
82.800000 -6.4682054803646971e-04 
83.000000 -6.4637828306905731e-04 
83.200000 -6.4595552387586991e-04 
83.400000 -6.4555145631622207e-04 
83.600000 -6.4516529823522434e-04 
83.800000 -6.4479629825376500e-04 
84.000000 -6.4444373467484328e-04 
84.200000 -6.4410691436868339e-04 
84.400000 -6.4378517173450944e-04 
84.600000 -6.4347786769507892e-04 
84.800000 -6.4318438868087718e-04 
85.000000 -6.4290414571730597e-04 
85.200000 -6.4263657349828557e-04 
85.400000 -6.4238112945869119e-04 
85.600000 -6.4213729298416566e-04 
85.800000 -6.4190456454608913e-04 
86.000000 -6.4168246490913655e-04 
86.200000 -6.4147053434507328e-04 
86.400000 -6.4126833192594546e-04 
86.600000 -6.4107543478880702e-04 
86.800000 -6.4089143741510868e-04 
87.000000 -6.4071595102779821e-04 
87.200000 -6.4054860286234111e-04 
87.400000 -6.4038903563430616e-04 
87.600000 -6.4023690684967410e-04 
87.800000 -6.4009188831253699e-04 
88.000000 -6.3995366551071464e-04 
88.200000 -6.3982193709644780e-04 
88.400000 -6.3969641437722213e-04 
88.600000 -6.3957682078385342e-04 
88.800000 -6.3946289144711788e-04 
89.000000 -6.3935437268428791e-04 
89.200000 -6.3925102156171115e-04 
89.400000 -6.3915260550796021e-04 
89.600000 -6.3905890182400921e-04 
89.800000 -6.3896969735785514e-04 
90.000000 -6.3888478807246074e-04 
90.200000 -6.3880397871336758e-04 
90.400000 -6.3872708242416337e-04 
90.600000 -6.3865392042424668e-04 
90.800000 -6.3858432165146695e-04 
91.000000 -6.3851812250509399e-04 
91.200000 -6.3845516646178491e-04 
91.400000 -6.3839530385577381e-04 
91.600000 -6.3833839153887989e-04 
91.800000 -6.3828429266625519e-04 
92.000000 -6.3823287639301618e-04 
92.200000 -6.3818401762335414e-04 
92.400000 -6.3813759681741189e-04 
92.600000 -6.3809349971714197e-04 
92.800000 -6.3805161711838476e-04 
93.000000 -6.3801184469604311e-04 
93.200000 -6.3797408276820844e-04 
93.400000 -6.3793823612789263e-04 
93.600000 -6.3790421380860440e-04 
93.800000 -6.3787192894734085e-04 
94.000000 -6.3784129861366168e-04 
94.200000 -6.3781224358176736e-04 
94.400000 -6.3778468824420703e-04 
94.600000 -6.3775856041962953e-04 
94.800000 -6.3773379119305001e-04 
95.000000 -6.3771031482772605e-04 
95.200000 -6.3768806855326460e-04 
95.400000 -6.3766699250782100e-04 
95.600000 -6.3764702956707608e-04 
95.800000 -6.3762812523399798e-04 
96.000000 -6.3761022754367513e-04 
96.200000 -6.3759328692051392e-04 
96.400000 -6.3757725610444349e-04 
96.600000 -6.3756209003549419e-04 
96.800000 -6.3754774573009099e-04 
97.000000 -6.3753418225306197e-04 
97.200000 -6.3752136056215158e-04 
97.400000 -6.3750924345823412e-04 
97.600000 -6.3749779549288066e-04 
97.800000 -6.3748698290975320e-04 
98.000000 -6.3747677352216092e-04 
98.200000 -6.3746713668411809e-04 
98.400000 -6.3745804323084992e-04 
98.600000 -6.3744946536509195e-04 
98.800000 -6.3744137661085609e-04 
99.000000 -6.3743375180824735e-04 
99.200000 -6.3742656695321698e-04 
99.400000 -6.3741979924387265e-04 
99.600000 -6.3741342696386344e-04 
99.800000 -6.3740742944469464e-04 
100.000000 -6.3740178702932637e-04 
100.200000 -6.3739648101632240e-04 
100.400000 -6.3739149364133718e-04 
100.600000 -6.3738680797480185e-04 
100.800000 -6.3738240794345563e-04 
101.000000 -6.3737827828214133e-04 
101.200000 -6.3737440443005500e-04 
101.400000 -6.3737077261068892e-04 
101.600000 -6.3736736968238172e-04 
101.800000 -6.3736418318975641e-04 
102.000000 -6.3736120129180562e-04 
102.200000 -6.3735841274596694e-04 
102.400000 -6.3735580687011850e-04 
102.600000 -6.3735337353384991e-04 
102.800000 -6.3735110309243170e-04 
103.000000 -6.3734898643321575e-04 
103.200000 -6.3734701487684620e-04 
103.400000 -6.3734518019823577e-04 
103.600000 -6.3734347459363377e-04 
103.800000 -6.3734189067633090e-04 
104.000000 -6.3734042140519559e-04 
104.200000 -6.3733906016258390e-04 
104.400000 -6.3733780061260570e-04 
104.600000 -6.3733663679239883e-04 
104.800000 -6.3733556303410127e-04 
105.000000 -6.3733457398263554e-04 
105.200000 -6.3733366453940649e-04 
105.400000 -6.3733282991287887e-04 
105.600000 -6.3733206554050792e-04 
105.800000 -6.3733136711476707e-04 
106.000000 -6.3733073056208844e-04 
106.200000 -6.3733015200805043e-04 
106.400000 -6.3732962782401398e-04 
106.600000 -6.3732915454916411e-04 
106.800000 -6.3732872892399706e-04 
107.000000 -6.3732834785417553e-04 
107.200000 -6.3732800844715914e-04 
107.400000 -6.3732770794167753e-04 
107.600000 -6.3732744373778266e-04 
107.800000 -6.3732721339702231e-04 
108.000000 -6.3732701459241758e-04 
108.200000 -6.3732684514344884e-04 
108.400000 -6.3732670299657124e-04 
108.600000 -6.3732658620970634e-04 
108.800000 -6.3732649295959037e-04 
109.000000 -6.3732642151889674e-04 
109.200000 -6.3732637026284178e-04 
109.400000 -6.3732633766264840e-04 
109.600000 -6.3732632229080571e-04 
109.800000 -6.3732632278686030e-04 
110.000000 -6.3732633789232579e-04 
110.200000 -6.3732636640362328e-04 
110.400000 -6.3732640719714462e-04 
110.600000 -6.3732645923583048e-04 
110.800000 -6.3732652150384761e-04 
111.000000 -6.3732659311352413e-04 
111.200000 -6.3732667316147157e-04 
111.400000 -6.3732676086029200e-04 
111.600000 -6.3732685543591711e-04 
111.800000 -6.3732695616738194e-04 
112.000000 -6.3732706241351883e-04 
112.200000 -6.3732717353482543e-04 
112.400000 -6.3732728895116164e-04 
112.600000 -6.3732740813015470e-04 
112.800000 -6.3732753055812524e-04 
113.000000 -6.3732765577287354e-04 
113.200000 -6.3732778332968587e-04 
113.400000 -6.3732791283223345e-04 
113.600000 -6.3732804389383946e-04 
113.800000 -6.3732817616956455e-04 
114.000000 -6.3732830933487666e-04 
114.200000 -6.3732844309188907e-04 
114.400000 -6.3732857716542607e-04 
114.600000 -6.3732871129690977e-04 
114.800000 -6.3732884525285333e-04 
115.000000 -6.3732897881701306e-04 
115.200000 -6.3732911179378154e-04 
115.400000 -6.3732924400546759e-04 
115.600000 -6.3732937527721800e-04 
115.800000 -6.3732950547308598e-04 
116.000000 -6.3732963443756396e-04 
116.200000 -6.3732976206753306e-04 
116.400000 -6.3732988824136139e-04 
116.600000 -6.3733001285328633e-04 
116.800000 -6.3733013582829845e-04 
117.000000 -6.3733025707201491e-04 
117.200000 -6.3733037651881458e-04 
117.400000 -6.3733049411489329e-04 
117.600000 -6.3733060980070144e-04 
117.800000 -6.3733072353172604e-04 
118.000000 -6.3733083527521550e-04 
118.200000 -6.3733094498268084e-04 
118.400000 -6.3733105264399126e-04 
118.600000 -6.3733115823363939e-04 
118.800000 -6.3733126172715177e-04 
119.000000 -6.3733136312308508e-04 
119.200000 -6.3733146242089811e-04 
119.400000 -6.3733155960360444e-04 
119.600000 -6.3733165467931563e-04 
119.800000 -6.3733174766191641e-04 
120.000000 -6.3733183855708281e-04 
120.200000 -6.3733192735961064e-04 
120.400000 -6.3733201409202356e-04 
120.600000 -6.3733209877596397e-04 
120.800000 -6.3733218142935505e-04 
121.000000 -6.3733226206905136e-04 
121.200000 -6.3733234072105294e-04 
121.400000 -6.3733241740694668e-04 
121.600000 -6.3733249214387860e-04 
121.800000 -6.3733256496960322e-04 
122.000000 -6.3733263590876749e-04 
122.200000 -6.3733270499545525e-04 
122.400000 -6.3733277225177382e-04 
122.600000 -6.3733283771193888e-04 
122.800000 -6.3733290139913329e-04 
123.000000 -6.3733296335924394e-04 
123.200000 -6.3733302360693966e-04 
123.400000 -6.3733308218667795e-04 
123.600000 -6.3733313913069689e-04 
123.800000 -6.3733319447077663e-04 
124.000000 -6.3733324824517129e-04 
124.200000 -6.3733330046709946e-04 
124.400000 -6.3733335119341150e-04 
124.600000 -6.3733340044508369e-04 
124.800000 -6.3733344825822602e-04 
125.000000 -6.3733349465724953e-04 
125.200000 -6.3733353968599415e-04 
125.400000 -6.3733358336715701e-04 
125.600000 -6.3733362574568131e-04 
125.800000 -6.3733366684334825e-04 
126.000000 -6.3733370669058487e-04 
126.200000 -6.3733374532277953e-04 
126.400000 -6.3733378277140706e-04 
126.600000 -6.3733381906141973e-04 
126.800000 -6.3733385422980876e-04 
127.000000 -6.3733388829791127e-04 
127.200000 -6.3733392129596694e-04 
127.400000 -6.3733395326016212e-04 
127.600000 -6.3733398420498522e-04 
127.800000 -6.3733401417021690e-04 
128.000000 -6.3733404317847797e-04 
128.200000 -6.3733407125973057e-04 
128.400000 -6.3733409843035049e-04 
128.600000 -6.3733412472703060e-04 
128.800000 -6.3733415016668793e-04 
129.000000 -6.3733417477693233e-04 
129.200000 -6.3733419857758822e-04 
129.400000 -6.3733422160387049e-04 
129.600000 -6.3733424386156617e-04 
129.800000 -6.3733426538475219e-04 
130.000000 -6.3733428618804183e-04 
130.200000 -6.3733430629956539e-04 
130.400000 -6.3733432573306881e-04 
130.600000 -6.3733434452031834e-04 
130.800000 -6.3733436266164012e-04 
131.000000 -6.3733438020240063e-04 
131.200000 -6.3733439713512668e-04 
131.400000 -6.3733441349986264e-04 
131.600000 -6.3733442930084816e-04 
131.800000 -6.3733444455990607e-04 
132.000000 -6.3733445929610444e-04 
132.200000 -6.3733447351727729e-04 
132.400000 -6.3733448723984898e-04 
132.600000 -6.3733450050206669e-04 
132.800000 -6.3733451328165658e-04 
133.000000 -6.3733452563412979e-04 
133.200000 -6.3733453754011987e-04 
133.400000 -6.3733454903495274e-04 
133.600000 -6.3733456011540873e-04 
133.800000 -6.3733457081198430e-04 
134.000000 -6.3733458112986280e-04 
134.200000 -6.3733459107408186e-04 
134.400000 -6.3733460066623532e-04 
134.600000 -6.3733460991792501e-04 
134.800000 -6.3733461882715253e-04 
135.000000 -6.3733462742816133e-04 
135.200000 -6.3733463571207655e-04 
135.400000 -6.3733464370516885e-04 
135.600000 -6.3733465139812623e-04 
135.800000 -6.3733465881207069e-04 
136.000000 -6.3733466595906896e-04 
136.200000 -6.3733467284705914e-04 
136.400000 -6.3733467947575673e-04 
136.600000 -6.3733468586071873e-04 
136.800000 -6.3733469201606580e-04 
137.000000 -6.3733469794638453e-04 
137.200000 -6.3733470365377048e-04 
137.400000 -6.3733470914646012e-04 
137.600000 -6.3733471443781775e-04 
137.800000 -6.3733471953016790e-04 
138.000000 -6.3733472442965150e-04 
138.200000 -6.3733472914407480e-04 
138.400000 -6.3733473368896704e-04 
138.600000 -6.3733473805377416e-04 
138.800000 -6.3733474226194270e-04 
139.000000 -6.3733474630488923e-04 
139.200000 -6.3733475019413233e-04 
139.400000 -6.3733475393908806e-04 
139.600000 -6.3733475753770252e-04 
139.800000 -6.3733476099259861e-04 
140.000000 -6.3733476432713959e-04 
140.200000 -6.3733476752285412e-04 
140.400000 -6.3733477060266136e-04 
140.600000 -6.3733477355367579e-04 
140.800000 -6.3733477639485447e-04 
141.000000 -6.3733477912335246e-04 
141.200000 -6.3733478174703845e-04 
141.400000 -6.3733478427073498e-04 
141.600000 -6.3733478668358268e-04 
141.800000 -6.3733478900952767e-04 
142.000000 -6.3733479123981307e-04 
142.200000 -6.3733479338407700e-04 
142.400000 -6.3733479544132027e-04 
142.600000 -6.3733479740969712e-04 
142.800000 -6.3733479931023934e-04 
143.000000 -6.3733480112326130e-04 
143.200000 -6.3733480286883026e-04 
143.400000 -6.3733480453562891e-04 
143.600000 -6.3733480613797910e-04 
143.800000 -6.3733480767251549e-04 
144.000000 -6.3733480913961277e-04 
144.200000 -6.3733481054958213e-04 
144.400000 -6.3733481190098723e-04 
144.600000 -6.3733481319110108e-04 
144.800000 -6.3733481442335843e-04 
145.000000 -6.3733481560494798e-04 
145.200000 -6.3733481673020759e-04 
145.400000 -6.3733481781057255e-04 
145.600000 -6.3733481884059584e-04 
145.800000 -6.3733481982244933e-04 
146.000000 -6.3733482075796488e-04 
146.200000 -6.3733482165572591e-04 
146.400000 -6.3733482251560059e-04 
146.600000 -6.3733482332715974e-04 
146.800000 -6.3733482410283093e-04 
147.000000 -6.3733482483484261e-04 
147.200000 -6.3733482553560150e-04 
147.400000 -6.3733482618441584e-04 
147.600000 -6.3733482679941000e-04 
147.800000 -6.3733482738397712e-04 
148.000000 -6.3733482792873580e-04 
148.200000 -6.3733482845390599e-04 
148.400000 -6.3733482897596061e-04 
148.600000 -6.3733482947031517e-04 
148.800000 -6.3733482990782631e-04 
149.000000 -6.3733483030406490e-04 
149.200000 -6.3733483066541474e-04 
149.400000 -6.3733483099150112e-04 
149.600000 -6.3733483129491814e-04 
149.800000 -6.3733483155983123e-04 
