0.000000 1.2706474075056884e-01 
0.200000 1.2704407478325419e-01 
0.400000 1.2702716138787851e-01 
0.600000 1.2701417412659255e-01 
0.800000 1.2700523131843955e-01 
1.000000 1.2700038222507659e-01 
1.200000 1.2699945797202039e-01 
1.400000 1.2700247125215081e-01 
1.600000 1.2700919792417498e-01 
1.800000 1.2701851837121958e-01 
2.000000 1.2702891806664640e-01 
2.200000 1.2703622761640165e-01 
2.400000 1.2703970322386970e-01 
2.600000 1.2703914901558244e-01 
2.800000 1.2703469077109264e-01 
3.000000 1.2702677168296717e-01 
3.200000 1.2701589441969297e-01 
3.400000 1.2700222988502141e-01 
3.600000 1.2697481911246655e-01 
3.800000 1.2694821687358104e-01 
4.000000 1.2692233760196725e-01 
4.200000 1.2689709104096480e-01 
4.400000 1.2687209774677377e-01 
4.600000 1.2684677330409211e-01 
4.800000 1.2682060381622384e-01 
5.000000 1.2679295135807378e-01 
5.200000 1.2676318389226204e-01 
5.400000 1.2673062045014893e-01 
5.600000 1.2669497631811988e-01 
5.800000 1.2665621474195576e-01 
6.000000 1.2661438697143368e-01 
6.200000 1.2656959808981716e-01 
6.400000 1.2652198251992874e-01 
6.600000 1.2647166959952671e-01 
6.800000 1.2641876587386269e-01 
7.000000 1.2636336140921123e-01 
7.200000 1.2630539626016590e-01 
7.400000 1.2624473046770524e-01 
7.600000 1.2618121344937561e-01 
7.800000 1.2611468730235709e-01 
8.000000 1.2604499529664259e-01 
8.200000 1.2597198886548977e-01 
8.400000 1.2589553185392988e-01 
8.600000 1.2581550186261969e-01 
8.800000 1.2573179350100716e-01 
9.000000 1.2564431069971627e-01 
9.200000 1.2555295548068002e-01 
9.400000 1.2545762126225268e-01 
9.600000 1.2535818952475186e-01 
9.800000 1.2525452346829480e-01 
10.000000 1.2514645898882537e-01 
10.200000 1.2503382093333271e-01 
10.400000 1.2491642711104378e-01 
10.600000 1.2479409413061959e-01 
10.800000 1.2466662290277941e-01 
11.000000 1.2453379689257404e-01 
11.200000 1.2439538395451410e-01 
11.400000 1.2425113698324863e-01 
11.600000 1.2410079349880609e-01 
11.800000 1.2394407451345224e-01 
12.000000 1.2378068330640923e-01 
12.200000 1.2361030397429484e-01 
12.400000 1.2343259967976328e-01 
12.600000 1.2324721050273968e-01 
12.800000 1.2305375121158202e-01 
13.000000 1.2285180908788240e-01 
13.200000 1.2264094193099762e-01 
13.400000 1.2242067615719232e-01 
13.600000 1.2219050477248827e-01 
13.800000 1.2194988524305272e-01 
14.000000 1.2169823750288167e-01 
14.200000 1.2143494178919412e-01 
14.400000 1.2115933637466170e-01 
14.600000 1.2087071509807090e-01 
14.800000 1.2056832462398170e-01 
15.000000 1.2025136148288040e-01 
15.200000 1.1991896893634779e-01 
15.400000 1.1957023368176445e-01 
15.600000 1.1920418239177311e-01 
15.800000 1.1881977812050892e-01 
16.000000 1.1841591661645245e-01 
16.200000 1.1799142260061946e-01 
16.400000 1.1754504603870597e-01 
16.600000 1.1707545845235046e-01 
16.800000 1.1658124933563796e-01 
17.000000 1.1606092275441360e-01 
17.200000 1.1551289423068400e-01 
17.400000 1.1493548801424092e-01 
17.600000 1.1432693488320844e-01 
17.800000 1.1368537062898254e-01 
18.000000 1.1300883539687245e-01 
18.200000 1.1229527406748985e-01 
18.400000 1.1154253788285273e-01 
18.600000 1.1074838752445548e-01 
18.800000 1.0991049785701146e-01 
19.000000 1.0902646454416087e-01 
19.200000 1.0809381273720053e-01 
19.400000 1.0711000802569903e-01 
19.600000 1.0607246981687701e-01 
19.800000 1.0497858728677600e-01 
20.000000 1.0382573801488049e-01 
20.200000 1.0261130938146268e-01 
20.400000 1.0133272276825878e-01 
20.600000 9.9987460559653574e-02 
20.800000 9.8573095893702001e-02 
21.000000 9.7087325060533858e-02 
21.200000 9.5528002385738331e-02 
21.400000 9.3893177369478553e-02 
21.600000 9.2181133774249080e-02 
21.800000 9.0390430267673239e-02 
22.000000 8.8519942130875107e-02 
22.200000 8.6568903437334921e-02 
22.400000 8.4536948997624428e-02 
22.600000 8.2424155254755549e-02 
22.800000 8.0231079210905998e-02 
23.000000 7.7958794376161378e-02 
23.200000 7.5608922662112610e-02 
23.400000 7.3183661106678954e-02 
23.600000 7.0685802319143454e-02 
23.800000 6.8118747582285422e-02 
24.000000 6.5486511645638790e-02 
24.200000 6.2793718391202957e-02 
24.400000 6.0045586748716628e-02 
24.600000 5.7247906476051491e-02 
24.800000 5.4407003693591860e-02 
25.000000 5.1529696357785371e-02 
25.200000 4.8623240166400294e-02 
25.400000 4.5695265691948150e-02 
25.600000 4.2753707825579079e-02 
25.800000 3.9806728868209906e-02 
26.000000 3.6862636815917393e-02 
26.200000 3.3929800542899846e-02 
26.400000 3.1016563680192788e-02 
26.600000 2.8131159017893204e-02 
26.800000 2.5281625222408288e-02 
27.000000 2.2475727561913739e-02 
27.200000 1.9720884178327514e-02 
27.400000 1.7024099242846757e-02 
27.600000 1.4391904094778307e-02 
27.800000 1.1830307202713608e-02 
28.000000 9.3447535157037409e-03 
28.200000 6.9400935014573006e-03 
28.400000 4.6205619097597905e-03 
28.600000 2.3897660609827343e-03 
28.800000 2.5068324840205047e-04 
29.000000 -1.7943333365098013e-03 
29.200000 -3.7435408915854618e-03 
29.400000 -5.5957863505441408e-03 
29.600000 -7.3504797107439845e-03 
29.800000 -9.0075623082576106e-03 
30.000000 -1.0567471020366481e-02 
30.200000 -1.2031099363596365e-02 
30.400000 -1.3399756420260922e-02 
30.600000 -1.4675124472347090e-02 
30.800000 -1.5859216151852262e-02 
31.000000 -1.6954331835499215e-02 
31.200000 -1.7963017922433377e-02 
31.400000 -1.8888026539430447e-02 
31.600000 -1.9732277123323150e-02 
31.800000 -2.0498820236246051e-02 
32.000000 -2.1190803880212328e-02 
32.200000 -2.1811442493808841e-02 
32.400000 -2.2363988738100193e-02 
32.600000 -2.2851708111841451e-02 
32.800000 -2.3277856378242645e-02 
33.000000 -2.3645659737054903e-02 
33.200000 -2.3958297636941905e-02 
33.400000 -2.4218888092219837e-02 
33.600000 -2.4430475346016722e-02 
33.800000 -2.4596019706620731e-02 
34.000000 -2.4718389374777272e-02 
34.200000 -2.4800354076348563e-02 
34.400000 -2.4844580315739329e-02 
34.600000 -2.4853628069977318e-02 
34.800000 -2.4829948750781872e-02 
35.000000 -2.4775884271588389e-02 
35.200000 -2.4693667067222591e-02 
35.400000 -2.4585420925816448e-02 
35.600000 -2.4453162504821102e-02 
35.800000 -2.4298803415094772e-02 
36.000000 -2.4124152769068152e-02 
36.200000 -2.3930920100368402e-02 
36.400000 -2.3720718573195798e-02 
36.600000 -2.3495068409662700e-02 
36.800000 -2.3255400472543264e-02 
37.000000 -2.3003059949597116e-02 
37.200000 -2.2739310092728504e-02 
37.400000 -2.2465335972720102e-02 
37.600000 -2.2182248216190081e-02 
37.800000 -2.1891086696644524e-02 
38.000000 -2.1592824156965951e-02 
38.200000 -2.1288369744484670e-02 
38.400000 -2.0978572443862975e-02 
38.600000 -2.0664224396209852e-02 
38.800000 -2.0346064095895289e-02 
39.000000 -2.0024779458792219e-02 
39.200000 -1.9701010758255089e-02 
39.400000 -1.9375353426545061e-02 
39.600000 -1.9048360721380386e-02 
39.800000 -1.8720546258323645e-02 
40.000000 -1.8392386411136052e-02 
40.200000 -1.8064322582781289e-02 
40.400000 -1.7736763350758855e-02 
40.600000 -1.7410086491000010e-02 
40.800000 -1.7084640884702240e-02 
41.000000 -1.6760748313241230e-02 
41.200000 -1.6438705146075566e-02 
41.400000 -1.6118783926959424e-02 
41.600000 -1.5801234863604297e-02 
41.800000 -1.5486287226097128e-02 
42.000000 -1.5174150659097885e-02 
42.200000 -1.4865016412913268e-02 
42.400000 -1.4559058498158972e-02 
42.600000 -1.4256434768840864e-02 
42.800000 -1.3957287938117485e-02 
43.000000 -1.3661746531148267e-02 
43.200000 -1.3369925779006919e-02 
43.400000 -1.3081928457449515e-02 
43.600000 -1.2797845674160646e-02 
43.800000 -1.2517757607818786e-02 
44.000000 -1.2241734202226434e-02 
44.200000 -1.1969835818346819e-02 
44.400000 -1.1702113847114531e-02 
44.600000 -1.1438611285596978e-02 
44.800000 -1.1179363278760596e-02 
45.000000 -1.0924397629366867e-02 
45.200000 -1.0673735277762275e-02 
45.400000 -1.0427390753689619e-02 
45.600000 -1.0185372601917042e-02 
45.800000 -9.9476837831632969e-03 
46.000000 -9.7143220521772322e-03 
46.200000 -9.4852803140517694e-03 
46.400000 -9.2605469603947443e-03 
46.600000 -9.0401061864328613e-03 
46.800000 -8.8239382902417229e-03 
47.000000 -8.6120199551988352e-03 
47.200000 -8.4043245165338065e-03 
47.400000 -8.2008222130963010e-03 
47.600000 -8.0014804249821936e-03 
47.800000 -7.8062638979977950e-03 
48.000000 -7.6151349555555609e-03 
48.200000 -7.4280536988586554e-03 
48.400000 -7.2449781958468101e-03 
48.600000 -7.0658646596920144e-03 
48.800000 -6.8906676172090092e-03 
49.000000 -6.7193400679685794e-03 
49.200000 -6.5518336343831918e-03 
49.400000 -6.3880987033021891e-03 
49.600000 -6.2280845597004336e-03 
49.800000 -6.0717395126588386e-03 
50.000000 -5.9190110141800201e-03 
50.200000 -5.7698457711519435e-03 
50.400000 -5.6241898507956162e-03 
50.600000 -5.4819887800373612e-03 
50.800000 -5.3431876389162108e-03 
51.000000 -5.2077311485275030e-03 
51.200000 -5.0755637536651632e-03 
51.400000 -4.9466297004617243e-03 
51.600000 -4.8208731092906631e-03 
51.800000 -4.6982380431113413e-03 
52.000000 -4.5786685715929337e-03 
52.200000 -4.4621088311293383e-03 
52.400000 -4.3485030809983505e-03 
52.600000 -4.2377957558331208e-03 
52.800000 -4.1299315146557519e-03 
53.000000 -4.0248552865572301e-03 
53.200000 -3.9225123132585471e-03 
53.400000 -3.8228481886682791e-03 
53.600000 -3.7258088956954039e-03 
53.800000 -3.6313408402537106e-03 
54.000000 -3.5393908827641568e-03 
54.200000 -3.4499063673475161e-03 
54.400000 -3.3628351485476965e-03 
54.600000 -3.2781256160254735e-03 
54.800000 -3.1957267171052808e-03 
55.000000 -3.1155879774264969e-03 
55.200000 -3.0376595197155465e-03 
55.400000 -2.9618920808480789e-03 
55.600000 -2.8882370271495206e-03 
55.800000 -2.8166463682445242e-03 
56.000000 -2.7470727693669553e-03 
56.200000 -2.6794695622502016e-03 
56.400000 -2.6137907546971359e-03 
56.600000 -2.5499910389086070e-03 
56.800000 -2.4880257986127155e-03 
57.000000 -2.4278511150414434e-03 
57.200000 -2.3694237718977912e-03 
57.400000 -2.3127012592760662e-03 
57.600000 -2.2576417766682066e-03 
57.800000 -2.2042042350386357e-03 
58.000000 -2.1523482581143061e-03 
58.200000 -2.1020341828160011e-03 
58.400000 -2.0532230590096234e-03 
58.600000 -2.0058766485009788e-03 
58.800000 -1.9599574234013678e-03 
59.000000 -1.9154285638478818e-03 
59.200000 -1.8722539552055717e-03 
59.400000 -1.8303981846169298e-03 
59.600000 -1.7898265371491390e-03 
59.800000 -1.7505049913549078e-03 
60.000000 -1.7124002145307293e-03 
60.200000 -1.6754795573693249e-03 
60.400000 -1.6397110483964694e-03 
60.600000 -1.6050633879665030e-03 
60.800000 -1.5715059418933142e-03 
61.000000 -1.5390087348485654e-03 
61.200000 -1.5075424433891246e-03 
61.400000 -1.4770783888150354e-03 
61.600000 -1.4475885296578034e-03 
61.800000 -1.4190454540808292e-03 
62.000000 -1.3914223719786595e-03 
62.200000 -1.3646931069195012e-03 
62.400000 -1.3388320879449342e-03 
62.600000 -1.3138143411753553e-03 
62.800000 -1.2896154813295049e-03 
63.000000 -1.2662117030700776e-03 
63.200000 -1.2435797723000103e-03 
63.400000 -1.2216970173225886e-03 
63.600000 -1.2005413199460482e-03 
63.800000 -1.1800911065574862e-03 
64.000000 -1.1603253390331525e-03 
64.200000 -1.1412235057739403e-03 
64.400000 -1.1227656125507787e-03 
64.600000 -1.1049321734543163e-03 
64.800000 -1.0877042017546634e-03 
65.000000 -1.0710632007753032e-03 
65.200000 -1.0549911548363156e-03 
65.400000 -1.0394705201451984e-03 
65.600000 -1.0244842157308906e-03 
65.800000 -1.0100156144376149e-03 
66.000000 -9.9604853391907500e-04 
66.200000 -9.8256722775926647e-04 
66.400000 -9.6955637647708204e-04 
66.600000 -9.5700107885704488e-04 
66.800000 -9.4488684304692983e-04 
67.000000 -9.3319957798361497e-04 
67.200000 -9.2192558471185931e-04 
67.400000 -9.1105154790901283e-04 
67.600000 -9.0056452739677162e-04 
67.800000 -8.9045194980352099e-04 
68.000000 -8.8070160032471811e-04 
68.200000 -8.7130161451094701e-04 
68.400000 -8.6224047026705469e-04 
68.600000 -8.5350697980906415e-04 
68.800000 -8.4509028186425389e-04 
69.000000 -8.3697983391735342e-04 
69.200000 -8.2916540451698911e-04 
69.400000 -8.2163706580976048e-04 
69.600000 -8.1438518606025828e-04 
69.800000 -8.0740042239609011e-04 
70.000000 -8.0067371360036804e-04 
70.200000 -7.9419627303385643e-04 
70.400000 -7.8795958168006303e-04 
70.600000 -7.8195538134893938e-04 
70.800000 -7.7617566789264097e-04 
71.000000 -7.7061268466326049e-04 
71.200000 -7.6525891602763352e-04 
71.400000 -7.6010708098753904e-04 
71.600000 -7.5515012697510014e-04 
71.800000 -7.5038122371141186e-04 
72.000000 -7.4579375721682550e-04 
72.200000 -7.4138132394346856e-04 
72.400000 -7.3713772499426483e-04 
72.600000 -7.3305696050569163e-04 
72.800000 -7.2913322411855691e-04 
73.000000 -7.2536089755867450e-04 
73.200000 -7.2173454535120335e-04 
73.400000 -7.1824890966493138e-04 
73.600000 -7.1489890522317967e-04 
73.800000 -7.1167961435574661e-04 
74.000000 -7.0858628219346714e-04 
74.200000 -7.0561431190272611e-04 
74.400000 -7.0275926007713069e-04 
74.600000 -7.0001683226619815e-04 
74.800000 -6.9738287851325853e-04 
75.000000 -6.9485338908919364e-04 
75.200000 -6.9242449031028941e-04 
75.400000 -6.9009244042476242e-04 
75.600000 -6.8785362560994101e-04 
75.800000 -6.8570455612342734e-04 
76.000000 -6.8364186247159980e-04 
76.200000 -6.8166229173326903e-04 
76.400000 -6.7976270394604077e-04 
76.600000 -6.7794006859648454e-04 
76.800000 -6.7619146118862855e-04 
77.000000 -6.7451405997266678e-04 
77.200000 -6.7290514261798828e-04 
77.400000 -6.7136208313333529e-04 
77.600000 -6.6988234875801217e-04 
77.800000 -6.6846349697291529e-04 
78.000000 -6.6710317262916319e-04 
78.200000 -6.6579910508999390e-04 
78.400000 -6.6454910551121127e-04 
78.600000 -6.6335106413575179e-04 
78.800000 -6.6220294774604893e-04 
79.000000 -6.6110279714198111e-04 
79.200000 -6.6004872460808522e-04 
79.400000 -6.5903891164932615e-04 
79.600000 -6.5807160661979919e-04 
79.800000 -6.5714512249617774e-04 
80.000000 -6.5625783468219179e-04 
80.200000 -6.5540817892957570e-04 
80.400000 -6.5459464927335870e-04 
80.600000 -6.5381579602145218e-04 
80.800000 -6.5307022387308539e-04 
81.000000 -6.5235659000073554e-04 
81.200000 -6.5167360227177257e-04 
81.400000 -6.5102001749226673e-04 
81.600000 -6.5039463966375805e-04 
81.800000 -6.4979631836661195e-04 
82.000000 -6.4922394716291493e-04 
82.200000 -6.4867646203710383e-04 
82.400000 -6.4815283987566807e-04 
82.600000 -6.4765209706312693e-04 
82.800000 -6.4717328803384072e-04 
83.000000 -6.4671550390664467e-04 
83.200000 -6.4627787120334623e-04 
83.400000 -6.4585955055048577e-04 
83.600000 -6.4545973544957724e-04 
83.800000 -6.4507765105921433e-04 
84.000000 -6.4471255309255654e-04 
84.200000 -6.4436372665341302e-04 
84.400000 -6.4403048518825445e-04 
84.600000 -6.4371216940075499e-04 
84.800000 -6.4340814631461130e-04 
85.000000 -6.4311780820877629e-04 
85.200000 -6.4284057175767462e-04 
85.400000 -6.4257587706677277e-04 
85.600000 -6.4232318680948475e-04 
85.800000 -6.4208198540497557e-04 
86.000000 -6.4185177813030903e-04 
86.200000 -6.4163209042403246e-04 
86.400000 -6.4142246704398942e-04 
86.600000 -6.4122247134825588e-04 
86.800000 -6.4103168461406707e-04 
87.000000 -6.4084970530361302e-04 
87.200000 -6.4067614845419313e-04 
87.400000 -6.4051064500624671e-04 
87.600000 -6.4035284117858193e-04 
87.800000 -6.4020239788729200e-04 
88.000000 -6.4005899020783130e-04 
88.200000 -6.3992230675034151e-04 
88.400000 -6.3979204916760068e-04 
88.600000 -6.3966793167168773e-04 
88.800000 -6.3954968048308275e-04 
89.000000 -6.3943703335887087e-04 
89.200000 -6.3932973921977665e-04 
89.400000 -6.3922755757894051e-04 
89.600000 -6.3913025819972019e-04 
89.800000 -6.3903762066853942e-04 
90.000000 -6.3894943400783638e-04 
90.200000 -6.3886549626140932e-04 
90.400000 -6.3878561417023139e-04 
90.600000 -6.3870960278515632e-04 
90.800000 -6.3863728518605972e-04 
91.000000 -6.3856849207147987e-04 
91.200000 -6.3850306151530534e-04 
91.400000 -6.3844083864111889e-04 
91.600000 -6.3838167531046069e-04 
91.800000 -6.3832542988902924e-04 
92.000000 -6.3827196695270816e-04 
92.200000 -6.3822115700681858e-04 
92.400000 -6.3817287630445890e-04 
92.600000 -6.3812700652831483e-04 
92.800000 -6.3808343463393064e-04 
93.000000 -6.3804205257347174e-04 
93.200000 -6.3800275712672105e-04 
93.400000 -6.3796544967607838e-04 
93.600000 -6.3793003599804665e-04 
93.800000 -6.3789642612700759e-04 
94.000000 -6.3786453410887012e-04 
94.200000 -6.3783427790570918e-04 
94.400000 -6.3780557914947661e-04 
94.600000 -6.3777836302850166e-04 
94.800000 -6.3775255814147586e-04 
95.000000 -6.3772809635018884e-04 
95.200000 -6.3770491258084011e-04 
95.400000 -6.3768294477846432e-04 
95.600000 -6.3766213371384273e-04 
95.800000 -6.3764242288646272e-04 
96.000000 -6.3762375840761831e-04 
96.200000 -6.3760608886726661e-04 
96.400000 -6.3758936524138665e-04 
96.600000 -6.3757354078976258e-04 
96.800000 -6.3755857093725915e-04 
97.000000 -6.3754441318907701e-04 
97.200000 -6.3753102706073927e-04 
97.400000 -6.3751837393311722e-04 
97.600000 -6.3750641703168992e-04 
97.800000 -6.3749512129702285e-04 
98.000000 -6.3748445334572273e-04 
98.200000 -6.3747438136002588e-04 
98.400000 -6.3746487505239591e-04 
98.600000 -6.3745590555025489e-04 
98.800000 -6.3744744539338816e-04 
99.000000 -6.3743946840806587e-04 
99.200000 -6.3743194970165840e-04 
99.400000 -6.3742486556420813e-04 
99.600000 -6.3741819343362399e-04 
99.800000 -6.3741191183323137e-04 
100.000000 -6.3740600036439610e-04 
100.200000 -6.3740043957859899e-04 
100.400000 -6.3739521100113911e-04 
100.600000 -6.3739029703434313e-04 
100.800000 -6.3738568099629134e-04 
101.000000 -6.3738134696782189e-04 
101.200000 -6.3737727984972126e-04 
101.400000 -6.3737346528885963e-04 
101.600000 -6.3736988963393471e-04 
101.800000 -6.3736653992723519e-04 
102.000000 -6.3736340383993562e-04 
102.200000 -6.3736046967469845e-04 
102.400000 -6.3735772632349252e-04 
102.600000 -6.3735516322949853e-04 
102.800000 -6.3735277037930277e-04 
103.000000 -6.3735053826001475e-04 
103.200000 -6.3734845784341881e-04 
103.400000 -6.3734652057785557e-04 
103.600000 -6.3734471831990852e-04 
103.800000 -6.3734304337358105e-04 
104.000000 -6.3734148841910337e-04 
104.200000 -6.3734004653458881e-04 
104.400000 -6.3733871114694807e-04 
104.600000 -6.3733747602370827e-04 
104.800000 -6.3733633525936417e-04 
105.000000 -6.3733528327138134e-04 
105.200000 -6.3733431475968688e-04 
105.400000 -6.3733342470238125e-04 
105.600000 -6.3733260835750066e-04 
105.800000 -6.3733186121162078e-04 
106.000000 -6.3733117902665254e-04 
106.200000 -6.3733055777728115e-04 
106.400000 -6.3732999363783072e-04 
106.600000 -6.3732948301552933e-04 
106.800000 -6.3732902250503848e-04 
107.000000 -6.3732860888252030e-04 
107.200000 -6.3732823910559594e-04 
107.400000 -6.3732791030591401e-04 
107.600000 -6.3732761976585672e-04 
107.800000 -6.3732736491907416e-04 
108.000000 -6.3732714335310026e-04 
108.200000 -6.3732695278628099e-04 
108.400000 -6.3732679105702600e-04 
108.600000 -6.3732665614604084e-04 
108.800000 -6.3732654612413953e-04 
109.000000 -6.3732645920305114e-04 
109.200000 -6.3732639367417021e-04 
109.400000 -6.3732634792879744e-04 
109.600000 -6.3732632049781635e-04 
109.800000 -6.3732630992457268e-04 
110.000000 -6.3732631490086983e-04 
110.200000 -6.3732633417110801e-04 
110.400000 -6.3732636655591812e-04 
110.600000 -6.3732641094980252e-04 
110.800000 -6.3732646630533518e-04 
111.000000 -6.3732653167380277e-04 
111.200000 -6.3732660612939723e-04 
111.400000 -6.3732668880629034e-04 
111.600000 -6.3732677892133077e-04 
111.800000 -6.3732687572528451e-04 
112.000000 -6.3732697850479164e-04 
112.200000 -6.3732708661808080e-04 
112.400000 -6.3732719944144256e-04 
112.600000 -6.3732731641676088e-04 
112.800000 -6.3732743699981137e-04 
113.000000 -6.3732756070286611e-04 
113.200000 -6.3732768705769549e-04 
113.400000 -6.3732781563743263e-04 
113.600000 -6.3732794604954429e-04 
113.800000 -6.3732807791493790e-04 
114.000000 -6.3732821089252517e-04 
114.200000 -6.3732834467401106e-04 
114.400000 -6.3732847895831002e-04 
114.600000 -6.3732861347236269e-04 
114.800000 -6.3732874796432887e-04 
115.000000 -6.3732888221430806e-04 
115.200000 -6.3732901600074832e-04 
115.400000 -6.3732914915086425e-04 
115.600000 -6.3732928145977114e-04 
115.800000 -6.3732941278651922e-04 
116.000000 -6.3732954297517075e-04 
116.200000 -6.3732967190025663e-04 
116.400000 -6.3732979943278978e-04 
116.600000 -6.3732992547561179e-04 
116.800000 -6.3733004990922104e-04 
117.000000 -6.3733017267728759e-04 
117.200000 -6.3733029368576166e-04 
117.400000 -6.3733041286362369e-04 
117.600000 -6.3733053016829661e-04 
117.800000 -6.3733064553500585e-04 
118.000000 -6.3733075891874574e-04 
118.200000 -6.3733087029567426e-04 
118.400000 -6.3733097962050816e-04 
118.600000 -6.3733108687732271e-04 
118.800000 -6.3733119203659289e-04 
119.000000 -6.3733129510642333e-04 
119.200000 -6.3733139605671313e-04 
119.400000 -6.3733149489555302e-04 
119.600000 -6.3733159160574843e-04 
119.800000 -6.3733168620949687e-04 
120.000000 -6.3733177869994273e-04 
120.200000 -6.3733186909453732e-04 
120.400000 -6.3733195739856113e-04 
120.600000 -6.3733204363143614e-04 
120.800000 -6.3733212781196674e-04 
121.000000 -6.3733220994915268e-04 
121.200000 -6.3733229008071379e-04 
121.400000 -6.3733236821167383e-04 
121.600000 -6.3733244437830933e-04 
121.800000 -6.3733251860324108e-04 
122.000000 -6.3733259091128258e-04 
122.200000 -6.3733266133313843e-04 
122.400000 -6.3733272990298268e-04 
122.600000 -6.3733279663942544e-04 
122.800000 -6.3733286159119856e-04 
123.000000 -6.3733292477140963e-04 
123.200000 -6.3733298622038054e-04 
123.400000 -6.3733304597247964e-04 
123.600000 -6.3733310405213184e-04 
123.800000 -6.3733316050013089e-04 
124.000000 -6.3733321535283660e-04 
124.200000 -6.3733326863112810e-04 
124.400000 -6.3733332038400786e-04 
124.600000 -6.3733337062350792e-04 
124.800000 -6.3733341940466759e-04 
125.000000 -6.3733346674963581e-04 
125.200000 -6.3733351269353727e-04 
125.400000 -6.3733355726282997e-04 
125.600000 -6.3733360050087506e-04 
125.800000 -6.3733364242812840e-04 
126.000000 -6.3733368309326632e-04 
126.200000 -6.3733372251009029e-04 
126.400000 -6.3733376071616055e-04 
126.600000 -6.3733379774425641e-04 
126.800000 -6.3733383361893464e-04 
127.000000 -6.3733386838472905e-04 
127.200000 -6.3733390204741280e-04 
127.400000 -6.3733393465937455e-04 
127.600000 -6.3733396623424227e-04 
127.800000 -6.3733399680421937e-04 
128.000000 -6.3733402639786635e-04 
128.200000 -6.3733405503758195e-04 
128.400000 -6.3733408275491732e-04 
128.600000 -6.3733410957685088e-04 
128.800000 -6.3733413553028473e-04 
129.000000 -6.3733416062404513e-04 
129.200000 -6.3733418489265309e-04 
129.400000 -6.3733420837538968e-04 
129.600000 -6.3733423107206755e-04 
129.800000 -6.3733425301681218e-04 
130.000000 -6.3733427422750510e-04 
130.200000 -6.3733429473884773e-04 
130.400000 -6.3733431455136741e-04 
130.600000 -6.3733433369907166e-04 
130.800000 -6.3733435219705259e-04 
131.000000 -6.3733437006648075e-04 
131.200000 -6.3733438733602071e-04 
131.400000 -6.3733440400196711e-04 
131.600000 -6.3733442010566188e-04 
131.800000 -6.3733443564691766e-04 
132.000000 -6.3733445066451594e-04 
132.200000 -6.3733446515274600e-04 
132.400000 -6.3733447913794788e-04 
132.600000 -6.3733449263771169e-04 
132.800000 -6.3733450566321598e-04 
133.000000 -6.3733451823150961e-04 
133.200000 -6.3733453037236737e-04 
133.400000 -6.3733454206959389e-04 
133.600000 -6.3733455335439337e-04 
133.800000 -6.3733456424288487e-04 
134.000000 -6.3733457473361815e-04 
134.200000 -6.3733458486944783e-04 
134.400000 -6.3733459462785719e-04 
134.600000 -6.3733460404150066e-04 
134.800000 -6.3733461311625550e-04 
135.000000 -6.3733462186486844e-04 
135.200000 -6.3733463029307796e-04 
135.400000 -6.3733463841638555e-04 
135.600000 -6.3733464624819713e-04 
135.800000 -6.3733465379062215e-04 
136.000000 -6.3733466105719144e-04 
136.200000 -6.3733466805918765e-04 
136.400000 -6.3733467480585337e-04 
136.600000 -6.3733468130497406e-04 
136.800000 -6.3733468755795136e-04 
137.000000 -6.3733469358407541e-04 
137.200000 -6.3733469938041798e-04 
137.400000 -6.3733470496944722e-04 
137.600000 -6.3733471034742306e-04 
137.800000 -6.3733471552206850e-04 
138.000000 -6.3733472050377799e-04 
138.200000 -6.3733472529891450e-04 
138.400000 -6.3733472991347323e-04 
138.600000 -6.3733473435304694e-04 
138.800000 -6.3733473862728762e-04 
139.000000 -6.3733474273693080e-04 
139.200000 -6.3733474668525858e-04 
139.400000 -6.3733475048044497e-04 
139.600000 -6.3733475414102375e-04 
139.800000 -6.3733475765690578e-04 
140.000000 -6.3733476104259335e-04 
140.200000 -6.3733476428813607e-04 
140.400000 -6.3733476741173467e-04 
140.600000 -6.3733477041347936e-04 
140.800000 -6.3733477330330662e-04 
141.000000 -6.3733477606910116e-04 
141.200000 -6.3733477874326760e-04 
141.400000 -6.3733478129737037e-04 
141.600000 -6.3733478375770092e-04 
141.800000 -6.3733478612199718e-04 
142.000000 -6.3733478838041285e-04 
142.200000 -6.3733479056653913e-04 
142.400000 -6.3733479265521559e-04 
142.600000 -6.3733479465968162e-04 
142.800000 -6.3733479658106135e-04 
143.000000 -6.3733479842523894e-04 
143.200000 -6.3733480020072841e-04 
143.400000 -6.3733480189671898e-04 
143.600000 -6.3733480352445859e-04 
143.800000 -6.3733480508628565e-04 
144.000000 -6.3733480658418468e-04 
144.200000 -6.3733480801488052e-04 
144.400000 -6.3733480938402143e-04 
144.600000 -6.3733481070469417e-04 
144.800000 -6.3733481196310421e-04 
145.000000 -6.3733481316598228e-04 
145.200000 -6.3733481431820643e-04 
145.400000 -6.3733481540970138e-04 
145.600000 -6.3733481646387896e-04 
145.800000 -6.3733481746817283e-04 
146.000000 -6.3733481842450507e-04 
146.200000 -6.3733481933549163e-04 
146.400000 -6.3733482020943838e-04 
146.600000 -6.3733482104624817e-04 
146.800000 -6.3733482184460954e-04 
147.000000 -6.3733482259341334e-04 
147.200000 -6.3733482330922964e-04 
147.400000 -6.3733482398441871e-04 
147.600000 -6.3733482462546148e-04 
147.800000 -6.3733482521540624e-04 
148.000000 -6.3733482578329226e-04 
148.200000 -6.3733482632898769e-04 
148.400000 -6.3733482686942344e-04 
148.600000 -6.3733482737285407e-04 
148.800000 -6.3733482782567935e-04 
149.000000 -6.3733482822821846e-04 
149.200000 -6.3733482859949786e-04 
149.400000 -6.3733482894144655e-04 
149.600000 -6.3733482925756174e-04 
149.800000 -6.3733482954030085e-04 
