0.000000 4.7680886821451400e-03 
0.200000 4.7681631324255442e-03 
0.400000 4.7685783961418406e-03 
0.600000 4.7697000234253823e-03 
0.800000 4.7718497220672253e-03 
1.000000 4.7753107183639114e-03 
1.200000 4.7803293175581385e-03 
1.400000 4.7871224708087752e-03 
1.600000 4.7958852356735655e-03 
1.800000 4.8067946357155970e-03 
2.000000 4.8200151438913975e-03 
2.200000 4.8356982409612070e-03 
2.400000 4.8539871813601714e-03 
2.600000 4.8750166093258799e-03 
2.800000 4.8989131183123716e-03 
3.000000 4.9257985850032025e-03 
3.200000 4.9557928803032128e-03 
3.400000 4.9890168929458238e-03 
3.600000 5.0255926288284561e-03 
3.800000 5.0656346271518542e-03 
4.000000 5.1092579368819356e-03 
4.200000 5.1565803036892335e-03 
4.400000 5.2077222954206061e-03 
4.600000 5.2628086827545594e-03 
4.800000 5.3219688272357520e-03 
5.000000 5.3853385777819776e-03 
5.200000 5.4530603723306663e-03 
5.400000 5.5252841381155026e-03 
5.600000 5.6021676743677126e-03 
5.800000 5.6838781203134682e-03 
6.000000 5.7705921878199833e-03 
6.200000 5.8624971020104491e-03 
6.400000 5.9597908468880393e-03 
6.600000 6.0626830913799558e-03 
6.800000 6.1713962885080334e-03 
7.000000 6.2861664403293287e-03 
7.200000 6.4072441852067227e-03 
7.400000 6.5348956802952106e-03 
7.600000 6.6694039298260208e-03 
7.800000 6.8110697684477511e-03 
8.000000 6.9602130704635281e-03 
8.200000 7.1171739285070092e-03 
8.400000 7.2823141349523911e-03 
8.600000 7.4560184983939546e-03 
8.800000 7.6386963711219079e-03 
9.000000 7.8307831649581158e-03 
9.200000 8.0327421108951965e-03 
9.400000 8.2450661137962768e-03 
9.600000 8.4682796671270971e-03 
9.800000 8.7029409489483272e-03 
10.000000 8.9496439944834073e-03 
10.200000 9.2090210987555814e-03 
10.400000 9.4817453148090102e-03 
10.600000 9.7685331586996431e-03 
10.800000 1.0070147455011846e-02 
11.000000 1.0387400407251680e-02 
11.200000 1.0721156848654059e-02 
11.400000 1.1072337680919224e-02 
11.600000 1.1441923513893620e-02 
11.800000 1.1830958553029770e-02 
12.000000 1.2240554712314302e-02 
12.200000 1.2671895953932283e-02 
12.400000 1.3126242887041796e-02 
12.600000 1.3604937614112104e-02 
12.800000 1.4109408853479166e-02 
13.000000 1.4641177313241516e-02 
13.200000 1.5201861341501234e-02 
13.400000 1.5793182838005508e-02 
13.600000 1.6416973437845428e-02 
13.800000 1.7075180950805516e-02 
14.000000 1.7769876041941048e-02 
14.200000 1.8503259146361101e-02 
14.400000 1.9277667587888164e-02 
14.600000 2.0095582882873952e-02 
14.800000 2.0959638181354035e-02 
15.000000 2.1872625808663858e-02 
15.200000 2.2837504847766515e-02 
15.400000 2.3857408699849769e-02 
15.600000 2.4935652537568100e-02 
15.800000 2.6075740561058516e-02 
16.000000 2.7281372943999002e-02 
16.200000 2.8556452344760990e-02 
16.400000 2.9905089834731415e-02 
16.600000 3.1331610076690233e-02 
16.800000 3.2840555567452238e-02 
17.000000 3.4436689733305936e-02 
17.200000 3.6124998647276661e-02 
17.400000 3.7910691110928880e-02 
17.600000 3.9799196824152290e-02 
17.800000 4.1796162343705374e-02 
18.000000 4.3907444513268890e-02 
18.200000 4.6139101030680897e-02 
18.400000 4.8497377808199016e-02 
18.600000 5.0988692774908619e-02 
18.800000 5.3619615772904701e-02 
19.000000 5.6396844208753370e-02 
19.200000 5.9327174142893083e-02 
19.400000 6.2417466533582260e-02 
19.600000 6.5674608398400447e-02 
19.800000 6.9105468719451085e-02 
20.000000 7.2716848996603439e-02 
20.200000 7.6515428449767997e-02 
20.400000 8.0507703984448384e-02 
20.600000 8.4699925165465470e-02 
20.800000 8.9098024589845920e-02 
21.000000 9.3707544210157451e-02 
21.200000 9.8533558329915935e-02 
21.400000 1.0358059416975693e-01 
21.600000 1.0885255108101714e-01 
21.800000 1.1435261965624829e-01 
22.000000 1.2008320214682147e-01 
22.200000 1.2604583573778055e-01 
22.400000 1.3224112034169250e-01 
22.600000 1.3866865264734762e-01 
22.800000 1.4532696818819663e-01 
23.000000 1.5221349317179364e-01 
23.200000 1.5932450772976667e-01 
23.400000 1.6665512210418759e-01 
23.600000 1.7419926707966440e-01 
23.800000 1.8194969970311134e-01 
24.000000 1.8989802501008043e-01 
24.200000 1.9803473410680841e-01 
24.400000 2.0634925855239758e-01 
24.600000 2.1483004056088562e-01 
24.800000 2.2346461811492194e-01 
25.000000 2.3223972366957998e-01 
25.200000 2.4114139474440982e-01 
25.400000 2.5015509437121042e-01 
25.600000 2.5926583909893164e-01 
25.800000 2.6845833206709702e-01 
26.000000 2.7771709855290277e-01 
26.200000 2.8702662137778945e-01 
26.400000 2.9637147362570399e-01 
26.600000 3.0573644627170815e-01 
26.800000 3.1510666853702735e-01 
27.000000 3.2446771906253924e-01 
27.200000 3.3380572631304989e-01 
27.400000 3.4310745697386713e-01 
27.600000 3.5236039146396092e-01 
27.800000 3.6155278605150093e-01 
28.000000 3.7067372140478649e-01 
28.200000 3.7971313773328647e-01 
28.400000 3.8866185696084837e-01 
28.600000 3.9751159261995217e-01 
28.800000 4.0625494835812387e-01 
29.000000 4.1488540610396996e-01 
29.200000 4.2339730505102785e-01 
29.400000 4.3178581268513566e-01 
29.600000 4.4004688910872342e-01 
29.800000 4.4817724590790803e-01 
30.000000 4.5617430077071441e-01 
30.200000 4.6403612900241820e-01 
30.400000 4.7176141300269542e-01 
30.600000 4.7934939067377280e-01 
30.800000 4.8679980362445374e-01 
31.000000 4.9411284592567251e-01 
31.200000 5.0128911406309828e-01 
31.400000 5.0832955862433782e-01 
31.600000 5.1523543815490780e-01 
31.800000 5.2200827552032336e-01 
32.000000 5.2864981702272162e-01 
32.200000 5.3516199444018453e-01 
32.400000 5.4154689008594314e-01 
32.600000 5.4780670492288641e-01 
32.800000 5.5394372971611550e-01 
33.000000 5.5996031916245215e-01 
33.200000 5.6585886889992421e-01 
33.400000 5.7164179527211945e-01 
33.600000 5.7731151770078104e-01 
33.800000 5.8287044350455863e-01 
34.000000 5.8832095499175874e-01 
34.200000 5.9366539864930157e-01 
34.400000 5.9890607624826064e-01 
34.600000 6.0404523768789020e-01 
34.800000 6.0908507540398671e-01 
35.000000 6.1402772017347407e-01 
35.200000 6.1887523815480927e-01 
35.400000 6.2362962901253971e-01 
35.600000 6.2829282498396855e-01 
35.800000 6.3286669075599267e-01 
36.000000 6.3735302403050331e-01 
36.200000 6.4175355666713563e-01 
36.400000 6.4606995630234432e-01 
36.600000 6.5030382835379841e-01 
36.800000 6.5445671832860131e-01 
37.000000 6.5853011436293818e-01 
37.200000 6.6252544992940376e-01 
37.400000 6.6644410665616183e-01 
37.600000 6.7028741720955964e-01 
37.800000 6.7405666819872845e-01 
38.000000 6.7775310306678005e-01 
38.200000 6.8137792493901994e-01 
38.400000 6.8493229940362077e-01 
38.600000 6.8841735720483843e-01 
38.800000 6.9183419683282810e-01 
39.000000 6.9518388699785416e-01 
39.200000 6.9846746897971135e-01 
39.400000 7.0168595884604501e-01 
39.600000 7.0484034953556296e-01 
39.800000 7.0793161280423256e-01 
40.000000 7.1096070103426079e-01 
40.200000 7.1392854890713786e-01 
40.400000 7.1683607494325396e-01 
40.600000 7.1968418291153569e-01 
40.800000 7.2247376311347078e-01 
41.000000 7.2520569354636377e-01 
41.200000 7.2788084095128580e-01 
41.400000 7.3050006175145721e-01 
41.600000 7.3306420288706498e-01 
41.800000 7.3557410255263667e-01 
42.000000 7.3803059084319045e-01 
42.200000 7.4043449031531838e-01 
42.400000 7.4278661646935340e-01 
42.600000 7.4508777815855420e-01 
42.800000 7.4733877793122638e-01 
43.000000 7.4954041231134316e-01 
43.200000 7.5169347202315495e-01 
43.400000 7.5379874216495857e-01 
43.600000 7.5585700233698383e-01 
43.800000 7.5786902672808787e-01 
44.000000 7.5983558416569141e-01 
44.200000 7.6175743813312291e-01 
44.400000 7.6363534675828681e-01 
44.600000 7.6547006277727392e-01 
44.800000 7.6726233347634776e-01 
45.000000 7.6901290061540084e-01 
45.200000 7.7072250033582856e-01 
45.400000 7.7239186305546370e-01 
45.600000 7.7402171335302061e-01 
45.800000 7.7561276984432392e-01 
46.000000 7.7716574505229097e-01 
46.200000 7.7868134527259103e-01 
46.400000 7.8016027043658953e-01 
46.600000 7.8160321397309562e-01 
46.800000 7.8301086267025877e-01 
47.000000 7.8438389653879037e-01 
47.200000 7.8572298867757995e-01 
47.400000 7.8702880514259554e-01 
47.600000 7.8830200481992097e-01 
47.800000 7.8954323930357784e-01 
48.000000 7.9075315277876523e-01 
48.200000 7.9193238191097326e-01 
48.400000 7.9308155574144024e-01 
48.600000 7.9420129558922847e-01 
48.800000 7.9529221496024027e-01 
49.000000 7.9635491946333981e-01 
49.200000 7.9739000673372962e-01 
49.400000 7.9839806636369826e-01 
49.600000 7.9937967984074365e-01 
49.800000 8.0033542049310280e-01 
50.000000 8.0126585344263734e-01 
50.200000 8.0217153556502629e-01 
50.400000 8.0305301545714969e-01 
50.600000 8.0391083341151792e-01 
50.800000 8.0474552139769284e-01 
51.000000 8.0555760305040847e-01 
51.200000 8.0634759366432041e-01 
51.400000 8.0711600019513641e-01 
51.600000 8.0786332126693083e-01 
51.800000 8.0859004718545335e-01 
52.000000 8.0929665995718425e-01 
52.200000 8.0998363331391987e-01 
52.400000 8.1065143274267570e-01 
52.600000 8.1130051552065974e-01 
52.800000 8.1193133075508872e-01 
53.000000 8.1254431942761729e-01 
53.200000 8.1313991444315259e-01 
53.400000 8.1371854068282701e-01 
53.600000 8.1428061506088401e-01 
53.800000 8.1482654658529319e-01 
54.000000 8.1535673642186179e-01 
54.200000 8.1587157796157483e-01 
54.400000 8.1637145689107304e-01 
54.600000 8.1685675126594104e-01 
54.800000 8.1732783158670164e-01 
55.000000 8.1778506087725611e-01 
55.200000 8.1822879476564270e-01 
55.400000 8.1865938156687135e-01 
55.600000 8.1907716236774430e-01 
55.800000 8.1948247111339356e-01 
56.000000 8.1987563469545843e-01 
56.200000 8.2025697304170320e-01 
56.400000 8.2062679920693760e-01 
56.600000 8.2098541946509074e-01 
56.800000 8.2133313340231817e-01 
57.000000 8.2167023401098682e-01 
57.200000 8.2199700778442764e-01 
57.400000 8.2231373481233005e-01 
57.600000 8.2262068887665851e-01 
57.800000 8.2291813754800980e-01 
58.000000 8.2320634228224454e-01 
58.200000 8.2348555851738203e-01 
58.400000 8.2375603577057166e-01 
58.600000 8.2401801773512540e-01 
58.800000 8.2427174237748357e-01 
59.000000 8.2451744203405275e-01 
59.200000 8.2475534350782098e-01 
59.400000 8.2498566816471020e-01 
59.600000 8.2520863202956363e-01 
59.800000 8.2542444588173003e-01 
60.000000 8.2563331535015350e-01 
60.200000 8.2583544100796580e-01 
60.400000 8.2603101846646332e-01 
60.600000 8.2622023846845905e-01 
60.800000 8.2640328698096643e-01 
61.000000 8.2658034528713975e-01 
61.200000 8.2675159007745569e-01 
61.400000 8.2691719354009885e-01 
61.600000 8.2707732345049267e-01 
61.800000 8.2723214325997041e-01 
62.000000 8.2738181218353712e-01 
62.200000 8.2752648528670902e-01 
62.400000 8.2766631357137888e-01 
62.600000 8.2780144406072664e-01 
62.800000 8.2793201988310328e-01 
63.000000 8.2805818035490963e-01 
63.200000 8.2818006106242881e-01 
63.400000 8.2829779394260750e-01 
63.600000 8.2841150736276792e-01 
63.800000 8.2852132619922314e-01 
64.000000 8.2862737191483049e-01 
64.200000 8.2872976263540499e-01 
64.400000 8.2882861322504953e-01 
64.600000 8.2892403536035153e-01 
64.800000 8.2901613760346071e-01 
65.000000 8.2910502547404785e-01 
65.200000 8.2919080152010760e-01 
65.400000 8.2927356538765273e-01 
65.600000 8.2935341388926243e-01 
65.800000 8.2943044107149377e-01 
66.000000 8.2950473828116422e-01 
66.200000 8.2957639423049601e-01 
66.400000 8.2964549506114360e-01 
66.600000 8.2971212440706454e-01 
66.800000 8.2977636345631034e-01 
67.000000 8.2983829101165918e-01 
67.200000 8.2989798355016597e-01 
67.400000 8.2995551528158606e-01 
67.600000 8.3001095820570958e-01 
67.800000 8.3006438216860745e-01 
68.000000 8.3011585491777462e-01 
68.200000 8.3016544215622501e-01 
68.400000 8.3021320759548389e-01 
68.600000 8.3025921300756633e-01 
68.800000 8.3030351827586457e-01 
69.000000 8.3034618144501826e-01 
69.200000 8.3038725876976138e-01 
69.400000 8.3042680476274000e-01 
69.600000 8.3046487224133059e-01 
69.800000 8.3050151237345549e-01 
70.000000 8.3053677472242948e-01 
70.200000 8.3057070729081972e-01 
70.400000 8.3060335656336137e-01 
70.600000 8.3063476754890408e-01 
70.800000 8.3066498382145937e-01 
71.000000 8.3069404756028509e-01 
71.200000 8.3072199958908677e-01 
71.400000 8.3074887941432196e-01 
71.600000 8.3077472526260476e-01 
71.800000 8.3079957411726080e-01 
72.000000 8.3082346175400945e-01 
72.200000 8.3084642277580856e-01 
72.400000 8.3086849064686985e-01 
72.600000 8.3088969772585652e-01 
72.800000 8.3091007529826832e-01 
73.000000 8.3092965360805526e-01 
73.200000 8.3094846188843974e-01 
73.400000 8.3096652839196772e-01 
73.600000 8.3098388041983517e-01 
73.800000 8.3100054435045945e-01 
74.000000 8.3101654566732308e-01 
74.200000 8.3103190898612178e-01 
74.400000 8.3104665808121325e-01 
74.600000 8.3106081591136083e-01 
74.800000 8.3107440464483939e-01 
75.000000 8.3108744568386483e-01 
75.200000 8.3109995968836781e-01 
75.400000 8.3111196659916431e-01 
75.600000 8.3112348566048710e-01 
75.800000 8.3113453544190508e-01 
76.000000 8.3114513385967326e-01 
76.200000 8.3115529819746825e-01 
76.400000 8.3116504512658818e-01 
76.600000 8.3117439072556998e-01 
76.800000 8.3118335049927239e-01 
77.000000 8.3119193939741898e-01 
77.200000 8.3120017183263351e-01 
77.400000 8.3120806169794581e-01 
77.600000 8.3121562238381475e-01 
77.800000 8.3122286679466117e-01 
78.000000 8.3122980736491225e-01 
78.200000 8.3123645607460128e-01 
78.400000 8.3124282446449382e-01 
78.600000 8.3124892365079317e-01 
78.800000 8.3125476433937751e-01 
79.000000 8.3126035683965416e-01 
79.200000 8.3126571107798763e-01 
79.400000 8.3127083661070456e-01 
79.600000 8.3127574263673487e-01 
79.800000 8.3128043800986073e-01 
80.000000 8.3128493125058944e-01 
80.200000 8.3128923055766668e-01 
80.400000 8.3129334381922759e-01 
80.600000 8.3129727862362812e-01 
80.800000 8.3130104226989932e-01 
81.000000 8.3130464177791386e-01 
81.200000 8.3130808389821176e-01 
81.400000 8.3131137512151820e-01 
81.600000 8.3131452168796915e-01 
81.800000 8.3131752959603911e-01 
82.000000 8.3132040461116863e-01 
82.200000 8.3132315227414033e-01 
82.400000 8.3132577790916407e-01 
82.600000 8.3132828663170832e-01 
82.800000 8.3133068335606464e-01 
83.000000 8.3133297280269258e-01 
83.200000 8.3133515950528891e-01 
83.400000 8.3133724781763496e-01 
83.600000 8.3133924192022735e-01 
83.800000 8.3134114582668017e-01 
84.000000 8.3134296338990066e-01 
84.200000 8.3134469830807700e-01 
84.400000 8.3134635413044822e-01 
84.600000 8.3134793426288967e-01 
84.800000 8.3134944197328986e-01 
85.000000 8.3135088039676952e-01 
85.200000 8.3135225254069567e-01 
85.400000 8.3135356128953675e-01 
85.600000 8.3135480940954443e-01 
85.800000 8.3135599955327388e-01 
86.000000 8.3135713426394497e-01 
86.200000 8.3135821597964410e-01 
86.400000 8.3135924703739461e-01 
86.600000 8.3136022967706324e-01 
86.800000 8.3136116604513777e-01 
87.000000 8.3136205819837194e-01 
87.200000 8.3136290810728841e-01 
87.400000 8.3136371765956396e-01 
87.600000 8.3136448866330126e-01 
87.800000 8.3136522285016579e-01 
88.000000 8.3136592187839786e-01 
88.200000 8.3136658733575997e-01 
88.400000 8.3136722074232716e-01 
88.600000 8.3136782355319550e-01 
88.800000 8.3136839716109812e-01 
89.000000 8.3136894289890739e-01 
89.200000 8.3136946204204576e-01 
89.400000 8.3136995581082795e-01 
89.600000 8.3137042537268602e-01 
89.800000 8.3137087184432856e-01 
90.000000 8.3137129629380579e-01 
90.200000 8.3137169974251923e-01 
90.400000 8.3137208316712075e-01 
90.600000 8.3137244750137773e-01 
90.800000 8.3137279363791761e-01 
91.000000 8.3137312242996531e-01 
91.200000 8.3137343469296399e-01 
91.400000 8.3137373120614833e-01 
91.600000 8.3137401271407785e-01 
91.800000 8.3137427992806823e-01 
92.000000 8.3137453352760649e-01 
92.200000 8.3137477416169059e-01 
92.400000 8.3137500245011520e-01 
92.600000 8.3137521898471611e-01 
92.800000 8.3137542433055678e-01 
93.000000 8.3137561902707480e-01 
93.200000 8.3137580358917407e-01 
93.400000 8.3137597850827905e-01 
93.600000 8.3137614425335471e-01 
93.800000 8.3137630127185747e-01 
94.000000 8.3137644999068461e-01 
94.200000 8.3137659081705029e-01 
94.400000 8.3137672413935948e-01 
94.600000 8.3137685032801623e-01 
94.800000 8.3137696973621666e-01 
95.000000 8.3137708270069566e-01 
95.200000 8.3137718954247020e-01 
95.400000 8.3137729056751186e-01 
95.600000 8.3137738606742639e-01 
95.800000 8.3137747632008729e-01 
96.000000 8.3137756159024156e-01 
96.200000 8.3137764213010223e-01 
96.400000 8.3137771817990802e-01 
96.600000 8.3137778996845646e-01 
96.800000 8.3137785771362183e-01 
97.000000 8.3137792162284763e-01 
97.200000 8.3137798189361445e-01 
97.400000 8.3137803871389648e-01 
97.600000 8.3137809226259318e-01 
97.800000 8.3137814270993993e-01 
98.000000 8.3137819021790327e-01 
98.200000 8.3137823494056540e-01 
98.400000 8.3137827702448164e-01 
98.600000 8.3137831660902939e-01 
98.800000 8.3137835382673630e-01 
99.000000 8.3137838880360349e-01 
99.200000 8.3137842165940568e-01 
99.400000 8.3137845250797660e-01 
99.600000 8.3137848145749516e-01 
99.800000 8.3137850861074580e-01 
100.000000 8.3137853406536455e-01 
100.200000 8.3137855791409787e-01 
100.400000 8.3137858024501698e-01 
100.600000 8.3137860114175299e-01 
100.800000 8.3137862068369184e-01 
101.000000 8.3137863894619424e-01 
101.200000 8.3137865600077443e-01 
101.400000 8.3137867191528692e-01 
101.600000 8.3137868675410875e-01 
101.800000 8.3137870057829633e-01 
102.000000 8.3137871344575454e-01 
102.200000 8.3137872541138402e-01 
102.400000 8.3137873652723215e-01 
102.600000 8.3137874684262425e-01 
102.800000 8.3137875640430170e-01 
103.000000 8.3137876525654719e-01 
103.200000 8.3137877344130695e-01 
103.400000 8.3137878099829954e-01 
103.600000 8.3137878796514031e-01 
103.800000 8.3137879437742390e-01 
104.000000 8.3137880026884314e-01 
104.200000 8.3137880567127509e-01 
104.400000 8.3137881061487318e-01 
104.600000 8.3137881512815337e-01 
104.800000 8.3137881923807955e-01 
105.000000 8.3137882297013599e-01 
105.200000 8.3137882634840632e-01 
105.400000 8.3137882939564323e-01 
105.600000 8.3137883213333641e-01 
105.800000 8.3137883458177997e-01 
106.000000 8.3137883676012603e-01 
106.200000 8.3137883868644613e-01 
106.400000 8.3137884037779886e-01 
106.600000 8.3137884185026112e-01 
106.800000 8.3137884311899746e-01 
107.000000 8.3137884419829688e-01 
107.200000 8.3137884510162163e-01 
107.400000 8.3137884584165100e-01 
107.600000 8.3137884643032522e-01 
107.800000 8.3137884687887587e-01 
108.000000 8.3137884719787480e-01 
108.200000 8.3137884739725898e-01 
108.400000 8.3137884748637303e-01 
108.600000 8.3137884747399227e-01 
108.800000 8.3137884736836376e-01 
109.000000 8.3137884717722255e-01 
109.200000 8.3137884690783059e-01 
109.400000 8.3137884656699967e-01 
109.600000 8.3137884616110069e-01 
109.800000 8.3137884569612153e-01 
110.000000 8.3137884517765459e-01 
110.200000 8.3137884461093214e-01 
110.400000 8.3137884400085238e-01 
110.600000 8.3137884335199030e-01 
110.800000 8.3137884266861717e-01 
111.000000 8.3137884195471390e-01 
111.200000 8.3137884121399896e-01 
111.400000 8.3137884044993204e-01 
111.600000 8.3137883966573323e-01 
111.800000 8.3137883886439512e-01 
112.000000 8.3137883804870483e-01 
112.200000 8.3137883722123751e-01 
112.400000 8.3137883638438936e-01 
112.600000 8.3137883554037517e-01 
112.800000 8.3137883469123985e-01 
113.000000 8.3137883383887634e-01 
113.200000 8.3137883298502735e-01 
113.400000 8.3137883213129760e-01 
113.600000 8.3137883127915790e-01 
113.800000 8.3137883042996474e-01 
114.000000 8.3137882958495357e-01 
114.200000 8.3137882874525193e-01 
114.400000 8.3137882791188877e-01 
114.600000 8.3137882708580035e-01 
114.800000 8.3137882626783410e-01 
115.000000 8.3137882545874886e-01 
115.200000 8.3137882465923585e-01 
115.400000 8.3137882386990147e-01 
115.600000 8.3137882309130051e-01 
115.800000 8.3137882232391114e-01 
116.000000 8.3137882156816090e-01 
116.200000 8.3137882082441628e-01 
116.400000 8.3137882009300035e-01 
116.600000 8.3137881937418279e-01 
116.800000 8.3137881866819563e-01 
117.000000 8.3137881797522217e-01 
117.200000 8.3137881729541241e-01 
117.400000 8.3137881662888513e-01 
117.600000 8.3137881597571583e-01 
117.800000 8.3137881533596381e-01 
118.000000 8.3137881470965103e-01 
118.200000 8.3137881409677639e-01 
118.400000 8.3137881349731801e-01 
118.600000 8.3137881291123139e-01 
118.800000 8.3137881233845168e-01 
119.000000 8.3137881177889250e-01 
119.200000 8.3137881123246160e-01 
119.400000 8.3137881069904185e-01 
119.600000 8.3137881017851001e-01 
119.800000 8.3137880967072264e-01 
120.000000 8.3137880917553275e-01 
120.200000 8.3137880869278147e-01 
120.400000 8.3137880822230026e-01 
120.600000 8.3137880776391282e-01 
120.800000 8.3137880731743785e-01 
121.000000 8.3137880688268784e-01 
121.200000 8.3137880645946682e-01 
121.400000 8.3137880604757985e-01 
121.600000 8.3137880564682531e-01 
121.800000 8.3137880525699814e-01 
122.000000 8.3137880487789173e-01 
122.200000 8.3137880450929946e-01 
122.400000 8.3137880415100829e-01 
122.600000 8.3137880380281115e-01 
122.800000 8.3137880346449378e-01 
123.000000 8.3137880313584789e-01 
123.200000 8.3137880281666143e-01 
123.400000 8.3137880250672358e-01 
123.600000 8.3137880220582716e-01 
123.800000 8.3137880191376412e-01 
124.000000 8.3137880163032385e-01 
124.200000 8.3137880135530950e-01 
124.400000 8.3137880108851114e-01 
124.600000 8.3137880082973425e-01 
124.800000 8.3137880057877622e-01 
125.000000 8.3137880033544498e-01 
125.200000 8.3137880009954479e-01 
125.400000 8.3137879987088703e-01 
125.600000 8.3137879964928330e-01 
125.800000 8.3137879943455173e-01 
126.000000 8.3137879922650593e-01 
126.200000 8.3137879902497103e-01 
126.400000 8.3137879882977228e-01 
126.600000 8.3137879864073649e-01 
126.800000 8.3137879845769624e-01 
127.000000 8.3137879828048178e-01 
127.200000 8.3137879810893722e-01 
127.400000 8.3137879794289959e-01 
127.600000 8.3137879778221224e-01 
127.800000 8.3137879762672706e-01 
128.000000 8.3137879747629106e-01 
128.200000 8.3137879733076170e-01 
128.400000 8.3137879718999441e-01 
128.600000 8.3137879705385043e-01 
128.800000 8.3137879692219196e-01 
129.000000 8.3137879679489168e-01 
129.200000 8.3137879667181669e-01 
129.400000 8.3137879655283886e-01 
129.600000 8.3137879643783652e-01 
129.800000 8.3137879632668987e-01 
130.000000 8.3137879621928246e-01 
130.200000 8.3137879611549659e-01 
130.400000 8.3137879601522591e-01 
130.600000 8.3137879591835828e-01 
130.800000 8.3137879582478991e-01 
131.000000 8.3137879573441764e-01 
131.200000 8.3137879564713879e-01 
131.400000 8.3137879556286320e-01 
131.600000 8.3137879548148752e-01 
131.800000 8.3137879540292725e-01 
132.000000 8.3137879532708636e-01 
132.200000 8.3137879525388358e-01 
132.400000 8.3137879518323199e-01 
132.600000 8.3137879511504842e-01 
132.800000 8.3137879504925505e-01 
133.000000 8.3137879498577483e-01 
133.200000 8.3137879492452615e-01 
133.400000 8.3137879486544397e-01 
133.600000 8.3137879480845467e-01 
133.800000 8.3137879475348808e-01 
134.000000 8.3137879470048170e-01 
134.200000 8.3137879464936260e-01 
134.400000 8.3137879460007647e-01 
134.600000 8.3137879455255670e-01 
134.800000 8.3137879450674734e-01 
135.000000 8.3137879446258878e-01 
135.200000 8.3137879442002660e-01 
135.400000 8.3137879437900863e-01 
135.600000 8.3137879433947870e-01 
135.800000 8.3137879430139083e-01 
136.000000 8.3137879426469297e-01 
136.200000 8.3137879422933814e-01 
136.400000 8.3137879419528027e-01 
136.600000 8.3137879416247529e-01 
136.800000 8.3137879413088167e-01 
137.000000 8.3137879410045512e-01 
137.200000 8.3137879407115867e-01 
137.400000 8.3137879404294834e-01 
137.600000 8.3137879401578840e-01 
137.800000 8.3137879398964531e-01 
138.000000 8.3137879396447900e-01 
138.200000 8.3137879394026004e-01 
138.400000 8.3137879391695158e-01 
138.600000 8.3137879389451996e-01 
138.800000 8.3137879387294067e-01 
139.000000 8.3137879385217972e-01 
139.200000 8.3137879383220892e-01 
139.400000 8.3137879381300128e-01 
139.600000 8.3137879379452717e-01 
139.800000 8.3137879377676094e-01 
140.000000 8.3137879375967738e-01 
140.200000 8.3137879374325752e-01 
140.400000 8.3137879372747192e-01 
140.600000 8.3137879371229861e-01 
140.800000 8.3137879369771639e-01 
141.000000 8.3137879368370593e-01 
141.200000 8.3137879367024192e-01 
141.400000 8.3137879365731226e-01 
141.600000 8.3137879364489120e-01 
141.800000 8.3137879363296274e-01 
142.000000 8.3137879362151179e-01 
142.200000 8.3137879361051525e-01 
142.400000 8.3137879359996192e-01 
142.600000 8.3137879358983424e-01 
142.800000 8.3137879358011779e-01 
143.000000 8.3137879357079714e-01 
143.200000 8.3137879356185662e-01 
143.400000 8.3137879355328459e-01 
143.600000 8.3137879354506738e-01 
143.800000 8.3137879353719224e-01 
144.000000 8.3137879352964761e-01 
144.200000 8.3137879352242050e-01 
144.400000 8.3137879351550081e-01 
144.600000 8.3137879350887578e-01 
144.800000 8.3137879350253796e-01 
145.000000 8.3137879349647537e-01 
145.200000 8.3137879349067922e-01 
145.400000 8.3137879348514254e-01 
145.600000 8.3137879347985089e-01 
145.800000 8.3137879347480015e-01 
146.000000 8.3137879346998167e-01 
146.200000 8.3137879346538490e-01 
146.400000 8.3137879346100663e-01 
146.600000 8.3137879345683341e-01 
146.800000 8.3137879345286247e-01 
147.000000 8.3137879344908716e-01 
147.200000 8.3137879344550103e-01 
147.400000 8.3137879344209986e-01 
147.600000 8.3137879343887866e-01 
147.800000 8.3137879343583476e-01 
148.000000 8.3137879343295773e-01 
148.200000 8.3137879343024346e-01 
148.400000 8.3137879342768772e-01 
148.600000 8.3137879342528354e-01 
148.800000 8.3137879342302423e-01 
149.000000 8.3137879342090715e-01 
149.200000 8.3137879341892418e-01 
149.400000 8.3137879341707110e-01 
149.600000 8.3137879341534326e-01 
149.800000 8.3137879341373566e-01 
