0.000000 4.7676250847127431e-03 
0.200000 4.7677298055012925e-03 
0.400000 4.7682350649953771e-03 
0.600000 4.7694942565900435e-03 
0.800000 4.7718181690177908e-03 
1.000000 4.7754857241457420e-03 
1.200000 4.7807426276336110e-03 
1.400000 4.7878027223671104e-03 
1.600000 4.7968545381520834e-03 
1.800000 4.8080745070646054e-03 
2.000000 4.8216274297203784e-03 
2.200000 4.8376633626914618e-03 
2.400000 4.8563223142980300e-03 
2.600000 4.8777380916858130e-03 
2.800000 4.9020380426779853e-03 
3.000000 4.9293445939731654e-03 
3.200000 4.9597761121637114e-03 
3.400000 4.9934536066540882e-03 
3.600000 5.0304977374925784e-03 
3.800000 5.0710233544521569e-03 
4.000000 5.1151461919225162e-03 
4.200000 5.1629836244547773e-03 
4.400000 5.2146569720841448e-03 
4.600000 5.2702916459987951e-03 
4.800000 5.3300182278348757e-03 
5.000000 5.3939728911999076e-03 
5.200000 5.4622991586450479e-03 
5.400000 5.5351480265526040e-03 
5.600000 5.6126789847171362e-03 
5.800000 5.6950601488173431e-03 
6.000000 5.7824694141009594e-03 
6.200000 5.8750953955469280e-03 
6.400000 5.9731377438854635e-03 
6.600000 6.0768079370361406e-03 
6.800000 6.1863300372453269e-03 
7.000000 6.3019420150246738e-03 
7.200000 6.4238965568397628e-03 
7.400000 6.5524621957251646e-03 
7.600000 6.6879242006208390e-03 
7.800000 6.8305858555675059e-03 
8.000000 6.9807697116834010e-03 
8.200000 7.1388188212434169e-03 
8.400000 7.3050979631039932e-03 
8.600000 7.4799951463531463e-03 
8.800000 7.6639231575892832e-03 
9.000000 7.8573211099643627e-03 
9.200000 8.0606561772932055e-03 
9.400000 8.2744253986826860e-03 
9.600000 8.4991577235348052e-03 
9.800000 8.7354160634573932e-03 
10.000000 8.9837995321207405e-03 
10.200000 9.2449457868514790e-03 
10.400000 9.5195336039584546e-03 
10.600000 9.8082856095493033e-03 
10.800000 1.0111971153655020e-02 
11.000000 1.0431409397754891e-02 
11.200000 1.0767472566105277e-02 
11.400000 1.1121089442991368e-02 
11.600000 1.1493249041947035e-02 
11.800000 1.1885004516003815e-02 
12.000000 1.2297477289457464e-02 
12.200000 1.2731861452697930e-02 
12.400000 1.3189428384856124e-02 
12.600000 1.3671531643202577e-02 
12.800000 1.4179612105861305e-02 
13.000000 1.4715203392831210e-02 
13.200000 1.5279937553533025e-02 
13.400000 1.5875551014714495e-02 
13.600000 1.6503890797862530e-02 
13.800000 1.7166920988024199e-02 
14.000000 1.7866729453893657e-02 
14.200000 1.8605534788418809e-02 
14.400000 1.9385693456174021e-02 
14.600000 2.0209707114371016e-02 
14.800000 2.1080230074621373e-02 
15.000000 2.2000076851803319e-02 
15.200000 2.2972229748755305e-02 
15.400000 2.3999846404679712e-02 
15.600000 2.5086267229236969e-02 
15.800000 2.6235022623578946e-02 
16.000000 2.7449839874931915e-02 
16.200000 2.8734649597380674e-02 
16.400000 3.0093591567690023e-02 
16.600000 3.1531019789325571e-02 
16.800000 3.3051506591374506e-02 
17.000000 3.4659845551205798e-02 
17.200000 3.6361053004413675e-02 
17.400000 3.8160367884357935e-02 
17.600000 4.0063249609243193e-02 
17.800000 4.2075373716329065e-02 
18.000000 4.4202624922518266e-02 
18.200000 4.6451087276673242e-02 
18.400000 4.8827031057246041e-02 
18.600000 5.1336896064309266e-02 
18.800000 5.3987270958634356e-02 
19.000000 5.6784868311298753e-02 
19.200000 5.9736495050938802e-02 
19.400000 6.2849018029892290e-02 
19.600000 6.6129324480498741e-02 
19.800000 6.9584277196919356e-02 
20.000000 7.3220664359369733e-02 
20.200000 7.7045144015863154e-02 
20.400000 8.1064183352451594e-02 
20.600000 8.5283993015856277e-02 
20.800000 8.9710456900671157e-02 
21.000000 9.4349057974881814e-02 
21.200000 9.9204800889088576e-02 
21.400000 1.0428213229246597e-01 
21.600000 1.0958485995597070e-01 
21.800000 1.1511607197515637e-01 
22.000000 1.2087805748297958e-01 
22.200000 1.2687223043991294e-01 
22.400000 1.3309905817546441e-01 
22.600000 1.3955799642378999e-01 
22.800000 1.4624743261825091e-01 
23.000000 1.5316463917856679e-01 
23.200000 1.6030573843426427e-01 
23.400000 1.6766568067586568e-01 
23.600000 1.7523823661031798e-01 
23.800000 1.8301600522173653e-01 
24.000000 1.9099043770866328e-01 
24.200000 1.9915187779367960e-01 
24.400000 2.0748961829291757e-01 
24.600000 2.1599197340681633e-01 
24.800000 2.2464636576642763e-01 
25.000000 2.3343942685976987e-01 
25.200000 2.4235710908812402e-01 
25.400000 2.5138480737952379e-01 
25.600000 2.6050748803033685e-01 
25.800000 2.6970982226689488e-01 
26.000000 2.7897632192456617e-01 
26.200000 2.8829147463420757e-01 
26.400000 2.9763987598355152e-01 
26.600000 3.0700635627791234e-01 
26.800000 3.1637609975065534e-01 
27.000000 3.2573475435674709e-01 
27.200000 3.3506853060787206e-01 
27.400000 3.4436428825951437e-01 
27.600000 3.5360961002381397e-01 
27.800000 3.6279286184235421e-01 
28.000000 3.7190323959734561e-01 
28.200000 3.8093080245715905e-01 
28.400000 3.8986649333436624e-01 
28.600000 3.9870214717528524e-01 
28.800000 4.0743048799613590e-01 
29.000000 4.1604511573093406e-01 
29.200000 4.2454048406099826e-01 
29.400000 4.3291187045770974e-01 
29.600000 4.4115533969292009e-01 
29.800000 4.4926770205935779e-01 
30.000000 4.5724646750221398e-01 
30.200000 4.6508979679784146e-01 
30.400000 4.7279645083192651e-01 
30.600000 4.8036573893260631e-01 
30.800000 4.8779746710867078e-01 
31.000000 4.9509188693354012e-01 
31.200000 5.0224964570563213e-01 
31.400000 5.0927173840828699e-01 
31.600000 5.1615946188982798e-01 
31.800000 5.2291437158851461e-01 
32.000000 5.2953824103935609e-01 
32.200000 5.3603302432077016e-01 
32.400000 5.4240082152928215e-01 
32.600000 5.4864384731004923e-01 
32.800000 5.5476440241941838e-01 
33.000000 5.6076484825316508e-01 
33.200000 5.6664758423910011e-01 
33.400000 5.7241502796569210e-01 
33.600000 5.7806959789759682e-01 
33.800000 5.8361369851438116e-01 
34.000000 5.8904970769925702e-01 
34.200000 5.9437996619953659e-01 
34.400000 5.9960676897931442e-01 
34.600000 6.0473235828658045e-01 
34.800000 6.0975891826136919e-01 
35.000000 6.1468857091784068e-01 
35.200000 6.1952337334092566e-01 
35.400000 6.2426531594723866e-01 
35.600000 6.2891632166950717e-01 
35.800000 6.3347824593398327e-01 
36.000000 6.3795287731068218e-01 
36.200000 6.4234193872659628e-01 
36.400000 6.4664708914226809e-01 
36.600000 6.5086992560201007e-01 
36.800000 6.5501198557759177e-01 
37.000000 6.5907474953416156e-01 
37.200000 6.6305964365577208e-01 
37.400000 6.6696804267574072e-01 
37.600000 6.7080127276443902e-01 
37.800000 6.7456061443385873e-01 
38.000000 6.7824730542445333e-01 
38.200000 6.8186254354535936e-01 
38.400000 6.8540748944410568e-01 
38.600000 6.8888326928645527e-01 
38.800000 6.9229097733101475e-01 
39.000000 6.9563167838677575e-01 
39.200000 6.9890641014489530e-01 
39.400000 7.0211618537865728e-01 
39.600000 7.0526199400800260e-01 
39.800000 7.0834480502688157e-01 
40.000000 7.1136556829350561e-01 
40.200000 7.1432521618495903e-01 
40.400000 7.1722466511876615e-01 
40.600000 7.2006481694505842e-01 
40.800000 7.2284656021375115e-01 
41.000000 7.2557077132167269e-01 
41.200000 7.2823831554516649e-01 
41.400000 7.3085004796391828e-01 
41.600000 7.3340681428205223e-01 
41.800000 7.3590945155264420e-01 
42.000000 7.3835878881184325e-01 
42.200000 7.4075564762878587e-01 
42.400000 7.4310084257738018e-01 
42.600000 7.4539518163597773e-01 
42.800000 7.4763946652070434e-01 
43.000000 7.4983449295809412e-01 
43.200000 7.5198105090240241e-01 
43.400000 7.5407992470278595e-01 
43.600000 7.5613189322525964e-01 
43.800000 7.5813772993407491e-01 
44.000000 7.6009820293692387e-01 
44.200000 7.6201407499811513e-01 
44.400000 7.6388610352356623e-01 
44.600000 7.6571504052123773e-01 
44.800000 7.6750163254036063e-01 
45.000000 7.6924662059258986e-01 
45.200000 7.7095074005790265e-01 
45.400000 7.7261472057793568e-01 
45.600000 7.7423928593915403e-01 
45.800000 7.7582515394806773e-01 
46.000000 7.7737303630050236e-01 
46.200000 7.7888363844675346e-01 
46.400000 7.8035765945425573e-01 
46.600000 7.8179579186925718e-01 
46.800000 7.8319872157878301e-01 
47.000000 7.8456712767412373e-01 
47.200000 7.8590168231680035e-01 
47.400000 7.8720305060796902e-01 
47.600000 7.8847189046206101e-01 
47.800000 7.8970885248526734e-01 
48.000000 7.9091457985954772e-01 
48.200000 7.9208970823255886e-01 
48.400000 7.9323486561397838e-01 
48.600000 7.9435067227849943e-01 
48.800000 7.9543774067578321e-01 
49.000000 7.9649667534754176e-01 
49.200000 7.9752807285192018e-01 
49.400000 7.9853252169520383e-01 
49.600000 7.9951060227096582e-01 
49.800000 8.0046288680657207e-01 
50.000000 8.0138993931706903e-01 
50.200000 8.0229231556634051e-01 
50.400000 8.0317056303544943e-01 
50.600000 8.0402522089804129e-01 
50.800000 8.0485682000263914e-01 
51.000000 8.0566588286171437e-01 
51.200000 8.0645292364727650e-01 
51.400000 8.0721844819286959e-01 
51.600000 8.0796295400170548e-01 
51.800000 8.0868693026076022e-01 
52.000000 8.0939085786059328e-01 
52.200000 8.1007520942066868e-01 
52.400000 8.1074044931995581e-01 
52.600000 8.1138703373257781e-01 
52.800000 8.1201541066824923e-01 
53.000000 8.1262602001734541e-01 
53.200000 8.1321929360026091e-01 
53.400000 8.1379565522094510e-01 
53.600000 8.1435552072430939e-01 
53.800000 8.1489929805732364e-01 
54.000000 8.1542738733356768e-01 
54.200000 8.1594018090104425e-01 
54.400000 8.1643806341301328e-01 
54.600000 8.1692141190168743e-01 
54.800000 8.1739059585455409e-01 
55.000000 8.1784597729315389e-01 
55.200000 8.1828791085412000e-01 
55.400000 8.1871674387232185e-01 
55.600000 8.1913281646589298e-01 
55.800000 8.1953646162303084e-01 
56.000000 8.1992800529036991e-01 
56.200000 8.2030776646278680e-01 
56.400000 8.2067605727449444e-01 
56.600000 8.2103318309125539e-01 
56.800000 8.2137944260363338e-01 
57.000000 8.2171512792107471e-01 
57.200000 8.2204052466677291e-01 
57.400000 8.2235591207313052e-01 
57.600000 8.2266156307776162e-01 
57.800000 8.2295774441986547e-01 
58.000000 8.2324471673694577e-01 
58.200000 8.2352273466167292e-01 
58.400000 8.2379204691891117e-01 
58.600000 8.2405289642273782e-01 
58.800000 8.2430552037338478e-01 
59.000000 8.2455015035407553e-01 
59.200000 8.2478701242759955e-01 
59.400000 8.2501632723261986e-01 
59.600000 8.2523831007961568e-01 
59.800000 8.2545317104640348e-01 
60.000000 8.2566111507317452e-01 
60.200000 8.2586234205699072e-01 
60.400000 8.2605704694569715e-01 
60.600000 8.2624541983118682e-01 
60.800000 8.2642764604198038e-01 
61.000000 8.2660390623507629e-01 
61.200000 8.2677437648702778e-01 
61.400000 8.2693922838420997e-01 
61.600000 8.2709862911224596e-01 
61.800000 8.2725274154455541e-01 
62.000000 8.2740172432999715e-01 
62.200000 8.2754573197957082e-01 
62.400000 8.2768491495217444e-01 
62.600000 8.2781941973935524e-01 
62.800000 8.2794938894908143e-01 
63.000000 8.2807496138847081e-01 
63.200000 8.2819627214548608e-01 
63.400000 8.2831345266957490e-01 
63.600000 8.2842663085122503e-01 
63.800000 8.2853593110046497e-01 
64.000000 8.2864147442422664e-01 
64.200000 8.2874337850264979e-01 
64.400000 8.2884175776423719e-01 
64.600000 8.2893672345990976e-01 
64.800000 8.2902838373594212e-01 
65.000000 8.2911684370574101e-01 
65.200000 8.2920220552053414e-01 
65.400000 8.2928456843887666e-01 
65.600000 8.2936402889507843e-01 
65.800000 8.2944068056643194e-01 
66.000000 8.2951461443936747e-01 
66.200000 8.2958591887443112e-01 
66.400000 8.2965467967016571e-01 
66.600000 8.2972098012583073e-01 
66.800000 8.2978490110304015e-01 
67.000000 8.2984652108624357e-01 
67.200000 8.2990591624213506e-01 
67.400000 8.2996316047791396e-01 
67.600000 8.3001832549849341e-01 
67.800000 8.3007148086257032e-01 
68.000000 8.3012269403765404e-01 
68.200000 8.3017203045399379e-01 
68.400000 8.3021955355744070e-01 
68.600000 8.3026532486127869e-01 
68.800000 8.3030940399696818e-01 
69.000000 8.3035184876389323e-01 
69.200000 8.3039271517804925e-01 
69.400000 8.3043205751973748e-01 
69.600000 8.3046992838024691e-01 
69.800000 8.3050637870752686e-01 
70.000000 8.3054145785092348e-01 
70.200000 8.3057521360488462e-01 
70.400000 8.3060769225176068e-01 
70.600000 8.3063893860362781e-01 
70.800000 8.3066899604319355e-01 
71.000000 8.3069790656377496e-01 
71.200000 8.3072571080836743e-01 
71.400000 8.3075244810784055e-01 
71.600000 8.3077815651821019e-01 
71.800000 8.3080287285708565e-01 
72.000000 8.3082663273923107e-01 
72.200000 8.3084947061130732e-01 
72.400000 8.3087141978577195e-01 
72.600000 8.3089251247395179e-01 
72.800000 8.3091277981835421e-01 
73.000000 8.3093225192414188e-01 
73.200000 8.3095095788986284e-01 
73.400000 8.3096892583741200e-01 
73.600000 8.3098618294123749e-01 
73.800000 8.3100275545682389e-01 
74.000000 8.3101866874843888e-01 
74.200000 8.3103394731618541e-01 
74.400000 8.3104861482234882e-01 
74.600000 8.3106269411707112e-01 
74.800000 8.3107620726334464e-01 
75.000000 8.3108917556135709e-01 
75.200000 8.3110161957219952e-01 
75.400000 8.3111355914092211e-01 
75.600000 8.3112501341899903e-01 
75.800000 8.3113600088617423e-01 
76.000000 8.3114653937171401e-01 
76.200000 8.3115664607508255e-01 
76.400000 8.3116633758604674e-01 
76.600000 8.3117562990424054e-01 
76.800000 8.3118453845815099e-01 
77.000000 8.3119307812361332e-01 
77.200000 8.3120126324176080e-01 
77.400000 8.3120910763647082e-01 
77.600000 8.3121662463131685e-01 
77.800000 8.3122382706603781e-01 
78.000000 8.3123072731251668e-01 
78.200000 8.3123733729032145e-01 
78.400000 8.3124366848177667e-01 
78.600000 8.3124973194658536e-01 
78.800000 8.3125553833604671e-01 
79.000000 8.3126109790682057e-01 
79.200000 8.3126642053430710e-01 
79.400000 8.3127151572561642e-01 
79.600000 8.3127639263213826e-01 
79.800000 8.3128106006174807e-01 
80.000000 8.3128552649062470e-01 
80.200000 8.3128980007472475e-01 
80.400000 8.3129388866087672e-01 
80.600000 8.3129779979756535e-01 
80.800000 8.3130154074535856e-01 
81.000000 8.3130511848700483e-01 
81.200000 8.3130853973723384e-01 
81.400000 8.3131181095223494e-01 
81.600000 8.3131493833882597e-01 
81.800000 8.3131792786335046e-01 
82.000000 8.3132078526028141e-01 
82.200000 8.3132351604053534e-01 
82.400000 8.3132612549953555e-01 
82.600000 8.3132861872500696e-01 
82.800000 8.3133100060451004e-01 
83.000000 8.3133327583274064e-01 
83.200000 8.3133544891857558e-01 
83.400000 8.3133752419189499e-01 
83.600000 8.3133950581017035e-01 
83.800000 8.3134139776483973e-01 
84.000000 8.3134320388746219e-01 
84.200000 8.3134492785567149e-01 
84.400000 8.3134657319891991e-01 
84.600000 8.3134814330403739e-01 
84.800000 8.3134964142058787e-01 
85.000000 8.3135107066605629e-01 
85.200000 8.3135243403084091e-01 
85.400000 8.3135373438309323e-01 
85.600000 8.3135497447336371e-01 
85.800000 8.3135615693910747e-01 
86.000000 8.3135728430902911e-01 
86.200000 8.3135835900725663e-01 
86.400000 8.3135938335739668e-01 
86.600000 8.3136035958641341e-01 
86.800000 8.3136128982840174e-01 
87.000000 8.3136217612820273e-01 
87.200000 8.3136302044489074e-01 
87.400000 8.3136382465515413e-01 
87.600000 8.3136459055652823e-01 
87.800000 8.3136531987052997e-01 
88.000000 8.3136601424566869e-01 
88.200000 8.3136667526034391e-01 
88.400000 8.3136730442565143e-01 
88.600000 8.3136790318806830e-01 
88.800000 8.3136847293205152e-01 
89.000000 8.3136901498252880e-01 
89.200000 8.3136953060730767e-01 
89.400000 8.3137002101939006e-01 
89.600000 8.3137048737919284e-01 
89.800000 8.3137093079669488e-01 
90.000000 8.3137135233350035e-01 
90.200000 8.3137175300481558e-01 
90.400000 8.3137213378136254e-01 
90.600000 8.3137249559121640e-01 
90.800000 8.3137283932155792e-01 
91.000000 8.3137316582038645e-01 
91.200000 8.3137347589812371e-01 
91.400000 8.3137377032922277e-01 
91.600000 8.3137404985362973e-01 
91.800000 8.3137431517826244e-01 
92.000000 8.3137456697838874e-01 
92.200000 8.3137480589896240e-01 
92.400000 8.3137503255591050e-01 
92.600000 8.3137524753735803e-01 
92.800000 8.3137545140482949e-01 
93.000000 8.3137564469435743e-01 
93.200000 8.3137582791760134e-01 
93.400000 8.3137600156287561e-01 
93.600000 8.3137616609616105e-01 
93.800000 8.3137632196207323e-01 
94.000000 8.3137646958477840e-01 
94.200000 8.3137660936889235e-01 
94.400000 8.3137674170032483e-01 
94.600000 8.3137686694709256e-01 
94.800000 8.3137698546011130e-01 
95.000000 8.3137709757394718e-01 
95.200000 8.3137720360752221e-01 
95.400000 8.3137730386482611e-01 
95.600000 8.3137739863555471e-01 
95.800000 8.3137748819576640e-01 
96.000000 8.3137757280847180e-01 
96.200000 8.3137765272422370e-01 
96.400000 8.3137772818167410e-01 
96.600000 8.3137779940810763e-01 
96.800000 8.3137786661995294e-01 
97.000000 8.3137793002327021e-01 
97.200000 8.3137798981422717e-01 
97.400000 8.3137804617953670e-01 
97.600000 8.3137809929689555e-01 
97.800000 8.3137814933539600e-01 
98.000000 8.3137819645590738e-01 
98.200000 8.3137824081147238e-01 
98.400000 8.3137828254764679e-01 
98.600000 8.3137832180285887e-01 
98.800000 8.3137835870873411e-01 
99.000000 8.3137839339040875e-01 
99.200000 8.3137842596683276e-01 
99.400000 8.3137845655105280e-01 
99.600000 8.3137848525050395e-01 
99.800000 8.3137851216725045e-01 
100.000000 8.3137853739825585e-01 
100.200000 8.3137856103561802e-01 
100.400000 8.3137858316678925e-01 
100.600000 8.3137860387480789e-01 
100.800000 8.3137862323850897e-01 
101.000000 8.3137864133271511e-01 
101.200000 8.3137865822843093e-01 
101.400000 8.3137867399303400e-01 
101.600000 8.3137868869043197e-01 
101.800000 8.3137870238124911e-01 
102.000000 8.3137871512297457e-01 
102.200000 8.3137872697011017e-01 
102.400000 8.3137873797432649e-01 
102.600000 8.3137874818458579e-01 
102.800000 8.3137875764729463e-01 
103.000000 8.3137876640640807e-01 
103.200000 8.3137877450356168e-01 
103.400000 8.3137878197818316e-01 
103.600000 8.3137878886760441e-01 
103.800000 8.3137879520716140e-01 
104.000000 8.3137880103029027e-01 
104.200000 8.3137880636863126e-01 
104.400000 8.3137881125210755e-01 
104.600000 8.3137881570902061e-01 
104.800000 8.3137881976612993e-01 
105.000000 8.3137882344872416e-01 
105.200000 8.3137882678070019e-01 
105.400000 8.3137882978463706e-01 
105.600000 8.3137883248185929e-01 
105.800000 8.3137883489249853e-01 
106.000000 8.3137883703555993e-01 
106.200000 8.3137883892897413e-01 
106.400000 8.3137884058966172e-01 
106.600000 8.3137884203357348e-01 
106.800000 8.3137884327575140e-01 
107.000000 8.3137884433036802e-01 
107.200000 8.3137884521078143e-01 
107.400000 8.3137884592956290e-01 
107.600000 8.3137884649855598e-01 
107.800000 8.3137884692890396e-01 
108.000000 8.3137884723108502e-01 
108.200000 8.3137884741495494e-01 
108.400000 8.3137884748978186e-01 
108.600000 8.3137884746426616e-01 
108.800000 8.3137884734658229e-01 
109.000000 8.3137884714439925e-01 
109.200000 8.3137884686491870e-01 
109.400000 8.3137884651488791e-01 
109.600000 8.3137884610062729e-01 
109.800000 8.3137884562806807e-01 
110.000000 8.3137884510275306e-01 
110.200000 8.3137884452986854e-01 
110.400000 8.3137884391426742e-01 
110.600000 8.3137884326048084e-01 
110.800000 8.3137884257274008e-01 
111.000000 8.3137884185498989e-01 
111.200000 8.3137884111091553e-01 
111.400000 8.3137884034393716e-01 
111.600000 8.3137883955724767e-01 
111.800000 8.3137883875381202e-01 
112.000000 8.3137883793638256e-01 
112.200000 8.3137883710751481e-01 
112.400000 8.3137883626957643e-01 
112.600000 8.3137883542475777e-01 
112.800000 8.3137883457508832e-01 
113.000000 8.3137883372243204e-01 
113.200000 8.3137883286851710e-01 
113.400000 8.3137883201492835e-01 
113.600000 8.3137883116312239e-01 
113.800000 8.3137883031443638e-01 
114.000000 8.3137882947009145e-01 
114.200000 8.3137882863120094e-01 
114.400000 8.3137882779878280e-01 
114.600000 8.3137882697376153e-01 
114.800000 8.3137882615696745e-01 
115.000000 8.3137882534915208e-01 
115.200000 8.3137882455099532e-01 
115.400000 8.3137882376309835e-01 
115.600000 8.3137882298599974e-01 
115.800000 8.3137882222017601e-01 
116.000000 8.3137882146604614e-01 
116.200000 8.3137882072396718e-01 
116.400000 8.3137881999425622e-01 
116.600000 8.3137881927717894e-01 
116.800000 8.3137881857295548e-01 
117.000000 8.3137881788176948e-01 
117.200000 8.3137881720376883e-01 
117.400000 8.3137881653905743e-01 
117.600000 8.3137881588771623e-01 
117.800000 8.3137881524979707e-01 
118.000000 8.3137881462531571e-01 
118.200000 8.3137881401427383e-01 
118.400000 8.3137881341664377e-01 
118.600000 8.3137881283237292e-01 
118.800000 8.3137881226140253e-01 
119.000000 8.3137881170364070e-01 
119.200000 8.3137881115898882e-01 
119.400000 8.3137881062733388e-01 
119.600000 8.3137881010854875e-01 
119.800000 8.3137880960248833e-01 
120.000000 8.3137880910900253e-01 
120.200000 8.3137880862793456e-01 
120.400000 8.3137880815911336e-01 
120.600000 8.3137880770235906e-01 
120.800000 8.3137880725749358e-01 
121.000000 8.3137880682432741e-01 
121.200000 8.3137880640266515e-01 
121.400000 8.3137880599230385e-01 
121.600000 8.3137880559305088e-01 
121.800000 8.3137880520469842e-01 
122.000000 8.3137880482703663e-01 
122.200000 8.3137880445986090e-01 
122.400000 8.3137880410295928e-01 
122.600000 8.3137880375612006e-01 
122.800000 8.3137880341913395e-01 
123.000000 8.3137880309178891e-01 
123.200000 8.3137880277387644e-01 
123.400000 8.3137880246518270e-01 
123.600000 8.3137880216550109e-01 
123.800000 8.3137880187462665e-01 
124.000000 8.3137880159234734e-01 
124.200000 8.3137880131846476e-01 
124.400000 8.3137880105277240e-01 
124.600000 8.3137880079507120e-01 
124.800000 8.3137880054516311e-01 
125.000000 8.3137880030285494e-01 
125.200000 8.3137880006795506e-01 
125.400000 8.3137879984026908e-01 
125.600000 8.3137879961961403e-01 
125.800000 8.3137879940580206e-01 
126.000000 8.3137879919865443e-01 
126.200000 8.3137879899799527e-01 
126.400000 8.3137879880364607e-01 
126.600000 8.3137879861543551e-01 
126.800000 8.3137879843319962e-01 
127.000000 8.3137879825676864e-01 
127.200000 8.3137879808598103e-01 
127.400000 8.3137879792068348e-01 
127.600000 8.3137879776071355e-01 
127.800000 8.3137879760592570e-01 
128.000000 8.3137879745616727e-01 
128.200000 8.3137879731129560e-01 
128.400000 8.3137879717116581e-01 
128.600000 8.3137879703564144e-01 
128.800000 8.3137879690458460e-01 
129.000000 8.3137879677786763e-01 
129.200000 8.3137879665535908e-01 
129.400000 8.3137879653693092e-01 
129.600000 8.3137879642245982e-01 
129.800000 8.3137879631183076e-01 
130.000000 8.3137879620492228e-01 
130.200000 8.3137879610162324e-01 
130.400000 8.3137879600182185e-01 
130.600000 8.3137879590541020e-01 
130.800000 8.3137879581228391e-01 
131.000000 8.3137879572233964e-01 
131.200000 8.3137879563547623e-01 
131.400000 8.3137879555159910e-01 
131.600000 8.3137879547061433e-01 
131.800000 8.3137879539242876e-01 
132.000000 8.3137879531695413e-01 
132.200000 8.3137879524410385e-01 
132.400000 8.3137879517379332e-01 
132.600000 8.3137879510594070e-01 
132.800000 8.3137879504046419e-01 
133.000000 8.3137879497729372e-01 
133.200000 8.3137879491634548e-01 
133.400000 8.3137879485755339e-01 
133.600000 8.3137879480084409e-01 
133.800000 8.3137879474614929e-01 
134.000000 8.3137879469340237e-01 
134.200000 8.3137879464253717e-01 
134.400000 8.3137879459349462e-01 
134.600000 8.3137879454621322e-01 
134.800000 8.3137879450063124e-01 
135.000000 8.3137879445669471e-01 
135.200000 8.3137879441434559e-01 
135.400000 8.3137879437353235e-01 
135.600000 8.3137879433420370e-01 
135.800000 8.3137879429630634e-01 
136.000000 8.3137879425979477e-01 
136.200000 8.3137879422461969e-01 
136.400000 8.3137879419073601e-01 
136.600000 8.3137879415809834e-01 
136.800000 8.3137879412666604e-01 
137.000000 8.3137879409639581e-01 
137.200000 8.3137879406724802e-01 
137.400000 8.3137879403918480e-01 
137.600000 8.3137879401216608e-01 
137.800000 8.3137879398615833e-01 
138.000000 8.3137879396112369e-01 
138.200000 8.3137879393702918e-01 
138.400000 8.3137879391384262e-01 
138.600000 8.3137879389153135e-01 
138.800000 8.3137879387006497e-01 
139.000000 8.3137879384941393e-01 
139.200000 8.3137879382954860e-01 
139.400000 8.3137879381043889e-01 
139.600000 8.3137879379206303e-01 
139.800000 8.3137879377439305e-01 
140.000000 8.3137879375740298e-01 
140.200000 8.3137879374106882e-01 
140.400000 8.3137879372536694e-01 
140.600000 8.3137879371027623e-01 
140.800000 8.3137879369577461e-01 
141.000000 8.3137879368184009e-01 
141.200000 8.3137879366845158e-01 
141.400000 8.3137879365558986e-01 
141.600000 8.3137879364323897e-01 
141.800000 8.3137879363137435e-01 
142.000000 8.3137879361998734e-01 
142.200000 8.3137879360905331e-01 
142.400000 8.3137879359855715e-01 
142.600000 8.3137879358848810e-01 
142.800000 8.3137879357882638e-01 
143.000000 8.3137879356955691e-01 
143.200000 8.3137879356066913e-01 
143.400000 8.3137879355214561e-01 
143.600000 8.3137879354397570e-01 
143.800000 8.3137879353614752e-01 
144.000000 8.3137879352864619e-01 
144.200000 8.3137879352146093e-01 
144.400000 8.3137879351458110e-01 
144.600000 8.3137879350799848e-01 
144.800000 8.3137879350169852e-01 
145.000000 8.3137879349567234e-01 
145.200000 8.3137879348991328e-01 
145.400000 8.3137879348440891e-01 
145.600000 8.3137879347915089e-01 
145.800000 8.3137879347413346e-01 
146.000000 8.3137879346934529e-01 
146.200000 8.3137879346477916e-01 
146.400000 8.3137879346042742e-01 
146.600000 8.3137879345628418e-01 
146.800000 8.3137879345234134e-01 
147.000000 8.3137879344859078e-01 
147.200000 8.3137879344503063e-01 
147.400000 8.3137879344165400e-01 
147.600000 8.3137879343845955e-01 
147.800000 8.3137879343543675e-01 
148.000000 8.3137879343258281e-01 
148.200000 8.3137879342989207e-01 
148.400000 8.3137879342735721e-01 
148.600000 8.3137879342497267e-01 
148.800000 8.3137879342273313e-01 
149.000000 8.3137879342063514e-01 
149.200000 8.3137879341866872e-01 
149.400000 8.3137879341683463e-01 
149.600000 8.3137879341512400e-01 
149.800000 8.3137879341353238e-01 
