0.000000 5.1070332378320238e-01 
0.200000 5.1070332378320238e-01 
0.400000 5.1070634287306316e-01 
0.600000 5.1071093506092224e-01 
0.800000 5.1071574383133134e-01 
1.000000 5.1071972215615691e-01 
1.200000 5.1072182178773218e-01 
1.400000 5.1072108077464240e-01 
1.600000 5.1071660460677004e-01 
1.800000 5.1070751077006116e-01 
2.000000 5.1069304821068218e-01 
2.200000 5.1067243528179707e-01 
2.400000 5.1064529018873461e-01 
2.600000 5.1061126809452506e-01 
2.800000 5.1057011447269562e-01 
3.000000 5.1052157724554725e-01 
3.200000 5.1046543085696139e-01 
3.400000 5.1040146369726058e-01 
3.600000 5.1032953149363058e-01 
3.800000 5.1025102412950640e-01 
4.000000 5.1016569137284185e-01 
4.200000 5.1007323098033164e-01 
4.400000 5.0997335028268742e-01 
4.600000 5.0986572401300900e-01 
4.800000 5.0975002039636175e-01 
5.000000 5.0962591177962568e-01 
5.200000 5.0949307681706801e-01 
5.400000 5.0935122702850621e-01 
5.600000 5.0920008263131267e-01 
5.800000 5.0903937622140427e-01 
6.000000 5.0886884439992275e-01 
6.200000 5.0868823157348042e-01 
6.400000 5.0849727517042020e-01 
6.600000 5.0829570456804496e-01 
6.800000 5.0808323326082050e-01 
7.000000 5.0785956848285274e-01 
7.200000 5.0762436055470794e-01 
7.400000 5.0737722360920334e-01 
7.600000 5.0711775324839259e-01 
7.800000 5.0684552471762867e-01 
8.000000 5.0656009421958570e-01 
8.200000 5.0626099722676543e-01 
8.400000 5.0594774801662079e-01 
8.600000 5.0561983798611743e-01 
8.800000 5.0527673400267592e-01 
9.000000 5.0491787551434641e-01 
9.200000 5.0454267216173720e-01 
9.400000 5.0415050102968839e-01 
9.600000 5.0374070428635287e-01 
9.800000 5.0331258649773092e-01 
10.000000 5.0286541246496330e-01 
10.200000 5.0239840648596457e-01 
10.400000 5.0191074927208679e-01 
10.600000 5.0140157522266937e-01 
10.800000 5.0086996877024326e-01 
11.000000 5.0031496211041615e-01 
11.200000 4.9973553285254096e-01 
11.400000 4.9913060131564091e-01 
11.600000 4.9849902735080182e-01 
11.800000 4.9783960697026031e-01 
12.000000 4.9715106864863595e-01 
12.200000 4.9643206944816543e-01 
12.400000 4.9568119086510937e-01 
12.600000 4.9489693451848971e-01 
12.800000 4.9407771772493592e-01 
13.000000 4.9322186888389546e-01 
13.200000 4.9232762276141079e-01 
13.400000 4.9139311559282961e-01 
13.600000 4.9041638004054533e-01 
13.800000 4.8939534001504259e-01 
14.000000 4.8832780543015286e-01 
14.200000 4.8721146691613582e-01 
14.400000 4.8604389051221897e-01 
14.600000 4.8482251234128987e-01 
14.800000 4.8354463331992570e-01 
15.000000 4.8220741395879424e-01 
15.200000 4.8080786934542585e-01 
15.400000 4.7934286440886154e-01 
15.600000 4.7780910955130412e-01 
15.800000 4.7620315678304931e-01 
16.000000 4.7452139647721925e-01 
16.200000 4.7276005491143208e-01 
16.400000 4.7091519275283233e-01 
16.600000 4.6898270468317005e-01 
16.800000 4.6695832036527229e-01 
17.000000 4.6483760698512805e-01 
17.200000 4.6261597362108969e-01 
17.400000 4.6028867770389764e-01 
17.600000 4.5785083385876718e-01 
17.800000 4.5529742542188167e-01 
18.000000 4.5262331894875885e-01 
18.200000 4.4982328202536803e-01 
18.400000 4.4689200469957097e-01 
18.600000 4.4382412483366046e-01 
18.800000 4.4061425766504225e-01 
19.000000 4.3725702982572012e-01 
19.200000 4.3374711803080318e-01 
19.400000 4.3007929258583039e-01 
19.600000 4.2624846579155956e-01 
19.800000 4.2224974523599373e-01 
20.000000 4.1807849185704438e-01 
20.200000 4.1373038254079997e-01 
20.400000 4.0920147688264819e-01 
20.600000 4.0448828759173233e-01 
20.800000 3.9958785385810092e-01 
21.000000 3.9449781683534085e-01 
21.200000 3.8921649622043403e-01 
21.400000 3.8374296674421154e-01 
21.600000 3.7807713322373215e-01 
21.800000 3.7221980268167393e-01 
22.000000 3.6617275191279003e-01 
22.200000 3.5993878878335478e-01 
22.400000 3.5352180549377732e-01 
22.600000 3.4692682202506830e-01 
22.800000 3.4016001803547657e-01 
23.000000 3.3322875157848975e-01 
23.200000 3.2614156318384319e-01 
23.400000 3.1890816407895578e-01 
23.600000 3.1153940762904048e-01 
23.800000 3.0404724343422473e-01 
24.000000 2.9644465393257430e-01 
24.200000 2.8874557380594362e-01 
24.400000 2.8096479295522597e-01 
24.600000 2.7311784428368013e-01 
24.800000 2.6522087798143340e-01 
25.000000 2.5729052441984818e-01 
25.200000 2.4934374812153515e-01 
25.400000 2.4139769555291207e-01 
25.600000 2.3346953967729853e-01 
25.800000 2.2557632429878144e-01 
26.000000 2.1773481121612223e-01 
26.200000 2.0996133309373302e-01 
26.400000 2.0227165474989950e-01 
26.600000 1.9468084527270302e-01 
26.800000 1.8720316301677797e-01 
27.000000 1.7985195512708718e-01 
27.200000 1.7263957279869285e-01 
27.400000 1.6557730303333115e-01 
27.600000 1.5867531721285943e-01 
27.800000 1.5194263639241862e-01 
28.000000 1.4538711283624736e-01 
28.200000 1.3901542698652911e-01 
28.400000 1.3283309877778912e-01 
28.600000 1.2684451198973801e-01 
28.800000 1.2105295017099739e-01 
29.000000 1.1546064256305671e-01 
29.200000 1.1006881840420088e-01 
29.400000 1.0487776799162067e-01 
29.600000 9.9886908920019071e-02 
29.800000 9.5094855989700827e-02 
30.000000 9.0499493379207971e-02 
30.200000 8.6098047800022184e-02 
30.400000 8.1887161487134402e-02 
30.600000 7.7862964023397235e-02 
30.800000 7.4021142142386934e-02 
31.000000 7.0357006799532218e-02 
31.200000 6.6865556940969559e-02 
31.400000 6.3541539531158084e-02 
31.600000 6.0379505521645740e-02 
31.800000 5.7373861553145084e-02 
32.000000 5.4518917280474685e-02 
32.200000 5.1808928294586311e-02 
32.400000 4.9238134688014704e-02 
32.600000 4.6800795370040060e-02 
32.800000 4.4491218286387330e-02 
33.000000 4.2303786736219887e-02 
33.200000 4.0232982007578480e-02 
33.400000 3.8273402572257635e-02 
33.600000 3.6419780093522709e-02 
33.800000 3.4666992506089164e-02 
34.000000 3.3010074428421812e-02 
34.200000 3.1444225163628985e-02 
34.400000 2.9964814537878141e-02 
34.600000 2.8567386815149799e-02 
34.800000 2.7247662914949466e-02 
35.000000 2.6001541145944013e-02 
35.200000 2.4825096653879483e-02 
35.400000 2.3714579767021057e-02 
35.600000 2.2666413407093796e-02 
35.800000 2.1677189718589722e-02 
36.000000 2.0743666054578325e-02 
36.200000 1.9862760442987074e-02 
36.400000 1.9031546643849026e-02 
36.600000 1.8247248895332129e-02 
36.800000 1.7507236434531608e-02 
37.000000 1.6809017868052695e-02 
37.200000 1.6150235457352353e-02 
37.400000 1.5528659374623409e-02 
37.600000 1.4942181976687988e-02 
37.800000 1.4388812136864404e-02 
38.000000 1.3866669668062244e-02 
38.200000 1.3373979864383316e-02 
38.400000 1.2909068183215393e-02 
38.600000 1.2470355085155730e-02 
38.800000 1.2056351045030377e-02 
39.000000 1.1665651743739631e-02 
39.200000 1.1296933447610282e-02 
39.400000 1.0948948579317002e-02 
39.600000 1.0620521482212710e-02 
39.800000 1.0310544378032841e-02 
40.000000 1.0017973516373693e-02 
40.200000 9.7418255130549813e-03 
40.400000 9.4811738734266911e-03 
40.600000 9.2351456958425070e-03 
40.800000 9.0029185498649699e-03 
41.000000 8.7837175232726022e-03 
41.200000 8.5768124315757348e-03 
41.400000 8.3815151835053073e-03 
41.600000 8.1971772957925883e-03 
41.800000 8.0231875504942034e-03 
42.000000 7.8589697881256797e-03 
42.200000 7.7039808299282303e-03 
42.400000 7.5577085227058098e-03 
42.600000 7.4196698998175714e-03 
42.800000 7.2894094520879619e-03 
43.000000 7.1664975025972060e-03 
43.200000 7.0505286795335478e-03 
43.400000 6.9411204815164095e-03 
43.600000 6.8379119300367979e-03 
43.800000 6.7405623039040463e-03 
44.000000 6.6487499508278364e-03 
44.200000 6.5621711715074978e-03 
44.400000 6.4805391718370364e-03 
44.600000 6.4035830790686778e-03 
44.800000 6.3310470180033612e-03 
45.000000 6.2626892434976726e-03 
45.200000 6.1982813257879460e-03 
45.400000 6.1376073853367944e-03 
45.600000 6.0804633741021854e-03 
45.800000 6.0266564003155663e-03 
46.000000 5.9760040940330826e-03 
46.200000 5.9283340108925615e-03 
46.400000 5.8834830716684040e-03 
46.600000 5.8412970353679469e-03 
46.800000 5.8016300037554425e-03 
47.000000 5.7643439553244644e-03 
47.200000 5.7293083068658615e-03 
47.400000 5.6963995008983059e-03 
47.600000 5.6655006173394525e-03 
47.800000 5.6365010079015496e-03 
48.000000 5.6092959517933319e-03 
48.200000 5.5837863314020042e-03 
48.400000 5.5598783267169502e-03 
48.600000 5.5374831273347211e-03 
48.800000 5.5165166609636518e-03 
49.000000 5.4968993374146504e-03 
49.200000 5.4785558071312893e-03 
49.400000 5.4614147333743200e-03 
49.600000 5.4454085772328940e-03 
49.800000 5.4304733946877468e-03 
50.000000 5.4165486450027025e-03 
50.200000 5.4035770097668589e-03 
50.400000 5.3915042219533403e-03 
50.600000 5.3802789044012497e-03 
50.800000 5.3698524171654962e-03 
51.000000 5.3601787132139221e-03 
51.200000 5.3512142019847874e-03 
51.400000 5.3429176203475884e-03 
51.600000 5.3352499105399293e-03 
51.800000 5.3281741046786969e-03 
52.000000 5.3216552154693540e-03 
52.200000 5.3156601327608846e-03 
52.400000 5.3101575256146285e-03 
52.600000 5.3051177495762533e-03 
52.800000 5.3005127588589907e-03 
53.000000 5.2963160231638551e-03 
53.200000 5.2925024488789081e-03 
53.400000 5.2890483044155450e-03 
53.600000 5.2859311494537426e-03 
53.800000 5.2831297678822978e-03 
54.000000 5.2806241042321267e-03 
54.200000 5.2783952034127692e-03 
54.400000 5.2764251535736837e-03 
54.600000 5.2746970319216147e-03 
54.800000 5.2731948533358136e-03 
55.000000 5.2719035216309074e-03 
55.200000 5.2708087833273805e-03 
55.400000 5.2698971837956913e-03 
55.600000 5.2691560256493165e-03 
55.800000 5.2685733292680281e-03 
56.000000 5.2681377953396509e-03 
56.200000 5.2678387693144042e-03 
56.400000 5.2676662076732040e-03 
56.600000 5.2676106459139688e-03 
56.800000 5.2676631681686211e-03 
57.000000 5.2678153783654669e-03 
57.200000 5.2680593728577805e-03 
57.400000 5.2683877144430432e-03 
57.600000 5.2687934077020430e-03 
57.800000 5.2692698755895237e-03 
58.000000 5.2698109372138367e-03 
58.200000 5.2704107867435554e-03 
58.400000 5.2710639733852555e-03 
58.600000 5.2717653823772569e-03 
58.800000 5.2725102169485427e-03 
59.000000 5.2732939811935935e-03 
59.200000 5.2741124638175868e-03 
59.400000 5.2749617227076098e-03 
59.600000 5.2758380702888916e-03 
59.800000 5.2767380596262792e-03 
60.000000 5.2776584712339366e-03 
60.200000 5.2785963005576907e-03 
60.400000 5.2795487460962328e-03 
60.600000 5.2805131981298672e-03 
60.800000 5.2814872280256102e-03 
61.000000 5.2824685780908575e-03 
61.200000 5.2834551519476006e-03 
61.400000 5.2844450054015651e-03 
61.600000 5.2854363377817723e-03 
61.800000 5.2864274837266965e-03 
62.000000 5.2874169053954093e-03 
62.200000 5.2884031850820596e-03 
62.400000 5.2893850182139449e-03 
62.600000 5.2903612067140430e-03 
62.800000 5.2913306527097763e-03 
63.000000 5.2922923525710675e-03 
63.200000 5.2932453912608946e-03 
63.400000 5.2941889369834197e-03 
63.600000 5.2951222361139428e-03 
63.800000 5.2960446083978813e-03 
64.000000 5.2969554424042034e-03 
64.200000 5.2978541912212639e-03 
64.400000 5.2987403683829931e-03 
64.600000 5.2996135440134262e-03 
64.800000 5.3004733411793174e-03 
65.000000 5.3013194324396965e-03 
65.200000 5.3021515365832680e-03 
65.400000 5.3029694155435477e-03 
65.600000 5.3037728714831938e-03 
65.800000 5.3045617440388654e-03 
66.000000 5.3053359077186229e-03 
66.200000 5.3060952694440897e-03 
66.400000 5.3068397662298537e-03 
66.600000 5.3075693629936384e-03 
66.800000 5.3082840504900582e-03 
67.000000 5.3089838433620770e-03 
67.200000 5.3096687783038658e-03 
67.400000 5.3103389123295127e-03 
67.600000 5.3109943211421817e-03 
67.800000 5.3116350975984461e-03 
68.000000 5.3122613502628669e-03 
68.200000 5.3128732020483850e-03 
68.400000 5.3134707889376026e-03 
68.600000 5.3140542587814142e-03 
68.800000 5.3146237701702306e-03 
69.000000 5.3151794913745519e-03 
69.200000 5.3157215993509515e-03 
69.400000 5.3162502788100131e-03 
69.600000 5.3167657213430116e-03 
69.800000 5.3172681246045237e-03 
70.000000 5.3177576915469935e-03 
70.200000 5.3182346297058723e-03 
70.400000 5.3186991505313960e-03 
70.600000 5.3191514687651242e-03 
70.800000 5.3195918018584913e-03 
71.000000 5.3200203694313821e-03 
71.200000 5.3204373927683091e-03 
71.400000 5.3208430943499363e-03 
71.600000 5.3212376974185868e-03 
71.800000 5.3216214255750599e-03 
72.000000 5.3219945024058192e-03 
72.200000 5.3223571511378815e-03 
72.400000 5.3227095943208470e-03 
72.600000 5.3230520535337330e-03 
72.800000 5.3233847491155140e-03 
73.000000 5.3237078999179652e-03 
73.200000 5.3240217230795051e-03 
73.400000 5.3243264338186849e-03 
73.600000 5.3246222452463209e-03 
73.800000 5.3249093681950023e-03 
74.000000 5.3251880110650645e-03 
74.200000 5.3254583796858070e-03 
74.400000 5.3257206771913680e-03 
74.600000 5.3259751039098895e-03 
74.800000 5.3262218572655423e-03 
75.000000 5.3264611316923777e-03 
75.200000 5.3266931185592349e-03 
75.400000 5.3269180061051536e-03 
75.600000 5.3271359793843568e-03 
75.800000 5.3273472202203962e-03 
76.000000 5.3275519071687566e-03 
76.200000 5.3277502154871325e-03 
76.400000 5.3279423171132554e-03 
76.600000 5.3281283806494838e-03 
76.800000 5.3283085713534944e-03 
77.000000 5.3284830511350564e-03 
77.200000 5.3286519785581852e-03 
77.400000 5.3288155088481535e-03 
77.600000 5.3289737939032113e-03 
77.800000 5.3291269823106113e-03 
78.000000 5.3292752193664639e-03 
78.200000 5.3294186470991189e-03 
78.400000 5.3295574042959339e-03 
78.600000 5.3296916265329446e-03 
78.800000 5.3298214462074028e-03 
79.000000 5.3299469925723883e-03 
79.200000 5.3300683917741351e-03 
79.400000 5.3301857668910631e-03 
79.600000 5.3302992379746089e-03 
79.800000 5.3304089220916990e-03 
80.000000 5.3305149333686859e-03 
80.200000 5.3306173830362531e-03 
80.400000 5.3307163794759187e-03 
80.600000 5.3308120282667109e-03 
80.800000 5.3309044322333628e-03 
81.000000 5.3309936914945960e-03 
81.200000 5.3310799035122067e-03 
81.400000 5.3311631631404828e-03 
81.600000 5.3312435626759868e-03 
81.800000 5.3313211919073407e-03 
82.000000 5.3313961381653363e-03 
82.200000 5.3314684863730154e-03 
82.400000 5.3315383190955749e-03 
82.600000 5.3316057165902738e-03 
82.800000 5.3316707568561161e-03 
83.000000 5.3317335156831862e-03 
83.200000 5.3317940667019026e-03 
83.400000 5.3318524814314691e-03 
83.600000 5.3319088293285292e-03 
83.800000 5.3319631778347169e-03 
84.000000 5.3320155924241504e-03 
84.200000 5.3320661366503307e-03 
84.400000 5.3321148721922279e-03 
84.600000 5.3321618589001283e-03 
84.800000 5.3322071548404758e-03 
85.000000 5.3322508163405396e-03 
85.200000 5.3322928980319411e-03 
85.400000 5.3323334528938109e-03 
85.600000 5.3323725322951959e-03 
85.800000 5.3324101860366220e-03 
86.000000 5.3324464623912046e-03 
86.200000 5.3324814081446613e-03 
86.400000 5.3325150686349826e-03 
86.600000 5.3325474877910436e-03 
86.800000 5.3325787081707314e-03 
87.000000 5.3326087709981334e-03 
87.200000 5.3326377161999425e-03 
87.400000 5.3326655824414756e-03 
87.600000 5.3326924071614564e-03 
87.800000 5.3327182266063823e-03 
88.000000 5.3327430758640260e-03 
88.200000 5.3327669888963000e-03 
88.400000 5.3327899985712380e-03 
88.600000 5.3328121366943695e-03 
88.800000 5.3328334340392528e-03 
89.000000 5.3328539203775800e-03 
89.200000 5.3328736245081927e-03 
89.400000 5.3328925742856456e-03 
89.600000 5.3329107966480303e-03 
89.800000 5.3329283176440870e-03 
90.000000 5.3329451624597683e-03 
90.200000 5.3329613554438521e-03 
90.400000 5.3329769201333104e-03 
90.600000 5.3329918792777257e-03 
90.800000 5.3330062548631032e-03 
91.000000 5.3330200681353003e-03 
91.200000 5.3330333396226261e-03 
91.400000 5.3330460891578410e-03 
91.600000 5.3330583358997168e-03 
91.800000 5.3330700983538456e-03 
92.000000 5.3330813943931691e-03 
92.200000 5.3330922412775043e-03 
92.400000 5.3331026556730082e-03 
92.600000 5.3331126536708311e-03 
92.800000 5.3331222508051779e-03 
93.000000 5.3331314620712229e-03 
93.200000 5.3331403019421450e-03 
93.400000 5.3331487843858248e-03 
93.600000 5.3331569228812440e-03 
93.800000 5.3331647304340028e-03 
94.000000 5.3331722195918115e-03 
94.200000 5.3331794024593848e-03 
94.400000 5.3331862907126330e-03 
94.600000 5.3331928956129471e-03 
94.800000 5.3331992280207258e-03 
95.000000 5.3332052984084001e-03 
95.200000 5.3332111168735577e-03 
95.400000 5.3332166931510210e-03 
95.600000 5.3332220366251980e-03 
95.800000 5.3332271563416266e-03 
96.000000 5.3332320610182324e-03 
96.200000 5.3332367590565163e-03 
96.400000 5.3332412585520520e-03 
96.600000 5.3332455673048727e-03 
96.800000 5.3332496928294951e-03 
97.000000 5.3332536423646238e-03 
97.200000 5.3332574228823985e-03 
97.400000 5.3332610410978315e-03 
97.600000 5.3332645034772494e-03 
97.800000 5.3332678162470804e-03 
98.000000 5.3332709854020796e-03 
98.200000 5.3332740167133250e-03 
98.400000 5.3332769157359832e-03 
98.600000 5.3332796878166611e-03 
98.800000 5.3332823381010671e-03 
99.000000 5.3332848715406380e-03 
99.200000 5.3332872928995873e-03 
99.400000 5.3332896067613536e-03 
99.600000 5.3332918175351494e-03 
99.800000 5.3332939294619278e-03 
100.000000 5.3332959466205259e-03 
100.200000 5.3332978729332759e-03 
100.400000 5.3332997121717440e-03 
100.600000 5.3333014679620237e-03 
100.800000 5.3333031437899255e-03 
101.000000 5.3333047430061597e-03 
101.200000 5.3333062688310845e-03 
101.400000 5.3333077243594585e-03 
101.600000 5.3333091125650177e-03 
101.800000 5.3333104363049062e-03 
102.000000 5.3333116983238235e-03 
102.200000 5.3333129012581885e-03 
102.400000 5.3333140476402151e-03 
102.600000 5.3333151399015642e-03 
102.800000 5.3333161803771562e-03 
103.000000 5.3333171713087881e-03 
103.200000 5.3333181148484910e-03 
103.400000 5.3333190130618749e-03 
103.600000 5.3333198679314927e-03 
103.800000 5.3333206813596847e-03 
104.000000 5.3333214551718666e-03 
104.200000 5.3333221911192235e-03 
104.400000 5.3333228908816676e-03 
104.600000 5.3333235560703426e-03 
104.800000 5.3333241882303909e-03 
105.000000 5.3333247888433903e-03 
105.200000 5.3333253593298314e-03 
105.400000 5.3333259010513783e-03 
105.600000 5.3333264153131417e-03 
105.800000 5.3333269033659161e-03 
106.000000 5.3333273664082585e-03 
106.200000 5.3333278055884229e-03 
106.400000 5.3333282220064115e-03 
106.600000 5.3333286167158035e-03 
106.800000 5.3333289907255563e-03 
107.000000 5.3333293450017758e-03 
107.200000 5.3333296804694598e-03 
107.400000 5.3333299980139861e-03 
107.600000 5.3333302984826872e-03 
107.800000 5.3333305826865299e-03 
108.000000 5.3333308514013347e-03 
108.200000 5.3333311053694035e-03 
108.400000 5.3333313453005713e-03 
108.600000 5.3333315718738393e-03 
108.800000 5.3333317857383123e-03 
109.000000 5.3333319875146024e-03 
109.200000 5.3333321777959096e-03 
109.400000 5.3333323571491441e-03 
109.600000 5.3333325261159656e-03 
109.800000 5.3333326852139512e-03 
110.000000 5.3333328349372700e-03 
110.200000 5.3333329757580539e-03 
110.400000 5.3333331081270073e-03 
110.600000 5.3333332324743696e-03 
110.800000 5.3333333492108191e-03 
111.000000 5.3333334587282455e-03 
111.200000 5.3333335614005424e-03 
111.400000 5.3333336575843542e-03 
111.600000 5.3333337476197985e-03 
111.800000 5.3333338318311491e-03 
112.000000 5.3333339105276108e-03 
112.200000 5.3333339840037864e-03 
112.400000 5.3333340525404706e-03 
112.600000 5.3333341164050960e-03 
112.800000 5.3333341758523972e-03 
113.000000 5.3333342311249537e-03 
113.200000 5.3333342824536676e-03 
113.400000 5.3333343300583681e-03 
113.600000 5.3333343741481017e-03 
113.800000 5.3333344149218030e-03 
114.000000 5.3333344525687111e-03 
114.200000 5.3333344872686589e-03 
114.400000 5.3333345191926267e-03 
114.600000 5.3333345485030922e-03 
114.800000 5.3333345753543808e-03 
115.000000 5.3333345998930869e-03 
115.200000 5.3333346222583823e-03 
115.400000 5.3333346425823245e-03 
115.600000 5.3333346609902802e-03 
115.800000 5.3333346776011457e-03 
116.000000 5.3333346925276059e-03 
116.200000 5.3333347058765511e-03 
116.400000 5.3333347177492475e-03 
116.600000 5.3333347282415880e-03 
116.800000 5.3333347374444132e-03 
117.000000 5.3333347454436976e-03 
117.200000 5.3333347523207460e-03 
117.400000 5.3333347581525836e-03 
117.600000 5.3333347630118563e-03 
117.800000 5.3333347669673519e-03 
118.000000 5.3333347700840108e-03 
118.200000 5.3333347724231189e-03 
118.400000 5.3333347740425413e-03 
118.600000 5.3333347749968492e-03 
118.800000 5.3333347753375159e-03 
119.000000 5.3333347751130409e-03 
119.200000 5.3333347743690779e-03 
119.400000 5.3333347731486062e-03 
119.600000 5.3333347714921127e-03 
119.800000 5.3333347694375696e-03 
120.000000 5.3333347670207545e-03 
120.200000 5.3333347642751626e-03 
120.400000 5.3333347612323084e-03 
120.600000 5.3333347579216884e-03 
120.800000 5.3333347543709627e-03 
121.000000 5.3333347506060187e-03 
121.200000 5.3333347466510972e-03 
121.400000 5.3333347425288304e-03 
121.600000 5.3333347382603256e-03 
121.800000 5.3333347338653100e-03 
122.000000 5.3333347293622012e-03 
122.200000 5.3333347247680549e-03 
122.400000 5.3333347200988177e-03 
122.600000 5.3333347153692425e-03 
122.800000 5.3333347105930153e-03 
123.000000 5.3333347057828396e-03 
123.200000 5.3333347009504499e-03 
123.400000 5.3333346961067039e-03 
123.600000 5.3333346912615345e-03 
123.800000 5.3333346864241678e-03 
124.000000 5.3333346816030365e-03 
124.200000 5.3333346768058513e-03 
124.400000 5.3333346720396795e-03 
124.600000 5.3333346673109412e-03 
124.800000 5.3333346626254999e-03 
125.000000 5.3333346579886604e-03 
125.200000 5.3333346534051472e-03 
125.400000 5.3333346488792744e-03 
125.600000 5.3333346444149003e-03 
125.800000 5.3333346400154255e-03 
126.000000 5.3333346356838184e-03 
126.200000 5.3333346314227469e-03 
126.400000 5.3333346272345511e-03 
126.600000 5.3333346231211436e-03 
126.800000 5.3333346190841983e-03 
127.000000 5.3333346151251118e-03 
127.200000 5.3333346112450272e-03 
127.400000 5.3333346074447927e-03 
127.600000 5.3333346037251067e-03 
127.800000 5.3333346000864462e-03 
128.000000 5.3333345965290184e-03 
128.200000 5.3333345930529404e-03 
128.400000 5.3333345896581378e-03 
128.600000 5.3333345863444126e-03 
128.800000 5.3333345831113495e-03 
129.000000 5.3333345799585295e-03 
129.200000 5.3333345768853055e-03 
129.400000 5.3333345738910010e-03 
129.600000 5.3333345709748485e-03 
129.800000 5.3333345681358894e-03 
130.000000 5.3333345653732199e-03 
130.200000 5.3333345626858184e-03 
130.400000 5.3333345600725694e-03 
130.600000 5.3333345575323774e-03 
130.800000 5.3333345550640333e-03 
131.000000 5.3333345526663219e-03 
131.200000 5.3333345503379535e-03 
131.400000 5.3333345480776765e-03 
131.600000 5.3333345458841126e-03 
131.800000 5.3333345437560162e-03 
132.000000 5.3333345416919295e-03 
132.200000 5.3333345396905513e-03 
132.400000 5.3333345377505397e-03 
132.600000 5.3333345358704196e-03 
132.800000 5.3333345340488654e-03 
133.000000 5.3333345322844998e-03 
133.200000 5.3333345305759238e-03 
133.400000 5.3333345289217713e-03 
133.600000 5.3333345273207048e-03 
133.800000 5.3333345257713365e-03 
134.000000 5.3333345242723082e-03 
134.200000 5.3333345228223942e-03 
134.400000 5.3333345214201227e-03 
134.600000 5.3333345200643313e-03 
134.800000 5.3333345187536706e-03 
135.000000 5.3333345174868922e-03 
135.200000 5.3333345162627629e-03 
135.400000 5.3333345150800406e-03 
135.600000 5.3333345139376072e-03 
135.800000 5.3333345128341531e-03 
136.000000 5.3333345117686538e-03 
136.200000 5.3333345107398882e-03 
136.400000 5.3333345097467634e-03 
136.600000 5.3333345087882185e-03 
136.800000 5.3333345078631841e-03 
137.000000 5.3333345069706247e-03 
137.200000 5.3333345061094915e-03 
137.400000 5.3333345052788564e-03 
137.600000 5.3333345044776805e-03 
137.800000 5.3333345037050901e-03 
138.000000 5.3333345029601626e-03 
138.200000 5.3333345022419220e-03 
138.400000 5.3333345015495756e-03 
138.600000 5.3333345008822882e-03 
138.800000 5.3333345002391742e-03 
139.000000 5.3333344996194651e-03 
139.200000 5.3333344990223984e-03 
139.400000 5.3333344984471858e-03 
139.600000 5.3333344978930839e-03 
139.800000 5.3333344973594266e-03 
140.000000 5.3333344968455165e-03 
140.200000 5.3333344963506519e-03 
140.400000 5.3333344958741919e-03 
140.600000 5.3333344954155258e-03 
140.800000 5.3333344949740274e-03 
141.000000 5.3333344945491381e-03 
141.200000 5.3333344941402325e-03 
141.400000 5.3333344937467981e-03 
141.600000 5.3333344933682927e-03 
141.800000 5.3333344930042038e-03 
142.000000 5.3333344926540021e-03 
142.200000 5.3333344923172680e-03 
142.400000 5.3333344919934663e-03 
142.600000 5.3333344916822022e-03 
142.800000 5.3333344913830127e-03 
143.000000 5.3333344910954901e-03 
143.200000 5.3333344908192354e-03 
143.400000 5.3333344905538236e-03 
143.600000 5.3333344902989476e-03 
143.800000 5.3333344900541816e-03 
144.000000 5.3333344898192298e-03 
144.200000 5.3333344895937357e-03 
144.400000 5.3333344893773688e-03 
144.600000 5.3333344891698369e-03 
144.800000 5.3333344889708659e-03 
145.000000 5.3333344887801669e-03 
145.200000 5.3333344885973877e-03 
145.400000 5.3333344884223506e-03 
145.600000 5.3333344882547798e-03 
145.800000 5.3333344880944116e-03 
146.000000 5.3333344879410152e-03 
146.200000 5.3333344877943582e-03 
146.400000 5.3333344876542333e-03 
146.600000 5.3333344875204063e-03 
146.800000 5.3333344873926951e-03 
147.000000 5.3333344872710008e-03 
147.200000 5.3333344871551672e-03 
147.400000 5.3333344870450470e-03 
147.600000 5.3333344869404440e-03 
147.800000 5.3333344868412335e-03 
148.000000 5.3333344867472305e-03 
148.200000 5.3333344866582748e-03 
148.400000 5.3333344865741919e-03 
148.600000 5.3333344864948135e-03 
148.800000 5.3333344864199932e-03 
149.000000 5.3333344863495339e-03 
149.200000 5.3333344862833134e-03 
149.400000 5.3333344862211505e-03 
149.600000 5.3333344861628924e-03 
149.800000 5.3333344861084186e-03 
