0.000000 5.1067651493681987e-01 
0.200000 5.1067727481689629e-01 
0.400000 5.1068070319245928e-01 
0.600000 5.1068531629103520e-01 
0.800000 5.1068998186996328e-01 
1.000000 5.1069357089596457e-01 
1.200000 5.1069505705110607e-01 
1.400000 5.1069344878236156e-01 
1.600000 5.1068793501616849e-01 
1.800000 5.1067767942797204e-01 
2.000000 5.1066187978628585e-01 
2.200000 5.1063985857348571e-01 
2.400000 5.1061122386616986e-01 
2.600000 5.1057569285673421e-01 
2.800000 5.1053299050548295e-01 
3.000000 5.1048287174563489e-01 
3.200000 5.1042510296978805e-01 
3.400000 5.1035951180624073e-01 
3.600000 5.1028631906089650e-01 
3.800000 5.1020650089341013e-01 
4.000000 5.1011976163561334e-01 
4.200000 5.1002585817309398e-01 
4.400000 5.0992446582351758e-01 
4.600000 5.0981525169850983e-01 
4.800000 5.0969787358598906e-01 
5.000000 5.0957201616264758e-01 
5.200000 5.0943737147006118e-01 
5.400000 5.0929364538073230e-01 
5.600000 5.0914056087637638e-01 
5.800000 5.0897784861815654e-01 
6.000000 5.0880525189169956e-01 
6.200000 5.0862251044081552e-01 
6.400000 5.0842935965722902e-01 
6.600000 5.0822552399241139e-01 
6.800000 5.0801071732945446e-01 
7.000000 5.0778463121749062e-01 
7.200000 5.0754690610681330e-01 
7.400000 5.0729715155703281e-01 
7.600000 5.0703495814563571e-01 
7.800000 5.0675989648845532e-01 
8.000000 5.0647151711895122e-01 
8.200000 5.0616935039452648e-01 
8.400000 5.0585290481142875e-01 
8.600000 5.0552166607530802e-01 
8.800000 5.0517509427734564e-01 
9.000000 5.0481262173646346e-01 
9.200000 5.0443365027427844e-01 
9.400000 5.0403754883033081e-01 
9.600000 5.0362365055720026e-01 
9.800000 5.0319125050402058e-01 
10.000000 5.0273960381570471e-01 
10.200000 5.0226792445421320e-01 
10.400000 5.0177538214931972e-01 
10.600000 5.0126109933605489e-01 
10.800000 5.0072414804185128e-01 
11.000000 5.0016354751304737e-01 
11.200000 4.9957826183657461e-01 
11.400000 4.9896719701644326e-01 
11.600000 4.9832919784930313e-01 
11.800000 4.9766304442763049e-01 
12.000000 4.9696744842548524e-01 
12.200000 4.9624104909845723e-01 
12.400000 4.9548240910520153e-01 
12.600000 4.9469001018042419e-01 
12.800000 4.9386224867349549e-01 
13.000000 4.9299743089515413e-01 
13.200000 4.9209376833663437e-01 
13.400000 4.9114937276804727e-01 
13.600000 4.9016225114391049e-01 
13.800000 4.8913030042415123e-01 
14.000000 4.8805130229174803e-01 
14.200000 4.8692291787505193e-01 
14.400000 4.8574268242831942e-01 
14.600000 4.8450800001385158e-01 
14.800000 4.8321613821858561e-01 
15.000000 4.8186422299231052e-01 
15.200000 4.8044923369505521e-01 
15.400000 4.7896799843241133e-01 
15.600000 4.7741718980563830e-01 
15.800000 4.7579332117517414e-01 
16.000000 4.7409274359857906e-01 
16.200000 4.7231164357956856e-01 
16.400000 4.7044604181404126e-01 
16.600000 4.6849179311506389e-01 
16.800000 4.6644458774163322e-01 
17.000000 4.6429995435824345e-01 
17.200000 4.6205326488478654e-01 
17.400000 4.5969974150551973e-01 
17.600000 4.5723446612839103e-01 
17.800000 4.5465239259839502e-01 
18.000000 4.5194836197400584e-01 
18.200000 4.4911712118666225e-01 
18.400000 4.4615334539187090e-01 
18.600000 4.4305166431558196e-01 
18.800000 4.3980669287129137e-01 
19.000000 4.3641306629206955e-01 
19.200000 4.3286547997275893e-01 
19.400000 4.2915873415849365e-01 
19.600000 4.2528778353650182e-01 
19.800000 4.2124779169729221e-01 
20.000000 4.1703419032126110e-01 
20.200000 4.1264274282345759e-01 
20.400000 4.0806961205031678e-01 
20.600000 4.0331143146938175e-01 
20.800000 3.9836537913272141e-01 
21.000000 3.9322925352472565e-01 
21.200000 3.8790155023565298e-01 
21.400000 3.8238153823348414e-01 
21.600000 3.7666933434873234e-01 
21.800000 3.7076597444436937e-01 
22.000000 3.6467347962543201e-01 
22.200000 3.5839491575653315e-01 
22.400000 3.5193444451063555e-01 
22.600000 3.4529736417558504e-01 
22.800000 3.3849013850427184e-01 
23.000000 3.3152041201504490e-01 
23.200000 3.2439701033473750e-01 
23.400000 3.1712992442898641e-01 
23.600000 3.0973027787995194e-01 
23.800000 3.0221027674510009e-01 
24.000000 2.9458314195145713e-01 
24.200000 2.8686302463475899e-01 
24.400000 2.7906490530488920e-01 
24.600000 2.7120447818879267e-01 
24.800000 2.6329802254896917e-01 
25.000000 2.5536226317881972e-01 
25.200000 2.4741422261627588e-01 
25.400000 2.3947106787763364e-01 
25.600000 2.3154995468126383e-01 
25.800000 2.2366787219826784e-01 
26.000000 2.1584149133133071e-01 
26.200000 2.0808701938699201e-01 
26.400000 2.0042006377846983e-01 
26.600000 1.9285550708846891e-01 
26.800000 1.8540739545039187e-01 
27.000000 1.7808884179025478e-01 
27.200000 1.7091194503002027e-01 
27.400000 1.6388772590506206e-01 
27.600000 1.5702607961198956e-01 
27.800000 1.5033574509384018e-01 
28.000000 1.4382429040026606e-01 
28.200000 1.3749811324062630e-01 
28.400000 1.3136245558383394e-01 
28.600000 1.2542143095357905e-01 
28.800000 1.1967806292125731e-01 
29.000000 1.1413433320918898e-01 
29.200000 1.0879123777932365e-01 
29.400000 1.0364884929179981e-01 
29.600000 9.8706384366861480e-02 
29.800000 9.3962274165606097e-02 
30.000000 8.9414236912692069e-02 
30.200000 8.5059351110510328e-02 
30.400000 8.0894128333027046e-02 
30.600000 7.6914584632730654e-02 
30.800000 7.3116309740848123e-02 
31.000000 6.9494533385067198e-02 
31.200000 6.6044188186919733e-02 
31.400000 6.2759968730282084e-02 
31.600000 5.9636386511077298e-02 
31.800000 5.6667820585097027e-02 
32.000000 5.3848563825179906e-02 
32.200000 5.1172864780583492e-02 
32.400000 4.8634965200507058e-02 
32.600000 4.6229133340834824e-02 
32.800000 4.3949693219042671e-02 
33.000000 4.1791050017755904e-02 
33.200000 3.9747711863645771e-02 
33.400000 3.7814308226315110e-02 
33.600000 3.5985605192573780e-02 
33.800000 3.4256517876139453e-02 
34.000000 3.2622120222273593e-02 
34.200000 3.1077652462138297e-02 
34.400000 2.9618526463581700e-02 
34.600000 2.8240329214371338e-02 
34.800000 2.6938824661303987e-02 
35.000000 2.5709954114681823e-02 
35.200000 2.4549835412882706e-02 
35.400000 2.3454761026565608e-02 
35.600000 2.2421195266800954e-02 
35.800000 2.1445770746382375e-02 
36.000000 2.0525284228960664e-02 
36.200000 1.9656691986636429e-02 
36.400000 1.8837104773357621e-02 
36.600000 1.8063782508989618e-02 
36.800000 1.7334128757301399e-02 
37.000000 1.6645685070376726e-02 
37.200000 1.5996125262111031e-02 
37.400000 1.5383249664485583e-02 
37.600000 1.4804979412190795e-02 
37.800000 1.4259350793868818e-02 
38.000000 1.3744509701713849e-02 
38.200000 1.3258706205365033e-02 
38.400000 1.2800289270895866e-02 
38.600000 1.2367701641197538e-02 
38.800000 1.1959474890119722e-02 
39.000000 1.1574224659316529e-02 
39.200000 1.1210646083805955e-02 
39.400000 1.0867509409730971e-02 
39.600000 1.0543655805679888e-02 
39.800000 1.0237993367121631e-02 
40.000000 9.9494933120212441e-03 
40.200000 9.6771863644703575e-03 
40.400000 9.4201593221711986e-03 
40.600000 9.1775518028210119e-03 
40.800000 8.9485531638297030e-03 
41.000000 8.7323995893392667e-03 
41.200000 8.5283713381850302e-03 
41.400000 8.3357901462178269e-03 
41.600000 8.1540167762834005e-03 
41.800000 7.9824487091092466e-03 
42.000000 7.8205179683723189e-03 
42.200000 7.6676890732961531e-03 
42.400000 7.5234571122466624e-03 
42.600000 7.3873459309531705e-03 
42.800000 7.2589064291621588e-03 
43.000000 7.1377149597404285e-03 
43.200000 7.0233718244613321e-03 
43.400000 6.9154998609411763e-03 
43.600000 6.8137431154314566e-03 
43.800000 6.7177655964124009e-03 
44.000000 6.6272501041777640e-03 
44.200000 6.5418971318393793e-03 
44.400000 6.4614238334180819e-03 
44.600000 6.3855630549184937e-03 
44.800000 6.3140624245109321e-03 
45.000000 6.2466834981614993e-03 
45.200000 6.1832009572619397e-03 
45.400000 6.1234018550120626e-03 
45.600000 6.0670849085014255e-03 
45.800000 6.0140598336203806e-03 
46.000000 5.9641467201061683e-03 
46.200000 5.9171754441965001e-03 
46.400000 5.8729851165200677e-03 
46.600000 5.8314235630031880e-03 
46.800000 5.7923468367115909e-03 
47.000000 5.7556187586801939e-03 
47.200000 5.7211104859071918e-03 
47.400000 5.6887001048074783e-03 
47.600000 5.6582722485295370e-03 
47.800000 5.6297177366437775e-03 
48.000000 5.6029332358076347e-03 
48.200000 5.5778209401025174e-03 
48.400000 5.5542882698236392e-03 
48.600000 5.5322475875824928e-03 
48.800000 5.5116159306564730e-03 
49.000000 5.4923147585892390e-03 
49.200000 5.4742697151105779e-03 
49.400000 5.4574104035043777e-03 
49.600000 5.4416701746110054e-03 
49.800000 5.4269859267015805e-03 
50.000000 5.4132979165120165e-03 
50.200000 5.4005495807701795e-03 
50.400000 5.3886873675920832e-03 
50.600000 5.3776605771632289e-03 
50.800000 5.3674212111584959e-03 
51.000000 5.3579238303881616e-03 
51.200000 5.3491254201910726e-03 
51.400000 5.3409852631246197e-03 
51.600000 5.3334648185310281e-03 
51.800000 5.3265276085848095e-03 
52.000000 5.3201391104504610e-03 
52.200000 5.3142666542035973e-03 
52.400000 5.3088793261888666e-03 
52.600000 5.3039478775083367e-03 
52.800000 5.2994446373534716e-03 
53.000000 5.2953434309095295e-03 
53.200000 5.2916195015794230e-03 
53.400000 5.2882494372878015e-03 
53.600000 5.2852111006411358e-03 
53.800000 5.2824835627325890e-03 
54.000000 5.2800470403928101e-03 
54.200000 5.2778828367000836e-03 
54.400000 5.2759732845728729e-03 
54.600000 5.2743016932797499e-03 
54.800000 5.2728522977095130e-03 
55.000000 5.2716102102546309e-03 
55.200000 5.2705613751687641e-03 
55.400000 5.2696925252673117e-03 
55.600000 5.2689911408473006e-03 
55.800000 5.2684454107099297e-03 
56.000000 5.2680441951751889e-03 
56.200000 5.2677769909850120e-03 
56.400000 5.2676338979961339e-03 
56.600000 5.2676055875699240e-03 
56.800000 5.2676832725710955e-03 
57.000000 5.2678586788929074e-03 
57.200000 5.2681240184293829e-03 
57.400000 5.2684719634208668e-03 
57.600000 5.2688956221024702e-03 
57.800000 5.2693885155887946e-03 
58.000000 5.2699445559317238e-03 
58.200000 5.2705580252923054e-03 
58.400000 5.2712235561693235e-03 
58.600000 5.2719361126316528e-03 
58.800000 5.2726909725035256e-03 
59.000000 5.2734837104545049e-03 
59.200000 5.2743101819487772e-03 
59.400000 5.2751665080104189e-03 
59.600000 5.2760490607636377e-03 
59.800000 5.2769544497095634e-03 
60.000000 5.2778795087018463e-03 
60.200000 5.2788212835870102e-03 
60.400000 5.2797770204758513e-03 
60.600000 5.2807441546144579e-03 
60.800000 5.2817202998250391e-03 
61.000000 5.2827032384880554e-03 
61.200000 5.2836909120387932e-03 
61.400000 5.2846814119529139e-03 
61.600000 5.2856729711960601e-03 
61.800000 5.2866639561152977e-03 
62.000000 5.2876528587498346e-03 
62.200000 5.2886382895402971e-03 
62.400000 5.2896189704168643e-03 
62.600000 5.2905937282474126e-03 
62.800000 5.2915614886276021e-03 
63.000000 5.2925212699962195e-03 
63.200000 5.2934721780592379e-03 
63.400000 5.2944134005075997e-03 
63.600000 5.2953442020137863e-03 
63.800000 5.2962639194935575e-03 
64.000000 5.2971719576192441e-03 
64.200000 5.2980677845728946e-03 
64.400000 5.2989509280258742e-03 
64.600000 5.2998209713354507e-03 
64.800000 5.3006775499455849e-03 
65.000000 5.3015203479832695e-03 
65.200000 5.3023490950397387e-03 
65.400000 5.3031635631274818e-03 
65.600000 5.3039635638042525e-03 
65.800000 5.3047489454557317e-03 
66.000000 5.3055195907286178e-03 
66.200000 5.3062754141068201e-03 
66.400000 5.3070163596232178e-03 
66.600000 5.3077423987002879e-03 
66.800000 5.3084535281132453e-03 
67.000000 5.3091497680687171e-03 
67.200000 5.3098311603941113e-03 
67.400000 5.3104977668310804e-03 
67.600000 5.3111496674281321e-03 
67.800000 5.3117869590274267e-03 
68.000000 5.3124097538406355e-03 
68.200000 5.3130181781091577e-03 
68.400000 5.3136123708448588e-03 
68.600000 5.3141924826464919e-03 
68.800000 5.3147586745881017e-03 
69.000000 5.3153111171758416e-03 
69.200000 5.3158499893693053e-03 
69.400000 5.3163754776640627e-03 
69.600000 5.3168877752321746e-03 
69.800000 5.3173870811176020e-03 
70.000000 5.3178735994835035e-03 
70.200000 5.3183475389087615e-03 
70.400000 5.3188091117309204e-03 
70.600000 5.3192585334332302e-03 
70.800000 5.3196960220729958e-03 
71.000000 5.3201217977495423e-03 
71.200000 5.3205360821092593e-03 
71.400000 5.3209390978854075e-03 
71.600000 5.3213310684715118e-03 
71.800000 5.3217122175257189e-03 
72.000000 5.3220827686047316e-03 
72.200000 5.3224429448256970e-03 
72.400000 5.3227929685542279e-03 
72.600000 5.3231330611170262e-03 
72.800000 5.3234634425382921e-03 
73.000000 5.3237843312975716e-03 
73.200000 5.3240959441084486e-03 
73.400000 5.3243984957168653e-03 
73.600000 5.3246921987174650e-03 
73.800000 5.3249772633871921e-03 
74.000000 5.3252538975350630e-03 
74.200000 5.3255223063671800e-03 
74.400000 5.3257826923657240e-03 
74.600000 5.3260352551814426e-03 
74.800000 5.3262801915386470e-03 
75.000000 5.3265176951517810e-03 
75.200000 5.3267479566529510e-03 
75.400000 5.3269711635297078e-03 
75.600000 5.3271875000724693e-03 
75.800000 5.3273971473305941e-03 
76.000000 5.3276002830770271e-03 
76.200000 5.3277970817803980e-03 
76.400000 5.3279877145846954e-03 
76.600000 5.3281723492951683e-03 
76.800000 5.3283511503707092e-03 
77.000000 5.3285242789219986e-03 
77.200000 5.3286918927147164e-03 
77.400000 5.3288541461779153e-03 
77.600000 5.3290111904167325e-03 
77.800000 5.3291631732294686e-03 
78.000000 5.3293102391282002e-03 
78.200000 5.3294525293631403e-03 
78.400000 5.3295901819501940e-03 
78.600000 5.3297233317011359e-03 
78.800000 5.3298521102568552e-03 
79.000000 5.3299766461227119e-03 
79.200000 5.3300970647061187e-03 
79.400000 5.3302134883561683e-03 
79.600000 5.3303260364048668e-03 
79.800000 5.3304348252099214e-03 
80.000000 5.3305399681990925e-03 
80.200000 5.3306415759152900e-03 
80.400000 5.3307397560633128e-03 
80.600000 5.3308346135568395e-03 
80.800000 5.3309262505666800e-03 
81.000000 5.3310147665692276e-03 
81.200000 5.3311002583957632e-03 
81.400000 5.3311828202818896e-03 
81.600000 5.3312625439172400e-03 
81.800000 5.3313395184955729e-03 
82.000000 5.3314138307647028e-03 
82.200000 5.3314855650766439e-03 
82.400000 5.3315548034374733e-03 
82.600000 5.3316216255572795e-03 
82.800000 5.3316861088996926e-03 
83.000000 5.3317483287312235e-03 
83.200000 5.3318083581703020e-03 
83.400000 5.3318662682359189e-03 
83.600000 5.3319221278958990e-03 
83.800000 5.3319760041144488e-03 
84.000000 5.3320279618995926e-03 
84.200000 5.3320780643497630e-03 
84.400000 5.3321263726999781e-03 
84.600000 5.3321729463673044e-03 
84.800000 5.3322178429958652e-03 
85.000000 5.3322611185009092e-03 
85.200000 5.3323028271126567e-03 
85.400000 5.3323430214189116e-03 
85.600000 5.3323817524075804e-03 
85.800000 5.3324190695078462e-03 
86.000000 5.3324550206312092e-03 
86.200000 5.3324896522113988e-03 
86.400000 5.3325230092437165e-03 
86.600000 5.3325551353235502e-03 
86.800000 5.3325860726843493e-03 
87.000000 5.3326158622345248e-03 
87.200000 5.3326445435939018e-03 
87.400000 5.3326721551292386e-03 
87.600000 5.3326987339891172e-03 
87.800000 5.3327243161379601e-03 
88.000000 5.3327489363894694e-03 
88.200000 5.3327726284392047e-03 
88.400000 5.3327954248964587e-03 
88.600000 5.3328173573154733e-03 
88.800000 5.3328384562257858e-03 
89.000000 5.3328587511620590e-03 
89.200000 5.3328782706932041e-03 
89.400000 5.3328970424503692e-03 
89.600000 5.3329150931549765e-03 
89.800000 5.3329324486455446e-03 
90.000000 5.3329491339039132e-03 
90.200000 5.3329651730810784e-03 
90.400000 5.3329805895220390e-03 
90.600000 5.3329954057901403e-03 
90.800000 5.3330096436910619e-03 
91.000000 5.3330233242956356e-03 
91.200000 5.3330364679625430e-03 
91.400000 5.3330490943601858e-03 
91.600000 5.3330612224880237e-03 
91.800000 5.3330728706973132e-03 
92.000000 5.3330840567114221e-03 
92.200000 5.3330947976453907e-03 
92.400000 5.3331051100249938e-03 
92.600000 5.3331150098055143e-03 
92.800000 5.3331245123896471e-03 
93.000000 5.3331336326451345e-03 
93.200000 5.3331423849218027e-03 
93.400000 5.3331507830682873e-03 
93.600000 5.3331588404479111e-03 
93.800000 5.3331665699545587e-03 
94.000000 5.3331739840277509e-03 
94.200000 5.3331810946674564e-03 
94.400000 5.3331879134484563e-03 
94.600000 5.3331944515341454e-03 
94.800000 5.3332007196902152e-03 
95.000000 5.3332067282975031e-03 
95.200000 5.3332124873650003e-03 
95.400000 5.3332180065419456e-03 
95.600000 5.3332232951299385e-03 
95.800000 5.3332283620944739e-03 
96.000000 5.3332332160761558e-03 
96.200000 5.3332378654017583e-03 
96.400000 5.3332423180946021e-03 
96.600000 5.3332465818849576e-03 
96.800000 5.3332506642199346e-03 
97.000000 5.3332545722730475e-03 
97.200000 5.3332583129536721e-03 
97.400000 5.3332618929158512e-03 
97.600000 5.3332653185674227e-03 
97.800000 5.3332685960781291e-03 
98.000000 5.3332717313880323e-03 
98.200000 5.3332747302153411e-03 
98.400000 5.3332775980642639e-03 
98.600000 5.3332803402323303e-03 
98.800000 5.3332829618176654e-03 
99.000000 5.3332854677259362e-03 
99.200000 5.3332878626771068e-03 
99.400000 5.3332901512120265e-03 
99.600000 5.3332923376987126e-03 
99.800000 5.3332944263384668e-03 
100.000000 5.3332964211718235e-03 
100.200000 5.3332983260842249e-03 
100.400000 5.3333001448116210e-03 
100.600000 5.3333018809457863e-03 
100.800000 5.3333035379394588e-03 
101.000000 5.3333051191114221e-03 
101.200000 5.3333066276513271e-03 
101.400000 5.3333080666242722e-03 
101.600000 5.3333094389754632e-03 
101.800000 5.3333107475344640e-03 
102.000000 5.3333119950195150e-03 
102.200000 5.3333131840415009e-03 
102.400000 5.3333143171080191e-03 
102.600000 5.3333153966270081e-03 
102.800000 5.3333164249105619e-03 
103.000000 5.3333174041785402e-03 
103.200000 5.3333183365617629e-03 
103.400000 5.3333192241055106e-03 
103.600000 5.3333200687726220e-03 
103.800000 5.3333208724467042e-03 
104.000000 5.3333216369348922e-03 
104.200000 5.3333223639709477e-03 
104.400000 5.3333230552178520e-03 
104.600000 5.3333237122706384e-03 
104.800000 5.3333243366588687e-03 
105.000000 5.3333249298490983e-03 
105.200000 5.3333254932474341e-03 
105.400000 5.3333260282016608e-03 
105.600000 5.3333265360035777e-03 
105.800000 5.3333270178911396e-03 
106.000000 5.3333274750505897e-03 
106.200000 5.3333279086183643e-03 
106.400000 5.3333283196829954e-03 
106.600000 5.3333287092872019e-03 
106.800000 5.3333290784294022e-03 
107.000000 5.3333294280656241e-03 
107.200000 5.3333297591110929e-03 
107.400000 5.3333300724418943e-03 
107.600000 5.3333303688964427e-03 
107.800000 5.3333306492770261e-03 
108.000000 5.3333309143513219e-03 
108.200000 5.3333311648535876e-03 
108.400000 5.3333314014861145e-03 
108.600000 5.3333316249205244e-03 
108.800000 5.3333318357989806e-03 
109.000000 5.3333320347353471e-03 
109.200000 5.3333322223163490e-03 
109.400000 5.3333323991027349e-03 
109.600000 5.3333325656301847e-03 
109.800000 5.3333327224105382e-03 
110.000000 5.3333328699326178e-03 
110.200000 5.3333330086632099e-03 
110.400000 5.3333331390480092e-03 
110.600000 5.3333332615124757e-03 
110.800000 5.3333333764626241e-03 
111.000000 5.3333334842859577e-03 
111.200000 5.3333335853521097e-03 
111.400000 5.3333336800136634e-03 
111.600000 5.3333337686068388e-03 
111.800000 5.3333338514522394e-03 
112.000000 5.3333339288554283e-03 
112.200000 5.3333340011076404e-03 
112.400000 5.3333340684863116e-03 
112.600000 5.3333341312558494e-03 
112.800000 5.3333341896679622e-03 
113.000000 5.3333342439623533e-03 
113.200000 5.3333342943671889e-03 
113.400000 5.3333343410996315e-03 
113.600000 5.3333343843662631e-03 
113.800000 5.3333344243636808e-03 
114.000000 5.3333344612786727e-03 
114.200000 5.3333344952890124e-03 
114.400000 5.3333345265635136e-03 
114.600000 5.3333345552626825e-03 
114.800000 5.3333345815389423e-03 
115.000000 5.3333346055370280e-03 
115.200000 5.3333346273943894e-03 
115.400000 5.3333346472414301e-03 
115.600000 5.3333346652018852e-03 
115.800000 5.3333346813931428e-03 
116.000000 5.3333346959265095e-03 
116.200000 5.3333347089074010e-03 
116.400000 5.3333347204358051e-03 
116.600000 5.3333347306063665e-03 
116.800000 5.3333347395087055e-03 
117.000000 5.3333347472276681e-03 
117.200000 5.3333347538435123e-03 
117.400000 5.3333347594321278e-03 
117.600000 5.3333347640652879e-03 
117.800000 5.3333347678107459e-03 
118.000000 5.3333347707326013e-03 
118.200000 5.3333347728912366e-03 
118.400000 5.3333347743437995e-03 
118.600000 5.3333347751439849e-03 
118.800000 5.3333347753425926e-03 
119.000000 5.3333347749874157e-03 
119.200000 5.3333347741234194e-03 
119.400000 5.3333347727930113e-03 
119.600000 5.3333347710360062e-03 
119.800000 5.3333347688898558e-03 
120.000000 5.3333347663897844e-03 
120.200000 5.3333347635687893e-03 
120.400000 5.3333347604578576e-03 
120.600000 5.3333347570860886e-03 
120.800000 5.3333347534806411e-03 
121.000000 5.3333347496670597e-03 
121.200000 5.3333347456691448e-03 
121.400000 5.3333347415091218e-03 
121.600000 5.3333347372078212e-03 
121.800000 5.3333347327846224e-03 
122.000000 5.3333347282575683e-03 
122.200000 5.3333347236434849e-03 
122.400000 5.3333347189580237e-03 
122.600000 5.3333347142156123e-03 
122.800000 5.3333347094297783e-03 
123.000000 5.3333347046129135e-03 
123.200000 5.3333346997765695e-03 
123.400000 5.3333346949313663e-03 
123.600000 5.3333346900870703e-03 
123.800000 5.3333346852526813e-03 
124.000000 5.3333346804365122e-03 
124.200000 5.3333346756460499e-03 
124.400000 5.3333346708882229e-03 
124.600000 5.3333346661693353e-03 
124.800000 5.3333346614950674e-03 
125.000000 5.3333346568706051e-03 
125.200000 5.3333346523006270e-03 
125.400000 5.3333346477892236e-03 
125.600000 5.3333346433401948e-03 
125.800000 5.3333346389568166e-03 
126.000000 5.3333346346420250e-03 
126.200000 5.3333346303983753e-03 
126.400000 5.3333346262280515e-03 
126.600000 5.3333346221329713e-03 
126.800000 5.3333346181147663e-03 
127.000000 5.3333346141746941e-03 
127.200000 5.3333346103138649e-03 
127.400000 5.3333346065330941e-03 
127.600000 5.3333346028329835e-03 
127.800000 5.3333345992139930e-03 
128.000000 5.3333345956762925e-03 
128.200000 5.3333345922199253e-03 
128.400000 5.3333345888448153e-03 
128.600000 5.3333345855506769e-03 
128.800000 5.3333345823371372e-03 
129.000000 5.3333345792036793e-03 
129.200000 5.3333345761496856e-03 
129.400000 5.3333345731743946e-03 
129.600000 5.3333345702770560e-03 
129.800000 5.3333345674567330e-03 
130.000000 5.3333345647124369e-03 
130.200000 5.3333345620431407e-03 
130.400000 5.3333345594477359e-03 
130.600000 5.3333345569251088e-03 
130.800000 5.3333345544740365e-03 
131.000000 5.3333345520932786e-03 
131.200000 5.3333345497815834e-03 
131.400000 5.3333345475376354e-03 
131.600000 5.3333345453601159e-03 
131.800000 5.3333345432476833e-03 
132.000000 5.3333345411990009e-03 
132.200000 5.3333345392126714e-03 
132.400000 5.3333345372873382e-03 
132.600000 5.3333345354215989e-03 
132.800000 5.3333345336140699e-03 
133.000000 5.3333345318634035e-03 
133.200000 5.3333345301681979e-03 
133.400000 5.3333345285270888e-03 
133.600000 5.3333345269387274e-03 
133.800000 5.3333345254017147e-03 
134.000000 5.3333345239147904e-03 
134.200000 5.3333345224765719e-03 
134.400000 5.3333345210857331e-03 
134.600000 5.3333345197410604e-03 
134.800000 5.3333345184412000e-03 
135.000000 5.3333345171849228e-03 
135.200000 5.3333345159709885e-03 
135.400000 5.3333345147982079e-03 
135.600000 5.3333345136653536e-03 
135.800000 5.3333345125712826e-03 
136.000000 5.3333345115147961e-03 
136.200000 5.3333345104948499e-03 
136.400000 5.3333345095102295e-03 
136.600000 5.3333345085599644e-03 
136.800000 5.3333345076429107e-03 
137.000000 5.3333345067581115e-03 
137.200000 5.3333345059045096e-03 
137.400000 5.3333345050811361e-03 
137.600000 5.3333345042870283e-03 
137.800000 5.3333345035212493e-03 
138.000000 5.3333345027829059e-03 
138.200000 5.3333345020710890e-03 
138.400000 5.3333345013849244e-03 
138.600000 5.3333345007235905e-03 
138.800000 5.3333345000862523e-03 
139.000000 5.3333344994721593e-03 
139.200000 5.3333344988804746e-03 
139.400000 5.3333344983104835e-03 
139.600000 5.3333344977614548e-03 
139.800000 5.3333344972327033e-03 
140.000000 5.3333344967234847e-03 
140.200000 5.3333344962331539e-03 
140.400000 5.3333344957611217e-03 
140.600000 5.3333344953066901e-03 
140.800000 5.3333344948693099e-03 
141.000000 5.3333344944483732e-03 
141.200000 5.3333344940432988e-03 
141.400000 5.3333344936535680e-03 
141.600000 5.3333344932786179e-03 
141.800000 5.3333344929179577e-03 
142.000000 5.3333344925711188e-03 
142.200000 5.3333344922375757e-03 
142.400000 5.3333344919169086e-03 
142.600000 5.3333344916086257e-03 
142.800000 5.3333344913123245e-03 
143.000000 5.3333344910276104e-03 
143.200000 5.3333344907540124e-03 
143.400000 5.3333344904912487e-03 
143.600000 5.3333344902388785e-03 
143.800000 5.3333344899965402e-03 
144.000000 5.3333344897639320e-03 
144.200000 5.3333344895407208e-03 
144.400000 5.3333344893265579e-03 
144.600000 5.3333344891211476e-03 
144.800000 5.3333344889242252e-03 
145.000000 5.3333344887354838e-03 
145.200000 5.3333344885546571e-03 
145.400000 5.3333344883814606e-03 
145.600000 5.3333344882156818e-03 
145.800000 5.3333344880570543e-03 
146.000000 5.3333344879053363e-03 
146.200000 5.3333344877603116e-03 
146.400000 5.3333344876217411e-03 
146.600000 5.3333344874894511e-03 
146.800000 5.3333344873632404e-03 
147.000000 5.3333344872430258e-03 
147.200000 5.3333344871286147e-03 
147.400000 5.3333344870198675e-03 
147.600000 5.3333344869166306e-03 
147.800000 5.3333344868187133e-03 
148.000000 5.3333344867259784e-03 
148.200000 5.3333344866382257e-03 
148.400000 5.3333344865553562e-03 
148.600000 5.3333344864771245e-03 
148.800000 5.3333344864033624e-03 
149.000000 5.3333344863339830e-03 
149.200000 5.3333344862687730e-03 
149.400000 5.3333344862075919e-03 
149.600000 5.3333344861503018e-03 
149.800000 5.3333344860967023e-03 
