0.000000 5.1067937008714526e-01 
0.200000 5.1068041311031664e-01 
0.400000 5.1068398482007782e-01 
0.600000 5.1068861957751943e-01 
0.800000 5.1069319471920593e-01 
1.000000 5.1069659260665823e-01 
1.200000 5.1069779581064823e-01 
1.400000 5.1069586659693100e-01 
1.600000 5.1068988661241488e-01 
1.800000 5.1067908681290575e-01 
2.000000 5.1066266736023502e-01 
2.200000 5.1063998913153041e-01 
2.400000 5.1061066626683016e-01 
2.600000 5.1057441952188376e-01 
2.800000 5.1053097656054991e-01 
3.000000 5.1048009451980336e-01 
3.200000 5.1042154259914074e-01 
3.400000 5.1035515650404850e-01 
3.600000 5.1028129907397957e-01 
3.800000 5.1020079196968182e-01 
4.000000 5.1011334423957666e-01 
4.200000 5.1001869157203761e-01 
4.400000 5.0991651730442722e-01 
4.600000 5.0980648830079944e-01 
4.800000 5.0968827289800689e-01 
5.000000 5.0956153821178551e-01 
5.200000 5.0942598626456637e-01 
5.400000 5.0928132484162214e-01 
5.600000 5.0912727824295279e-01 
5.800000 5.0896357812054860e-01 
6.000000 5.0878996818756939e-01 
6.200000 5.0860618789209378e-01 
6.400000 5.0841197193531074e-01 
6.600000 5.0820704339436851e-01 
6.800000 5.0799111479114056e-01 
7.000000 5.0776387286403524e-01 
7.200000 5.0752495457058189e-01 
7.400000 5.0727396817741977e-01 
7.600000 5.0701050165684602e-01 
7.800000 5.0673412403961171e-01 
8.000000 5.0644438405385539e-01 
8.200000 5.0614080996607747e-01 
8.400000 5.0582290827020837e-01 
8.600000 5.0549016236222044e-01 
8.800000 5.0514202982385270e-01 
9.000000 5.0477794017392019e-01 
9.200000 5.0439729212948325e-01 
9.400000 5.0399945125604717e-01 
9.600000 5.0358374721314725e-01 
9.800000 5.0314947124807641e-01 
10.000000 5.0269587472474397e-01 
10.200000 5.0222216737557746e-01 
10.400000 5.0172751451910802e-01 
10.600000 5.0121103383151633e-01 
10.800000 5.0067179234228198e-01 
11.000000 5.0010880407674396e-01 
11.200000 4.9952102763086709e-01 
11.400000 4.9890736325807256e-01 
11.600000 4.9826664964016915e-01 
11.800000 4.9759766038951891e-01 
12.000000 4.9689910033113927e-01 
12.200000 4.9616960147394340e-01 
12.400000 4.9540771881087714e-01 
12.600000 4.9461192599729548e-01 
12.800000 4.9378061083535058e-01 
13.000000 4.9291207064666953e-01 
13.200000 4.9200450746025737e-01 
13.400000 4.9105602309172303e-01 
13.600000 4.9006461403990942e-01 
13.800000 4.8902816629921331e-01 
14.000000 4.8794445008335663e-01 
14.200000 4.8681111452996889e-01 
14.400000 4.8562568239175019e-01 
14.600000 4.8438554470607786e-01 
14.800000 4.8308795553455613e-01 
15.000000 4.8173002680906618e-01 
15.200000 4.8030872340692182e-01 
15.400000 4.7882085852095607e-01 
15.600000 4.7726308945371293e-01 
15.800000 4.7563191394054571e-01 
16.000000 4.7392366715893142e-01 
16.200000 4.7213451956677915e-01 
16.400000 4.7026047575439950e-01 
16.600000 4.6829737449746006e-01 
16.800000 4.6624089023098969e-01 
17.000000 4.6408653618341494e-01 
17.200000 4.6182966942128739e-01 
17.400000 4.5946549808559883e-01 
17.600000 4.5698909110361852e-01 
17.800000 4.5439539068562790e-01 
18.000000 4.5167922791615295e-01 
18.200000 4.4883534175752626e-01 
18.400000 4.4585840177569863e-01 
18.600000 4.4274303488901662e-01 
18.800000 4.3948385641283927e-01 
19.000000 4.3607550564067876e-01 
19.200000 4.3251268615151101e-01 
19.400000 4.2879021097188047e-01 
19.600000 4.2490305264312445e-01 
19.800000 4.2084639814805758e-01 
20.000000 4.1661570854371055e-01 
20.200000 4.1220678301839186e-01 
20.400000 4.0761582695347193e-01 
20.600000 4.0283952341571233e-01 
20.800000 3.9787510734423476e-01 
21.000000 3.9272044152673841e-01 
21.200000 3.8737409328962452e-01 
21.400000 3.8183541065876131e-01 
21.600000 3.7610459659098200e-01 
21.800000 3.7018277973583652e-01 
22.000000 3.6407208007217373e-01 
22.200000 3.5777566768176727e-01 
22.400000 3.5129781288113915e-01 
22.600000 3.4464392594158533e-01 
22.800000 3.3782058469198772e-01 
23.000000 3.3083554842628371e-01 
23.200000 3.2369775672960488e-01 
23.400000 3.1641731209555479e-01 
23.600000 3.0900544552865417e-01 
23.800000 3.0147446470445743e-01 
24.000000 2.9383768468473104e-01 
24.200000 2.8610934164235896e-01 
24.400000 2.7830449052338463e-01 
24.600000 2.7043888804202770e-01 
24.800000 2.6252886284811977e-01 
25.000000 2.5459117510419133e-01 
25.200000 2.4664286804271482e-01 
25.400000 2.3870111432574986e-01 
25.600000 2.3078306018777109e-01 
25.800000 2.2290567039969361e-01 
26.000000 2.1508557704643314e-01 
26.200000 2.0733893496494962e-01 
26.400000 1.9968128645327460e-01 
26.600000 1.9212743754647185e-01 
26.800000 1.8469134777921864e-01 
27.000000 1.7738603493530486e-01 
27.200000 1.7022349584126992e-01 
27.400000 1.6321464381380138e-01 
27.600000 1.5636926293601791e-01 
27.800000 1.4969597893189399e-01 
28.000000 1.4320224604318202e-01 
28.200000 1.3689434899861036e-01 
28.400000 1.3077741890673328e-01 
28.600000 1.2485546170432010e-01 
28.800000 1.1913139765149539e-01 
29.000000 1.1360711028039616e-01 
29.200000 1.0828350317150906e-01 
29.400000 1.0316056294518058e-01 
29.600000 9.8237426908460268e-02 
29.800000 9.3512453882170943e-02 
30.000000 8.8983296842895646e-02 
30.200000 8.4646976142397523e-02 
30.400000 8.0499952206566888e-02 
30.600000 7.6538196761575958e-02 
30.800000 7.2757261781557517e-02 
31.000000 6.9152345495723064e-02 
31.200000 6.5718354930057662e-02 
31.400000 6.2449964587016626e-02 
31.600000 5.9341670984217623e-02 
31.800000 5.6387842878736105e-02 
32.000000 5.3582767096720330e-02 
32.200000 5.0920689968397943e-02 
32.400000 4.8395854436485315e-02 
32.600000 4.6002532961996141e-02 
32.800000 4.3735056396277304e-02 
33.000000 4.1587839022685189e-02 
33.200000 3.9555399996679924e-02 
33.400000 3.7632381430323908e-02 
33.600000 3.5813563377287284e-02 
33.800000 3.4093875978551888e-02 
34.000000 3.2468409028036951e-02 
34.200000 3.0932419212277313e-02 
34.400000 2.9481335269931894e-02 
34.600000 2.8110761305988267e-02 
34.800000 2.6816478482794101e-02 
35.000000 2.5594445295999135e-02 
35.200000 2.4440796628675203e-02 
35.400000 2.3351841761672050e-02 
35.600000 2.2324061503031071e-02 
35.800000 2.1354104584269430e-02 
36.000000 2.0438783456789685e-02 
36.200000 1.9575069607731230e-02 
36.400000 1.8760088501359094e-02 
36.600000 1.7991114239695113e-02 
36.800000 1.7265564024553221e-02 
37.000000 1.6580992492494468e-02 
37.200000 1.5935085984453656e-02 
37.400000 1.5325656802905251e-02 
37.600000 1.4750637501397922e-02 
37.800000 1.4208075244058833e-02 
38.000000 1.3696126266215681e-02 
38.200000 1.3213050461541247e-02 
38.400000 1.2757206116063940e-02 
38.600000 1.2327044804934056e-02 
38.800000 1.1921106463956497e-02 
39.000000 1.1538014644533216e-02 
39.200000 1.1176471957759561e-02 
39.400000 1.0835255710943219e-02 
39.600000 1.0513213737710577e-02 
39.800000 1.0209260421101748e-02 
40.000000 9.9223729075882446e-03 
40.200000 9.6515875087413924e-03 
40.400000 9.3959962863051152e-03 
40.600000 9.1547438156530520e-03 
40.800000 8.9270241220112557e-03 
41.000000 8.7120777833782116e-03 
41.200000 8.5091891937555571e-03 
41.400000 8.3176839800936046e-03 
41.600000 8.1369265662389976e-03 
41.800000 7.9663178771358801e-03 
42.000000 7.8052931765579432e-03 
42.200000 7.6533200317300543e-03 
42.400000 7.5098963983229660e-03 
42.600000 7.3745488194634631e-03 
42.800000 7.2468307325877892e-03 
43.000000 7.1263208781746929e-03 
43.200000 7.0126218046141836e-03 
43.400000 6.9053584637028317e-03 
43.600000 6.8041768914928434e-03 
43.800000 6.7087429694660250e-03 
44.000000 6.6187412612441453e-03 
44.200000 6.5338739202887063e-03 
44.400000 6.4538596642787771e-03 
44.600000 6.3784328120866486e-03 
44.800000 6.3073423794962821e-03 
45.000000 6.2403512300263971e-03 
45.200000 6.1772352774289866e-03 
45.400000 6.1177827366364641e-03 
45.600000 6.0617934201212765e-03 
45.800000 6.0090780768159548e-03 
46.000000 5.9594577709160199e-03 
46.200000 5.9127632980533092e-03 
46.400000 5.8688346364846964e-03 
46.600000 5.8275204310885816e-03 
46.800000 5.7886775081023916e-03 
47.000000 5.7521704186652952e-03 
47.200000 5.7178710093553032e-03 
47.400000 5.6856580180255807e-03 
47.600000 5.6554166933555994e-03 
47.800000 5.6270384366338810e-03 
48.000000 5.6004204643870723e-03 
48.200000 5.5754654905593934e-03 
48.400000 5.5520814270302362e-03 
48.600000 5.5301811013383868e-03 
48.800000 5.5096819905537109e-03 
49.000000 5.4905059703062664e-03 
49.200000 5.4725790780478884e-03 
49.400000 5.4558312896806366e-03 
49.600000 5.4401963087432319e-03 
49.800000 5.4256113673983282e-03 
50.000000 5.4120170385128759e-03 
50.200000 5.3993570581693283e-03 
50.400000 5.3875781579873199e-03 
50.600000 5.3766299066761803e-03 
50.800000 5.3664645602744514e-03 
51.000000 5.3570369205680471e-03 
51.200000 5.3483042012102515e-03 
51.400000 5.3402259010968140e-03 
51.600000 5.3327636845777182e-03 
51.800000 5.3258812681132106e-03 
52.000000 5.3195443130053177e-03 
52.200000 5.3137203238602937e-03 
52.400000 5.3083785524572847e-03 
52.600000 5.3034899067187910e-03 
52.800000 5.2990268644977521e-03 
53.000000 5.2949633919116097e-03 
53.200000 5.2912748659724000e-03 
53.400000 5.2879380012742739e-03 
53.600000 5.2849307805160860e-03 
53.800000 5.2822323886490691e-03 
54.000000 5.2798231504518588e-03 
54.200000 5.2776844713469965e-03 
54.400000 5.2757987812836306e-03 
54.600000 5.2741494815217614e-03 
54.800000 5.2727208941623117e-03 
55.000000 5.2714982142762663e-03 
55.200000 5.2704674644952756e-03 
55.400000 5.2696154519325652e-03 
55.600000 5.2689297273118977e-03 
55.800000 5.2683985461878984e-03 
56.000000 5.2680108321485784e-03 
56.200000 5.2677561418960003e-03 
56.400000 5.2676246321078238e-03 
56.600000 5.2676070279869024e-03 
56.800000 5.2676945934118109e-03 
57.000000 5.2678791026054264e-03 
57.200000 5.2681528132437674e-03 
57.400000 5.2685084409308516e-03 
57.600000 5.2689391349699929e-03 
57.800000 5.2694384553647455e-03 
58.000000 5.2700003509877150e-03 
58.200000 5.2706191388570186e-03 
58.400000 5.2712894844645823e-03 
58.600000 5.2720063831032133e-03 
58.800000 5.2727651421415628e-03 
59.000000 5.2735613641994887e-03 
59.200000 5.2743909311782260e-03 
59.400000 5.2752499891027087e-03 
59.600000 5.2761349337348724e-03 
59.800000 5.2770423969197029e-03 
60.000000 5.2779692336269758e-03 
60.200000 5.2789125096542339e-03 
60.400000 5.2798694899575411e-03 
60.600000 5.2808376275792403e-03 
60.800000 5.2818145531423047e-03 
61.000000 5.2827980648837711e-03 
61.200000 5.2837861191997182e-03 
61.400000 5.2847768216767099e-03 
61.600000 5.2857684185855852e-03 
61.800000 5.2867592888143225e-03 
62.000000 5.2877479362182780e-03 
62.200000 5.2887329823671520e-03 
62.400000 5.2897131596688629e-03 
62.600000 5.2906873048515534e-03 
62.800000 5.2916543527860068e-03 
63.000000 5.2926133306316304e-03 
63.200000 5.2935633522897194e-03 
63.400000 5.2945036131487964e-03 
63.600000 5.2954333851076285e-03 
63.800000 5.2963520118618195e-03 
64.000000 5.2972589044410767e-03 
64.200000 5.2981535369846233e-03 
64.400000 5.2990354427425663e-03 
64.600000 5.2999042102925085e-03 
64.800000 5.3007594799600434e-03 
65.000000 5.3016009404332227e-03 
65.200000 5.3024283255613432e-03 
65.400000 5.3032414113284099e-03 
65.600000 5.3040400129931130e-03 
65.800000 5.3048239823862376e-03 
66.000000 5.3055932053580890e-03 
66.200000 5.3063475993680720e-03 
66.400000 5.3070871112092834e-03 
66.600000 5.3078117148613636e-03 
66.800000 5.3085214094650297e-03 
67.000000 5.3092162174117798e-03 
67.200000 5.3098961825436353e-03 
67.400000 5.3105613684563992e-03 
67.600000 5.3112118569016769e-03 
67.800000 5.3118477462825520e-03 
68.000000 5.3124691502376862e-03 
68.200000 5.3130761963098268e-03 
68.400000 5.3136690246937228e-03 
68.600000 5.3142477870598863e-03 
68.800000 5.3148126454498875e-03 
69.000000 5.3153637712394126e-03 
69.200000 5.3159013441657693e-03 
69.400000 5.3164255514161589e-03 
69.600000 5.3169365867737507e-03 
69.800000 5.3174346498180676e-03 
70.000000 5.3179199451773608e-03 
70.200000 5.3183926818297002e-03 
70.400000 5.3188530724503080e-03 
70.600000 5.3193013328025635e-03 
70.800000 5.3197376811706439e-03 
71.000000 5.3201623378308516e-03 
71.200000 5.3205755245602417e-03 
71.400000 5.3209774641798172e-03 
71.600000 5.3213683801309614e-03 
71.800000 5.3217484960827559e-03 
72.000000 5.3221180355686746e-03 
72.200000 5.3224772216511783e-03 
72.400000 5.3228262766119973e-03 
72.600000 5.3231654216673707e-03 
72.800000 5.3234948767063956e-03 
73.000000 5.3238148600510647e-03 
73.200000 5.3241255882368966e-03 
73.400000 5.3244272758130049e-03 
73.600000 5.3247201351602266e-03 
73.800000 5.3250043763263585e-03 
74.000000 5.3252802068773537e-03 
74.200000 5.3255478317638669e-03 
74.400000 5.3258074532014201e-03 
74.600000 5.3260592705643948e-03 
74.800000 5.3263034802918680e-03 
75.000000 5.3265402758055956e-03 
75.200000 5.3267698474383602e-03 
75.400000 5.3269923823728391e-03 
75.600000 5.3272080645897536e-03 
75.800000 5.3274170748249562e-03 
76.000000 5.3276195905347648e-03 
76.200000 5.3278157858688540e-03 
76.400000 5.3280058316503981e-03 
76.600000 5.3281898953628755e-03 
76.800000 5.3283681411429099e-03 
77.000000 5.3285407297787753e-03 
77.200000 5.3287078187144359e-03 
77.400000 5.3288695620581205e-03 
77.600000 5.3290261105955836e-03 
77.800000 5.3291776118074745e-03 
78.000000 5.3293242098904452e-03 
78.200000 5.3294660457816776e-03 
78.400000 5.3296032571868027e-03 
78.600000 5.3297359786104170e-03 
78.800000 5.3298643413894750e-03 
79.000000 5.3299884737288486e-03 
79.200000 5.3301085007392843e-03 
79.400000 5.3302245444769641e-03 
79.600000 5.3303367239851017e-03 
79.800000 5.3304451553367917e-03 
80.000000 5.3305499516793798e-03 
80.200000 5.3306512232799532e-03 
80.400000 5.3307490775717954e-03 
80.600000 5.3308436192018192e-03 
80.800000 5.3309349500785808e-03 
81.000000 5.3310231694210838e-03 
81.200000 5.3311083738078243e-03 
81.400000 5.3311906572263900e-03 
81.600000 5.3312701111233847e-03 
81.800000 5.3313468244541150e-03 
82.000000 5.3314208837329140e-03 
82.200000 5.3314923730830941e-03 
82.400000 5.3315613742868518e-03 
82.600000 5.3316279668351512e-03 
82.800000 5.3316922279772506e-03 
83.000000 5.3317542327701271e-03 
83.200000 5.3318140541272260e-03 
83.400000 5.3318717628674343e-03 
83.600000 5.3319274277628280e-03 
83.800000 5.3319811155866674e-03 
84.000000 5.3320328911604566e-03 
84.200000 5.3320828174005718e-03 
84.400000 5.3321309553644577e-03 
84.600000 5.3321773642959324e-03 
84.800000 5.3322221016701230e-03 
85.000000 5.3322652232376021e-03 
85.200000 5.3323067830679943e-03 
85.400000 5.3323468335927174e-03 
85.600000 5.3323854256471914e-03 
85.800000 5.3324226085122179e-03 
86.000000 5.3324584299547489e-03 
86.200000 5.3324929362677451e-03 
86.400000 5.3325261723095674e-03 
86.600000 5.3325581815423777e-03 
86.800000 5.3325890060698889e-03 
87.000000 5.3326186866743761e-03 
87.200000 5.3326472628530824e-03 
87.400000 5.3326747728534444e-03 
87.600000 5.3327012537081114e-03 
87.800000 5.3327267412688244e-03 
88.000000 5.3327512702397960e-03 
88.200000 5.3327748742102235e-03 
88.400000 5.3327975856859852e-03 
88.600000 5.3328194361209908e-03 
88.800000 5.3328404559473417e-03 
89.000000 5.3328606746049891e-03 
89.200000 5.3328801205709550e-03 
89.400000 5.3328988213872958e-03 
89.600000 5.3329168036889011e-03 
89.800000 5.3329340932302544e-03 
90.000000 5.3329507149117916e-03 
90.200000 5.3329666928055158e-03 
90.400000 5.3329820501797206e-03 
90.600000 5.3329968095235589e-03 
90.800000 5.3330109925705388e-03 
91.000000 5.3330246203216955e-03 
91.200000 5.3330377130680366e-03 
91.400000 5.3330502904123302e-03 
91.600000 5.3330623712904172e-03 
91.800000 5.3330739739920379e-03 
92.000000 5.3330851161807911e-03 
92.200000 5.3330958149139344e-03 
92.400000 5.3331060866613211e-03 
92.600000 5.3331159473238889e-03 
92.800000 5.3331254122519394e-03 
93.000000 5.3331344962622837e-03 
93.200000 5.3331432136556629e-03 
93.400000 5.3331515782330018e-03 
93.600000 5.3331596033115748e-03 
93.800000 5.3331673017405950e-03 
94.000000 5.3331746859165028e-03 
94.200000 5.3331817677975202e-03 
94.400000 5.3331885589179371e-03 
94.600000 5.3331950704022238e-03 
94.800000 5.3332013129781244e-03 
95.000000 5.3332072969901057e-03 
95.200000 5.3332130324117363e-03 
95.400000 5.3332185288581186e-03 
95.600000 5.3332237955978504e-03 
95.800000 5.3332288415644620e-03 
96.000000 5.3332336753678048e-03 
96.200000 5.3332383053047612e-03 
96.400000 5.3332427393699006e-03 
96.600000 5.3332469852656510e-03 
96.800000 5.3332510504122332e-03 
97.000000 5.3332549419571980e-03 
97.200000 5.3332586667848335e-03 
97.400000 5.3332622315249920e-03 
97.600000 5.3332656425620940e-03 
97.800000 5.3332689060433102e-03 
98.000000 5.3332720278868396e-03 
98.200000 5.3332750137899615e-03 
98.400000 5.3332778692364580e-03 
98.600000 5.3332805995043057e-03 
98.800000 5.3332832096726823e-03 
99.000000 5.3332857046289490e-03 
99.200000 5.3332880890755796e-03 
99.400000 5.3332903675363114e-03 
99.600000 5.3332925443627770e-03 
99.800000 5.3332946237405190e-03 
100.000000 5.3332966096947525e-03 
100.200000 5.3332985060962597e-03 
100.400000 5.3333003166667857e-03 
100.600000 5.3333020449844136e-03 
100.800000 5.3333036944886985e-03 
101.000000 5.3333052684857709e-03 
101.200000 5.3333067701529244e-03 
101.400000 5.3333082025435654e-03 
101.600000 5.3333095685914496e-03 
101.800000 5.3333108711151990e-03 
102.000000 5.3333121128224942e-03 
102.200000 5.3333132963140576e-03 
102.400000 5.3333144240876318e-03 
102.600000 5.3333154985417512e-03 
102.800000 5.3333165219794721e-03 
103.000000 5.3333174966117862e-03 
103.200000 5.3333184245611788e-03 
103.400000 5.3333193078647315e-03 
103.600000 5.3333201484775886e-03 
103.800000 5.3333209482756974e-03 
104.000000 5.3333217090590418e-03 
104.200000 5.3333224325544009e-03 
104.400000 5.3333231204181278e-03 
104.600000 5.3333237742386819e-03 
104.800000 5.3333243955394670e-03 
105.000000 5.3333249857811221e-03 
105.200000 5.3333255463639279e-03 
105.400000 5.3333260786302024e-03 
105.600000 5.3333265838664276e-03 
105.800000 5.3333270633054942e-03 
106.000000 5.3333275181286994e-03 
106.200000 5.3333279494677307e-03 
106.400000 5.3333283584066646e-03 
106.600000 5.3333287459838442e-03 
106.800000 5.3333291131934515e-03 
107.000000 5.3333294609875246e-03 
107.200000 5.3333297902774905e-03 
107.400000 5.3333301019355926e-03 
107.600000 5.3333303967967967e-03 
107.800000 5.3333306756599324e-03 
108.000000 5.3333309392893571e-03 
108.200000 5.3333311884161934e-03 
108.400000 5.3333314237396972e-03 
108.600000 5.3333316459286424e-03 
108.800000 5.3333318556223154e-03 
109.000000 5.3333320534319764e-03 
109.200000 5.3333322399417042e-03 
109.400000 5.3333324157098395e-03 
109.600000 5.3333325812696883e-03 
109.800000 5.3333327371308161e-03 
110.000000 5.3333328837798658e-03 
110.200000 5.3333330216815654e-03 
110.400000 5.3333331512795913e-03 
110.600000 5.3333332729974658e-03 
110.800000 5.3333333872394211e-03 
111.000000 5.3333334943911686e-03 
111.200000 5.3333335948206554e-03 
111.400000 5.3333336888788481e-03 
111.600000 5.3333337769004216e-03 
111.800000 5.3333338592044654e-03 
112.000000 5.3333339360952109e-03 
112.200000 5.3333340078624680e-03 
112.400000 5.3333340747823725e-03 
112.600000 5.3333341371181392e-03 
112.800000 5.3333341951202293e-03 
113.000000 5.3333342490271942e-03 
113.200000 5.3333342990661819e-03 
113.400000 5.3333343454532505e-03 
113.600000 5.3333343883940169e-03 
113.800000 5.3333344280840763e-03 
114.000000 5.3333344647094258e-03 
114.200000 5.3333344984468223e-03 
114.400000 5.3333345294643382e-03 
114.600000 5.3333345579216545e-03 
114.800000 5.3333345839704253e-03 
115.000000 5.3333346077546837e-03 
115.200000 5.3333346294111572e-03 
115.400000 5.3333346490696222e-03 
115.600000 5.3333346668531876e-03 
115.800000 5.3333346828786073e-03 
116.000000 5.3333346972565827e-03 
116.200000 5.3333347100920532e-03 
116.400000 5.3333347214844697e-03 
116.600000 5.3333347315279323e-03 
116.800000 5.3333347403116283e-03 
117.000000 5.3333347479199216e-03 
117.200000 5.3333347544326807e-03 
117.400000 5.3333347599253244e-03 
117.600000 5.3333347644692834e-03 
117.800000 5.3333347681319317e-03 
118.000000 5.3333347709769476e-03 
118.200000 5.3333347730645181e-03 
118.400000 5.3333347744512925e-03 
118.600000 5.3333347751908259e-03 
118.800000 5.3333347753335035e-03 
119.000000 5.3333347749268956e-03 
119.200000 5.3333347740157112e-03 
119.400000 5.3333347726420626e-03 
119.600000 5.3333347708455917e-03 
119.800000 5.3333347686634839e-03 
120.000000 5.3333347661307356e-03 
120.200000 5.3333347632801799e-03 
120.400000 5.3333347601426011e-03 
120.600000 5.3333347567468964e-03 
120.800000 5.3333347531200927e-03 
121.000000 5.3333347492875091e-03 
121.200000 5.3333347452728290e-03 
121.400000 5.3333347410981459e-03 
121.600000 5.3333347367841254e-03 
121.800000 5.3333347323499978e-03 
122.000000 5.3333347278137159e-03 
122.200000 5.3333347231919728e-03 
122.400000 5.3333347185002735e-03 
122.600000 5.3333347137530457e-03 
122.800000 5.3333347089636347e-03 
123.000000 5.3333347041443335e-03 
123.200000 5.3333346993066433e-03 
123.400000 5.3333346944610775e-03 
123.600000 5.3333346896173176e-03 
123.800000 5.3333346847843173e-03 
124.000000 5.3333346799702575e-03 
124.200000 5.3333346751826809e-03 
124.400000 5.3333346704283434e-03 
124.600000 5.3333346657134986e-03 
124.800000 5.3333346610438398e-03 
125.000000 5.3333346564244273e-03 
125.200000 5.3333346518599327e-03 
125.400000 5.3333346473544161e-03 
125.600000 5.3333346429115707e-03 
125.800000 5.3333346385347341e-03 
126.000000 5.3333346342267288e-03 
126.200000 5.3333346299900873e-03 
126.400000 5.3333346258269730e-03 
126.600000 5.3333346217393244e-03 
126.800000 5.3333346177286099e-03 
127.000000 5.3333346137961982e-03 
127.200000 5.3333346099430920e-03 
127.400000 5.3333346061701075e-03 
127.600000 5.3333346024778908e-03 
127.800000 5.3333345988667525e-03 
128.000000 5.3333345953369363e-03 
128.200000 5.3333345918884761e-03 
128.400000 5.3333345885212217e-03 
128.600000 5.3333345852349277e-03 
128.800000 5.3333345820291847e-03 
129.000000 5.3333345789034750e-03 
129.200000 5.3333345758571505e-03 
129.400000 5.3333345728894914e-03 
129.600000 5.3333345699996537e-03 
129.800000 5.3333345671867554e-03 
130.000000 5.3333345644497833e-03 
130.200000 5.3333345617877261e-03 
130.400000 5.3333345591994648e-03 
130.600000 5.3333345566838287e-03 
130.800000 5.3333345542396372e-03 
131.000000 5.3333345518656447e-03 
131.200000 5.3333345495605788e-03 
131.400000 5.3333345473231420e-03 
131.600000 5.3333345451519985e-03 
131.800000 5.3333345430458352e-03 
132.000000 5.3333345410032694e-03 
132.200000 5.3333345390229429e-03 
132.400000 5.3333345371034402e-03 
132.600000 5.3333345352434098e-03 
132.800000 5.3333345334414988e-03 
133.000000 5.3333345316962698e-03 
133.200000 5.3333345300063777e-03 
133.400000 5.3333345283704658e-03 
133.600000 5.3333345267871429e-03 
133.800000 5.3333345252550872e-03 
134.000000 5.3333345237729438e-03 
134.200000 5.3333345223393700e-03 
134.400000 5.3333345209530961e-03 
134.600000 5.3333345196128080e-03 
134.800000 5.3333345183172462e-03 
135.000000 5.3333345170651471e-03 
135.200000 5.3333345158552564e-03 
135.400000 5.3333345146864240e-03 
135.600000 5.3333345135573853e-03 
135.800000 5.3333345124670179e-03 
136.000000 5.3333345114141275e-03 
136.200000 5.3333345103976446e-03 
136.400000 5.3333345094164529e-03 
136.600000 5.3333345084694405e-03 
136.800000 5.3333345075555821e-03 
137.000000 5.3333345066738673e-03 
137.200000 5.3333345058232404e-03 
137.400000 5.3333345050027682e-03 
137.600000 5.3333345042114490e-03 
137.800000 5.3333345034483788e-03 
138.000000 5.3333345027126574e-03 
138.200000 5.3333345020033490e-03 
138.400000 5.3333345013196320e-03 
138.600000 5.3333345006606929e-03 
138.800000 5.3333345000256532e-03 
139.000000 5.3333344994137546e-03 
139.200000 5.3333344988242158e-03 
139.400000 5.3333344982563142e-03 
139.600000 5.3333344977092717e-03 
139.800000 5.3333344971824232e-03 
140.000000 5.3333344966750877e-03 
140.200000 5.3333344961865800e-03 
140.400000 5.3333344957162852e-03 
140.600000 5.3333344952635467e-03 
140.800000 5.3333344948277702e-03 
141.000000 5.3333344944084104e-03 
141.200000 5.3333344940048374e-03 
141.400000 5.3333344936165638e-03 
141.600000 5.3333344932430344e-03 
141.800000 5.3333344928837611e-03 
142.000000 5.3333344925382093e-03 
142.200000 5.3333344922059647e-03 
142.400000 5.3333344918864859e-03 
142.600000 5.3333344915794121e-03 
142.800000 5.3333344912842610e-03 
143.000000 5.3333344910006329e-03 
143.200000 5.3333344907281312e-03 
143.400000 5.3333344904663658e-03 
143.600000 5.3333344902149974e-03 
143.800000 5.3333344899736228e-03 
144.000000 5.3333344897419253e-03 
144.200000 5.3333344895196309e-03 
144.400000 5.3333344893063067e-03 
144.600000 5.3333344891017577e-03 
144.800000 5.3333344889056307e-03 
145.000000 5.3333344887176847e-03 
145.200000 5.3333344885376091e-03 
145.400000 5.3333344883651473e-03 
145.600000 5.3333344882000840e-03 
145.800000 5.3333344880421305e-03 
146.000000 5.3333344878910916e-03 
146.200000 5.3333344877466897e-03 
146.400000 5.3333344876087645e-03 
146.600000 5.3333344874770591e-03 
146.800000 5.3333344873514460e-03 
147.000000 5.3333344872317874e-03 
147.200000 5.3333344871179444e-03 
147.400000 5.3333344870097428e-03 
147.600000 5.3333344869070229e-03 
147.800000 5.3333344868096268e-03 
148.000000 5.3333344867173907e-03 
148.200000 5.3333344866301514e-03 
148.400000 5.3333344865476853e-03 
148.600000 5.3333344864699003e-03 
148.800000 5.3333344863966004e-03 
149.000000 5.3333344863276348e-03 
149.200000 5.3333344862628272e-03 
149.400000 5.3333344862020295e-03 
149.600000 5.3333344861451028e-03 
149.800000 5.3333344860918659e-03 
