0.000000 2.4898450255066661e-02 
0.200000 2.4898786553255326e-02 
0.400000 2.4900347187784427e-02 
0.600000 2.4904163047994594e-02 
0.800000 2.4911154801880792e-02 
1.000000 2.4922126299466153e-02 
1.200000 2.4937767697848855e-02 
1.400000 2.4958675019084685e-02 
1.600000 2.4985371419204441e-02 
1.800000 2.5018340218182347e-02 
2.000000 2.5058030278380272e-02 
2.200000 2.5104845171385875e-02 
2.400000 2.5159152967840354e-02 
2.600000 2.5221298033892826e-02 
2.800000 2.5291598532207464e-02 
3.000000 2.5370349660185629e-02 
3.200000 2.5457829106081985e-02 
3.400000 2.5554329842332940e-02 
3.600000 2.5660122153624929e-02 
3.800000 2.5775441576350588e-02 
4.000000 2.5900512745692002e-02 
4.200000 2.6035557273390696e-02 
4.400000 2.6180793381002012e-02 
4.600000 2.6336440892473761e-02 
4.800000 2.6502719155296058e-02 
5.000000 2.6679851370238733e-02 
5.200000 2.6868067163599667e-02 
5.400000 2.7067601914115044e-02 
5.600000 2.7278699118468763e-02 
5.800000 2.7501608817626259e-02 
6.000000 2.7736591108573988e-02 
6.200000 2.7983915498816229e-02 
6.400000 2.8243861316831403e-02 
6.600000 2.8516716760979579e-02 
6.800000 2.8802782080356575e-02 
7.000000 2.9102369723296554e-02 
7.200000 2.9415806085571813e-02 
7.400000 2.9743431655946798e-02 
7.600000 3.0085602649264704e-02 
7.800000 3.0442692193844875e-02 
8.000000 3.0815090888567664e-02 
8.200000 3.1203208055685015e-02 
8.400000 3.1607472174681184e-02 
8.600000 3.2028332405540233e-02 
8.800000 3.2466259295013206e-02 
9.000000 3.2921745933236685e-02 
9.200000 3.3395308737529467e-02 
9.400000 3.3887488835635943e-02 
9.600000 3.4398853375613186e-02 
9.800000 3.4929996779623385e-02 
10.000000 3.5481541850700425e-02 
10.200000 3.6054141256009524e-02 
10.400000 3.6648479039772655e-02 
10.600000 3.7265272077130540e-02 
10.800000 3.7905271699373508e-02 
11.000000 3.8569265228427407e-02 
11.200000 3.9258077748146228e-02 
11.400000 3.9972573747393832e-02 
11.600000 4.0713658886646804e-02 
11.800000 4.1482281720458987e-02 
12.000000 4.2279435547012550e-02 
12.200000 4.3106160262526345e-02 
12.400000 4.3963544191386025e-02 
12.600000 4.4852725970849446e-02 
12.800000 4.5774896371560091e-02 
13.000000 4.6731300173756637e-02 
13.200000 4.7723237941139716e-02 
13.400000 4.8752067755871570e-02 
13.600000 4.9819206833415973e-02 
13.800000 5.0926133047969981e-02 
14.000000 5.2074386261641799e-02 
14.200000 5.3265569462932871e-02 
14.400000 5.4501349636360871e-02 
14.600000 5.5783458341802573e-02 
14.800000 5.7113691922474556e-02 
15.000000 5.8493911269311215e-02 
15.200000 5.9926041084214891e-02 
15.400000 6.1412068538328590e-02 
15.600000 6.2954041255318435e-02 
15.800000 6.4554064495164515e-02 
16.000000 6.6214297440856371e-02 
16.200000 6.7936948460065011e-02 
16.400000 6.9724269222226812e-02 
16.600000 7.1578547522137839e-02 
16.800000 7.3502098674247285e-02 
17.000000 7.5497255322136511e-02 
17.200000 7.7566355515548968e-02 
17.400000 7.9711728896587258e-02 
17.600000 8.1935680841651759e-02 
17.800000 8.4240474416421435e-02 
18.000000 8.6628310004327691e-02 
18.200000 8.9101302493601431e-02 
18.400000 9.1661455921766777e-02 
18.600000 9.4310635513147764e-02 
18.800000 9.7050537078536253e-02 
19.000000 9.9882653795604376e-02 
19.200000 1.0280824043988830e-01 
19.400000 1.0582827520467626e-01 
19.600000 1.0894341931926568e-01 
19.800000 1.1215397475986723e-01 
20.000000 1.1545984043623374e-01 
20.200000 1.1886046733464090e-01 
20.400000 1.2235481320047165e-01 
20.600000 1.2594129744565466e-01 
20.800000 1.2961775707020909e-01 
21.000000 1.3338140448267802e-01 
21.200000 1.3722878819345513e-01 
21.400000 1.4115575742784878e-01 
21.600000 1.4515743176077897e-01 
21.800000 1.4922817690440537e-01 
22.000000 1.5336158778057715e-01 
22.200000 1.5755047997618521e-01 
22.400000 1.6178689060766807e-01 
22.600000 1.6606208950780518e-01 
22.800000 1.7036660149270985e-01 
23.000000 1.7469024027006930e-01 
23.200000 1.7902215431286164e-01 
23.400000 1.8335088475197123e-01 
23.600000 1.8766443504227148e-01 
23.800000 1.9195035184029724e-01 
24.000000 1.9619581620808810e-01 
24.200000 2.0038774394052347e-01 
24.400000 2.0451289351585261e-01 
24.600000 2.0855797990513297e-01 
24.800000 2.1250979225888822e-01 
25.000000 2.1635531332948602e-01 
25.200000 2.2008183839474818e-01 
25.400000 2.2367709142720257e-01 
25.600000 2.2712933630663384e-01 
25.800000 2.3042748099896715e-01 
26.000000 2.3356117281669272e-01 
26.200000 2.3652088312600744e-01 
26.400000 2.3929798016211704e-01 
26.600000 2.4188478894322576e-01 
26.800000 2.4427463762109627e-01 
27.000000 2.4646188995726706e-01 
27.200000 2.4844196395521784e-01 
27.400000 2.5021133699776482e-01 
27.600000 2.5176753812552316e-01 
27.800000 2.5310912833864219e-01 
28.000000 2.5423567000492403e-01 
28.200000 2.5514768661023579e-01 
28.400000 2.5584661419151866e-01 
28.600000 2.5633474585026639e-01 
28.800000 2.5661517075876666e-01 
29.000000 2.5669170904700916e-01 
29.200000 2.5656884390094453e-01 
29.400000 2.5625165211837103e-01 
29.600000 2.5574573426363822e-01 
29.800000 2.5505714544241254e-01 
30.000000 2.5419232758871052e-01 
30.200000 2.5315804402331710e-01 
30.400000 2.5196131690996937e-01 
30.600000 2.5060936810707013e-01 
30.800000 2.4910956379101509e-01 
31.000000 2.4746936311480114e-01 
31.200000 2.4569627106386366e-01 
31.400000 2.4379779558109008e-01 
31.600000 2.4178140895493830e-01 
31.800000 2.3965451339864344e-01 
32.000000 2.3742441069410947e-01 
32.200000 2.3509827573070485e-01 
32.400000 2.3268313373582783e-01 
32.600000 2.3018584096993625e-01 
32.800000 2.2761306864259429e-01 
33.000000 2.2497128979700157e-01 
33.200000 2.2226676890731692e-01 
33.400000 2.1950555393490506e-01 
33.600000 2.1669347059554264e-01 
33.800000 2.1383611859862015e-01 
34.000000 2.1093886963087202e-01 
34.200000 2.0800686687035433e-01 
34.400000 2.0504502583078160e-01 
34.600000 2.0205803635133882e-01 
34.800000 1.9905036556239594e-01 
35.000000 1.9602626167275317e-01 
35.200000 1.9298975843891766e-01 
35.400000 1.8994468019122820e-01 
35.600000 1.8689464730527275e-01 
35.800000 1.8384308201986035e-01 
36.000000 1.8079321451474456e-01 
36.200000 1.7774808917235008e-01 
36.400000 1.7471057095784281e-01 
36.600000 1.7168335186112246e-01 
36.800000 1.6866895735257750e-01 
37.000000 1.6566975281194926e-01 
37.200000 1.6268794989628152e-01 
37.400000 1.5972561281882006e-01 
37.600000 1.5678466451592871e-01 
37.800000 1.5386689268362316e-01 
38.000000 1.5097395566927874e-01 
38.200000 1.4810738820745892e-01 
38.400000 1.4526860699178679e-01 
38.600000 1.4245891607721839e-01 
38.800000 1.3967951210923460e-01 
39.000000 1.3693148937821953e-01 
39.200000 1.3421584469875802e-01 
39.400000 1.3153348211481233e-01 
39.600000 1.2888521743270040e-01 
39.800000 1.2627178258461044e-01 
40.000000 1.2369382982596056e-01 
40.200000 1.2115193577045436e-01 
40.400000 1.1864660526695787e-01 
40.600000 1.1617827512264643e-01 
40.800000 1.1374731767698476e-01 
41.000000 1.1135404423123590e-01 
41.200000 1.0899870833820391e-01 
41.400000 1.0668150895694027e-01 
41.600000 1.0440259347707356e-01 
41.800000 1.0216206061736385e-01 
42.000000 9.9959963202984711e-02 
42.200000 9.7796310825933916e-02 
42.400000 9.5671072392826698e-02 
42.600000 9.3584178564234080e-02 
42.800000 9.1535524089558978e-02 
43.000000 8.9524970041320553e-02 
43.200000 8.7552345952589372e-02 
43.400000 8.5617451861161598e-02 
43.600000 8.3720060263943047e-02 
43.800000 8.1859917984879321e-02 
44.000000 8.0036747959641871e-02 
44.200000 7.8250250940168159e-02 
44.400000 7.6500107122027566e-02 
44.600000 7.4785977697482783e-02 
44.800000 7.3107506337011588e-02 
45.000000 7.1464320601952097e-02 
45.200000 6.9856033290832079e-02 
45.400000 6.8282243721872651e-02 
45.600000 6.6742538954045319e-02 
45.800000 6.5236494948998400e-02 
46.000000 6.3763677676084596e-02 
46.200000 6.2323644162639580e-02 
46.400000 6.0915943491604341e-02 
46.600000 5.9540117748506399e-02 
46.800000 5.8195702919745018e-02 
47.000000 5.6882229744082802e-02 
47.200000 5.5599224519159503e-02 
47.400000 5.4346209864802868e-02 
47.600000 5.3122705444858101e-02 
47.800000 5.1928228649182978e-02 
48.000000 5.0762295237426709e-02 
48.200000 4.9624419946146490e-02 
48.400000 4.8514117060765242e-02 
48.600000 4.7430900953834121e-02 
48.800000 4.6374286591009180e-02 
49.000000 4.5343790006110302e-02 
49.200000 4.4338928746579957e-02 
49.400000 4.3359222290628344e-02 
49.600000 4.2404192437289302e-02 
49.800000 4.1473363670591908e-02 
50.000000 4.0566263498994649e-02 
50.200000 3.9682422771199405e-02 
50.400000 3.8821375969419619e-02 
50.600000 3.7982661481140337e-02 
50.800000 3.7165821850372913e-02 
51.000000 3.6370404009364740e-02 
51.200000 3.5595959491698248e-02 
51.400000 3.4842044627673527e-02 
51.600000 3.4108220722833892e-02 
51.800000 3.3394054220466811e-02 
52.000000 3.2699116848877031e-02 
52.200000 3.2022985754197660e-02 
52.400000 3.1365243619477366e-02 
52.600000 3.0725478770750801e-02 
52.800000 3.0103285270771385e-02 
53.000000 2.9498263001058088e-02 
53.200000 2.8910017732881089e-02 
53.400000 2.8338161187787002e-02 
53.600000 2.7782311088235211e-02 
53.800000 2.7242091198896982e-02 
54.000000 2.6717131359142412e-02 
54.200000 2.6207067507220815e-02 
54.400000 2.5711541696613043e-02 
54.600000 2.5230202105019642e-02 
54.800000 2.4762703036421748e-02 
55.000000 2.4308704916637478e-02 
55.200000 2.3867874282774156e-02 
55.400000 2.3439883766958644e-02 
55.600000 2.3024412074712973e-02 
55.800000 2.2621143958321870e-02 
56.000000 2.2229770185525910e-02 
56.200000 2.1849987503856014e-02 
56.400000 2.1481498600910851e-02 
56.600000 2.1124012060864627e-02 
56.800000 2.0777242317477608e-02 
57.000000 2.0440909603871096e-02 
57.200000 2.0114739899311933e-02 
57.400000 1.9798464873242279e-02 
57.600000 1.9491821826779835e-02 
57.800000 1.9194553631897072e-02 
58.000000 1.8906408668484236e-02 
58.200000 1.8627140759485128e-02 
58.400000 1.8356509104288279e-02 
58.600000 1.8094278210544941e-02 
58.800000 1.7840217824576416e-02 
59.000000 1.7594102860526772e-02 
59.200000 1.7355713328405027e-02 
59.400000 1.7124834261157768e-02 
59.600000 1.6901255640900260e-02 
59.800000 1.6684772324433009e-02 
60.000000 1.6475183968158700e-02 
60.200000 1.6272294952509727e-02 
60.400000 1.6075914305994150e-02 
60.600000 1.5885855628953182e-02 
60.800000 1.5701937017127944e-02 
61.000000 1.5523980985120372e-02 
61.200000 1.5351814389830489e-02 
61.400000 1.5185268353949410e-02 
61.600000 1.5024178189578238e-02 
61.800000 1.4868383322043930e-02 
62.000000 1.4717727213973530e-02 
62.200000 1.4572057289689470e-02 
62.400000 1.4431224859979743e-02 
62.600000 1.4295085047297885e-02 
62.800000 1.4163496711439594e-02 
63.000000 1.4036322375743532e-02 
63.200000 1.3913428153857894e-02 
63.400000 1.3794683677113147e-02 
63.600000 1.3679962022536353e-02 
63.800000 1.3569139641542575e-02 
64.000000 1.3462096289334256e-02 
64.200000 1.3358714955036674e-02 
64.400000 1.3258881792597342e-02 
64.600000 1.3162486052472874e-02 
64.800000 1.3069420014125513e-02 
65.000000 1.2979578919350395e-02 
65.200000 1.2892860906450065e-02 
65.400000 1.2809166945275020e-02 
65.600000 1.2728400773142363e-02 
65.800000 1.2650468831648264e-02 
66.000000 1.2575280204383072e-02 
66.200000 1.2502746555561217e-02 
66.400000 1.2432782069573243e-02 
66.600000 1.2365303391467465e-02 
66.800000 1.2300229568367202e-02 
67.000000 1.2237481991828636e-02 
67.200000 1.2176984341141976e-02 
67.400000 1.2118662527579911e-02 
67.600000 1.2062444639593078e-02 
67.800000 1.2008260888954308e-02 
68.000000 1.1956043557851103e-02 
68.200000 1.1905726946924393e-02 
68.400000 1.1857247324251866e-02 
68.600000 1.1810542875273429e-02 
68.800000 1.1765553653654741e-02 
69.000000 1.1722221533083877e-02 
69.200000 1.1680490159997964e-02 
69.400000 1.1640304907232385e-02 
69.600000 1.1601612828587753e-02 
69.800000 1.1564362614307128e-02 
70.000000 1.1528504547457085e-02 
70.200000 1.1493990461204738e-02 
70.400000 1.1460773696982125e-02 
70.600000 1.1428809063530772e-02 
70.800000 1.1398052796816469e-02 
71.000000 1.1368462520805643e-02 
71.200000 1.1339997209093702e-02 
71.400000 1.1312617147375938e-02 
71.600000 1.1286283896750198e-02 
71.800000 1.1260960257841993e-02 
72.000000 1.1236610235740574e-02 
72.200000 1.1213199005736087e-02 
72.400000 1.1190692879846340e-02 
72.600000 1.1169059274122437e-02 
72.800000 1.1148266676721929e-02 
73.000000 1.1128284616738171e-02 
73.200000 1.1109083633774488e-02 
73.400000 1.1090635248251546e-02 
73.600000 1.1072911932436381e-02 
73.800000 1.1055887082181212e-02 
74.000000 1.1039534989360708e-02 
74.200000 1.1023830814995465e-02 
74.400000 1.1008750563050129e-02 
74.600000 1.0994271054894473e-02 
74.800000 1.0980369904415361e-02 
75.000000 1.0967025493768030e-02 
75.200000 1.0954216949754471e-02 
75.400000 1.0941924120818250e-02 
75.600000 1.0930127554642408e-02 
75.800000 1.0918808476340235e-02 
76.000000 1.0907948767226667e-02 
76.200000 1.0897530944158790e-02 
76.400000 1.0887538139434156e-02 
76.600000 1.0877954081235269e-02 
76.800000 1.0868763074609218e-02 
77.000000 1.0859949982971235e-02 
77.200000 1.0851500210120749e-02 
77.400000 1.0843399682759216e-02 
77.600000 1.0835634833499067e-02 
77.800000 1.0828192584352050e-02 
78.000000 1.0821060330687601e-02 
78.200000 1.0814225925649410e-02 
78.400000 1.0807677665021205e-02 
78.600000 1.0801404272529569e-02 
78.800000 1.0795394885575614e-02 
79.000000 1.0789639041384224e-02 
79.200000 1.0784126663561077e-02 
79.400000 1.0778848049048492e-02 
79.600000 1.0773793855469479e-02 
79.800000 1.0768955088851196e-02 
80.000000 1.0764323091718299e-02 
80.200000 1.0759889531547115e-02 
80.400000 1.0755646389571131e-02 
80.600000 1.0751585949929797e-02 
80.800000 1.0747700789151084e-02 
81.000000 1.0743983765959675e-02 
81.200000 1.0740428011402334e-02 
81.400000 1.0737026919281890e-02 
81.600000 1.0733774136892171e-02 
81.800000 1.0730663556045338e-02 
82.000000 1.0727689304384671e-02 
82.200000 1.0724845736973871e-02 
82.400000 1.0722127428156732e-02 
82.600000 1.0719529163678703e-02 
82.800000 1.0717045933063723e-02 
83.000000 1.0714672922239345e-02 
83.200000 1.0712405506402583e-02 
83.400000 1.0710239243120293e-02 
83.600000 1.0708169865657148e-02 
83.800000 1.0706193276525122e-02 
84.000000 1.0704305541247372e-02 
84.200000 1.0702502882331207e-02 
84.400000 1.0700781673443309e-02 
84.600000 1.0699138433781806e-02 
84.800000 1.0697569822638956e-02 
85.000000 1.0696072634149340e-02 
85.200000 1.0694643792217729e-02 
85.400000 1.0693280345620556e-02 
85.600000 1.0691979463277360e-02 
85.800000 1.0690738429685653e-02 
86.000000 1.0689554640514179e-02 
86.200000 1.0688425598351037e-02 
86.400000 1.0687348908600508e-02 
86.600000 1.0686322275524426e-02 
86.800000 1.0685343498423788e-02 
87.000000 1.0684410467955959e-02 
87.200000 1.0683521162583025e-02 
87.400000 1.0682673645147767e-02 
87.600000 1.0681866059572189e-02 
87.800000 1.0681096627675617e-02 
88.000000 1.0680363646107966e-02 
88.200000 1.0679665483394458e-02 
88.400000 1.0679000577088324e-02 
88.600000 1.0678367431027914e-02 
88.800000 1.0677764612694667e-02 
89.000000 1.0677190750668549e-02 
89.200000 1.0676644532178150e-02 
89.400000 1.0676124700741377e-02 
89.600000 1.0675630053894856e-02 
89.800000 1.0675159441007973e-02 
90.000000 1.0674711761179389e-02 
90.200000 1.0674285961212830e-02 
90.400000 1.0673881033669648e-02 
90.600000 1.0673496014995223e-02 
90.800000 1.0673129983717385e-02 
91.000000 1.0672782058712946e-02 
91.200000 1.0672451397541638e-02 
91.400000 1.0672137194843761e-02 
91.600000 1.0671838680800192e-02 
91.800000 1.0671555119651793e-02 
92.000000 1.0671285808276766e-02 
92.200000 1.0671030074823309e-02 
92.400000 1.0670787277396489e-02 
92.600000 1.0670556802795775e-02 
92.800000 1.0670338065303445e-02 
93.000000 1.0670130505520075e-02 
93.200000 1.0669933589246967e-02 
93.400000 1.0669746806412700e-02 
93.600000 1.0669569670042817e-02 
93.800000 1.0669401715270423e-02 
94.000000 1.0669242498387299e-02 
94.200000 1.0669091595932616e-02 
94.400000 1.0668948603818984e-02 
94.600000 1.0668813136493698e-02 
94.800000 1.0668684826134329e-02 
95.000000 1.0668563321877076e-02 
95.200000 1.0668448289076897e-02 
95.400000 1.0668339408597861e-02 
95.600000 1.0668236376132911e-02 
95.800000 1.0668138901551412e-02 
96.000000 1.0668046708274427e-02 
96.200000 1.0667959532675311e-02 
96.400000 1.0667877123505583e-02 
96.600000 1.0667799241344913e-02 
96.800000 1.0667725658073970e-02 
97.000000 1.0667656156369691e-02 
97.200000 1.0667590529221520e-02 
97.400000 1.0667528579468587e-02 
97.600000 1.0667470119356044e-02 
97.800000 1.0667414970110579e-02 
98.000000 1.0667362961533885e-02 
98.200000 1.0667313931613869e-02 
98.400000 1.0667267726151983e-02 
98.600000 1.0667224198407056e-02 
98.800000 1.0667183208754363e-02 
99.000000 1.0667144624359194e-02 
99.200000 1.0667108318865191e-02 
99.400000 1.0667074172095482e-02 
99.600000 1.0667042069767593e-02 
99.800000 1.0667011903220150e-02 
100.000000 1.0666983569152152e-02 
100.200000 1.0666956969373278e-02 
100.400000 1.0666932010565422e-02 
100.600000 1.0666908604054750e-02 
100.800000 1.0666886665593952e-02 
101.000000 1.0666866115153667e-02 
101.200000 1.0666846876724053e-02 
101.400000 1.0666828878124502e-02 
101.600000 1.0666812050822172e-02 
101.800000 1.0666796329758648e-02 
102.000000 1.0666781653184311e-02 
102.200000 1.0666767962500415e-02 
102.400000 1.0666755202107973e-02 
102.600000 1.0666743319263882e-02 
102.800000 1.0666732263943202e-02 
103.000000 1.0666721988708034e-02 
103.200000 1.0666712448582161e-02 
103.400000 1.0666703600931705e-02 
103.600000 1.0666695405350875e-02 
103.800000 1.0666687823553388e-02 
104.000000 1.0666680819268682e-02 
104.200000 1.0666674358142865e-02 
104.400000 1.0666668407644547e-02 
104.600000 1.0666662936974798e-02 
104.800000 1.0666657916981154e-02 
105.000000 1.0666653320076521e-02 
105.200000 1.0666649120160509e-02 
105.400000 1.0666645292545551e-02 
105.600000 1.0666641813886279e-02 
105.800000 1.0666638662111717e-02 
106.000000 1.0666635816361538e-02 
106.200000 1.0666633256924430e-02 
106.400000 1.0666630965180246e-02 
106.600000 1.0666628923544275e-02 
106.800000 1.0666627115414591e-02 
107.000000 1.0666625525121558e-02 
107.200000 1.0666624137880127e-02 
107.400000 1.0666622939744382e-02 
107.600000 1.0666621917563930e-02 
107.800000 1.0666621058942775e-02 
108.000000 1.0666620352200210e-02 
108.200000 1.0666619786333259e-02 
108.400000 1.0666619350981232e-02 
108.600000 1.0666619036392081e-02 
108.800000 1.0666618833390233e-02 
109.000000 1.0666618733345850e-02 
109.200000 1.0666618728146136e-02 
109.400000 1.0666618810167717e-02 
109.600000 1.0666618972250160e-02 
109.800000 1.0666619207671294e-02 
110.000000 1.0666619510123602e-02 
110.200000 1.0666619873691522e-02 
110.400000 1.0666620292830199e-02 
110.600000 1.0666620762345452e-02 
110.800000 1.0666621277374127e-02 
111.000000 1.0666621833366037e-02 
111.200000 1.0666622426066740e-02 
111.400000 1.0666623051500741e-02 
111.600000 1.0666623705956240e-02 
111.800000 1.0666624385970167e-02 
112.000000 1.0666625088314046e-02 
112.200000 1.0666625809980674e-02 
112.400000 1.0666626548171883e-02 
112.600000 1.0666627300285841e-02 
112.800000 1.0666628063906379e-02 
113.000000 1.0666628836791744e-02 
113.200000 1.0666629616864813e-02 
113.400000 1.0666630402202974e-02 
113.600000 1.0666631191029587e-02 
113.800000 1.0666631981704590e-02 
114.000000 1.0666632772716981e-02 
114.200000 1.0666633562676496e-02 
114.400000 1.0666634350306655e-02 
114.600000 1.0666635134437722e-02 
114.800000 1.0666635913999968e-02 
115.000000 1.0666636688017584e-02 
115.200000 1.0666637455602824e-02 
115.400000 1.0666638215950403e-02 
115.600000 1.0666638968332249e-02 
115.800000 1.0666639712092446e-02 
116.000000 1.0666640446642776e-02 
116.200000 1.0666641171458159e-02 
116.400000 1.0666641886072322e-02 
116.600000 1.0666642590074190e-02 
116.800000 1.0666643283103829e-02 
117.000000 1.0666643964849244e-02 
117.200000 1.0666644635042794e-02 
117.400000 1.0666645293458232e-02 
117.600000 1.0666645939907826e-02 
117.800000 1.0666646574239384e-02 
118.000000 1.0666647196333826e-02 
118.200000 1.0666647806102542e-02 
118.400000 1.0666648403485437e-02 
118.600000 1.0666648988448350e-02 
118.800000 1.0666649560981279e-02 
119.000000 1.0666650121096287e-02 
119.200000 1.0666650668825816e-02 
119.400000 1.0666651204221157e-02 
119.600000 1.0666651727350363e-02 
119.800000 1.0666652238297327e-02 
120.000000 1.0666652737159943e-02 
120.200000 1.0666653224049168e-02 
120.400000 1.0666653699087396e-02 
120.600000 1.0666654162407805e-02 
120.800000 1.0666654614152667e-02 
121.000000 1.0666655054473067e-02 
121.200000 1.0666655483527271e-02 
121.400000 1.0666655901480328e-02 
121.600000 1.0666656308503091e-02 
121.800000 1.0666656704771346e-02 
122.000000 1.0666657090465423e-02 
122.200000 1.0666657465769060e-02 
122.400000 1.0666657830869444e-02 
122.600000 1.0666658185955951e-02 
122.800000 1.0666658531220041e-02 
123.000000 1.0666658866854722e-02 
123.200000 1.0666659193053990e-02 
123.400000 1.0666659510012430e-02 
123.600000 1.0666659817924985e-02 
123.800000 1.0666660116986425e-02 
124.000000 1.0666660407391046e-02 
124.200000 1.0666660689332554e-02 
124.400000 1.0666660963003508e-02 
124.600000 1.0666661228595243e-02 
124.800000 1.0666661486297734e-02 
125.000000 1.0666661736299066e-02 
125.200000 1.0666661978785621e-02 
125.400000 1.0666662213941731e-02 
125.600000 1.0666662441949377e-02 
125.800000 1.0666662662988402e-02 
126.000000 1.0666662877236064e-02 
126.200000 1.0666663084867287e-02 
126.400000 1.0666663286054021e-02 
126.600000 1.0666663480965682e-02 
126.800000 1.0666663669768858e-02 
127.000000 1.0666663852627371e-02 
127.200000 1.0666664029701782e-02 
127.400000 1.0666664201150240e-02 
127.600000 1.0666664367127399e-02 
127.800000 1.0666664527785133e-02 
128.000000 1.0666664683272355e-02 
128.200000 1.0666664833734792e-02 
128.400000 1.0666664979315156e-02 
128.600000 1.0666665120153152e-02 
128.800000 1.0666665256385375e-02 
129.000000 1.0666665388145549e-02 
129.200000 1.0666665515564097e-02 
129.400000 1.0666665638768669e-02 
129.600000 1.0666665757883919e-02 
129.800000 1.0666665873031504e-02 
130.000000 1.0666665984330061e-02 
130.200000 1.0666666091895526e-02 
130.400000 1.0666666195840783e-02 
130.600000 1.0666666296276045e-02 
130.800000 1.0666666393308644e-02 
131.000000 1.0666666487043243e-02 
131.200000 1.0666666577581710e-02 
131.400000 1.0666666665023257e-02 
131.600000 1.0666666749464596e-02 
131.800000 1.0666666830999741e-02 
132.000000 1.0666666909720157e-02 
132.200000 1.0666666985714935e-02 
132.400000 1.0666667059070621e-02 
132.600000 1.0666667129871427e-02 
132.800000 1.0666667198199207e-02 
133.000000 1.0666667264133489e-02 
133.200000 1.0666667327751598e-02 
133.400000 1.0666667389128639e-02 
133.600000 1.0666667448337485e-02 
133.800000 1.0666667505449090e-02 
134.000000 1.0666667560532131e-02 
134.200000 1.0666667613653364e-02 
134.400000 1.0666667664877614e-02 
134.600000 1.0666667714267714e-02 
134.800000 1.0666667761884675e-02 
135.000000 1.0666667807787652e-02 
135.200000 1.0666667852033976e-02 
135.400000 1.0666667894679323e-02 
135.600000 1.0666667935777573e-02 
135.800000 1.0666667975381029e-02 
136.000000 1.0666668013540364e-02 
136.200000 1.0666668050304610e-02 
136.400000 1.0666668085721406e-02 
136.600000 1.0666668119836662e-02 
136.800000 1.0666668152695156e-02 
137.000000 1.0666668184340027e-02 
137.200000 1.0666668214813076e-02 
137.400000 1.0666668244154820e-02 
137.600000 1.0666668272404374e-02 
137.800000 1.0666668299599759e-02 
138.000000 1.0666668325777631e-02 
138.200000 1.0666668350973489e-02 
138.400000 1.0666668375221658e-02 
138.600000 1.0666668398555358e-02 
138.800000 1.0666668421006728e-02 
139.000000 1.0666668442606775e-02 
139.200000 1.0666668463385565e-02 
139.400000 1.0666668483372044e-02 
139.600000 1.0666668502594293e-02 
139.800000 1.0666668521079449e-02 
140.000000 1.0666668538853605e-02 
140.200000 1.0666668555942106e-02 
140.400000 1.0666668572369297e-02 
140.600000 1.0666668588158821e-02 
140.800000 1.0666668603333396e-02 
141.000000 1.0666668617915119e-02 
141.200000 1.0666668631925010e-02 
141.400000 1.0666668645383686e-02 
141.600000 1.0666668658310900e-02 
141.800000 1.0666668670725642e-02 
142.000000 1.0666668682646291e-02 
142.200000 1.0666668694090605e-02 
142.400000 1.0666668705075596e-02 
142.600000 1.0666668715617769e-02 
142.800000 1.0666668725732978e-02 
143.000000 1.0666668735436530e-02 
143.200000 1.0666668744743063e-02 
143.400000 1.0666668753666869e-02 
143.600000 1.0666668762221550e-02 
143.800000 1.0666668770420313e-02 
144.000000 1.0666668778275835e-02 
144.200000 1.0666668785800299e-02 
144.400000 1.0666668793005409e-02 
144.600000 1.0666668799902206e-02 
144.800000 1.0666668806501576e-02 
145.000000 1.0666668812813749e-02 
145.200000 1.0666668818848686e-02 
145.400000 1.0666668824615843e-02 
145.600000 1.0666668830124517e-02 
145.800000 1.0666668835383546e-02 
146.000000 1.0666668840401485e-02 
146.200000 1.0666668845186567e-02 
146.400000 1.0666668849746774e-02 
146.600000 1.0666668854089829e-02 
146.800000 1.0666668858223259e-02 
147.000000 1.0666668862153714e-02 
147.200000 1.0666668865886231e-02 
147.400000 1.0666668869425732e-02 
147.600000 1.0666668872777476e-02 
147.800000 1.0666668875947007e-02 
148.000000 1.0666668878939800e-02 
148.200000 1.0666668881761755e-02 
148.400000 1.0666668884418740e-02 
148.600000 1.0666668886916456e-02 
148.800000 1.0666668889260919e-02 
149.000000 1.0666668891457841e-02 
149.200000 1.0666668893513124e-02 
149.400000 1.0666668895432651e-02 
149.600000 1.0666668897221964e-02 
149.800000 1.0666668898886811e-02 
