0.000000 2.4897447531135663e-02 
0.200000 2.4897591777672746e-02 
0.400000 2.4898584017281900e-02 
0.600000 2.4901504886139354e-02 
0.800000 2.4907299739957204e-02 
1.000000 2.4916811283638474e-02 
1.200000 2.4930773506931108e-02 
1.400000 2.4949814558283542e-02 
1.600000 2.4974474727143585e-02 
1.800000 2.5005241775236949e-02 
2.000000 2.5042582095080226e-02 
2.200000 2.5086916585034254e-02 
2.400000 2.5138625305527424e-02 
2.600000 2.5198056446985122e-02 
2.800000 2.5265537264156479e-02 
3.000000 2.5341371884350400e-02 
3.200000 2.5425844012777313e-02 
3.400000 2.5519232569603985e-02 
3.600000 2.5621829307074389e-02 
3.800000 2.5733874561795649e-02 
4.000000 2.5855597600383223e-02 
4.200000 2.5987218963377336e-02 
4.400000 2.6128958177635591e-02 
4.600000 2.6281033179028464e-02 
4.800000 2.6443664869555933e-02 
5.000000 2.6617074912545377e-02 
5.200000 2.6801489779034401e-02 
5.400000 2.6997143104201329e-02 
5.600000 2.7204274988228867e-02 
5.800000 2.7423134161874672e-02 
6.000000 2.7653976460543191e-02 
6.200000 2.7897068188900091e-02 
6.400000 2.8152685259425901e-02 
6.600000 2.8421113271435462e-02 
6.800000 2.8702647724882721e-02 
7.000000 2.8997596852544955e-02 
7.200000 2.9306281932551533e-02 
7.400000 2.9629038897433339e-02 
7.600000 2.9966218474065599e-02 
7.800000 3.0318187751254572e-02 
8.000000 3.0685331343000749e-02 
8.200000 3.1068051970660399e-02 
8.400000 3.1466771689839579e-02 
8.600000 3.1881932368130222e-02 
8.800000 3.2313997176691346e-02 
9.000000 3.2763451343601320e-02 
9.200000 3.3230803293064992e-02 
9.400000 3.3716585555455848e-02 
9.600000 3.4221356326769807e-02 
9.800000 3.4745700562005828e-02 
10.000000 3.5290231331264042e-02 
10.200000 3.5855590977340902e-02 
10.400000 3.6442452665757560e-02 
10.600000 3.7051521938071652e-02 
10.800000 3.7683538200696545e-02 
11.000000 3.8339276390471091e-02 
11.200000 3.9019548530409280e-02 
11.400000 3.9725205516373957e-02 
11.600000 4.0457138795099337e-02 
11.800000 4.1216282152301845e-02 
12.000000 4.2003613462543096e-02 
12.200000 4.2820156553902838e-02 
12.400000 4.3666983072381406e-02 
12.600000 4.4545214341980548e-02 
12.800000 4.5456023193864707e-02 
13.000000 4.6400635832399464e-02 
13.200000 4.7380333655670660e-02 
13.400000 4.8396454994067868e-02 
13.600000 4.9450396785293359e-02 
13.800000 5.0543616110499824e-02 
14.000000 5.1677631614060963e-02 
14.200000 5.2854024702264461e-02 
14.400000 5.4074440519335444e-02 
14.600000 5.5340588621255397e-02 
14.800000 5.6654243319211865e-02 
15.000000 5.8017243608133165e-02 
15.200000 5.9431492603259826e-02 
15.400000 6.0898956420738476e-02 
15.600000 6.2421662392389582e-02 
15.800000 6.4001696540104069e-02 
16.000000 6.5641200176876385e-02 
16.200000 6.7342365533836851e-02 
16.400000 6.9107430276622500e-02 
16.600000 7.0938670787984742e-02 
16.800000 7.2838394062296918e-02 
17.000000 7.4808928072316441e-02 
17.200000 7.6852610450202988e-02 
17.400000 7.8971775333700436e-02 
17.600000 8.1168738220464429e-02 
17.800000 8.3445778680693736e-02 
18.000000 8.5805120791602171e-02 
18.200000 8.8248911164542421e-02 
18.400000 9.0779194463628865e-02 
18.600000 9.3397886333904945e-02 
18.800000 9.6106743698245789e-02 
19.000000 9.8907332421919444e-02 
19.200000 1.0180099239857315e-01 
19.400000 1.0478880016942944e-01 
19.600000 1.0787152926151580e-01 
19.800000 1.1104960850818126e-01 
20.000000 1.1432307870504377e-01 
20.200000 1.1769154804804353e-01 
20.400000 1.2115414690097678e-01 
20.600000 1.2470948254405899e-01 
20.800000 1.2835559465675811e-01 
21.000000 1.3208991238910173e-01 
21.200000 1.3590921396568706e-01 
21.400000 1.3980958984686176e-01 
21.600000 1.4378641053243488e-01 
21.800000 1.4783430013257690e-01 
22.000000 1.5194711684091725e-01 
22.200000 1.5611794142375018e-01 
22.400000 1.6033907478021384e-01 
22.600000 1.6460204552986710e-01 
22.800000 1.6889762844301928e-01 
23.000000 1.7321587434616836e-01 
23.200000 1.7754615191152848e-01 
23.400000 1.8187720147934547e-01 
23.600000 1.8619720077177396e-01 
23.800000 1.9049384204515341e-01 
24.000000 1.9475441990517281e-01 
24.200000 1.9896592868844556e-01 
24.400000 2.0311516800823187e-01 
24.600000 2.0718885478511354e-01 
24.800000 2.1117373984876553e-01 
25.000000 2.1505672701658143e-01 
25.200000 2.1882499243837372e-01 
25.400000 2.2246610195047245e-01 
25.600000 2.2596812421052662e-01 
25.800000 2.2931973748569404e-01 
26.000000 2.3251032813716110e-01 
26.200000 2.3553007907552859e-01 
26.400000 2.3837004674350748e-01 
26.600000 2.4102222550193661e-01 
26.800000 2.4347959863790808e-01 
27.000000 2.4573617556528768e-01 
27.200000 2.4778701513396942e-01 
27.400000 2.4962823529198605e-01 
27.600000 2.5125700964317793e-01 
27.800000 2.5267155170382366e-01 
28.000000 2.5387108787842788e-01 
28.200000 2.5485582034413906e-01 
28.400000 2.5562688115397830e-01 
28.600000 2.5618627894225915e-01 
28.800000 2.5653683964415813e-01 
29.000000 2.5668214262959621e-01 
29.200000 2.5662645360487085e-01 
29.400000 2.5637465555960814e-01 
29.600000 2.5593217893783549e-01 
29.800000 2.5530493209645516e-01 
30.000000 2.5449923298780852e-01 
30.200000 2.5352174287080737e-01 
30.400000 2.5237940272179377e-01 
30.600000 2.5107937288590743e-01 
30.800000 2.4962897638541526e-01 
31.000000 2.4803564618571358e-01 
31.200000 2.4630687661421324e-01 
31.400000 2.4445017903327390e-01 
31.600000 2.4247304178623996e-01 
31.800000 2.4038289436565563e-01 
32.000000 2.3818707569443315e-01 
32.200000 2.3589280636376248e-01 
32.400000 2.3350716463487506e-01 
32.600000 2.3103706598461024e-01 
32.800000 2.2848924595598971e-01 
33.000000 2.2587024606361553e-01 
33.200000 2.2318640249868602e-01 
33.400000 2.2044383737864151e-01 
33.600000 2.1764845229107241e-01 
33.800000 2.1480592388956452e-01 
34.000000 2.1192170130989021e-01 
34.200000 2.0900100518763345e-01 
34.400000 2.0604882807236033e-01 
34.600000 2.0306993604833329e-01 
34.800000 2.0006887138697535e-01 
35.000000 1.9704995607159378e-01 
35.200000 1.9401729604984189e-01 
35.400000 1.9097478608398066e-01 
35.600000 1.8792611508281823e-01 
35.800000 1.8487477181233969e-01 
36.000000 1.8182405089427925e-01 
36.200000 1.7877705901322130e-01 
36.400000 1.7573672126327641e-01 
36.600000 1.7270578757483568e-01 
36.800000 1.6968683917056848e-01 
37.000000 1.6668229500754761e-01 
37.200000 1.6369441816930286e-01 
37.400000 1.6072532217775765e-01 
37.600000 1.5777697720043277e-01 
37.800000 1.5485121613303315e-01 
38.000000 1.5194974054169486e-01 
38.200000 1.4907412645276816e-01 
38.400000 1.4622582998106259e-01 
38.600000 1.4340619279016148e-01 
38.800000 1.4061644738062129e-01 
39.000000 1.3785772220375045e-01 
39.200000 1.3513104660026343e-01 
39.400000 1.3243735556435238e-01 
39.600000 1.2977749433481375e-01 
39.800000 1.2715222281569641e-01 
40.000000 1.2456221982961949e-01 
40.200000 1.2200808720742239e-01 
40.400000 1.1949035371820524e-01 
40.600000 1.1700947884410168e-01 
40.800000 1.1456585640432831e-01 
41.000000 1.1215981803314788e-01 
41.200000 1.0979163651647796e-01 
41.400000 1.0746152899185682e-01 
41.600000 1.0516966001645314e-01 
41.800000 1.0291614450775433e-01 
42.000000 1.0070105056146186e-01 
42.200000 9.8524402151033003e-02 
42.400000 9.6386181713180710e-02 
42.600000 9.4286332623517724e-02 
42.800000 9.2224761566397709e-02 
43.000000 9.0201340802869678e-02 
43.200000 8.8215910340529835e-02 
43.400000 8.6268280008905102e-02 
43.600000 8.4358231443890042e-02 
43.800000 8.2485519984608083e-02 
44.000000 8.0649876485958394e-02 
44.200000 7.8851009049976051e-02 
44.400000 7.7088604679022107e-02 
44.600000 7.5362330853713674e-02 
44.800000 7.3671837038385132e-02 
45.000000 7.2016756116778310e-02 
45.200000 7.0396705760566378e-02 
45.400000 6.8811289733211822e-02 
45.600000 6.7260099131583206e-02 
45.800000 6.5742713567668198e-02 
46.000000 6.4258702292634640e-02 
46.200000 6.2807625265425507e-02 
46.400000 6.1389034167998437e-02 
46.600000 6.0002473369244455e-02 
46.800000 5.8647480839561554e-02 
47.000000 5.7323589017997757e-02 
47.200000 5.6030325633803946e-02 
47.400000 5.4767214484195012e-02 
47.600000 5.3533776170046551e-02 
47.800000 5.2329528791208599e-02 
48.000000 5.1153988603061015e-02 
48.200000 5.0006670635883120e-02 
48.400000 4.8887089278563819e-02 
48.600000 4.7794758828123313e-02 
48.800000 4.6729194006479478e-02 
49.000000 4.5689910445834390e-02 
49.200000 4.4676425144023528e-02 
49.400000 4.3688256891116488e-02 
49.600000 4.2724926668521693e-02 
49.800000 4.1785958021799970e-02 
50.000000 4.0870877408359693e-02 
50.200000 3.9979214521154903e-02 
50.400000 3.9110502589479942e-02 
50.600000 3.8264278657907727e-02 
50.800000 3.7440083844386345e-02 
51.000000 3.6637463578470392e-02 
51.200000 3.5855967820629393e-02 
51.400000 3.5095151263538134e-02 
51.600000 3.4354573516224826e-02 
51.800000 3.3633799271915510e-02 
52.000000 3.2932398460383809e-02 
52.200000 3.2249946385582484e-02 
52.400000 3.1586023849305263e-02 
52.600000 3.0940217261594377e-02 
52.800000 3.0312118738583610e-02 
53.000000 2.9701326188438064e-02 
53.200000 2.9107443386023914e-02 
53.400000 2.8530080036916955e-02 
53.600000 2.7968851831330046e-02 
53.800000 2.7423380488521467e-02 
54.000000 2.6893293792213783e-02 
54.200000 2.6378225617538005e-02 
54.400000 2.5877815949989821e-02 
54.600000 2.5391710896867051e-02 
54.800000 2.4919562691632952e-02 
55.000000 2.4461029691636025e-02 
55.200000 2.4015776369588879e-02 
55.400000 2.3583473299200859e-02 
55.600000 2.3163797135331159e-02 
55.800000 2.2756430589019286e-02 
56.000000 2.2361062397729500e-02 
56.200000 2.1977387291131512e-02 
56.400000 2.1605105952722491e-02 
56.600000 2.1243924977585132e-02 
56.800000 2.0893556826556883e-02 
57.000000 2.0553719777075614e-02 
57.200000 2.0224137870954333e-02 
57.400000 1.9904540859322136e-02 
57.600000 1.9594664144959886e-02 
57.800000 1.9294248722246502e-02 
58.000000 1.9003041114919898e-02 
58.200000 1.8720793311848054e-02 
58.400000 1.8447262700994581e-02 
58.600000 1.8182212001754010e-02 
58.800000 1.7925409195822393e-02 
59.000000 1.7676627456760612e-02 
59.200000 1.7435645078400442e-02 
59.400000 1.7202245402232724e-02 
59.600000 1.6976216743912205e-02 
59.800000 1.6757352319005814e-02 
60.000000 1.6545450168101401e-02 
60.200000 1.6340313081393276e-02 
60.400000 1.6141748522846805e-02 
60.600000 1.5949568554046469e-02 
60.800000 1.5763589757819291e-02 
61.000000 1.5583633161723898e-02 
61.200000 1.5409524161489562e-02 
61.400000 1.5241092444484190e-02 
61.600000 1.5078171913284252e-02 
61.800000 1.4920600609419073e-02 
62.000000 1.4768220637352317e-02 
62.200000 1.4620878088763983e-02 
62.400000 1.4478422967189576e-02 
62.600000 1.4340709113070454e-02 
62.800000 1.4207594129265559e-02 
63.000000 1.4078939307071325e-02 
63.200000 1.3954609552793977e-02 
63.400000 1.3834473314913871e-02 
63.600000 1.3718402511880275e-02 
63.800000 1.3606272460571736e-02 
64.000000 1.3497961805452959e-02 
64.200000 1.3393352448459919e-02 
64.400000 1.3292329479638751e-02 
64.600000 1.3194781108564556e-02 
64.800000 1.3100598596562981e-02 
65.000000 1.3009676189754626e-02 
65.200000 1.2921911052942492e-02 
65.400000 1.2837203204357991e-02 
65.600000 1.2755455451282391e-02 
65.800000 1.2676573326555666e-02 
66.000000 1.2600465025986217e-02 
66.200000 1.2527041346670546e-02 
66.400000 1.2456215626233296e-02 
66.600000 1.2387903682994049e-02 
66.800000 1.2322023757068173e-02 
67.000000 1.2258496452406408e-02 
67.200000 1.2197244679777106e-02 
67.400000 1.2138193600694304e-02 
67.600000 1.2081270572293043e-02 
67.800000 1.2026405093153451e-02 
68.000000 1.1973528750072265e-02 
68.200000 1.1922575165782347e-02 
68.400000 1.1873479947616970e-02 
68.600000 1.1826180637117240e-02 
68.800000 1.1780616660578674e-02 
69.000000 1.1736729280533298e-02 
69.200000 1.1694461548162147e-02 
69.400000 1.1653758256633402e-02 
69.600000 1.1614565895359596e-02 
69.800000 1.1576832605167883e-02 
70.000000 1.1540508134376324e-02 
70.200000 1.1505543795768566e-02 
70.400000 1.1471892424459271e-02 
70.600000 1.1439508336641889e-02 
70.800000 1.1408347289209933e-02 
71.000000 1.1378366440243107e-02 
71.200000 1.1349524310348517e-02 
71.400000 1.1321780744847628e-02 
71.600000 1.1295096876798690e-02 
71.800000 1.1269435090844649e-02 
72.000000 1.1244758987876172e-02 
72.200000 1.1221033350498937e-02 
72.400000 1.1198224109294384e-02 
72.600000 1.1176298309863197e-02 
72.800000 1.1155224080639729e-02 
73.000000 1.1134970601467073e-02 
73.200000 1.1115508072920157e-02 
73.400000 1.1096807686366479e-02 
73.600000 1.1078841594752071e-02 
73.800000 1.1061582884101442e-02 
74.000000 1.1045005545719858e-02 
74.200000 1.1029084449085742e-02 
74.400000 1.1013795315421741e-02 
74.600000 1.0999114691932873e-02 
74.800000 1.0985019926699473e-02 
75.000000 1.0971489144213007e-02 
75.200000 1.0958501221544162e-02 
75.400000 1.0946035765129611e-02 
75.600000 1.0934073088167569e-02 
75.800000 1.0922594188608742e-02 
76.000000 1.0911580727732810e-02 
76.200000 1.0901015009297226e-02 
76.400000 1.0890879959248263e-02 
76.600000 1.0881159105981374e-02 
76.800000 1.0871836561141440e-02 
77.000000 1.0862897000949846e-02 
77.200000 1.0854325648048273e-02 
77.400000 1.0846108253847825e-02 
77.600000 1.0838231081373129e-02 
77.800000 1.0830680888589008e-02 
78.000000 1.0823444912201387e-02 
78.200000 1.0816510851919812e-02 
78.400000 1.0809866855171940e-02 
78.600000 1.0803501502259637e-02 
78.800000 1.0797403791946766e-02 
79.000000 1.0791563127467740e-02 
79.200000 1.0785969302947819e-02 
79.400000 1.0780612490224887e-02 
79.600000 1.0775483226063049e-02 
79.800000 1.0770572399748685e-02 
80.000000 1.0765871241059414e-02 
80.200000 1.0761371308597178e-02 
80.400000 1.0757064478475818e-02 
80.600000 1.0752942933354411e-02 
80.800000 1.0748999151807716e-02 
81.000000 1.0745225898025212e-02 
81.200000 1.0741616211829780e-02 
81.400000 1.0738163399008151e-02 
81.600000 1.0734861021944648e-02 
81.800000 1.0731702890550686e-02 
82.000000 1.0728683053481116e-02 
82.200000 1.0725795789631403e-02 
82.400000 1.0723035599905983e-02 
82.600000 1.0720397199252239e-02 
82.800000 1.0717875508951522e-02 
83.000000 1.0715465649161071e-02 
83.200000 1.0713162931698649e-02 
83.400000 1.0710962853064679e-02 
83.600000 1.0708861087693826e-02 
83.800000 1.0706853481429749e-02 
84.000000 1.0704936045217394e-02 
84.200000 1.0703104949005790e-02 
84.400000 1.0701356515855170e-02 
84.600000 1.0699687216243091e-02 
84.800000 1.0698093662563418e-02 
85.000000 1.0696572603812066e-02 
85.200000 1.0695120920454420e-02 
85.400000 1.0693735619468910e-02 
85.600000 1.0692413829561390e-02 
85.800000 1.0691152796544763e-02 
86.000000 1.0689949878879895e-02 
86.200000 1.0688802543371068e-02 
86.400000 1.0687708361013249e-02 
86.600000 1.0686665002985063e-02 
86.800000 1.0685670236783198e-02 
87.000000 1.0684721922494284e-02 
87.200000 1.0683818009199150e-02 
87.400000 1.0682956531506171e-02 
87.600000 1.0682135606208442e-02 
87.800000 1.0681353429062153e-02 
88.000000 1.0680608271680901e-02 
88.200000 1.0679898478543235e-02 
88.400000 1.0679222464109192e-02 
88.600000 1.0678578710042236e-02 
88.800000 1.0677965762533581e-02 
89.000000 1.0677382229724938e-02 
89.200000 1.0676826779226782e-02 
89.400000 1.0676298135728795e-02 
89.600000 1.0675795078699502e-02 
89.800000 1.0675316440172044e-02 
90.000000 1.0674861102612794e-02 
90.200000 1.0674427996870841e-02 
90.400000 1.0674016100204744e-02 
90.600000 1.0673624434384271e-02 
90.800000 1.0673252063864385e-02 
91.000000 1.0672898094029468e-02 
91.200000 1.0672561669504163e-02 
91.400000 1.0672241972530087e-02 
91.600000 1.0671938221404689e-02 
91.800000 1.0671649668980872e-02 
92.000000 1.0671375601224897e-02 
92.200000 1.0671115335830646e-02 
92.400000 1.0670868220888027e-02 
92.600000 1.0670633633603988e-02 
92.800000 1.0670410979073407e-02 
93.000000 1.0670199689099227e-02 
93.200000 1.0669999221058948e-02 
93.400000 1.0669809056816396e-02 
93.600000 1.0669628701677083e-02 
93.800000 1.0669457683384977e-02 
94.000000 1.0669295551160210e-02 
94.200000 1.0669141874775020e-02 
94.400000 1.0668996243667503e-02 
94.600000 1.0668858266090729e-02 
94.800000 1.0668727568297398e-02 
95.000000 1.0668603793756686e-02 
95.200000 1.0668486602404069e-02 
95.400000 1.0668375669921251e-02 
95.600000 1.0668270687046552e-02 
95.800000 1.0668171358912671e-02 
96.000000 1.0668077404413020e-02 
96.200000 1.0667988555593639e-02 
96.400000 1.0667904557070682e-02 
96.600000 1.0667825165472438e-02 
96.800000 1.0667750148904451e-02 
97.000000 1.0667679286437064e-02 
97.200000 1.0667612367615025e-02 
97.400000 1.0667549191987487e-02 
97.600000 1.0667489568657856e-02 
97.800000 1.0667433315853007e-02 
98.000000 1.0667380260510674e-02 
98.200000 1.0667330237884761e-02 
98.400000 1.0667283091167360e-02 
98.600000 1.0667238671126811e-02 
98.800000 1.0667196835761963e-02 
99.000000 1.0667157449970753e-02 
99.200000 1.0667120385233668e-02 
99.400000 1.0667085519310421e-02 
99.600000 1.0667052735950467e-02 
99.800000 1.0667021924615730e-02 
100.000000 1.0666992980215438e-02 
100.200000 1.0666965802853182e-02 
100.400000 1.0666940297584311e-02 
100.600000 1.0666916374184645e-02 
100.800000 1.0666893946929126e-02 
101.000000 1.0666872934380551e-02 
101.200000 1.0666853259187349e-02 
101.400000 1.0666834847890850e-02 
101.600000 1.0666817630740713e-02 
101.800000 1.0666801541518906e-02 
102.000000 1.0666786517371669e-02 
102.200000 1.0666772498648591e-02 
102.400000 1.0666759428749749e-02 
102.600000 1.0666747253979033e-02 
102.800000 1.0666735923404476e-02 
103.000000 1.0666725388724978e-02 
103.200000 1.0666715604143090e-02 
103.400000 1.0666706526243271e-02 
103.600000 1.0666698113876522e-02 
103.800000 1.0666690328049407e-02 
104.000000 1.0666683131818930e-02 
104.200000 1.0666676490191917e-02 
104.400000 1.0666670370028965e-02 
104.600000 1.0666664739953315e-02 
104.800000 1.0666659570263472e-02 
105.000000 1.0666654832850129e-02 
105.200000 1.0666650501117123e-02 
105.400000 1.0666646549905739e-02 
105.600000 1.0666642955423028e-02 
105.800000 1.0666639695173058e-02 
106.000000 1.0666636747891851e-02 
106.200000 1.0666634093485030e-02 
106.400000 1.0666631712968607e-02 
106.600000 1.0666629588412694e-02 
106.800000 1.0666627702887673e-02 
107.000000 1.0666626040413218e-02 
107.200000 1.0666624585909459e-02 
107.400000 1.0666623325150702e-02 
107.600000 1.0666622244721480e-02 
107.800000 1.0666621331974409e-02 
108.000000 1.0666620574990312e-02 
108.200000 1.0666619962540440e-02 
108.400000 1.0666619484050113e-02 
108.600000 1.0666619129564466e-02 
108.800000 1.0666618889715823e-02 
109.000000 1.0666618755692673e-02 
109.200000 1.0666618719209878e-02 
109.400000 1.0666618772481113e-02 
109.600000 1.0666618908191686e-02 
109.800000 1.0666619119473461e-02 
110.000000 1.0666619399880888e-02 
110.200000 1.0666619743367895e-02 
110.400000 1.0666620144266229e-02 
110.600000 1.0666620597264875e-02 
110.800000 1.0666621097390465e-02 
111.000000 1.0666621639988784e-02 
111.200000 1.0666622220706695e-02 
111.400000 1.0666622835476149e-02 
111.600000 1.0666623480497467e-02 
111.800000 1.0666624152224771e-02 
112.000000 1.0666624847351555e-02 
112.200000 1.0666625562797093e-02 
112.400000 1.0666626295693565e-02 
112.600000 1.0666627043373936e-02 
112.800000 1.0666627803360196e-02 
113.000000 1.0666628573352684e-02 
113.200000 1.0666629351219443e-02 
113.400000 1.0666630134986645e-02 
113.600000 1.0666630922828985e-02 
113.800000 1.0666631713061096e-02 
114.000000 1.0666632504129039e-02 
114.200000 1.0666633294602445e-02 
114.400000 1.0666634083167056e-02 
114.600000 1.0666634868617695e-02 
114.800000 1.0666635649851328e-02 
115.000000 1.0666636425861102e-02 
115.200000 1.0666637195730039e-02 
115.400000 1.0666637958625292e-02 
115.600000 1.0666638713793355e-02 
115.800000 1.0666639460554352e-02 
116.000000 1.0666640198297531e-02 
116.200000 1.0666640926476909e-02 
116.400000 1.0666641644606735e-02 
116.600000 1.0666642352257600e-02 
116.800000 1.0666643049052732e-02 
117.000000 1.0666643734664210e-02 
117.200000 1.0666644408809586e-02 
117.400000 1.0666645071249054e-02 
117.600000 1.0666645721782121e-02 
117.800000 1.0666646360244786e-02 
118.000000 1.0666646986507008e-02 
118.200000 1.0666647600470243e-02 
118.400000 1.0666648202064838e-02 
118.600000 1.0666648791248051e-02 
118.800000 1.0666649368002018e-02 
119.000000 1.0666649932331490e-02 
119.200000 1.0666650484262227e-02 
119.400000 1.0666651023839192e-02 
119.600000 1.0666651551125067e-02 
119.800000 1.0666652066198420e-02 
120.000000 1.0666652569152599e-02 
120.200000 1.0666653060094284e-02 
120.400000 1.0666653539142147e-02 
120.600000 1.0666654006425729e-02 
120.800000 1.0666654462084450e-02 
121.000000 1.0666654906266478e-02 
121.200000 1.0666655339127700e-02 
121.400000 1.0666655760831058e-02 
121.600000 1.0666656171545393e-02 
121.800000 1.0666656571445034e-02 
122.000000 1.0666656960708768e-02 
122.200000 1.0666657339519277e-02 
122.400000 1.0666657708062674e-02 
122.600000 1.0666658066527536e-02 
122.800000 1.0666658415104859e-02 
123.000000 1.0666658753987006e-02 
123.200000 1.0666659083367747e-02 
123.400000 1.0666659403441556e-02 
123.600000 1.0666659714403280e-02 
123.800000 1.0666660016447772e-02 
124.000000 1.0666660309769581e-02 
124.200000 1.0666660594562574e-02 
124.400000 1.0666660871019728e-02 
124.600000 1.0666661139332902e-02 
124.800000 1.0666661399692440e-02 
125.000000 1.0666661652287152e-02 
125.200000 1.0666661897304050e-02 
125.400000 1.0666662134928112e-02 
125.600000 1.0666662365342252e-02 
125.800000 1.0666662588726950e-02 
126.000000 1.0666662805260407e-02 
126.200000 1.0666663015118236e-02 
126.400000 1.0666663218473531e-02 
126.600000 1.0666663415496571e-02 
126.800000 1.0666663606354912e-02 
127.000000 1.0666663791213189e-02 
127.200000 1.0666663970233298e-02 
127.400000 1.0666664143574041e-02 
127.600000 1.0666664311391311e-02 
127.800000 1.0666664473837961e-02 
128.000000 1.0666664631063888e-02 
128.200000 1.0666664783215832e-02 
128.400000 1.0666664930437657e-02 
128.600000 1.0666665072870007e-02 
128.800000 1.0666665210650595e-02 
129.000000 1.0666665343914000e-02 
129.200000 1.0666665472791881e-02 
129.400000 1.0666665597412837e-02 
129.600000 1.0666665717902434e-02 
129.800000 1.0666665834383415e-02 
130.000000 1.0666665946975355e-02 
130.200000 1.0666666055795209e-02 
130.400000 1.0666666160956859e-02 
130.600000 1.0666666262571416e-02 
130.800000 1.0666666360747184e-02 
131.000000 1.0666666455589707e-02 
131.200000 1.0666666547201845e-02 
131.400000 1.0666666635683707e-02 
131.600000 1.0666666721132746e-02 
131.800000 1.0666666803643983e-02 
132.000000 1.0666666883309729e-02 
132.200000 1.0666666960219928e-02 
132.400000 1.0666667034461863e-02 
132.600000 1.0666667106120581e-02 
132.800000 1.0666667175278791e-02 
133.000000 1.0666667242016788e-02 
133.200000 1.0666667306412561e-02 
133.400000 1.0666667368542021e-02 
133.600000 1.0666667428478799e-02 
133.800000 1.0666667486294527e-02 
134.000000 1.0666667542058488e-02 
134.200000 1.0666667595838300e-02 
134.400000 1.0666667647699348e-02 
134.600000 1.0666667697705079e-02 
134.800000 1.0666667745917189e-02 
135.000000 1.0666667792395435e-02 
135.200000 1.0666667837197738e-02 
135.400000 1.0666667880380443e-02 
135.600000 1.0666667921997880e-02 
135.800000 1.0666667962102994e-02 
136.000000 1.0666668000746915e-02 
136.200000 1.0666668037979304e-02 
136.400000 1.0666668073848263e-02 
136.600000 1.0666668108400260e-02 
136.800000 1.0666668141680439e-02 
137.000000 1.0666668173732505e-02 
137.200000 1.0666668204598714e-02 
137.400000 1.0666668234319972e-02 
137.600000 1.0666668262936004e-02 
137.800000 1.0666668290485039e-02 
138.000000 1.0666668317004262e-02 
138.200000 1.0666668342529538e-02 
138.400000 1.0666668367095613e-02 
138.600000 1.0666668390736081e-02 
138.800000 1.0666668413483427e-02 
139.000000 1.0666668435369066e-02 
139.200000 1.0666668456423303e-02 
139.400000 1.0666668476675547e-02 
139.600000 1.0666668496154158e-02 
139.800000 1.0666668514886549e-02 
140.000000 1.0666668532899191e-02 
140.200000 1.0666668550217664e-02 
140.400000 1.0666668566866617e-02 
140.600000 1.0666668582870052e-02 
140.800000 1.0666668598250885e-02 
141.000000 1.0666668613031420e-02 
141.200000 1.0666668627233122e-02 
141.400000 1.0666668640876710e-02 
141.600000 1.0666668653982194e-02 
141.800000 1.0666668666568759e-02 
142.000000 1.0666668678655174e-02 
142.200000 1.0666668690259267e-02 
142.400000 1.0666668701398374e-02 
142.600000 1.0666668712089095e-02 
142.800000 1.0666668722347521e-02 
143.000000 1.0666668732189119e-02 
143.200000 1.0666668741628854e-02 
143.400000 1.0666668750681106e-02 
143.600000 1.0666668759359624e-02 
143.800000 1.0666668767677806e-02 
144.000000 1.0666668775648508e-02 
144.200000 1.0666668783284065e-02 
144.400000 1.0666668790596370e-02 
144.600000 1.0666668797596653e-02 
144.800000 1.0666668804295901e-02 
145.000000 1.0666668810704496e-02 
145.200000 1.0666668816832484e-02 
145.400000 1.0666668822689625e-02 
145.600000 1.0666668828285156e-02 
145.800000 1.0666668833628006e-02 
146.000000 1.0666668838726917e-02 
146.200000 1.0666668843590231e-02 
146.400000 1.0666668848225959e-02 
146.600000 1.0666668852641977e-02 
146.800000 1.0666668856845831e-02 
147.000000 1.0666668860844594e-02 
147.200000 1.0666668864644029e-02 
147.400000 1.0666668868248580e-02 
147.600000 1.0666668871663600e-02 
147.800000 1.0666668874894484e-02 
148.000000 1.0666668877946881e-02 
148.200000 1.0666668880826288e-02 
148.400000 1.0666668883538725e-02 
148.600000 1.0666668886089994e-02 
148.800000 1.0666668888485886e-02 
149.000000 1.0666668890732348e-02 
149.200000 1.0666668892835242e-02 
149.400000 1.0666668894800323e-02 
149.600000 1.0666668896633277e-02 
149.800000 1.0666668898339855e-02 
