0.000000 2.4898333596541460e-02 
0.200000 2.4898738024932313e-02 
0.400000 2.4900521094898685e-02 
0.600000 2.4904699187887944e-02 
0.800000 2.4912160359701351e-02 
1.000000 2.4923694948831138e-02 
1.200000 2.4939990041680789e-02 
1.400000 2.4961639867233057e-02 
1.600000 2.4989148158599105e-02 
1.800000 2.5022987398160612e-02 
2.000000 2.5063602512062366e-02 
2.200000 2.5111396222133986e-02 
2.400000 2.5166733310513712e-02 
2.600000 2.5229949140611330e-02 
2.800000 2.5301359985602030e-02 
3.000000 2.5381261953371179e-02 
3.200000 2.5469930756187361e-02 
3.400000 2.5567660050270873e-02 
3.600000 2.5674713683574428e-02 
3.800000 2.5791325250779581e-02 
4.000000 2.5917721984167395e-02 
4.200000 2.6054123022426792e-02 
4.400000 2.6200745233041205e-02 
4.600000 2.6357807627982077e-02 
4.800000 2.6525530710751713e-02 
5.000000 2.6704139954352311e-02 
5.200000 2.6893864070630675e-02 
5.400000 2.7094939916736220e-02 
5.600000 2.7307611428637930e-02 
5.800000 2.7532131625848073e-02 
6.000000 2.7768760985843098e-02 
6.200000 2.8017769933206302e-02 
6.400000 2.8279438708803617e-02 
6.600000 2.8554058095284610e-02 
6.800000 2.8841929430172400e-02 
7.000000 2.9143366647607933e-02 
7.200000 2.9458697828055908e-02 
7.400000 2.9788265759747249e-02 
7.600000 3.0132429204778356e-02 
7.800000 3.0491563237172919e-02 
8.000000 3.0866061024492734e-02 
8.200000 3.1256334344786516e-02 
8.400000 3.1662814742957020e-02 
8.600000 3.2085954066155414e-02 
8.800000 3.2526225739175525e-02 
9.000000 3.2984125900750109e-02 
9.200000 3.3460174294820469e-02 
9.400000 3.3954915635422356e-02 
9.600000 3.4468920579407578e-02 
9.800000 3.5002787293500127e-02 
10.000000 3.5557142587771498e-02 
10.200000 3.6132643360260411e-02 
10.400000 3.6729977946086199e-02 
10.600000 3.7349867811713379e-02 
10.800000 3.7993069060217974e-02 
11.000000 3.8660374098268210e-02 
11.200000 3.9352613223622997e-02 
11.400000 4.0070656385698143e-02 
11.600000 4.0815414951826043e-02 
11.800000 4.1587843450912751e-02 
12.000000 4.2388941416741391e-02 
12.200000 4.3219755185132151e-02 
12.400000 4.4081379802175358e-02 
12.600000 4.4974960863782422e-02 
12.800000 4.5901696377071657e-02 
13.000000 4.6862838572317905e-02 
13.200000 4.7859695718213940e-02 
13.400000 4.8893633822449462e-02 
13.600000 4.9966078254394940e-02 
13.800000 5.1078515214933472e-02 
14.000000 5.2232493061251120e-02 
14.200000 5.3429623413062718e-02 
14.400000 5.4671581985658448e-02 
14.600000 5.5960109121461064e-02 
14.800000 5.7297009930959923e-02 
15.000000 5.8684154007133567e-02 
15.200000 6.0123474604090676e-02 
15.400000 6.1616967214842555e-02 
15.600000 6.3166687442842206e-02 
15.800000 6.4774748078487210e-02 
16.000000 6.6443315250139245e-02 
16.200000 6.8174603540727116e-02 
16.400000 6.9970869931281890e-02 
16.600000 7.1834406442098125e-02 
16.800000 7.3767531320526047e-02 
17.000000 7.5772578623580514e-02 
17.200000 7.7851886046692478e-02 
17.400000 8.0007780838510512e-02 
17.600000 8.2242563656351020e-02 
17.800000 8.4558490210914702e-02 
18.000000 8.6957750570516551e-02 
18.200000 8.9442446005609716e-02 
18.400000 9.2014563283011538e-02 
18.600000 9.4675946345739614e-02 
18.800000 9.7428265354746760e-02 
19.000000 1.0027298311628816e-01 
19.200000 1.0321131897643042e-01 
19.400000 1.0624421032799128e-01 
19.600000 1.0937227195077490e-01 
19.800000 1.1259575349127210e-01 
20.000000 1.1591449547742626e-01 
20.200000 1.1932788436407483e-01 
20.400000 1.2283480720444143e-01 
20.600000 1.2643360664859046e-01 
20.800000 1.3012203707035266e-01 
21.000000 1.3389722272140125e-01 
21.200000 1.3775561889664284e-01 
21.400000 1.4169297716656262e-01 
21.600000 1.4570431578409307e-01 
21.800000 1.4978389639895712e-01 
22.000000 1.5392520820932307e-01 
22.200000 1.5812096064086703e-01 
22.400000 1.6236308556676185e-01 
22.600000 1.6664274996292849e-01 
22.800000 1.7095037973231558e-01 
23.000000 1.7527569522888375e-01 
23.200000 1.7960775877077417e-01 
23.400000 1.8393503415662579e-01 
23.600000 1.8824545789753047e-01 
23.800000 1.9252652155869787e-01 
24.000000 1.9676536428157573e-01 
24.200000 2.0094887424179217e-01 
24.400000 2.0506379750438777e-01 
24.600000 2.0909685247955581e-01 
24.800000 2.1303484797175223e-01 
25.000000 2.1686480266405728e-01 
25.200000 2.2057406379610381e-01 
25.400000 2.2415042278297295e-01 
25.600000 2.2758222558562760e-01 
25.800000 2.3085847577840732e-01 
26.000000 2.3396892845968750e-01 
26.200000 2.3690417340884559e-01 
26.400000 2.3965570619422707e-01 
26.600000 2.4221598626917631e-01 
26.800000 2.4457848144200378e-01 
27.000000 2.4673769845631385e-01 
27.200000 2.4868919975700485e-01 
27.400000 2.5042960683234688e-01 
27.600000 2.5195659080404115e-01 
27.800000 2.5326885117756465e-01 
28.000000 2.5436608385957565e-01 
28.200000 2.5524893969533580e-01 
28.400000 2.5591897487692550e-01 
28.600000 2.5637859462456025e-01 
28.800000 2.5663099155206748e-01 
29.000000 2.5668008009847748e-01 
29.200000 2.5653042834628270e-01 
29.400000 2.5618718845944122e-01 
29.600000 2.5565602686665206e-01 
29.800000 2.5494305519400889e-01 
30.000000 2.5405476282117451e-01 
30.200000 2.5299795180202356e-01 
30.400000 2.5177967475826962e-01 
30.600000 2.5040717622677722e-01 
30.800000 2.4888783782073703e-01 
31.000000 2.4722912745387132e-01 
31.200000 2.4543855277660651e-01 
31.400000 2.4352361888485013e-01 
31.600000 2.4149179028559956e-01 
31.800000 2.3935045703927041e-01 
32.000000 2.3710690494583633e-01 
32.200000 2.3476828959984311e-01 
32.400000 2.3234161410739038e-01 
32.600000 2.2983371023511032e-01 
32.800000 2.2725122274607515e-01 
33.000000 2.2460059666934964e-01 
33.200000 2.2188806724747309e-01 
33.400000 2.1911965230860872e-01 
33.600000 2.1630114681643067e-01 
33.800000 2.1343811936025919e-01 
34.000000 2.1053591035967348e-01 
34.200000 2.0759963177123655e-01 
34.400000 2.0463416809945795e-01 
34.600000 2.0164417852920277e-01 
34.800000 1.9863410001205345e-01 
35.000000 1.9560815115431471e-01 
35.200000 1.9257033676914256e-01 
35.400000 1.8952445296953499e-01 
35.600000 1.8647409269240484e-01 
35.800000 1.8342265155669529e-01 
36.000000 1.8037333397029853e-01 
36.200000 1.7732915941143407e-01 
36.400000 1.7429296882018544e-01 
36.600000 1.7126743104490194e-01 
36.800000 1.6825504929642054e-01 
37.000000 1.6525816757038167e-01 
37.200000 1.6227897700446633e-01 
37.400000 1.5931952214317180e-01 
37.600000 1.5638170708785026e-01 
37.800000 1.5346730151417110e-01 
38.000000 1.5057794654306883e-01 
38.200000 1.4771516045455332e-01 
38.400000 1.4488034423665441e-01 
38.600000 1.4207478696418618e-01 
38.800000 1.3929967100409302e-01 
39.000000 1.3655607704587067e-01 
39.200000 1.3384498895697253e-01 
39.400000 1.3116729846431030e-01 
39.600000 1.2852380966388161e-01 
39.800000 1.2591524336135632e-01 
40.000000 1.2334224124701501e-01 
40.200000 1.2080536990891960e-01 
40.400000 1.1830512468850658e-01 
40.600000 1.1584193338306371e-01 
40.800000 1.1341615979967563e-01 
41.000000 1.1102810716534028e-01 
41.200000 1.0867802139796995e-01 
41.400000 1.0636609424298886e-01 
41.600000 1.0409246628019150e-01 
41.800000 1.0185722980544676e-01 
42.000000 9.9660431591735127e-02 
42.200000 9.7502075533902804e-02 
42.400000 9.5382125181378938e-02 
42.600000 9.3300506162986643e-02 
42.800000 9.1257108507828075e-02 
43.000000 8.9251788866104090e-02 
43.200000 8.7284372633572971e-02 
43.400000 8.5354655983238548e-02 
43.600000 8.3462407807705391e-02 
43.800000 8.1607371575530885e-02 
44.000000 7.9789267104762002e-02 
44.200000 7.8007792256736805e-02 
44.400000 7.6262624553114250e-02 
44.600000 7.4553422718980189e-02 
44.800000 7.2879828154788259e-02 
45.000000 7.1241466339774309e-02 
45.200000 6.9637948169405328e-02 
45.400000 6.8068871229331279e-02 
45.600000 6.6533821008213159e-02 
45.800000 6.5032372051729195e-02 
46.000000 6.3564089059981094e-02 
46.200000 6.2128527930442393e-02 
46.400000 6.0725236748531211e-02 
46.600000 5.9353756727808418e-02 
46.800000 5.8013623101749540e-02 
47.000000 5.6704365968970299e-02 
47.200000 5.5425511093723324e-02 
47.400000 5.4176580663430930e-02 
47.600000 5.2957094004963234e-02 
47.800000 5.1766568261309889e-02 
48.000000 5.0604519030249262e-02 
48.200000 4.9470460966563254e-02 
48.400000 4.8363908349299906e-02 
48.600000 4.7284375615533170e-02 
48.800000 4.6231377862029438e-02 
49.000000 4.5204431316178219e-02 
49.200000 4.4203053777501250e-02 
49.400000 4.3226765031018577e-02 
49.600000 4.2275087233693921e-02 
49.800000 4.1347545275153830e-02 
50.000000 4.0443667113824910e-02 
50.200000 3.9562984089601155e-02 
50.400000 3.8705031214109148e-02 
50.600000 3.7869347439605690e-02 
50.800000 3.7055475907500982e-02 
51.000000 3.6262964177470998e-02 
51.200000 3.5491364438081201e-02 
51.400000 3.4740233699812752e-02 
51.600000 3.4009133971349047e-02 
51.800000 3.3297632419949805e-02 
52.000000 3.2605301516700297e-02 
52.200000 3.1931719167405240e-02 
52.400000 3.1276468829855741e-02 
52.600000 3.0639139618172297e-02 
52.800000 3.0019326394905621e-02 
53.000000 2.9416629851533888e-02 
53.200000 2.8830656577985246e-02 
53.400000 2.8261019121779515e-02 
53.600000 2.7707336037356058e-02 
53.800000 2.7169231926140031e-02 
54.000000 2.6646337467866696e-02 
54.200000 2.6138289443663559e-02 
54.400000 2.5644730751372476e-02 
54.600000 2.5165310413565990e-02 
54.800000 2.4699683578697531e-02 
55.000000 2.4247511515801391e-02 
55.200000 2.3808461603142386e-02 
55.400000 2.3382207311195724e-02 
55.600000 2.2968428180318818e-02 
55.800000 2.2566809793464277e-02 
56.000000 2.2177043744259540e-02 
56.200000 2.1798827600772511e-02 
56.400000 2.1431864865259061e-02 
56.600000 2.1075864930178663e-02 
56.800000 2.0730543030751281e-02 
57.000000 2.0395620194310047e-02 
57.200000 2.0070823186698599e-02 
57.400000 1.9755884455945213e-02 
57.600000 1.9450542073434361e-02 
57.800000 1.9154539672788982e-02 
58.000000 1.8867626386660424e-02 
58.200000 1.8589556781617833e-02 
58.400000 1.8320090791317304e-02 
58.600000 1.8058993648118978e-02 
58.800000 1.7806035813317640e-02 
59.000000 1.7560992906136327e-02 
59.200000 1.7323645631631572e-02 
59.400000 1.7093779707644693e-02 
59.600000 1.6871185790931324e-02 
59.800000 1.6655659402591175e-02 
60.000000 1.6447000852913871e-02 
60.200000 1.6245015165751449e-02 
60.400000 1.6049512002520121e-02 
60.600000 1.5860305585930230e-02 
60.800000 1.5677214623534538e-02 
61.000000 1.5500062231183767e-02 
61.200000 1.5328675856469659e-02 
61.400000 1.5162887202232512e-02 
61.600000 1.5002532150205847e-02 
61.800000 1.4847450684865395e-02 
62.000000 1.4697486817546436e-02 
62.200000 1.4552488510889071e-02 
62.400000 1.4412307603665981e-02 
62.600000 1.4276799736046897e-02 
62.800000 1.4145824275346244e-02 
63.000000 1.4019244242300881e-02 
63.200000 1.3896926237918964e-02 
63.400000 1.3778740370940382e-02 
63.600000 1.3664560185943475e-02 
63.800000 1.3554262592133407e-02 
64.000000 1.3447727792842047e-02 
64.200000 1.3344839215768406e-02 
64.400000 1.3245483443985764e-02 
64.600000 1.3149550147739887e-02 
64.800000 1.3056932017059557e-02 
65.000000 1.2967524695200225e-02 
65.200000 1.2881226712937628e-02 
65.400000 1.2797939423729155e-02 
65.600000 1.2717566939755481e-02 
65.800000 1.2640016068857070e-02 
66.000000 1.2565196252375899e-02 
66.200000 1.2493019503911533e-02 
66.400000 1.2423400349002025e-02 
66.600000 1.2356255765733980e-02 
66.800000 1.2291505126289853e-02 
67.000000 1.2229070139435579e-02 
67.200000 1.2168874793952820e-02 
67.400000 1.2110845303017511e-02 
67.600000 1.2054910049526914e-02 
67.800000 1.2000999532374126e-02 
68.000000 1.1949046313671599e-02 
68.200000 1.1898984966920009e-02 
68.400000 1.1850752026122117e-02 
68.600000 1.1804285935837331e-02 
68.800000 1.1759527002174282e-02 
69.000000 1.1716417344716063e-02 
69.200000 1.1674900849374314e-02 
69.400000 1.1634923122165007e-02 
69.600000 1.1596431443901474e-02 
69.800000 1.1559374725796538e-02 
70.000000 1.1523703465967403e-02 
70.200000 1.1489369706834939e-02 
70.400000 1.1456326993410535e-02 
70.600000 1.1424530332460376e-02 
70.800000 1.1393936152539514e-02 
71.000000 1.1364502264886080e-02 
71.200000 1.1336187825166337e-02 
71.400000 1.1308953296060169e-02 
71.600000 1.1282760410678175e-02 
71.800000 1.1257572136798212e-02 
72.000000 1.1233352641912961e-02 
72.200000 1.1210067259075923e-02 
72.400000 1.1187682453536097e-02 
72.600000 1.1166165790149811e-02 
72.800000 1.1145485901558529e-02 
73.000000 1.1125612457121330e-02 
73.200000 1.1106516132590359e-02 
73.400000 1.1088168580518361e-02 
73.600000 1.1070542401385702e-02 
73.800000 1.1053611115436048e-02 
74.000000 1.1037349135208612e-02 
74.200000 1.1021731738754970e-02 
74.400000 1.1006735043528903e-02 
74.600000 1.0992335980937884e-02 
74.800000 1.0978512271543155e-02 
75.000000 1.0965242400898198e-02 
75.200000 1.0952505596012496e-02 
75.400000 1.0940281802429458e-02 
75.600000 1.0928551661906805e-02 
75.800000 1.0917296490687957e-02 
76.000000 1.0906498258351594e-02 
76.200000 1.0896139567230038e-02 
76.400000 1.0886203632382954e-02 
76.600000 1.0876674262116054e-02 
76.800000 1.0867535839033302e-02 
77.000000 1.0858773301611547e-02 
77.200000 1.0850372126285836e-02 
77.400000 1.0842318310035732e-02 
77.600000 1.0834598353460248e-02 
77.800000 1.0827199244331776e-02 
78.000000 1.0820108441617449e-02 
78.200000 1.0813313859958549e-02 
78.400000 1.0806803854596240e-02 
78.600000 1.0800567206734347e-02 
78.800000 1.0794593109328605e-02 
79.000000 1.0788871153292660e-02 
79.200000 1.0783391314110078e-02 
79.400000 1.0778143938844341e-02 
79.600000 1.0773119733535230e-02 
79.800000 1.0768309750973742e-02 
80.000000 1.0763705378845426e-02 
80.200000 1.0759298328233130e-02 
80.400000 1.0755080622470383e-02 
80.600000 1.0751044586336217e-02 
80.800000 1.0747182835583024e-02 
81.000000 1.0743488266788719e-02 
81.200000 1.0739954047524829e-02 
81.400000 1.0736573606832236e-02 
81.600000 1.0733340625996955e-02 
81.800000 1.0730249029616584e-02 
82.000000 1.0727292976951604e-02 
82.200000 1.0724466853552689e-02 
82.400000 1.0721765263155899e-02 
82.600000 1.0719183019840171e-02 
82.800000 1.0716715140438446e-02 
83.000000 1.0714356837196501e-02 
83.200000 1.0712103510670609e-02 
83.400000 1.0709950742860344e-02 
83.600000 1.0707894290566771e-02 
83.800000 1.0705930078971831e-02 
84.000000 1.0704054195431193e-02 
84.200000 1.0702262883475462e-02 
84.400000 1.0700552537012461e-02 
84.600000 1.0698919694725882e-02 
84.800000 1.0697361034663960e-02 
85.000000 1.0695873369012263e-02 
85.200000 1.0694453639045504e-02 
85.400000 1.0693098910253367e-02 
85.600000 1.0691806367633885e-02 
85.800000 1.0690573311150369e-02 
86.000000 1.0689397151346813e-02 
86.200000 1.0688275405116052e-02 
86.400000 1.0687205691616583e-02 
86.600000 1.0686185728333970e-02 
86.800000 1.0685213327280852e-02 
87.000000 1.0684286391332396e-02 
87.200000 1.0683402910692644e-02 
87.400000 1.0682560959487088e-02 
87.600000 1.0681758692478270e-02 
87.800000 1.0680994341899454e-02 
88.000000 1.0680266214403713e-02 
88.200000 1.0679572688123359e-02 
88.400000 1.0678912209837471e-02 
88.600000 1.0678283292242591e-02 
88.800000 1.0677684511324673e-02 
89.000000 1.0677114503827452e-02 
89.200000 1.0676571964815043e-02 
89.400000 1.0676055645325125e-02 
89.600000 1.0675564350110175e-02 
89.800000 1.0675096935462737e-02 
90.000000 1.0674652307123021e-02 
90.200000 1.0674229418265334e-02 
90.400000 1.0673827267561237e-02 
90.600000 1.0673444897315540e-02 
90.800000 1.0673081391674125e-02 
91.000000 1.0672735874900504e-02 
91.200000 1.0672407509717784e-02 
91.400000 1.0672095495715610e-02 
91.600000 1.0671799067818028e-02 
91.800000 1.0671517494811229e-02 
92.000000 1.0671250077928419e-02 
92.200000 1.0670996149490053e-02 
92.400000 1.0670755071597810e-02 
92.600000 1.0670526234879152e-02 
92.800000 1.0670309057282222e-02 
93.000000 1.0670102982918043e-02 
93.200000 1.0669907480948770e-02 
93.400000 1.0669722044520611e-02 
93.600000 1.0669546189738834e-02 
93.800000 1.0669379454684423e-02 
94.000000 1.0669221398469998e-02 
94.200000 1.0669071600334023e-02 
94.400000 1.0668929658771430e-02 
94.600000 1.0668795190700074e-02 
94.800000 1.0668667830660498e-02 
95.000000 1.0668547230049126e-02 
95.200000 1.0668433056382027e-02 
95.400000 1.0668324992589741e-02 
95.600000 1.0668222736340814e-02 
95.800000 1.0668125999393416e-02 
96.000000 1.0668034506973751e-02 
96.200000 1.0667947997180328e-02 
96.400000 1.0667866220413415e-02 
96.600000 1.0667788938827905e-02 
96.800000 1.0667715925809437e-02 
97.000000 1.0667646965472328e-02 
97.200000 1.0667581852179229e-02 
97.400000 1.0667520390080523e-02 
97.600000 1.0667462392673552e-02 
97.800000 1.0667407682380536e-02 
98.000000 1.0667356090144558e-02 
98.200000 1.0667307455042950e-02 
98.400000 1.0667261623916938e-02 
98.600000 1.0667218451017729e-02 
98.800000 1.0667177797667416e-02 
99.000000 1.0667139531934834e-02 
99.200000 1.0667103528325315e-02 
99.400000 1.0667069667484036e-02 
99.600000 1.0667037835912522e-02 
99.800000 1.0667007925697155e-02 
100.000000 1.0666979834249600e-02 
100.200000 1.0666953464059154e-02 
100.400000 1.0666928722455706e-02 
100.600000 1.0666905521382870e-02 
100.800000 1.0666883777181649e-02 
101.000000 1.0666863410383651e-02 
101.200000 1.0666844345513189e-02 
101.400000 1.0666826510898534e-02 
101.600000 1.0666809838491715e-02 
101.800000 1.0666794263695944e-02 
102.000000 1.0666779725201412e-02 
102.200000 1.0666766164827849e-02 
102.400000 1.0666753527374891e-02 
102.600000 1.0666741760478845e-02 
102.800000 1.0666730814475703e-02 
103.000000 1.0666720642271268e-02 
103.200000 1.0666711199216259e-02 
103.400000 1.0666702442987810e-02 
103.600000 1.0666694333475973e-02 
103.800000 1.0666686832675907e-02 
104.000000 1.0666679904584636e-02 
104.200000 1.0666673515102710e-02 
104.400000 1.0666667631940635e-02 
104.600000 1.0666662224529415e-02 
104.800000 1.0666657263935196e-02 
105.000000 1.0666652722778419e-02 
105.200000 1.0666648575156017e-02 
105.400000 1.0666644796567941e-02 
105.600000 1.0666641363846797e-02 
105.800000 1.0666638255090748e-02 
106.000000 1.0666635449599922e-02 
106.200000 1.0666632927815455e-02 
106.400000 1.0666630671261869e-02 
106.600000 1.0666628662491783e-02 
106.800000 1.0666626885033491e-02 
107.000000 1.0666625323340966e-02 
107.200000 1.0666623962746521e-02 
107.400000 1.0666622789415305e-02 
107.600000 1.0666621790302439e-02 
107.800000 1.0666620953111928e-02 
108.000000 1.0666620266257705e-02 
108.200000 1.0666619718826657e-02 
108.400000 1.0666619300543159e-02 
108.600000 1.0666619001735744e-02 
108.800000 1.0666618813305188e-02 
109.000000 1.0666618726693975e-02 
109.200000 1.0666618733857706e-02 
109.400000 1.0666618827237833e-02 
109.600000 1.0666618999735171e-02 
109.800000 1.0666619244685609e-02 
110.000000 1.0666619555836337e-02 
110.200000 1.0666619927323793e-02 
110.400000 1.0666620353652170e-02 
110.600000 1.0666620829673580e-02 
110.800000 1.0666621350568700e-02 
111.000000 1.0666621911828746e-02 
111.200000 1.0666622509238293e-02 
111.400000 1.0666623138858829e-02 
111.600000 1.0666623797013393e-02 
111.800000 1.0666624480271610e-02 
112.000000 1.0666625185436221e-02 
112.200000 1.0666625909529224e-02 
112.400000 1.0666626649779874e-02 
112.600000 1.0666627403612383e-02 
112.800000 1.0666628168635138e-02 
113.000000 1.0666628942629349e-02 
113.200000 1.0666629723539623e-02 
113.400000 1.0666630509463823e-02 
113.600000 1.0666631298644369e-02 
113.800000 1.0666632089459447e-02 
114.000000 1.0666632880414787e-02 
114.200000 1.0666633670136245e-02 
114.400000 1.0666634457362387e-02 
114.600000 1.0666635240937391e-02 
114.800000 1.0666636019804668e-02 
115.000000 1.0666636793000967e-02 
115.200000 1.0666637559649989e-02 
115.400000 1.0666638318957315e-02 
115.600000 1.0666639070204993e-02 
115.800000 1.0666639812746782e-02 
116.000000 1.0666640546003157e-02 
116.200000 1.0666641269457327e-02 
116.400000 1.0666641982650936e-02 
116.600000 1.0666642685179960e-02 
116.800000 1.0666643376691326e-02 
117.000000 1.0666644056879199e-02 
117.200000 1.0666644725481792e-02 
117.400000 1.0666645382278399e-02 
117.600000 1.0666646027086149e-02 
117.800000 1.0666646659757580e-02 
118.000000 1.0666647280177931e-02 
118.200000 1.0666647888262677e-02 
118.400000 1.0666648483955255e-02 
118.600000 1.0666649067225028e-02 
118.800000 1.0666649638065037e-02 
119.000000 1.0666650196490374e-02 
119.200000 1.0666650742536095e-02 
119.400000 1.0666651276255738e-02 
119.600000 1.0666651797719780e-02 
119.800000 1.0666652307014019e-02 
120.000000 1.0666652804238293e-02 
120.200000 1.0666653289505114e-02 
120.400000 1.0666653762938428e-02 
120.600000 1.0666654224672700e-02 
120.800000 1.0666654674851540e-02 
121.000000 1.0666655113626996e-02 
121.200000 1.0666655541158303e-02 
121.400000 1.0666655957611465e-02 
121.600000 1.0666656363157927e-02 
121.800000 1.0666656757974216e-02 
122.000000 1.0666657142241152e-02 
122.200000 1.0666657516142977e-02 
122.400000 1.0666657879867161e-02 
122.600000 1.0666658233603441e-02 
122.800000 1.0666658577543483e-02 
123.000000 1.0666658911880528e-02 
123.200000 1.0666659236808641e-02 
123.400000 1.0666659552522443e-02 
123.600000 1.0666659859216972e-02 
123.800000 1.0666660157086866e-02 
124.000000 1.0666660446326425e-02 
124.200000 1.0666660727129147e-02 
124.400000 1.0666660999687395e-02 
124.600000 1.0666661264192466e-02 
124.800000 1.0666661520833991e-02 
125.000000 1.0666661769799890e-02 
125.200000 1.0666662011276267e-02 
125.400000 1.0666662245447154e-02 
125.600000 1.0666662472494239e-02 
125.800000 1.0666662692596933e-02 
126.000000 1.0666662905932382e-02 
126.200000 1.0666663112674842e-02 
126.400000 1.0666663312996125e-02 
126.600000 1.0666663507065209e-02 
126.800000 1.0666663695048333e-02 
127.000000 1.0666663877108800e-02 
127.200000 1.0666664053406952e-02 
127.400000 1.0666664224100345e-02 
127.600000 1.0666664389343409e-02 
127.800000 1.0666664549287495e-02 
128.000000 1.0666664704081093e-02 
128.200000 1.0666664853869533e-02 
128.400000 1.0666664998795169e-02 
128.600000 1.0666665138997227e-02 
128.800000 1.0666665274611908e-02 
129.000000 1.0666665405772451e-02 
129.200000 1.0666665532609023e-02 
129.400000 1.0666665655248788e-02 
129.600000 1.0666665773815939e-02 
129.800000 1.0666665888431763e-02 
130.000000 1.0666665999214557e-02 
130.200000 1.0666666106279801e-02 
130.400000 1.0666666209740069e-02 
130.600000 1.0666666309705114e-02 
130.800000 1.0666666406281914e-02 
131.000000 1.0666666499574791e-02 
131.200000 1.0666666589685193e-02 
131.400000 1.0666666676712041e-02 
131.600000 1.0666666760751647e-02 
131.800000 1.0666666841897684e-02 
132.000000 1.0666666920241253e-02 
132.200000 1.0666666995871142e-02 
132.400000 1.0666667068873533e-02 
132.600000 1.0666667139332396e-02 
132.800000 1.0666667207329160e-02 
133.000000 1.0666667272943178e-02 
133.200000 1.0666667336251325e-02 
133.400000 1.0666667397328466e-02 
133.600000 1.0666667456247274e-02 
133.800000 1.0666667513078229e-02 
134.000000 1.0666667567889893e-02 
134.200000 1.0666667620748698e-02 
134.400000 1.0666667671719197e-02 
134.600000 1.0666667720863962e-02 
134.800000 1.0666667768243774e-02 
135.000000 1.0666667813917537e-02 
135.200000 1.0666667857942329e-02 
135.400000 1.0666667900373602e-02 
135.600000 1.0666667941265012e-02 
135.800000 1.0666667980668575e-02 
136.000000 1.0666668018634876e-02 
136.200000 1.0666668055212608e-02 
136.400000 1.0666668090449260e-02 
136.600000 1.0666668124390625e-02 
136.800000 1.0666668157081127e-02 
137.000000 1.0666668188563740e-02 
137.200000 1.0666668218880222e-02 
137.400000 1.0666668248070723e-02 
137.600000 1.0666668276174393e-02 
137.800000 1.0666668303228955e-02 
138.000000 1.0666668329270847e-02 
138.200000 1.0666668354335510e-02 
138.400000 1.0666668378457055e-02 
138.600000 1.0666668401668661e-02 
138.800000 1.0666668424002091e-02 
139.000000 1.0666668445488501e-02 
139.200000 1.0666668466157554e-02 
139.400000 1.0666668486038238e-02 
139.600000 1.0666668505158459e-02 
139.800000 1.0666668523545140e-02 
140.000000 1.0666668541224335e-02 
140.200000 1.0666668558221288e-02 
140.400000 1.0666668574560218e-02 
140.600000 1.0666668590264576e-02 
140.800000 1.0666668605357118e-02 
141.000000 1.0666668619859612e-02 
141.200000 1.0666668633793251e-02 
141.400000 1.0666668647178315e-02 
141.600000 1.0666668660034613e-02 
141.800000 1.0666668672380959e-02 
142.000000 1.0666668684235697e-02 
142.200000 1.0666668695616454e-02 
142.400000 1.0666668706540140e-02 
142.600000 1.0666668717023242e-02 
142.800000 1.0666668727081493e-02 
143.000000 1.0666668736730067e-02 
143.200000 1.0666668745983704e-02 
143.400000 1.0666668754856461e-02 
143.600000 1.0666668763361913e-02 
143.800000 1.0666668771513269e-02 
144.000000 1.0666668779323010e-02 
144.200000 1.0666668786803356e-02 
144.400000 1.0666668793965812e-02 
144.600000 1.0666668800821545e-02 
144.800000 1.0666668807381248e-02 
145.000000 1.0666668813655175e-02 
145.200000 1.0666668819653113e-02 
145.400000 1.0666668825384673e-02 
145.600000 1.0666668830858898e-02 
145.800000 1.0666668836084645e-02 
146.000000 1.0666668841070436e-02 
146.200000 1.0666668845824546e-02 
146.400000 1.0666668850354808e-02 
146.600000 1.0666668854668982e-02 
146.800000 1.0666668858774537e-02 
147.000000 1.0666668862677949e-02 
147.200000 1.0666668866384028e-02 
147.400000 1.0666668869897809e-02 
147.600000 1.0666668873224573e-02 
147.800000 1.0666668876369835e-02 
148.000000 1.0666668879339276e-02 
148.200000 1.0666668882138561e-02 
148.400000 1.0666668884773609e-02 
148.600000 1.0666668887250218e-02 
148.800000 1.0666668889574312e-02 
149.000000 1.0666668891751810e-02 
149.200000 1.0666668893788435e-02 
149.400000 1.0666668895689999e-02 
149.600000 1.0666668897462159e-02 
149.800000 1.0666668899110590e-02 
